26798839
26799351
26799863
26800375
26800887
26801399
26801911
26802423
26802935
26803447
26798840
26799352
26799864
26800376
26800888
26801400
26801912
26802424
26802936
26803448
26798841
26799353
26799865
26800377
26800889
26801401
26801913
26802425
26802937
26803449
26798842
26799354
26799866
26800378
26800890
26801402
26801914
26802426
26802938
26803450
26798843
26799355
26799867
26800379
26800891
26801403
26801915
26802427
26802939
26803451
26798844
26799356
26799868
26800380
26800892
26801404
26801916
26802428
26802940
26803452
26798845
26799357
26799869
26800381
26800893
26801405
26801917
26802429
26802941
26803453
26798846
26799358
26799870
26800382
26800894
26801406
26801918
26802430
26802942
26803454
26798847
26799359
26799871
26800383
26800895
26801407
26801919
26802431
26802943
26803455
26798848
26799360
26799872
26800384
26800896
26801408
26801920
26802432
26802944
26803456
19984064
19984576
19985088
19985600
19986112
19986624
19987136
19987648
19988160
19988672
19984065
19984577
19985089
19985601
19986113
19986625
19987137
19987649
19988161
19988673
19984066
19984578
19985090
19985602
19986114
19986626
19987138
19987650
19988162
19988674
19984067
19984579
19985091
19985603
19986115
19986627
19987139
19987651
19988163
19988675
19984068
19984580
19985092
19985604
19986116
19986628
19987140
19987652
19988164
19988676
19984069
19984581
19985093
19985605
19986117
19986629
19987141
19987653
19988165
19988677
19984070
19984582
19985094
19985606
19986118
19986630
19987142
19987654
19988166
19988678
19984071
19984583
19985095
19985607
19986119
19986631
19987143
19987655
19988167
19988679
19984072
19984584
19985096
19985608
19986120
19986632
19987144
19987656
19988168
19988680
19984073
19984585
19985097
19985609
19986121
19986633
19987145
19987657
19988169
19988681
21546753
21547265
21547777
21548289
21548801
21549313
21549825
21550337
21550849
21551361
21546754
21547266
21547778
21548290
21548802
21549314
21549826
21550338
21550850
21551362
21546755
21547267
21547779
21548291
21548803
21549315
21549827
21550339
21550851
21551363
21546756
21547268
21547780
21548292
21548804
21549316
21549828
21550340
21550852
21551364
21546757
21547269
21547781
21548293
21548805
21549317
21549829
21550341
21550853
21551365
21546758
21547270
21547782
21548294
21548806
21549318
21549830
21550342
21550854
21551366
21546759
21547271
21547783
21548295
21548807
21549319
21549831
21550343
21550855
21551367
21546760
21547272
21547784
21548296
21548808
21549320
21549832
21550344
21550856
21551368
21546761
21547273
21547785
21548297
21548809
21549321
21549833
21550345
21550857
21551369
21546762
21547274
21547786
21548298
21548810
21549322
21549834
21550346
21550858
21551370
31266482
31266994
31267506
31268018
31268530
31269042
31269554
31270066
31270578
31271090
31266483
31266995
31267507
31268019
31268531
31269043
31269555
31270067
31270579
31271091
31266484
31266996
31267508
31268020
31268532
31269044
31269556
31270068
31270580
31271092
31266485
31266997
31267509
31268021
31268533
31269045
31269557
31270069
31270581
31271093
31266486
31266998
31267510
31268022
31268534
31269046
31269558
31270070
31270582
31271094
31266487
31266999
31267511
31268023
31268535
31269047
31269559
31270071
31270583
31271095
31266488
31267000
31267512
31268024
31268536
31269048
31269560
31270072
31270584
31271096
31266489
31267001
31267513
31268025
31268537
31269049
31269561
31270073
31270585
31271097
31266490
31267002
31267514
31268026
31268538
31269050
31269562
31270074
31270586
31271098
31266491
31267003
31267515
31268027
31268539
31269051
31269563
31270075
31270587
31271099
29963005
29963517
29964029
29964541
29965053
29965565
29966077
29966589
29967101
29967613
29963006
29963518
29964030
29964542
29965054
29965566
29966078
29966590
29967102
29967614
29963007
29963519
29964031
29964543
29965055
29965567
29966079
29966591
29967103
29967615
29963008
29963520
29964032
29964544
29965056
29965568
29966080
29966592
29967104
29967616
29963009
29963521
29964033
29964545
29965057
29965569
29966081
29966593
29967105
29967617
29963010
29963522
29964034
29964546
29965058
29965570
29966082
29966594
29967106
29967618
29963011
29963523
29964035
29964547
29965059
29965571
29966083
29966595
29967107
29967619
29963012
29963524
29964036
29964548
29965060
29965572
29966084
29966596
29967108
29967620
29963013
29963525
29964037
29964549
29965061
29965573
29966085
29966597
29967109
29967621
29963014
29963526
29964038
29964550
29965062
29965574
29966086
29966598
29967110
29967622
30047497
30048009
30048521
30049033
30049545
30050057
30050569
30051081
30051593
30052105
30047498
30048010
30048522
30049034
30049546
30050058
30050570
30051082
30051594
30052106
30047499
30048011
30048523
30049035
30049547
30050059
30050571
30051083
30051595
30052107
30047500
30048012
30048524
30049036
30049548
30050060
30050572
30051084
30051596
30052108
30047501
30048013
30048525
30049037
30049549
30050061
30050573
30051085
30051597
30052109
30047502
30048014
30048526
30049038
30049550
30050062
30050574
30051086
30051598
30052110
30047503
30048015
30048527
30049039
30049551
30050063
30050575
30051087
30051599
30052111
30047504
30048016
30048528
30049040
30049552
30050064
30050576
30051088
30051600
30052112
30047505
30048017
30048529
30049041
30049553
30050065
30050577
30051089
30051601
30052113
30047506
30048018
30048530
30049042
30049554
30050066
30050578
30051090
30051602
30052114
30208245
30208757
30209269
30209781
30210293
30210805
30211317
30211829
30212341
30212853
30208246
30208758
30209270
30209782
30210294
30210806
30211318
30211830
30212342
30212854
30208247
30208759
30209271
30209783
30210295
30210807
30211319
30211831
30212343
30212855
30208248
30208760
30209272
30209784
30210296
30210808
30211320
30211832
30212344
30212856
30208249
30208761
30209273
30209785
30210297
30210809
30211321
30211833
30212345
30212857
30208250
30208762
30209274
30209786
30210298
30210810
30211322
30211834
30212346
30212858
30208251
30208763
30209275
30209787
30210299
30210811
30211323
30211835
30212347
30212859
30208252
30208764
30209276
30209788
30210300
30210812
30211324
30211836
30212348
30212860
30208253
30208765
30209277
30209789
30210301
30210813
30211325
30211837
30212349
30212861
30208254
30208766
30209278
30209790
30210302
30210814
30211326
30211838
30212350
30212862
21273900
21274412
21274924
21275436
21275948
21276460
21276972
21277484
21277996
21278508
21273901
21274413
21274925
21275437
21275949
21276461
21276973
21277485
21277997
21278509
21273902
21274414
21274926
21275438
21275950
21276462
21276974
21277486
21277998
21278510
21273903
21274415
21274927
21275439
21275951
21276463
21276975
21277487
21277999
21278511
21273904
21274416
21274928
21275440
21275952
21276464
21276976
21277488
21278000
21278512
21273905
21274417
21274929
21275441
21275953
21276465
21276977
21277489
21278001
21278513
21273906
21274418
21274930
21275442
21275954
21276466
21276978
21277490
21278002
21278514
21273907
21274419
21274931
21275443
21275955
21276467
21276979
21277491
21278003
21278515
21273908
21274420
21274932
21275444
21275956
21276468
21276980
21277492
21278004
21278516
21273909
21274421
21274933
21275445
21275957
21276469
21276981
21277493
21278005
21278517
34996947
34997459
34997971
34998483
34998995
34999507
35000019
35000531
35001043
35001555
34996948
34997460
34997972
34998484
34998996
34999508
35000020
35000532
35001044
35001556
34996949
34997461
34997973
34998485
34998997
34999509
35000021
35000533
35001045
35001557
34996950
34997462
34997974
34998486
34998998
34999510
35000022
35000534
35001046
35001558
34996951
34997463
34997975
34998487
34998999
34999511
35000023
35000535
35001047
35001559
34996952
34997464
34997976
34998488
34999000
34999512
35000024
35000536
35001048
35001560
34996953
34997465
34997977
34998489
34999001
34999513
35000025
35000537
35001049
35001561
34996954
34997466
34997978
34998490
34999002
34999514
35000026
35000538
35001050
35001562
34996955
34997467
34997979
34998491
34999003
34999515
35000027
35000539
35001051
35001563
34996956
34997468
34997980
34998492
34999004
34999516
35000028
35000540
35001052
35001564
30231810
30232322
30232834
30233346
30233858
30234370
30234882
30235394
30235906
30236418
30231811
30232323
30232835
30233347
30233859
30234371
30234883
30235395
30235907
30236419
30231812
30232324
30232836
30233348
30233860
30234372
30234884
30235396
30235908
30236420
30231813
30232325
30232837
30233349
30233861
30234373
30234885
30235397
30235909
30236421
30231814
30232326
30232838
30233350
30233862
30234374
30234886
30235398
30235910
30236422
30231815
30232327
30232839
30233351
30233863
30234375
30234887
30235399
30235911
30236423
30231816
30232328
30232840
30233352
30233864
30234376
30234888
30235400
30235912
30236424
30231817
30232329
30232841
30233353
30233865
30234377
30234889
30235401
30235913
30236425
30231818
30232330
30232842
30233354
30233866
30234378
30234890
30235402
30235914
30236426
30231819
30232331
30232843
30233355
30233867
30234379
30234891
30235403
30235915
30236427
32838338
32838850
32839362
32839874
32840386
32840898
32841410
32841922
32842434
32842946
32838339
32838851
32839363
32839875
32840387
32840899
32841411
32841923
32842435
32842947
32838340
32838852
32839364
32839876
32840388
32840900
32841412
32841924
32842436
32842948
32838341
32838853
32839365
32839877
32840389
32840901
32841413
32841925
32842437
32842949
32838342
32838854
32839366
32839878
32840390
32840902
32841414
32841926
32842438
32842950
32838343
32838855
32839367
32839879
32840391
32840903
32841415
32841927
32842439
32842951
32838344
32838856
32839368
32839880
32840392
32840904
32841416
32841928
32842440
32842952
32838345
32838857
32839369
32839881
32840393
32840905
32841417
32841929
32842441
32842953
32838346
32838858
32839370
32839882
32840394
32840906
32841418
32841930
32842442
32842954
32838347
32838859
32839371
32839883
32840395
32840907
32841419
32841931
32842443
32842955
28929829
28930341
28930853
28931365
28931877
28932389
28932901
28933413
28933925
28934437
28929830
28930342
28930854
28931366
28931878
28932390
28932902
28933414
28933926
28934438
28929831
28930343
28930855
28931367
28931879
28932391
28932903
28933415
28933927
28934439
28929832
28930344
28930856
28931368
28931880
28932392
28932904
28933416
28933928
28934440
28929833
28930345
28930857
28931369
28931881
28932393
28932905
28933417
28933929
28934441
28929834
28930346
28930858
28931370
28931882
28932394
28932906
28933418
28933930
28934442
28929835
28930347
28930859
28931371
28931883
28932395
28932907
28933419
28933931
28934443
28929836
28930348
28930860
28931372
28931884
28932396
28932908
28933420
28933932
28934444
28929837
28930349
28930861
28931373
28931885
28932397
28932909
28933421
28933933
28934445
28929838
28930350
28930862
28931374
28931886
28932398
28932910
28933422
28933934
28934446
23122133
23122645
23123157
23123669
23124181
23124693
23125205
23125717
23126229
23126741
23122134
23122646
23123158
23123670
23124182
23124694
23125206
23125718
23126230
23126742
23122135
23122647
23123159
23123671
23124183
23124695
23125207
23125719
23126231
23126743
23122136
23122648
23123160
23123672
23124184
23124696
23125208
23125720
23126232
23126744
23122137
23122649
23123161
23123673
23124185
23124697
23125209
23125721
23126233
23126745
23122138
23122650
23123162
23123674
23124186
23124698
23125210
23125722
23126234
23126746
23122139
23122651
23123163
23123675
23124187
23124699
23125211
23125723
23126235
23126747
23122140
23122652
23123164
23123676
23124188
23124700
23125212
23125724
23126236
23126748
23122141
23122653
23123165
23123677
23124189
23124701
23125213
23125725
23126237
23126749
23122142
23122654
23123166
23123678
23124190
23124702
23125214
23125726
23126238
23126750
34745013
34745525
34746037
34746549
34747061
34747573
34748085
34748597
34749109
34749621
34745014
34745526
34746038
34746550
34747062
34747574
34748086
34748598
34749110
34749622
34745015
34745527
34746039
34746551
34747063
34747575
34748087
34748599
34749111
34749623
34745016
34745528
34746040
34746552
34747064
34747576
34748088
34748600
34749112
34749624
34745017
34745529
34746041
34746553
34747065
34747577
34748089
34748601
34749113
34749625
34745018
34745530
34746042
34746554
34747066
34747578
34748090
34748602
34749114
34749626
34745019
34745531
34746043
34746555
34747067
34747579
34748091
34748603
34749115
34749627
34745020
34745532
34746044
34746556
34747068
34747580
34748092
34748604
34749116
34749628
34745021
34745533
34746045
34746557
34747069
34747581
34748093
34748605
34749117
34749629
34745022
34745534
34746046
34746558
34747070
34747582
34748094
34748606
34749118
34749630
28930877
28931389
28931901
28932413
28932925
28933437
28933949
28934461
28934973
28935485
28930878
28931390
28931902
28932414
28932926
28933438
28933950
28934462
28934974
28935486
28930879
28931391
28931903
28932415
28932927
28933439
28933951
28934463
28934975
28935487
28930880
28931392
28931904
28932416
28932928
28933440
28933952
28934464
28934976
28935488
28930881
28931393
28931905
28932417
28932929
28933441
28933953
28934465
28934977
28935489
28930882
28931394
28931906
28932418
28932930
28933442
28933954
28934466
28934978
28935490
28930883
28931395
28931907
28932419
28932931
28933443
28933955
28934467
28934979
28935491
28930884
28931396
28931908
28932420
28932932
28933444
28933956
28934468
28934980
28935492
28930885
28931397
28931909
28932421
28932933
28933445
28933957
28934469
28934981
28935493
28930886
28931398
28931910
28932422
28932934
28933446
28933958
28934470
28934982
28935494
29416129
29416641
29417153
29417665
29418177
29418689
29419201
29419713
29420225
29420737
29416130
29416642
29417154
29417666
29418178
29418690
29419202
29419714
29420226
29420738
29416131
29416643
29417155
29417667
29418179
29418691
29419203
29419715
29420227
29420739
29416132
29416644
29417156
29417668
29418180
29418692
29419204
29419716
29420228
29420740
29416133
29416645
29417157
29417669
29418181
29418693
29419205
29419717
29420229
29420741
29416134
29416646
29417158
29417670
29418182
29418694
29419206
29419718
29420230
29420742
29416135
29416647
29417159
29417671
29418183
29418695
29419207
29419719
29420231
29420743
29416136
29416648
29417160
29417672
29418184
29418696
29419208
29419720
29420232
29420744
29416137
29416649
29417161
29417673
29418185
29418697
29419209
29419721
29420233
29420745
29416138
29416650
29417162
29417674
29418186
29418698
29419210
29419722
29420234
29420746
29272370
29272882
29273394
29273906
29274418
29274930
29275442
29275954
29276466
29276978
29272371
29272883
29273395
29273907
29274419
29274931
29275443
29275955
29276467
29276979
29272372
29272884
29273396
29273908
29274420
29274932
29275444
29275956
29276468
29276980
29272373
29272885
29273397
29273909
29274421
29274933
29275445
29275957
29276469
29276981
29272374
29272886
29273398
29273910
29274422
29274934
29275446
29275958
29276470
29276982
29272375
29272887
29273399
29273911
29274423
29274935
29275447
29275959
29276471
29276983
29272376
29272888
29273400
29273912
29274424
29274936
29275448
29275960
29276472
29276984
29272377
29272889
29273401
29273913
29274425
29274937
29275449
29275961
29276473
29276985
29272378
29272890
29273402
29273914
29274426
29274938
29275450
29275962
29276474
29276986
29272379
29272891
29273403
29273915
29274427
29274939
29275451
29275963
29276475
29276987
32844044
32844556
32845068
32845580
32846092
32846604
32847116
32847628
32848140
32848652
32844045
32844557
32845069
32845581
32846093
32846605
32847117
32847629
32848141
32848653
32844046
32844558
32845070
32845582
32846094
32846606
32847118
32847630
32848142
32848654
32844047
32844559
32845071
32845583
32846095
32846607
32847119
32847631
32848143
32848655
32844048
32844560
32845072
32845584
32846096
32846608
32847120
32847632
32848144
32848656
32844049
32844561
32845073
32845585
32846097
32846609
32847121
32847633
32848145
32848657
32844050
32844562
32845074
32845586
32846098
32846610
32847122
32847634
32848146
32848658
32844051
32844563
32845075
32845587
32846099
32846611
32847123
32847635
32848147
32848659
32844052
32844564
32845076
32845588
32846100
32846612
32847124
32847636
32848148
32848660
32844053
32844565
32845077
32845589
32846101
32846613
32847125
32847637
32848149
32848661
30214351
30214863
30215375
30215887
30216399
30216911
30217423
30217935
30218447
30218959
30214352
30214864
30215376
30215888
30216400
30216912
30217424
30217936
30218448
30218960
30214353
30214865
30215377
30215889
30216401
30216913
30217425
30217937
30218449
30218961
30214354
30214866
30215378
30215890
30216402
30216914
30217426
30217938
30218450
30218962
30214355
30214867
30215379
30215891
30216403
30216915
30217427
30217939
30218451
30218963
30214356
30214868
30215380
30215892
30216404
30216916
30217428
30217940
30218452
30218964
30214357
30214869
30215381
30215893
30216405
30216917
30217429
30217941
30218453
30218965
30214358
30214870
30215382
30215894
30216406
30216918
30217430
30217942
30218454
30218966
30214359
30214871
30215383
30215895
30216407
30216919
30217431
30217943
30218455
30218967
30214360
30214872
30215384
30215896
30216408
30216920
30217432
30217944
30218456
30218968
33969355
33969867
33970379
33970891
33971403
33971915
33972427
33972939
33973451
33973963
33969356
33969868
33970380
33970892
33971404
33971916
33972428
33972940
33973452
33973964
33969357
33969869
33970381
33970893
33971405
33971917
33972429
33972941
33973453
33973965
33969358
33969870
33970382
33970894
33971406
33971918
33972430
33972942
33973454
33973966
33969359
33969871
33970383
33970895
33971407
33971919
33972431
33972943
33973455
33973967
33969360
33969872
33970384
33970896
33971408
33971920
33972432
33972944
33973456
33973968
33969361
33969873
33970385
33970897
33971409
33971921
33972433
33972945
33973457
33973969
33969362
33969874
33970386
33970898
33971410
33971922
33972434
33972946
33973458
33973970
33969363
33969875
33970387
33970899
33971411
33971923
33972435
33972947
33973459
33973971
33969364
33969876
33970388
33970900
33971412
33971924
33972436
33972948
33973460
33973972
35508936
35509448
35509960
35510472
35510984
35511496
35512008
35512520
35513032
35513544
35508937
35509449
35509961
35510473
35510985
35511497
35512009
35512521
35513033
35513545
35508938
35509450
35509962
35510474
35510986
35511498
35512010
35512522
35513034
35513546
35508939
35509451
35509963
35510475
35510987
35511499
35512011
35512523
35513035
35513547
35508940
35509452
35509964
35510476
35510988
35511500
35512012
35512524
35513036
35513548
35508941
35509453
35509965
35510477
35510989
35511501
35512013
35512525
35513037
35513549
35508942
35509454
35509966
35510478
35510990
35511502
35512014
35512526
35513038
35513550
35508943
35509455
35509967
35510479
35510991
35511503
35512015
35512527
35513039
35513551
35508944
35509456
35509968
35510480
35510992
35511504
35512016
35512528
35513040
35513552
35508945
35509457
35509969
35510481
35510993
35511505
35512017
35512529
35513041
35513553
31243045
31243557
31244069
31244581
31245093
31245605
31246117
31246629
31247141
31247653
31243046
31243558
31244070
31244582
31245094
31245606
31246118
31246630
31247142
31247654
31243047
31243559
31244071
31244583
31245095
31245607
31246119
31246631
31247143
31247655
31243048
31243560
31244072
31244584
31245096
31245608
31246120
31246632
31247144
31247656
31243049
31243561
31244073
31244585
31245097
31245609
31246121
31246633
31247145
31247657
31243050
31243562
31244074
31244586
31245098
31245610
31246122
31246634
31247146
31247658
31243051
31243563
31244075
31244587
31245099
31245611
31246123
31246635
31247147
31247659
31243052
31243564
31244076
31244588
31245100
31245612
31246124
31246636
31247148
31247660
31243053
31243565
31244077
31244589
31245101
31245613
31246125
31246637
31247149
31247661
31243054
31243566
31244078
31244590
31245102
31245614
31246126
31246638
31247150
31247662
21810907
21811419
21811931
21812443
21812955
21813467
21813979
21814491
21815003
21815515
21810908
21811420
21811932
21812444
21812956
21813468
21813980
21814492
21815004
21815516
21810909
21811421
21811933
21812445
21812957
21813469
21813981
21814493
21815005
21815517
21810910
21811422
21811934
21812446
21812958
21813470
21813982
21814494
21815006
21815518
21810911
21811423
21811935
21812447
21812959
21813471
21813983
21814495
21815007
21815519
21810912
21811424
21811936
21812448
21812960
21813472
21813984
21814496
21815008
21815520
21810913
21811425
21811937
21812449
21812961
21813473
21813985
21814497
21815009
21815521
21810914
21811426
21811938
21812450
21812962
21813474
21813986
21814498
21815010
21815522
21810915
21811427
21811939
21812451
21812963
21813475
21813987
21814499
21815011
21815523
21810916
21811428
21811940
21812452
21812964
21813476
21813988
21814500
21815012
21815524
22596814
22597326
22597838
22598350
22598862
22599374
22599886
22600398
22600910
22601422
22596815
22597327
22597839
22598351
22598863
22599375
22599887
22600399
22600911
22601423
22596816
22597328
22597840
22598352
22598864
22599376
22599888
22600400
22600912
22601424
22596817
22597329
22597841
22598353
22598865
22599377
22599889
22600401
22600913
22601425
22596818
22597330
22597842
22598354
22598866
22599378
22599890
22600402
22600914
22601426
22596819
22597331
22597843
22598355
22598867
22599379
22599891
22600403
22600915
22601427
22596820
22597332
22597844
22598356
22598868
22599380
22599892
22600404
22600916
22601428
22596821
22597333
22597845
22598357
22598869
22599381
22599893
22600405
22600917
22601429
22596822
22597334
22597846
22598358
22598870
22599382
22599894
22600406
22600918
22601430
22596823
22597335
22597847
22598359
22598871
22599383
22599895
22600407
22600919
22601431
32090809
32091321
32091833
32092345
32092857
32093369
32093881
32094393
32094905
32095417
32090810
32091322
32091834
32092346
32092858
32093370
32093882
32094394
32094906
32095418
32090811
32091323
32091835
32092347
32092859
32093371
32093883
32094395
32094907
32095419
32090812
32091324
32091836
32092348
32092860
32093372
32093884
32094396
32094908
32095420
32090813
32091325
32091837
32092349
32092861
32093373
32093885
32094397
32094909
32095421
32090814
32091326
32091838
32092350
32092862
32093374
32093886
32094398
32094910
32095422
32090815
32091327
32091839
32092351
32092863
32093375
32093887
32094399
32094911
32095423
32090816
32091328
32091840
32092352
32092864
32093376
32093888
32094400
32094912
32095424
32090817
32091329
32091841
32092353
32092865
32093377
32093889
32094401
32094913
32095425
32090818
32091330
32091842
32092354
32092866
32093378
32093890
32094402
32094914
32095426
30590211
30590723
30591235
30591747
30592259
30592771
30593283
30593795
30594307
30594819
30590212
30590724
30591236
30591748
30592260
30592772
30593284
30593796
30594308
30594820
30590213
30590725
30591237
30591749
30592261
30592773
30593285
30593797
30594309
30594821
30590214
30590726
30591238
30591750
30592262
30592774
30593286
30593798
30594310
30594822
30590215
30590727
30591239
30591751
30592263
30592775
30593287
30593799
30594311
30594823
30590216
30590728
30591240
30591752
30592264
30592776
30593288
30593800
30594312
30594824
30590217
30590729
30591241
30591753
30592265
30592777
30593289
30593801
30594313
30594825
30590218
30590730
30591242
30591754
30592266
30592778
30593290
30593802
30594314
30594826
30590219
30590731
30591243
30591755
30592267
30592779
30593291
30593803
30594315
30594827
30590220
30590732
30591244
30591756
30592268
30592780
30593292
30593804
30594316
30594828
21825720
21826232
21826744
21827256
21827768
21828280
21828792
21829304
21829816
21830328
21825721
21826233
21826745
21827257
21827769
21828281
21828793
21829305
21829817
21830329
21825722
21826234
21826746
21827258
21827770
21828282
21828794
21829306
21829818
21830330
21825723
21826235
21826747
21827259
21827771
21828283
21828795
21829307
21829819
21830331
21825724
21826236
21826748
21827260
21827772
21828284
21828796
21829308
21829820
21830332
21825725
21826237
21826749
21827261
21827773
21828285
21828797
21829309
21829821
21830333
21825726
21826238
21826750
21827262
21827774
21828286
21828798
21829310
21829822
21830334
21825727
21826239
21826751
21827263
21827775
21828287
21828799
21829311
21829823
21830335
21825728
21826240
21826752
21827264
21827776
21828288
21828800
21829312
21829824
21830336
21825729
21826241
21826753
21827265
21827777
21828289
21828801
21829313
21829825
21830337
19458789
19459301
19459813
19460325
19460837
19461349
19461861
19462373
19462885
19463397
19458790
19459302
19459814
19460326
19460838
19461350
19461862
19462374
19462886
19463398
19458791
19459303
19459815
19460327
19460839
19461351
19461863
19462375
19462887
19463399
19458792
19459304
19459816
19460328
19460840
19461352
19461864
19462376
19462888
19463400
19458793
19459305
19459817
19460329
19460841
19461353
19461865
19462377
19462889
19463401
19458794
19459306
19459818
19460330
19460842
19461354
19461866
19462378
19462890
19463402
19458795
19459307
19459819
19460331
19460843
19461355
19461867
19462379
19462891
19463403
19458796
19459308
19459820
19460332
19460844
19461356
19461868
19462380
19462892
19463404
19458797
19459309
19459821
19460333
19460845
19461357
19461869
19462381
19462893
19463405
19458798
19459310
19459822
19460334
19460846
19461358
19461870
19462382
19462894
19463406
25469259
25469771
25470283
25470795
25471307
25471819
25472331
25472843
25473355
25473867
25469260
25469772
25470284
25470796
25471308
25471820
25472332
25472844
25473356
25473868
25469261
25469773
25470285
25470797
25471309
25471821
25472333
25472845
25473357
25473869
25469262
25469774
25470286
25470798
25471310
25471822
25472334
25472846
25473358
25473870
25469263
25469775
25470287
25470799
25471311
25471823
25472335
25472847
25473359
25473871
25469264
25469776
25470288
25470800
25471312
25471824
25472336
25472848
25473360
25473872
25469265
25469777
25470289
25470801
25471313
25471825
25472337
25472849
25473361
25473873
25469266
25469778
25470290
25470802
25471314
25471826
25472338
25472850
25473362
25473874
25469267
25469779
25470291
25470803
25471315
25471827
25472339
25472851
25473363
25473875
25469268
25469780
25470292
25470804
25471316
25471828
25472340
25472852
25473364
25473876
16833772
16834284
16834796
16835308
16835820
16836332
16836844
16837356
16837868
16838380
16833773
16834285
16834797
16835309
16835821
16836333
16836845
16837357
16837869
16838381
16833774
16834286
16834798
16835310
16835822
16836334
16836846
16837358
16837870
16838382
16833775
16834287
16834799
16835311
16835823
16836335
16836847
16837359
16837871
16838383
16833776
16834288
16834800
16835312
16835824
16836336
16836848
16837360
16837872
16838384
16833777
16834289
16834801
16835313
16835825
16836337
16836849
16837361
16837873
16838385
16833778
16834290
16834802
16835314
16835826
16836338
16836850
16837362
16837874
16838386
16833779
16834291
16834803
16835315
16835827
16836339
16836851
16837363
16837875
16838387
16833780
16834292
16834804
16835316
16835828
16836340
16836852
16837364
16837876
16838388
16833781
16834293
16834805
16835317
16835829
16836341
16836853
16837365
16837877
16838389
