21292754
21293266
21293778
21294290
21294802
21295314
21295826
21296338
21296850
21297362
21292755
21293267
21293779
21294291
21294803
21295315
21295827
21296339
21296851
21297363
21292756
21293268
21293780
21294292
21294804
21295316
21295828
21296340
21296852
21297364
21292757
21293269
21293781
21294293
21294805
21295317
21295829
21296341
21296853
21297365
21292758
21293270
21293782
21294294
21294806
21295318
21295830
21296342
21296854
21297366
21292759
21293271
21293783
21294295
21294807
21295319
21295831
21296343
21296855
21297367
21292760
21293272
21293784
21294296
21294808
21295320
21295832
21296344
21296856
21297368
21292761
21293273
21293785
21294297
21294809
21295321
21295833
21296345
21296857
21297369
21292762
21293274
21293786
21294298
21294810
21295322
21295834
21296346
21296858
21297370
21292763
21293275
21293787
21294299
21294811
21295323
21295835
21296347
21296859
21297371
31359250
31359762
31360274
31360786
31361298
31361810
31362322
31362834
31363346
31363858
31359251
31359763
31360275
31360787
31361299
31361811
31362323
31362835
31363347
31363859
31359252
31359764
31360276
31360788
31361300
31361812
31362324
31362836
31363348
31363860
31359253
31359765
31360277
31360789
31361301
31361813
31362325
31362837
31363349
31363861
31359254
31359766
31360278
31360790
31361302
31361814
31362326
31362838
31363350
31363862
31359255
31359767
31360279
31360791
31361303
31361815
31362327
31362839
31363351
31363863
31359256
31359768
31360280
31360792
31361304
31361816
31362328
31362840
31363352
31363864
31359257
31359769
31360281
31360793
31361305
31361817
31362329
31362841
31363353
31363865
31359258
31359770
31360282
31360794
31361306
31361818
31362330
31362842
31363354
31363866
31359259
31359771
31360283
31360795
31361307
31361819
31362331
31362843
31363355
31363867
35442439
35442951
35443463
35443975
35444487
35444999
35445511
35446023
35446535
35447047
35442440
35442952
35443464
35443976
35444488
35445000
35445512
35446024
35446536
35447048
35442441
35442953
35443465
35443977
35444489
35445001
35445513
35446025
35446537
35447049
35442442
35442954
35443466
35443978
35444490
35445002
35445514
35446026
35446538
35447050
35442443
35442955
35443467
35443979
35444491
35445003
35445515
35446027
35446539
35447051
35442444
35442956
35443468
35443980
35444492
35445004
35445516
35446028
35446540
35447052
35442445
35442957
35443469
35443981
35444493
35445005
35445517
35446029
35446541
35447053
35442446
35442958
35443470
35443982
35444494
35445006
35445518
35446030
35446542
35447054
35442447
35442959
35443471
35443983
35444495
35445007
35445519
35446031
35446543
35447055
35442448
35442960
35443472
35443984
35444496
35445008
35445520
35446032
35446544
35447056
30249761
30250273
30250785
30251297
30251809
30252321
30252833
30253345
30253857
30254369
30249762
30250274
30250786
30251298
30251810
30252322
30252834
30253346
30253858
30254370
30249763
30250275
30250787
30251299
30251811
30252323
30252835
30253347
30253859
30254371
30249764
30250276
30250788
30251300
30251812
30252324
30252836
30253348
30253860
30254372
30249765
30250277
30250789
30251301
30251813
30252325
30252837
30253349
30253861
30254373
30249766
30250278
30250790
30251302
30251814
30252326
30252838
30253350
30253862
30254374
30249767
30250279
30250791
30251303
30251815
30252327
30252839
30253351
30253863
30254375
30249768
30250280
30250792
30251304
30251816
30252328
30252840
30253352
30253864
30254376
30249769
30250281
30250793
30251305
30251817
30252329
30252841
30253353
30253865
30254377
30249770
30250282
30250794
30251306
30251818
30252330
30252842
30253354
30253866
30254378
30225221
30225733
30226245
30226757
30227269
30227781
30228293
30228805
30229317
30229829
30225222
30225734
30226246
30226758
30227270
30227782
30228294
30228806
30229318
30229830
30225223
30225735
30226247
30226759
30227271
30227783
30228295
30228807
30229319
30229831
30225224
30225736
30226248
30226760
30227272
30227784
30228296
30228808
30229320
30229832
30225225
30225737
30226249
30226761
30227273
30227785
30228297
30228809
30229321
30229833
30225226
30225738
30226250
30226762
30227274
30227786
30228298
30228810
30229322
30229834
30225227
30225739
30226251
30226763
30227275
30227787
30228299
30228811
30229323
30229835
30225228
30225740
30226252
30226764
30227276
30227788
30228300
30228812
30229324
30229836
30225229
30225741
30226253
30226765
30227277
30227789
30228301
30228813
30229325
30229837
30225230
30225742
30226254
30226766
30227278
30227790
30228302
30228814
30229326
30229838
32031450
32031962
32032474
32032986
32033498
32034010
32034522
32035034
32035546
32036058
32031451
32031963
32032475
32032987
32033499
32034011
32034523
32035035
32035547
32036059
32031452
32031964
32032476
32032988
32033500
32034012
32034524
32035036
32035548
32036060
32031453
32031965
32032477
32032989
32033501
32034013
32034525
32035037
32035549
32036061
32031454
32031966
32032478
32032990
32033502
32034014
32034526
32035038
32035550
32036062
32031455
32031967
32032479
32032991
32033503
32034015
32034527
32035039
32035551
32036063
32031456
32031968
32032480
32032992
32033504
32034016
32034528
32035040
32035552
32036064
32031457
32031969
32032481
32032993
32033505
32034017
32034529
32035041
32035553
32036065
32031458
32031970
32032482
32032994
32033506
32034018
32034530
32035042
32035554
32036066
32031459
32031971
32032483
32032995
32033507
32034019
32034531
32035043
32035555
32036067
31339239
31339751
31340263
31340775
31341287
31341799
31342311
31342823
31343335
31343847
31339240
31339752
31340264
31340776
31341288
31341800
31342312
31342824
31343336
31343848
31339241
31339753
31340265
31340777
31341289
31341801
31342313
31342825
31343337
31343849
31339242
31339754
31340266
31340778
31341290
31341802
31342314
31342826
31343338
31343850
31339243
31339755
31340267
31340779
31341291
31341803
31342315
31342827
31343339
31343851
31339244
31339756
31340268
31340780
31341292
31341804
31342316
31342828
31343340
31343852
31339245
31339757
31340269
31340781
31341293
31341805
31342317
31342829
31343341
31343853
31339246
31339758
31340270
31340782
31341294
31341806
31342318
31342830
31343342
31343854
31339247
31339759
31340271
31340783
31341295
31341807
31342319
31342831
31343343
31343855
31339248
31339760
31340272
31340784
31341296
31341808
31342320
31342832
31343344
31343856
32132341
32132853
32133365
32133877
32134389
32134901
32135413
32135925
32136437
32136949
32132342
32132854
32133366
32133878
32134390
32134902
32135414
32135926
32136438
32136950
32132343
32132855
32133367
32133879
32134391
32134903
32135415
32135927
32136439
32136951
32132344
32132856
32133368
32133880
32134392
32134904
32135416
32135928
32136440
32136952
32132345
32132857
32133369
32133881
32134393
32134905
32135417
32135929
32136441
32136953
32132346
32132858
32133370
32133882
32134394
32134906
32135418
32135930
32136442
32136954
32132347
32132859
32133371
32133883
32134395
32134907
32135419
32135931
32136443
32136955
32132348
32132860
32133372
32133884
32134396
32134908
32135420
32135932
32136444
32136956
32132349
32132861
32133373
32133885
32134397
32134909
32135421
32135933
32136445
32136957
32132350
32132862
32133374
32133886
32134398
32134910
32135422
32135934
32136446
32136958
29998329
29998841
29999353
29999865
30000377
30000889
30001401
30001913
30002425
30002937
29998330
29998842
29999354
29999866
30000378
30000890
30001402
30001914
30002426
30002938
29998331
29998843
29999355
29999867
30000379
30000891
30001403
30001915
30002427
30002939
29998332
29998844
29999356
29999868
30000380
30000892
30001404
30001916
30002428
30002940
29998333
29998845
29999357
29999869
30000381
30000893
30001405
30001917
30002429
30002941
29998334
29998846
29999358
29999870
30000382
30000894
30001406
30001918
30002430
30002942
29998335
29998847
29999359
29999871
30000383
30000895
30001407
30001919
30002431
30002943
29998336
29998848
29999360
29999872
30000384
30000896
30001408
30001920
30002432
30002944
29998337
29998849
29999361
29999873
30000385
30000897
30001409
30001921
30002433
30002945
29998338
29998850
29999362
29999874
30000386
30000898
30001410
30001922
30002434
30002946
29713671
29714183
29714695
29715207
29715719
29716231
29716743
29717255
29717767
29718279
29713672
29714184
29714696
29715208
29715720
29716232
29716744
29717256
29717768
29718280
29713673
29714185
29714697
29715209
29715721
29716233
29716745
29717257
29717769
29718281
29713674
29714186
29714698
29715210
29715722
29716234
29716746
29717258
29717770
29718282
29713675
29714187
29714699
29715211
29715723
29716235
29716747
29717259
29717771
29718283
29713676
29714188
29714700
29715212
29715724
29716236
29716748
29717260
29717772
29718284
29713677
29714189
29714701
29715213
29715725
29716237
29716749
29717261
29717773
29718285
29713678
29714190
29714702
29715214
29715726
29716238
29716750
29717262
29717774
29718286
29713679
29714191
29714703
29715215
29715727
29716239
29716751
29717263
29717775
29718287
29713680
29714192
29714704
29715216
29715728
29716240
29716752
29717264
29717776
29718288
33138906
33139418
33139930
33140442
33140954
33141466
33141978
33142490
33143002
33143514
33138907
33139419
33139931
33140443
33140955
33141467
33141979
33142491
33143003
33143515
33138908
33139420
33139932
33140444
33140956
33141468
33141980
33142492
33143004
33143516
33138909
33139421
33139933
33140445
33140957
33141469
33141981
33142493
33143005
33143517
33138910
33139422
33139934
33140446
33140958
33141470
33141982
33142494
33143006
33143518
33138911
33139423
33139935
33140447
33140959
33141471
33141983
33142495
33143007
33143519
33138912
33139424
33139936
33140448
33140960
33141472
33141984
33142496
33143008
33143520
33138913
33139425
33139937
33140449
33140961
33141473
33141985
33142497
33143009
33143521
33138914
33139426
33139938
33140450
33140962
33141474
33141986
33142498
33143010
33143522
33138915
33139427
33139939
33140451
33140963
33141475
33141987
33142499
33143011
33143523
19181855
19182367
19182879
19183391
19183903
19184415
19184927
19185439
19185951
19186463
19181856
19182368
19182880
19183392
19183904
19184416
19184928
19185440
19185952
19186464
19181857
19182369
19182881
19183393
19183905
19184417
19184929
19185441
19185953
19186465
19181858
19182370
19182882
19183394
19183906
19184418
19184930
19185442
19185954
19186466
19181859
19182371
19182883
19183395
19183907
19184419
19184931
19185443
19185955
19186467
19181860
19182372
19182884
19183396
19183908
19184420
19184932
19185444
19185956
19186468
19181861
19182373
19182885
19183397
19183909
19184421
19184933
19185445
19185957
19186469
19181862
19182374
19182886
19183398
19183910
19184422
19184934
19185446
19185958
19186470
19181863
19182375
19182887
19183399
19183911
19184423
19184935
19185447
19185959
19186471
19181864
19182376
19182888
19183400
19183912
19184424
19184936
19185448
19185960
19186472
34652413
34652925
34653437
34653949
34654461
34654973
34655485
34655997
34656509
34657021
34652414
34652926
34653438
34653950
34654462
34654974
34655486
34655998
34656510
34657022
34652415
34652927
34653439
34653951
34654463
34654975
34655487
34655999
34656511
34657023
34652416
34652928
34653440
34653952
34654464
34654976
34655488
34656000
34656512
34657024
34652417
34652929
34653441
34653953
34654465
34654977
34655489
34656001
34656513
34657025
34652418
34652930
34653442
34653954
34654466
34654978
34655490
34656002
34656514
34657026
34652419
34652931
34653443
34653955
34654467
34654979
34655491
34656003
34656515
34657027
34652420
34652932
34653444
34653956
34654468
34654980
34655492
34656004
34656516
34657028
34652421
34652933
34653445
34653957
34654469
34654981
34655493
34656005
34656517
34657029
34652422
34652934
34653446
34653958
34654470
34654982
34655494
34656006
34656518
34657030
26261793
26262305
26262817
26263329
26263841
26264353
26264865
26265377
26265889
26266401
26261794
26262306
26262818
26263330
26263842
26264354
26264866
26265378
26265890
26266402
26261795
26262307
26262819
26263331
26263843
26264355
26264867
26265379
26265891
26266403
26261796
26262308
26262820
26263332
26263844
26264356
26264868
26265380
26265892
26266404
26261797
26262309
26262821
26263333
26263845
26264357
26264869
26265381
26265893
26266405
26261798
26262310
26262822
26263334
26263846
26264358
26264870
26265382
26265894
26266406
26261799
26262311
26262823
26263335
26263847
26264359
26264871
26265383
26265895
26266407
26261800
26262312
26262824
26263336
26263848
26264360
26264872
26265384
26265896
26266408
26261801
26262313
26262825
26263337
26263849
26264361
26264873
26265385
26265897
26266409
26261802
26262314
26262826
26263338
26263850
26264362
26264874
26265386
26265898
26266410
27454748
27455260
27455772
27456284
27456796
27457308
27457820
27458332
27458844
27459356
27454749
27455261
27455773
27456285
27456797
27457309
27457821
27458333
27458845
27459357
27454750
27455262
27455774
27456286
27456798
27457310
27457822
27458334
27458846
27459358
27454751
27455263
27455775
27456287
27456799
27457311
27457823
27458335
27458847
27459359
27454752
27455264
27455776
27456288
27456800
27457312
27457824
27458336
27458848
27459360
27454753
27455265
27455777
27456289
27456801
27457313
27457825
27458337
27458849
27459361
27454754
27455266
27455778
27456290
27456802
27457314
27457826
27458338
27458850
27459362
27454755
27455267
27455779
27456291
27456803
27457315
27457827
27458339
27458851
27459363
27454756
27455268
27455780
27456292
27456804
27457316
27457828
27458340
27458852
27459364
27454757
27455269
27455781
27456293
27456805
27457317
27457829
27458341
27458853
27459365
26002783
26003295
26003807
26004319
26004831
26005343
26005855
26006367
26006879
26007391
26002784
26003296
26003808
26004320
26004832
26005344
26005856
26006368
26006880
26007392
26002785
26003297
26003809
26004321
26004833
26005345
26005857
26006369
26006881
26007393
26002786
26003298
26003810
26004322
26004834
26005346
26005858
26006370
26006882
26007394
26002787
26003299
26003811
26004323
26004835
26005347
26005859
26006371
26006883
26007395
26002788
26003300
26003812
26004324
26004836
26005348
26005860
26006372
26006884
26007396
26002789
26003301
26003813
26004325
26004837
26005349
26005861
26006373
26006885
26007397
26002790
26003302
26003814
26004326
26004838
26005350
26005862
26006374
26006886
26007398
26002791
26003303
26003815
26004327
26004839
26005351
26005863
26006375
26006887
26007399
26002792
26003304
26003816
26004328
26004840
26005352
26005864
26006376
26006888
26007400
29980933
29981445
29981957
29982469
29982981
29983493
29984005
29984517
29985029
29985541
29980934
29981446
29981958
29982470
29982982
29983494
29984006
29984518
29985030
29985542
29980935
29981447
29981959
29982471
29982983
29983495
29984007
29984519
29985031
29985543
29980936
29981448
29981960
29982472
29982984
29983496
29984008
29984520
29985032
29985544
29980937
29981449
29981961
29982473
29982985
29983497
29984009
29984521
29985033
29985545
29980938
29981450
29981962
29982474
29982986
29983498
29984010
29984522
29985034
29985546
29980939
29981451
29981963
29982475
29982987
29983499
29984011
29984523
29985035
29985547
29980940
29981452
29981964
29982476
29982988
29983500
29984012
29984524
29985036
29985548
29980941
29981453
29981965
29982477
29982989
29983501
29984013
29984525
29985037
29985549
29980942
29981454
29981966
29982478
29982990
29983502
29984014
29984526
29985038
29985550
29992731
29993243
29993755
29994267
29994779
29995291
29995803
29996315
29996827
29997339
29992732
29993244
29993756
29994268
29994780
29995292
29995804
29996316
29996828
29997340
29992733
29993245
29993757
29994269
29994781
29995293
29995805
29996317
29996829
29997341
29992734
29993246
29993758
29994270
29994782
29995294
29995806
29996318
29996830
29997342
29992735
29993247
29993759
29994271
29994783
29995295
29995807
29996319
29996831
29997343
29992736
29993248
29993760
29994272
29994784
29995296
29995808
29996320
29996832
29997344
29992737
29993249
29993761
29994273
29994785
29995297
29995809
29996321
29996833
29997345
29992738
29993250
29993762
29994274
29994786
29995298
29995810
29996322
29996834
29997346
29992739
29993251
29993763
29994275
29994787
29995299
29995811
29996323
29996835
29997347
29992740
29993252
29993764
29994276
29994788
29995300
29995812
29996324
29996836
29997348
24156449
24156961
24157473
24157985
24158497
24159009
24159521
24160033
24160545
24161057
24156450
24156962
24157474
24157986
24158498
24159010
24159522
24160034
24160546
24161058
24156451
24156963
24157475
24157987
24158499
24159011
24159523
24160035
24160547
24161059
24156452
24156964
24157476
24157988
24158500
24159012
24159524
24160036
24160548
24161060
24156453
24156965
24157477
24157989
24158501
24159013
24159525
24160037
24160549
24161061
24156454
24156966
24157478
24157990
24158502
24159014
24159526
24160038
24160550
24161062
24156455
24156967
24157479
24157991
24158503
24159015
24159527
24160039
24160551
24161063
24156456
24156968
24157480
24157992
24158504
24159016
24159528
24160040
24160552
24161064
24156457
24156969
24157481
24157993
24158505
24159017
24159529
24160041
24160553
24161065
24156458
24156970
24157482
24157994
24158506
24159018
24159530
24160042
24160554
24161066
27344077
27344589
27345101
27345613
27346125
27346637
27347149
27347661
27348173
27348685
27344078
27344590
27345102
27345614
27346126
27346638
27347150
27347662
27348174
27348686
27344079
27344591
27345103
27345615
27346127
27346639
27347151
27347663
27348175
27348687
27344080
27344592
27345104
27345616
27346128
27346640
27347152
27347664
27348176
27348688
27344081
27344593
27345105
27345617
27346129
27346641
27347153
27347665
27348177
27348689
27344082
27344594
27345106
27345618
27346130
27346642
27347154
27347666
27348178
27348690
27344083
27344595
27345107
27345619
27346131
27346643
27347155
27347667
27348179
27348691
27344084
27344596
27345108
27345620
27346132
27346644
27347156
27347668
27348180
27348692
27344085
27344597
27345109
27345621
27346133
27346645
27347157
27347669
27348181
27348693
27344086
27344598
27345110
27345622
27346134
27346646
27347158
27347670
27348182
27348694
19970303
19970815
19971327
19971839
19972351
19972863
19973375
19973887
19974399
19974911
19970304
19970816
19971328
19971840
19972352
19972864
19973376
19973888
19974400
19974912
19970305
19970817
19971329
19971841
19972353
19972865
19973377
19973889
19974401
19974913
19970306
19970818
19971330
19971842
19972354
19972866
19973378
19973890
19974402
19974914
19970307
19970819
19971331
19971843
19972355
19972867
19973379
19973891
19974403
19974915
19970308
19970820
19971332
19971844
19972356
19972868
19973380
19973892
19974404
19974916
19970309
19970821
19971333
19971845
19972357
19972869
19973381
19973893
19974405
19974917
19970310
19970822
19971334
19971846
19972358
19972870
19973382
19973894
19974406
19974918
19970311
19970823
19971335
19971847
19972359
19972871
19973383
19973895
19974407
19974919
19970312
19970824
19971336
19971848
19972360
19972872
19973384
19973896
19974408
19974920
31044315
31044827
31045339
31045851
31046363
31046875
31047387
31047899
31048411
31048923
31044316
31044828
31045340
31045852
31046364
31046876
31047388
31047900
31048412
31048924
31044317
31044829
31045341
31045853
31046365
31046877
31047389
31047901
31048413
31048925
31044318
31044830
31045342
31045854
31046366
31046878
31047390
31047902
31048414
31048926
31044319
31044831
31045343
31045855
31046367
31046879
31047391
31047903
31048415
31048927
31044320
31044832
31045344
31045856
31046368
31046880
31047392
31047904
31048416
31048928
31044321
31044833
31045345
31045857
31046369
31046881
31047393
31047905
31048417
31048929
31044322
31044834
31045346
31045858
31046370
31046882
31047394
31047906
31048418
31048930
31044323
31044835
31045347
31045859
31046371
31046883
31047395
31047907
31048419
31048931
31044324
31044836
31045348
31045860
31046372
31046884
31047396
31047908
31048420
31048932
31797065
31797577
31798089
31798601
31799113
31799625
31800137
31800649
31801161
31801673
31797066
31797578
31798090
31798602
31799114
31799626
31800138
31800650
31801162
31801674
31797067
31797579
31798091
31798603
31799115
31799627
31800139
31800651
31801163
31801675
31797068
31797580
31798092
31798604
31799116
31799628
31800140
31800652
31801164
31801676
31797069
31797581
31798093
31798605
31799117
31799629
31800141
31800653
31801165
31801677
31797070
31797582
31798094
31798606
31799118
31799630
31800142
31800654
31801166
31801678
31797071
31797583
31798095
31798607
31799119
31799631
31800143
31800655
31801167
31801679
31797072
31797584
31798096
31798608
31799120
31799632
31800144
31800656
31801168
31801680
31797073
31797585
31798097
31798609
31799121
31799633
31800145
31800657
31801169
31801681
31797074
31797586
31798098
31798610
31799122
31799634
31800146
31800658
31801170
31801682
36771045
36771557
36772069
36772581
36773093
36773605
36774117
36774629
36775141
36775653
36771046
36771558
36772070
36772582
36773094
36773606
36774118
36774630
36775142
36775654
36771047
36771559
36772071
36772583
36773095
36773607
36774119
36774631
36775143
36775655
36771048
36771560
36772072
36772584
36773096
36773608
36774120
36774632
36775144
36775656
36771049
36771561
36772073
36772585
36773097
36773609
36774121
36774633
36775145
36775657
36771050
36771562
36772074
36772586
36773098
36773610
36774122
36774634
36775146
36775658
36771051
36771563
36772075
36772587
36773099
36773611
36774123
36774635
36775147
36775659
36771052
36771564
36772076
36772588
36773100
36773612
36774124
36774636
36775148
36775660
36771053
36771565
36772077
36772589
36773101
36773613
36774125
36774637
36775149
36775661
36771054
36771566
36772078
36772590
36773102
36773614
36774126
36774638
36775150
36775662
31557820
31558332
31558844
31559356
31559868
31560380
31560892
31561404
31561916
31562428
31557821
31558333
31558845
31559357
31559869
31560381
31560893
31561405
31561917
31562429
31557822
31558334
31558846
31559358
31559870
31560382
31560894
31561406
31561918
31562430
31557823
31558335
31558847
31559359
31559871
31560383
31560895
31561407
31561919
31562431
31557824
31558336
31558848
31559360
31559872
31560384
31560896
31561408
31561920
31562432
31557825
31558337
31558849
31559361
31559873
31560385
31560897
31561409
31561921
31562433
31557826
31558338
31558850
31559362
31559874
31560386
31560898
31561410
31561922
31562434
31557827
31558339
31558851
31559363
31559875
31560387
31560899
31561411
31561923
31562435
31557828
31558340
31558852
31559364
31559876
31560388
31560900
31561412
31561924
31562436
31557829
31558341
31558853
31559365
31559877
31560389
31560901
31561413
31561925
31562437
30236376
30236888
30237400
30237912
30238424
30238936
30239448
30239960
30240472
30240984
30236377
30236889
30237401
30237913
30238425
30238937
30239449
30239961
30240473
30240985
30236378
30236890
30237402
30237914
30238426
30238938
30239450
30239962
30240474
30240986
30236379
30236891
30237403
30237915
30238427
30238939
30239451
30239963
30240475
30240987
30236380
30236892
30237404
30237916
30238428
30238940
30239452
30239964
30240476
30240988
30236381
30236893
30237405
30237917
30238429
30238941
30239453
30239965
30240477
30240989
30236382
30236894
30237406
30237918
30238430
30238942
30239454
30239966
30240478
30240990
30236383
30236895
30237407
30237919
30238431
30238943
30239455
30239967
30240479
30240991
30236384
30236896
30237408
30237920
30238432
30238944
30239456
30239968
30240480
30240992
30236385
30236897
30237409
30237921
30238433
30238945
30239457
30239969
30240481
30240993
23634696
23635208
23635720
23636232
23636744
23637256
23637768
23638280
23638792
23639304
23634697
23635209
23635721
23636233
23636745
23637257
23637769
23638281
23638793
23639305
23634698
23635210
23635722
23636234
23636746
23637258
23637770
23638282
23638794
23639306
23634699
23635211
23635723
23636235
23636747
23637259
23637771
23638283
23638795
23639307
23634700
23635212
23635724
23636236
23636748
23637260
23637772
23638284
23638796
23639308
23634701
23635213
23635725
23636237
23636749
23637261
23637773
23638285
23638797
23639309
23634702
23635214
23635726
23636238
23636750
23637262
23637774
23638286
23638798
23639310
23634703
23635215
23635727
23636239
23636751
23637263
23637775
23638287
23638799
23639311
23634704
23635216
23635728
23636240
23636752
23637264
23637776
23638288
23638800
23639312
23634705
23635217
23635729
23636241
23636753
23637265
23637777
23638289
23638801
23639313
28915373
28915885
28916397
28916909
28917421
28917933
28918445
28918957
28919469
28919981
28915374
28915886
28916398
28916910
28917422
28917934
28918446
28918958
28919470
28919982
28915375
28915887
28916399
28916911
28917423
28917935
28918447
28918959
28919471
28919983
28915376
28915888
28916400
28916912
28917424
28917936
28918448
28918960
28919472
28919984
28915377
28915889
28916401
28916913
28917425
28917937
28918449
28918961
28919473
28919985
28915378
28915890
28916402
28916914
28917426
28917938
28918450
28918962
28919474
28919986
28915379
28915891
28916403
28916915
28917427
28917939
28918451
28918963
28919475
28919987
28915380
28915892
28916404
28916916
28917428
28917940
28918452
28918964
28919476
28919988
28915381
28915893
28916405
28916917
28917429
28917941
28918453
28918965
28919477
28919989
28915382
28915894
28916406
28916918
28917430
28917942
28918454
28918966
28919478
28919990
31039246
31039758
31040270
31040782
31041294
31041806
31042318
31042830
31043342
31043854
31039247
31039759
31040271
31040783
31041295
31041807
31042319
31042831
31043343
31043855
31039248
31039760
31040272
31040784
31041296
31041808
31042320
31042832
31043344
31043856
31039249
31039761
31040273
31040785
31041297
31041809
31042321
31042833
31043345
31043857
31039250
31039762
31040274
31040786
31041298
31041810
31042322
31042834
31043346
31043858
31039251
31039763
31040275
31040787
31041299
31041811
31042323
31042835
31043347
31043859
31039252
31039764
31040276
31040788
31041300
31041812
31042324
31042836
31043348
31043860
31039253
31039765
31040277
31040789
31041301
31041813
31042325
31042837
31043349
31043861
31039254
31039766
31040278
31040790
31041302
31041814
31042326
31042838
31043350
31043862
31039255
31039767
31040279
31040791
31041303
31041815
31042327
31042839
31043351
31043863
26011947
26012459
26012971
26013483
26013995
26014507
26015019
26015531
26016043
26016555
26011948
26012460
26012972
26013484
26013996
26014508
26015020
26015532
26016044
26016556
26011949
26012461
26012973
26013485
26013997
26014509
26015021
26015533
26016045
26016557
26011950
26012462
26012974
26013486
26013998
26014510
26015022
26015534
26016046
26016558
26011951
26012463
26012975
26013487
26013999
26014511
26015023
26015535
26016047
26016559
26011952
26012464
26012976
26013488
26014000
26014512
26015024
26015536
26016048
26016560
26011953
26012465
26012977
26013489
26014001
26014513
26015025
26015537
26016049
26016561
26011954
26012466
26012978
26013490
26014002
26014514
26015026
26015538
26016050
26016562
26011955
26012467
26012979
26013491
26014003
26014515
26015027
26015539
26016051
26016563
26011956
26012468
26012980
26013492
26014004
26014516
26015028
26015540
26016052
26016564
