7446409
7446921
7447433
7447945
7448457
7448969
7449481
7449993
7450505
7451017
7446410
7446922
7447434
7447946
7448458
7448970
7449482
7449994
7450506
7451018
7446411
7446923
7447435
7447947
7448459
7448971
7449483
7449995
7450507
7451019
7446412
7446924
7447436
7447948
7448460
7448972
7449484
7449996
7450508
7451020
7446413
7446925
7447437
7447949
7448461
7448973
7449485
7449997
7450509
7451021
7446414
7446926
7447438
7447950
7448462
7448974
7449486
7449998
7450510
7451022
7446415
7446927
7447439
7447951
7448463
7448975
7449487
7449999
7450511
7451023
7446416
7446928
7447440
7447952
7448464
7448976
7449488
7450000
7450512
7451024
7446417
7446929
7447441
7447953
7448465
7448977
7449489
7450001
7450513
7451025
7446418
7446930
7447442
7447954
7448466
7448978
7449490
7450002
7450514
7451026
15245381
15245893
15246405
15246917
15247429
15247941
15248453
15248965
15249477
15249989
15245382
15245894
15246406
15246918
15247430
15247942
15248454
15248966
15249478
15249990
15245383
15245895
15246407
15246919
15247431
15247943
15248455
15248967
15249479
15249991
15245384
15245896
15246408
15246920
15247432
15247944
15248456
15248968
15249480
15249992
15245385
15245897
15246409
15246921
15247433
15247945
15248457
15248969
15249481
15249993
15245386
15245898
15246410
15246922
15247434
15247946
15248458
15248970
15249482
15249994
15245387
15245899
15246411
15246923
15247435
15247947
15248459
15248971
15249483
15249995
15245388
15245900
15246412
15246924
15247436
15247948
15248460
15248972
15249484
15249996
15245389
15245901
15246413
15246925
15247437
15247949
15248461
15248973
15249485
15249997
15245390
15245902
15246414
15246926
15247438
15247950
15248462
15248974
15249486
15249998
5431822
5432334
5432846
5433358
5433870
5434382
5434894
5435406
5435918
5436430
5431823
5432335
5432847
5433359
5433871
5434383
5434895
5435407
5435919
5436431
5431824
5432336
5432848
5433360
5433872
5434384
5434896
5435408
5435920
5436432
5431825
5432337
5432849
5433361
5433873
5434385
5434897
5435409
5435921
5436433
5431826
5432338
5432850
5433362
5433874
5434386
5434898
5435410
5435922
5436434
5431827
5432339
5432851
5433363
5433875
5434387
5434899
5435411
5435923
5436435
5431828
5432340
5432852
5433364
5433876
5434388
5434900
5435412
5435924
5436436
5431829
5432341
5432853
5433365
5433877
5434389
5434901
5435413
5435925
5436437
5431830
5432342
5432854
5433366
5433878
5434390
5434902
5435414
5435926
5436438
5431831
5432343
5432855
5433367
5433879
5434391
5434903
5435415
5435927
5436439
22550753
22551265
22551777
22552289
22552801
22553313
22553825
22554337
22554849
22555361
22550754
22551266
22551778
22552290
22552802
22553314
22553826
22554338
22554850
22555362
22550755
22551267
22551779
22552291
22552803
22553315
22553827
22554339
22554851
22555363
22550756
22551268
22551780
22552292
22552804
22553316
22553828
22554340
22554852
22555364
22550757
22551269
22551781
22552293
22552805
22553317
22553829
22554341
22554853
22555365
22550758
22551270
22551782
22552294
22552806
22553318
22553830
22554342
22554854
22555366
22550759
22551271
22551783
22552295
22552807
22553319
22553831
22554343
22554855
22555367
22550760
22551272
22551784
22552296
22552808
22553320
22553832
22554344
22554856
22555368
22550761
22551273
22551785
22552297
22552809
22553321
22553833
22554345
22554857
22555369
22550762
22551274
22551786
22552298
22552810
22553322
22553834
22554346
22554858
22555370
32733498
32734010
32734522
32735034
32735546
32736058
32736570
32737082
32737594
32738106
32733499
32734011
32734523
32735035
32735547
32736059
32736571
32737083
32737595
32738107
32733500
32734012
32734524
32735036
32735548
32736060
32736572
32737084
32737596
32738108
32733501
32734013
32734525
32735037
32735549
32736061
32736573
32737085
32737597
32738109
32733502
32734014
32734526
32735038
32735550
32736062
32736574
32737086
32737598
32738110
32733503
32734015
32734527
32735039
32735551
32736063
32736575
32737087
32737599
32738111
32733504
32734016
32734528
32735040
32735552
32736064
32736576
32737088
32737600
32738112
32733505
32734017
32734529
32735041
32735553
32736065
32736577
32737089
32737601
32738113
32733506
32734018
32734530
32735042
32735554
32736066
32736578
32737090
32737602
32738114
32733507
32734019
32734531
32735043
32735555
32736067
32736579
32737091
32737603
32738115
33636165
33636677
33637189
33637701
33638213
33638725
33639237
33639749
33640261
33640773
33636166
33636678
33637190
33637702
33638214
33638726
33639238
33639750
33640262
33640774
33636167
33636679
33637191
33637703
33638215
33638727
33639239
33639751
33640263
33640775
33636168
33636680
33637192
33637704
33638216
33638728
33639240
33639752
33640264
33640776
33636169
33636681
33637193
33637705
33638217
33638729
33639241
33639753
33640265
33640777
33636170
33636682
33637194
33637706
33638218
33638730
33639242
33639754
33640266
33640778
33636171
33636683
33637195
33637707
33638219
33638731
33639243
33639755
33640267
33640779
33636172
33636684
33637196
33637708
33638220
33638732
33639244
33639756
33640268
33640780
33636173
33636685
33637197
33637709
33638221
33638733
33639245
33639757
33640269
33640781
33636174
33636686
33637198
33637710
33638222
33638734
33639246
33639758
33640270
33640782
31680587
31681099
31681611
31682123
31682635
31683147
31683659
31684171
31684683
31685195
31680588
31681100
31681612
31682124
31682636
31683148
31683660
31684172
31684684
31685196
31680589
31681101
31681613
31682125
31682637
31683149
31683661
31684173
31684685
31685197
31680590
31681102
31681614
31682126
31682638
31683150
31683662
31684174
31684686
31685198
31680591
31681103
31681615
31682127
31682639
31683151
31683663
31684175
31684687
31685199
31680592
31681104
31681616
31682128
31682640
31683152
31683664
31684176
31684688
31685200
31680593
31681105
31681617
31682129
31682641
31683153
31683665
31684177
31684689
31685201
31680594
31681106
31681618
31682130
31682642
31683154
31683666
31684178
31684690
31685202
31680595
31681107
31681619
31682131
31682643
31683155
31683667
31684179
31684691
31685203
31680596
31681108
31681620
31682132
31682644
31683156
31683668
31684180
31684692
31685204
34499822
34500334
34500846
34501358
34501870
34502382
34502894
34503406
34503918
34504430
34499823
34500335
34500847
34501359
34501871
34502383
34502895
34503407
34503919
34504431
34499824
34500336
34500848
34501360
34501872
34502384
34502896
34503408
34503920
34504432
34499825
34500337
34500849
34501361
34501873
34502385
34502897
34503409
34503921
34504433
34499826
34500338
34500850
34501362
34501874
34502386
34502898
34503410
34503922
34504434
34499827
34500339
34500851
34501363
34501875
34502387
34502899
34503411
34503923
34504435
34499828
34500340
34500852
34501364
34501876
34502388
34502900
34503412
34503924
34504436
34499829
34500341
34500853
34501365
34501877
34502389
34502901
34503413
34503925
34504437
34499830
34500342
34500854
34501366
34501878
34502390
34502902
34503414
34503926
34504438
34499831
34500343
34500855
34501367
34501879
34502391
34502903
34503415
34503927
34504439
21731452
21731964
21732476
21732988
21733500
21734012
21734524
21735036
21735548
21736060
21731453
21731965
21732477
21732989
21733501
21734013
21734525
21735037
21735549
21736061
21731454
21731966
21732478
21732990
21733502
21734014
21734526
21735038
21735550
21736062
21731455
21731967
21732479
21732991
21733503
21734015
21734527
21735039
21735551
21736063
21731456
21731968
21732480
21732992
21733504
21734016
21734528
21735040
21735552
21736064
21731457
21731969
21732481
21732993
21733505
21734017
21734529
21735041
21735553
21736065
21731458
21731970
21732482
21732994
21733506
21734018
21734530
21735042
21735554
21736066
21731459
21731971
21732483
21732995
21733507
21734019
21734531
21735043
21735555
21736067
21731460
21731972
21732484
21732996
21733508
21734020
21734532
21735044
21735556
21736068
21731461
21731973
21732485
21732997
21733509
21734021
21734533
21735045
21735557
21736069
18977680
18978192
18978704
18979216
18979728
18980240
18980752
18981264
18981776
18982288
18977681
18978193
18978705
18979217
18979729
18980241
18980753
18981265
18981777
18982289
18977682
18978194
18978706
18979218
18979730
18980242
18980754
18981266
18981778
18982290
18977683
18978195
18978707
18979219
18979731
18980243
18980755
18981267
18981779
18982291
18977684
18978196
18978708
18979220
18979732
18980244
18980756
18981268
18981780
18982292
18977685
18978197
18978709
18979221
18979733
18980245
18980757
18981269
18981781
18982293
18977686
18978198
18978710
18979222
18979734
18980246
18980758
18981270
18981782
18982294
18977687
18978199
18978711
18979223
18979735
18980247
18980759
18981271
18981783
18982295
18977688
18978200
18978712
18979224
18979736
18980248
18980760
18981272
18981784
18982296
18977689
18978201
18978713
18979225
18979737
18980249
18980761
18981273
18981785
18982297
2101578
2102090
2102602
2103114
2103626
2104138
2104650
2105162
2105674
2106186
2101579
2102091
2102603
2103115
2103627
2104139
2104651
2105163
2105675
2106187
2101580
2102092
2102604
2103116
2103628
2104140
2104652
2105164
2105676
2106188
2101581
2102093
2102605
2103117
2103629
2104141
2104653
2105165
2105677
2106189
2101582
2102094
2102606
2103118
2103630
2104142
2104654
2105166
2105678
2106190
2101583
2102095
2102607
2103119
2103631
2104143
2104655
2105167
2105679
2106191
2101584
2102096
2102608
2103120
2103632
2104144
2104656
2105168
2105680
2106192
2101585
2102097
2102609
2103121
2103633
2104145
2104657
2105169
2105681
2106193
2101586
2102098
2102610
2103122
2103634
2104146
2104658
2105170
2105682
2106194
2101587
2102099
2102611
2103123
2103635
2104147
2104659
2105171
2105683
2106195
19648717
19649229
19649741
19650253
19650765
19651277
19651789
19652301
19652813
19653325
19648718
19649230
19649742
19650254
19650766
19651278
19651790
19652302
19652814
19653326
19648719
19649231
19649743
19650255
19650767
19651279
19651791
19652303
19652815
19653327
19648720
19649232
19649744
19650256
19650768
19651280
19651792
19652304
19652816
19653328
19648721
19649233
19649745
19650257
19650769
19651281
19651793
19652305
19652817
19653329
19648722
19649234
19649746
19650258
19650770
19651282
19651794
19652306
19652818
19653330
19648723
19649235
19649747
19650259
19650771
19651283
19651795
19652307
19652819
19653331
19648724
19649236
19649748
19650260
19650772
19651284
19651796
19652308
19652820
19653332
19648725
19649237
19649749
19650261
19650773
19651285
19651797
19652309
19652821
19653333
19648726
19649238
19649750
19650262
19650774
19651286
19651798
19652310
19652822
19653334
31801461
31801973
31802485
31802997
31803509
31804021
31804533
31805045
31805557
31806069
31801462
31801974
31802486
31802998
31803510
31804022
31804534
31805046
31805558
31806070
31801463
31801975
31802487
31802999
31803511
31804023
31804535
31805047
31805559
31806071
31801464
31801976
31802488
31803000
31803512
31804024
31804536
31805048
31805560
31806072
31801465
31801977
31802489
31803001
31803513
31804025
31804537
31805049
31805561
31806073
31801466
31801978
31802490
31803002
31803514
31804026
31804538
31805050
31805562
31806074
31801467
31801979
31802491
31803003
31803515
31804027
31804539
31805051
31805563
31806075
31801468
31801980
31802492
31803004
31803516
31804028
31804540
31805052
31805564
31806076
31801469
31801981
31802493
31803005
31803517
31804029
31804541
31805053
31805565
31806077
31801470
31801982
31802494
31803006
31803518
31804030
31804542
31805054
31805566
31806078
18161018
18161530
18162042
18162554
18163066
18163578
18164090
18164602
18165114
18165626
18161019
18161531
18162043
18162555
18163067
18163579
18164091
18164603
18165115
18165627
18161020
18161532
18162044
18162556
18163068
18163580
18164092
18164604
18165116
18165628
18161021
18161533
18162045
18162557
18163069
18163581
18164093
18164605
18165117
18165629
18161022
18161534
18162046
18162558
18163070
18163582
18164094
18164606
18165118
18165630
18161023
18161535
18162047
18162559
18163071
18163583
18164095
18164607
18165119
18165631
18161024
18161536
18162048
18162560
18163072
18163584
18164096
18164608
18165120
18165632
18161025
18161537
18162049
18162561
18163073
18163585
18164097
18164609
18165121
18165633
18161026
18161538
18162050
18162562
18163074
18163586
18164098
18164610
18165122
18165634
18161027
18161539
18162051
18162563
18163075
18163587
18164099
18164611
18165123
18165635
29627998
29628510
29629022
29629534
29630046
29630558
29631070
29631582
29632094
29632606
29627999
29628511
29629023
29629535
29630047
29630559
29631071
29631583
29632095
29632607
29628000
29628512
29629024
29629536
29630048
29630560
29631072
29631584
29632096
29632608
29628001
29628513
29629025
29629537
29630049
29630561
29631073
29631585
29632097
29632609
29628002
29628514
29629026
29629538
29630050
29630562
29631074
29631586
29632098
29632610
29628003
29628515
29629027
29629539
29630051
29630563
29631075
29631587
29632099
29632611
29628004
29628516
29629028
29629540
29630052
29630564
29631076
29631588
29632100
29632612
29628005
29628517
29629029
29629541
29630053
29630565
29631077
29631589
29632101
29632613
29628006
29628518
29629030
29629542
29630054
29630566
29631078
29631590
29632102
29632614
29628007
29628519
29629031
29629543
29630055
29630567
29631079
29631591
29632103
29632615
17120293
17120805
17121317
17121829
17122341
17122853
17123365
17123877
17124389
17124901
17120294
17120806
17121318
17121830
17122342
17122854
17123366
17123878
17124390
17124902
17120295
17120807
17121319
17121831
17122343
17122855
17123367
17123879
17124391
17124903
17120296
17120808
17121320
17121832
17122344
17122856
17123368
17123880
17124392
17124904
17120297
17120809
17121321
17121833
17122345
17122857
17123369
17123881
17124393
17124905
17120298
17120810
17121322
17121834
17122346
17122858
17123370
17123882
17124394
17124906
17120299
17120811
17121323
17121835
17122347
17122859
17123371
17123883
17124395
17124907
17120300
17120812
17121324
17121836
17122348
17122860
17123372
17123884
17124396
17124908
17120301
17120813
17121325
17121837
17122349
17122861
17123373
17123885
17124397
17124909
17120302
17120814
17121326
17121838
17122350
17122862
17123374
17123886
17124398
17124910
7755420
7755932
7756444
7756956
7757468
7757980
7758492
7759004
7759516
7760028
7755421
7755933
7756445
7756957
7757469
7757981
7758493
7759005
7759517
7760029
7755422
7755934
7756446
7756958
7757470
7757982
7758494
7759006
7759518
7760030
7755423
7755935
7756447
7756959
7757471
7757983
7758495
7759007
7759519
7760031
7755424
7755936
7756448
7756960
7757472
7757984
7758496
7759008
7759520
7760032
7755425
7755937
7756449
7756961
7757473
7757985
7758497
7759009
7759521
7760033
7755426
7755938
7756450
7756962
7757474
7757986
7758498
7759010
7759522
7760034
7755427
7755939
7756451
7756963
7757475
7757987
7758499
7759011
7759523
7760035
7755428
7755940
7756452
7756964
7757476
7757988
7758500
7759012
7759524
7760036
7755429
7755941
7756453
7756965
7757477
7757989
7758501
7759013
7759525
7760037
9348018
9348530
9349042
9349554
9350066
9350578
9351090
9351602
9352114
9352626
9348019
9348531
9349043
9349555
9350067
9350579
9351091
9351603
9352115
9352627
9348020
9348532
9349044
9349556
9350068
9350580
9351092
9351604
9352116
9352628
9348021
9348533
9349045
9349557
9350069
9350581
9351093
9351605
9352117
9352629
9348022
9348534
9349046
9349558
9350070
9350582
9351094
9351606
9352118
9352630
9348023
9348535
9349047
9349559
9350071
9350583
9351095
9351607
9352119
9352631
9348024
9348536
9349048
9349560
9350072
9350584
9351096
9351608
9352120
9352632
9348025
9348537
9349049
9349561
9350073
9350585
9351097
9351609
9352121
9352633
9348026
9348538
9349050
9349562
9350074
9350586
9351098
9351610
9352122
9352634
9348027
9348539
9349051
9349563
9350075
9350587
9351099
9351611
9352123
9352635
18209864
18210376
18210888
18211400
18211912
18212424
18212936
18213448
18213960
18214472
18209865
18210377
18210889
18211401
18211913
18212425
18212937
18213449
18213961
18214473
18209866
18210378
18210890
18211402
18211914
18212426
18212938
18213450
18213962
18214474
18209867
18210379
18210891
18211403
18211915
18212427
18212939
18213451
18213963
18214475
18209868
18210380
18210892
18211404
18211916
18212428
18212940
18213452
18213964
18214476
18209869
18210381
18210893
18211405
18211917
18212429
18212941
18213453
18213965
18214477
18209870
18210382
18210894
18211406
18211918
18212430
18212942
18213454
18213966
18214478
18209871
18210383
18210895
18211407
18211919
18212431
18212943
18213455
18213967
18214479
18209872
18210384
18210896
18211408
18211920
18212432
18212944
18213456
18213968
18214480
18209873
18210385
18210897
18211409
18211921
18212433
18212945
18213457
18213969
18214481
6471499
6472011
6472523
6473035
6473547
6474059
6474571
6475083
6475595
6476107
6471500
6472012
6472524
6473036
6473548
6474060
6474572
6475084
6475596
6476108
6471501
6472013
6472525
6473037
6473549
6474061
6474573
6475085
6475597
6476109
6471502
6472014
6472526
6473038
6473550
6474062
6474574
6475086
6475598
6476110
6471503
6472015
6472527
6473039
6473551
6474063
6474575
6475087
6475599
6476111
6471504
6472016
6472528
6473040
6473552
6474064
6474576
6475088
6475600
6476112
6471505
6472017
6472529
6473041
6473553
6474065
6474577
6475089
6475601
6476113
6471506
6472018
6472530
6473042
6473554
6474066
6474578
6475090
6475602
6476114
6471507
6472019
6472531
6473043
6473555
6474067
6474579
6475091
6475603
6476115
6471508
6472020
6472532
6473044
6473556
6474068
6474580
6475092
6475604
6476116
13442498
13443010
13443522
13444034
13444546
13445058
13445570
13446082
13446594
13447106
13442499
13443011
13443523
13444035
13444547
13445059
13445571
13446083
13446595
13447107
13442500
13443012
13443524
13444036
13444548
13445060
13445572
13446084
13446596
13447108
13442501
13443013
13443525
13444037
13444549
13445061
13445573
13446085
13446597
13447109
13442502
13443014
13443526
13444038
13444550
13445062
13445574
13446086
13446598
13447110
13442503
13443015
13443527
13444039
13444551
13445063
13445575
13446087
13446599
13447111
13442504
13443016
13443528
13444040
13444552
13445064
13445576
13446088
13446600
13447112
13442505
13443017
13443529
13444041
13444553
13445065
13445577
13446089
13446601
13447113
13442506
13443018
13443530
13444042
13444554
13445066
13445578
13446090
13446602
13447114
13442507
13443019
13443531
13444043
13444555
13445067
13445579
13446091
13446603
13447115
28423028
28423540
28424052
28424564
28425076
28425588
28426100
28426612
28427124
28427636
28423029
28423541
28424053
28424565
28425077
28425589
28426101
28426613
28427125
28427637
28423030
28423542
28424054
28424566
28425078
28425590
28426102
28426614
28427126
28427638
28423031
28423543
28424055
28424567
28425079
28425591
28426103
28426615
28427127
28427639
28423032
28423544
28424056
28424568
28425080
28425592
28426104
28426616
28427128
28427640
28423033
28423545
28424057
28424569
28425081
28425593
28426105
28426617
28427129
28427641
28423034
28423546
28424058
28424570
28425082
28425594
28426106
28426618
28427130
28427642
28423035
28423547
28424059
28424571
28425083
28425595
28426107
28426619
28427131
28427643
28423036
28423548
28424060
28424572
28425084
28425596
28426108
28426620
28427132
28427644
28423037
28423549
28424061
28424573
28425085
28425597
28426109
28426621
28427133
28427645
31726257
31726769
31727281
31727793
31728305
31728817
31729329
31729841
31730353
31730865
31726258
31726770
31727282
31727794
31728306
31728818
31729330
31729842
31730354
31730866
31726259
31726771
31727283
31727795
31728307
31728819
31729331
31729843
31730355
31730867
31726260
31726772
31727284
31727796
31728308
31728820
31729332
31729844
31730356
31730868
31726261
31726773
31727285
31727797
31728309
31728821
31729333
31729845
31730357
31730869
31726262
31726774
31727286
31727798
31728310
31728822
31729334
31729846
31730358
31730870
31726263
31726775
31727287
31727799
31728311
31728823
31729335
31729847
31730359
31730871
31726264
31726776
31727288
31727800
31728312
31728824
31729336
31729848
31730360
31730872
31726265
31726777
31727289
31727801
31728313
31728825
31729337
31729849
31730361
31730873
31726266
31726778
31727290
31727802
31728314
31728826
31729338
31729850
31730362
31730874
29979219
29979731
29980243
29980755
29981267
29981779
29982291
29982803
29983315
29983827
29979220
29979732
29980244
29980756
29981268
29981780
29982292
29982804
29983316
29983828
29979221
29979733
29980245
29980757
29981269
29981781
29982293
29982805
29983317
29983829
29979222
29979734
29980246
29980758
29981270
29981782
29982294
29982806
29983318
29983830
29979223
29979735
29980247
29980759
29981271
29981783
29982295
29982807
29983319
29983831
29979224
29979736
29980248
29980760
29981272
29981784
29982296
29982808
29983320
29983832
29979225
29979737
29980249
29980761
29981273
29981785
29982297
29982809
29983321
29983833
29979226
29979738
29980250
29980762
29981274
29981786
29982298
29982810
29983322
29983834
29979227
29979739
29980251
29980763
29981275
29981787
29982299
29982811
29983323
29983835
29979228
29979740
29980252
29980764
29981276
29981788
29982300
29982812
29983324
29983836
19366206
19366718
19367230
19367742
19368254
19368766
19369278
19369790
19370302
19370814
19366207
19366719
19367231
19367743
19368255
19368767
19369279
19369791
19370303
19370815
19366208
19366720
19367232
19367744
19368256
19368768
19369280
19369792
19370304
19370816
19366209
19366721
19367233
19367745
19368257
19368769
19369281
19369793
19370305
19370817
19366210
19366722
19367234
19367746
19368258
19368770
19369282
19369794
19370306
19370818
19366211
19366723
19367235
19367747
19368259
19368771
19369283
19369795
19370307
19370819
19366212
19366724
19367236
19367748
19368260
19368772
19369284
19369796
19370308
19370820
19366213
19366725
19367237
19367749
19368261
19368773
19369285
19369797
19370309
19370821
19366214
19366726
19367238
19367750
19368262
19368774
19369286
19369798
19370310
19370822
19366215
19366727
19367239
19367751
19368263
19368775
19369287
19369799
19370311
19370823
6247618
6248130
6248642
6249154
6249666
6250178
6250690
6251202
6251714
6252226
6247619
6248131
6248643
6249155
6249667
6250179
6250691
6251203
6251715
6252227
6247620
6248132
6248644
6249156
6249668
6250180
6250692
6251204
6251716
6252228
6247621
6248133
6248645
6249157
6249669
6250181
6250693
6251205
6251717
6252229
6247622
6248134
6248646
6249158
6249670
6250182
6250694
6251206
6251718
6252230
6247623
6248135
6248647
6249159
6249671
6250183
6250695
6251207
6251719
6252231
6247624
6248136
6248648
6249160
6249672
6250184
6250696
6251208
6251720
6252232
6247625
6248137
6248649
6249161
6249673
6250185
6250697
6251209
6251721
6252233
6247626
6248138
6248650
6249162
6249674
6250186
6250698
6251210
6251722
6252234
6247627
6248139
6248651
6249163
6249675
6250187
6250699
6251211
6251723
6252235
37034547
37035059
37035571
37036083
37036595
37037107
37037619
37038131
37038643
37039155
37034548
37035060
37035572
37036084
37036596
37037108
37037620
37038132
37038644
37039156
37034549
37035061
37035573
37036085
37036597
37037109
37037621
37038133
37038645
37039157
37034550
37035062
37035574
37036086
37036598
37037110
37037622
37038134
37038646
37039158
37034551
37035063
37035575
37036087
37036599
37037111
37037623
37038135
37038647
37039159
37034552
37035064
37035576
37036088
37036600
37037112
37037624
37038136
37038648
37039160
37034553
37035065
37035577
37036089
37036601
37037113
37037625
37038137
37038649
37039161
37034554
37035066
37035578
37036090
37036602
37037114
37037626
37038138
37038650
37039162
37034555
37035067
37035579
37036091
37036603
37037115
37037627
37038139
37038651
37039163
37034556
37035068
37035580
37036092
37036604
37037116
37037628
37038140
37038652
37039164
9341325
9341837
9342349
9342861
9343373
9343885
9344397
9344909
9345421
9345933
9341326
9341838
9342350
9342862
9343374
9343886
9344398
9344910
9345422
9345934
9341327
9341839
9342351
9342863
9343375
9343887
9344399
9344911
9345423
9345935
9341328
9341840
9342352
9342864
9343376
9343888
9344400
9344912
9345424
9345936
9341329
9341841
9342353
9342865
9343377
9343889
9344401
9344913
9345425
9345937
9341330
9341842
9342354
9342866
9343378
9343890
9344402
9344914
9345426
9345938
9341331
9341843
9342355
9342867
9343379
9343891
9344403
9344915
9345427
9345939
9341332
9341844
9342356
9342868
9343380
9343892
9344404
9344916
9345428
9345940
9341333
9341845
9342357
9342869
9343381
9343893
9344405
9344917
9345429
9345941
9341334
9341846
9342358
9342870
9343382
9343894
9344406
9344918
9345430
9345942
22582417
22582929
22583441
22583953
22584465
22584977
22585489
22586001
22586513
22587025
22582418
22582930
22583442
22583954
22584466
22584978
22585490
22586002
22586514
22587026
22582419
22582931
22583443
22583955
22584467
22584979
22585491
22586003
22586515
22587027
22582420
22582932
22583444
22583956
22584468
22584980
22585492
22586004
22586516
22587028
22582421
22582933
22583445
22583957
22584469
22584981
22585493
22586005
22586517
22587029
22582422
22582934
22583446
22583958
22584470
22584982
22585494
22586006
22586518
22587030
22582423
22582935
22583447
22583959
22584471
22584983
22585495
22586007
22586519
22587031
22582424
22582936
22583448
22583960
22584472
22584984
22585496
22586008
22586520
22587032
22582425
22582937
22583449
22583961
22584473
22584985
22585497
22586009
22586521
22587033
22582426
22582938
22583450
22583962
22584474
22584986
22585498
22586010
22586522
22587034
14521564
14522076
14522588
14523100
14523612
14524124
14524636
14525148
14525660
14526172
14521565
14522077
14522589
14523101
14523613
14524125
14524637
14525149
14525661
14526173
14521566
14522078
14522590
14523102
14523614
14524126
14524638
14525150
14525662
14526174
14521567
14522079
14522591
14523103
14523615
14524127
14524639
14525151
14525663
14526175
14521568
14522080
14522592
14523104
14523616
14524128
14524640
14525152
14525664
14526176
14521569
14522081
14522593
14523105
14523617
14524129
14524641
14525153
14525665
14526177
14521570
14522082
14522594
14523106
14523618
14524130
14524642
14525154
14525666
14526178
14521571
14522083
14522595
14523107
14523619
14524131
14524643
14525155
14525667
14526179
14521572
14522084
14522596
14523108
14523620
14524132
14524644
14525156
14525668
14526180
14521573
14522085
14522597
14523109
14523621
14524133
14524645
14525157
14525669
14526181
