24046379
24046891
24047403
24047915
24048427
24048939
24049451
24049963
24050475
24050987
24046380
24046892
24047404
24047916
24048428
24048940
24049452
24049964
24050476
24050988
24046381
24046893
24047405
24047917
24048429
24048941
24049453
24049965
24050477
24050989
24046382
24046894
24047406
24047918
24048430
24048942
24049454
24049966
24050478
24050990
24046383
24046895
24047407
24047919
24048431
24048943
24049455
24049967
24050479
24050991
24046384
24046896
24047408
24047920
24048432
24048944
24049456
24049968
24050480
24050992
24046385
24046897
24047409
24047921
24048433
24048945
24049457
24049969
24050481
24050993
24046386
24046898
24047410
24047922
24048434
24048946
24049458
24049970
24050482
24050994
24046387
24046899
24047411
24047923
24048435
24048947
24049459
24049971
24050483
24050995
24046388
24046900
24047412
24047924
24048436
24048948
24049460
24049972
24050484
24050996
38841248
38841760
38842272
38842784
38843296
38843808
38844320
38844832
38845344
38845856
38841249
38841761
38842273
38842785
38843297
38843809
38844321
38844833
38845345
38845857
38841250
38841762
38842274
38842786
38843298
38843810
38844322
38844834
38845346
38845858
38841251
38841763
38842275
38842787
38843299
38843811
38844323
38844835
38845347
38845859
38841252
38841764
38842276
38842788
38843300
38843812
38844324
38844836
38845348
38845860
38841253
38841765
38842277
38842789
38843301
38843813
38844325
38844837
38845349
38845861
38841254
38841766
38842278
38842790
38843302
38843814
38844326
38844838
38845350
38845862
38841255
38841767
38842279
38842791
38843303
38843815
38844327
38844839
38845351
38845863
38841256
38841768
38842280
38842792
38843304
38843816
38844328
38844840
38845352
38845864
38841257
38841769
38842281
38842793
38843305
38843817
38844329
38844841
38845353
38845865
18232962
18233474
18233986
18234498
18235010
18235522
18236034
18236546
18237058
18237570
18232963
18233475
18233987
18234499
18235011
18235523
18236035
18236547
18237059
18237571
18232964
18233476
18233988
18234500
18235012
18235524
18236036
18236548
18237060
18237572
18232965
18233477
18233989
18234501
18235013
18235525
18236037
18236549
18237061
18237573
18232966
18233478
18233990
18234502
18235014
18235526
18236038
18236550
18237062
18237574
18232967
18233479
18233991
18234503
18235015
18235527
18236039
18236551
18237063
18237575
18232968
18233480
18233992
18234504
18235016
18235528
18236040
18236552
18237064
18237576
18232969
18233481
18233993
18234505
18235017
18235529
18236041
18236553
18237065
18237577
18232970
18233482
18233994
18234506
18235018
18235530
18236042
18236554
18237066
18237578
18232971
18233483
18233995
18234507
18235019
18235531
18236043
18236555
18237067
18237579
5597484
5597996
5598508
5599020
5599532
5600044
5600556
5601068
5601580
5602092
5597485
5597997
5598509
5599021
5599533
5600045
5600557
5601069
5601581
5602093
5597486
5597998
5598510
5599022
5599534
5600046
5600558
5601070
5601582
5602094
5597487
5597999
5598511
5599023
5599535
5600047
5600559
5601071
5601583
5602095
5597488
5598000
5598512
5599024
5599536
5600048
5600560
5601072
5601584
5602096
5597489
5598001
5598513
5599025
5599537
5600049
5600561
5601073
5601585
5602097
5597490
5598002
5598514
5599026
5599538
5600050
5600562
5601074
5601586
5602098
5597491
5598003
5598515
5599027
5599539
5600051
5600563
5601075
5601587
5602099
5597492
5598004
5598516
5599028
5599540
5600052
5600564
5601076
5601588
5602100
5597493
5598005
5598517
5599029
5599541
5600053
5600565
5601077
5601589
5602101
29162910
29163422
29163934
29164446
29164958
29165470
29165982
29166494
29167006
29167518
29162911
29163423
29163935
29164447
29164959
29165471
29165983
29166495
29167007
29167519
29162912
29163424
29163936
29164448
29164960
29165472
29165984
29166496
29167008
29167520
29162913
29163425
29163937
29164449
29164961
29165473
29165985
29166497
29167009
29167521
29162914
29163426
29163938
29164450
29164962
29165474
29165986
29166498
29167010
29167522
29162915
29163427
29163939
29164451
29164963
29165475
29165987
29166499
29167011
29167523
29162916
29163428
29163940
29164452
29164964
29165476
29165988
29166500
29167012
29167524
29162917
29163429
29163941
29164453
29164965
29165477
29165989
29166501
29167013
29167525
29162918
29163430
29163942
29164454
29164966
29165478
29165990
29166502
29167014
29167526
29162919
29163431
29163943
29164455
29164967
29165479
29165991
29166503
29167015
29167527
10000017
10000529
10001041
10001553
10002065
10002577
10003089
10003601
10004113
10004625
10000018
10000530
10001042
10001554
10002066
10002578
10003090
10003602
10004114
10004626
10000019
10000531
10001043
10001555
10002067
10002579
10003091
10003603
10004115
10004627
10000020
10000532
10001044
10001556
10002068
10002580
10003092
10003604
10004116
10004628
10000021
10000533
10001045
10001557
10002069
10002581
10003093
10003605
10004117
10004629
10000022
10000534
10001046
10001558
10002070
10002582
10003094
10003606
10004118
10004630
10000023
10000535
10001047
10001559
10002071
10002583
10003095
10003607
10004119
10004631
10000024
10000536
10001048
10001560
10002072
10002584
10003096
10003608
10004120
10004632
10000025
10000537
10001049
10001561
10002073
10002585
10003097
10003609
10004121
10004633
10000026
10000538
10001050
10001562
10002074
10002586
10003098
10003610
10004122
10004634
10031247
10031759
10032271
10032783
10033295
10033807
10034319
10034831
10035343
10035855
10031248
10031760
10032272
10032784
10033296
10033808
10034320
10034832
10035344
10035856
10031249
10031761
10032273
10032785
10033297
10033809
10034321
10034833
10035345
10035857
10031250
10031762
10032274
10032786
10033298
10033810
10034322
10034834
10035346
10035858
10031251
10031763
10032275
10032787
10033299
10033811
10034323
10034835
10035347
10035859
10031252
10031764
10032276
10032788
10033300
10033812
10034324
10034836
10035348
10035860
10031253
10031765
10032277
10032789
10033301
10033813
10034325
10034837
10035349
10035861
10031254
10031766
10032278
10032790
10033302
10033814
10034326
10034838
10035350
10035862
10031255
10031767
10032279
10032791
10033303
10033815
10034327
10034839
10035351
10035863
10031256
10031768
10032280
10032792
10033304
10033816
10034328
10034840
10035352
10035864
11558334
11558846
11559358
11559870
11560382
11560894
11561406
11561918
11562430
11562942
11558335
11558847
11559359
11559871
11560383
11560895
11561407
11561919
11562431
11562943
11558336
11558848
11559360
11559872
11560384
11560896
11561408
11561920
11562432
11562944
11558337
11558849
11559361
11559873
11560385
11560897
11561409
11561921
11562433
11562945
11558338
11558850
11559362
11559874
11560386
11560898
11561410
11561922
11562434
11562946
11558339
11558851
11559363
11559875
11560387
11560899
11561411
11561923
11562435
11562947
11558340
11558852
11559364
11559876
11560388
11560900
11561412
11561924
11562436
11562948
11558341
11558853
11559365
11559877
11560389
11560901
11561413
11561925
11562437
11562949
11558342
11558854
11559366
11559878
11560390
11560902
11561414
11561926
11562438
11562950
11558343
11558855
11559367
11559879
11560391
11560903
11561415
11561927
11562439
11562951
1814415
1814927
1815439
1815951
1816463
1816975
1817487
1817999
1818511
1819023
1814416
1814928
1815440
1815952
1816464
1816976
1817488
1818000
1818512
1819024
1814417
1814929
1815441
1815953
1816465
1816977
1817489
1818001
1818513
1819025
1814418
1814930
1815442
1815954
1816466
1816978
1817490
1818002
1818514
1819026
1814419
1814931
1815443
1815955
1816467
1816979
1817491
1818003
1818515
1819027
1814420
1814932
1815444
1815956
1816468
1816980
1817492
1818004
1818516
1819028
1814421
1814933
1815445
1815957
1816469
1816981
1817493
1818005
1818517
1819029
1814422
1814934
1815446
1815958
1816470
1816982
1817494
1818006
1818518
1819030
1814423
1814935
1815447
1815959
1816471
1816983
1817495
1818007
1818519
1819031
1814424
1814936
1815448
1815960
1816472
1816984
1817496
1818008
1818520
1819032
12699968
12700480
12700992
12701504
12702016
12702528
12703040
12703552
12704064
12704576
12699969
12700481
12700993
12701505
12702017
12702529
12703041
12703553
12704065
12704577
12699970
12700482
12700994
12701506
12702018
12702530
12703042
12703554
12704066
12704578
12699971
12700483
12700995
12701507
12702019
12702531
12703043
12703555
12704067
12704579
12699972
12700484
12700996
12701508
12702020
12702532
12703044
12703556
12704068
12704580
12699973
12700485
12700997
12701509
12702021
12702533
12703045
12703557
12704069
12704581
12699974
12700486
12700998
12701510
12702022
12702534
12703046
12703558
12704070
12704582
12699975
12700487
12700999
12701511
12702023
12702535
12703047
12703559
12704071
12704583
12699976
12700488
12701000
12701512
12702024
12702536
12703048
12703560
12704072
12704584
12699977
12700489
12701001
12701513
12702025
12702537
12703049
12703561
12704073
12704585
35968888
35969400
35969912
35970424
35970936
35971448
35971960
35972472
35972984
35973496
35968889
35969401
35969913
35970425
35970937
35971449
35971961
35972473
35972985
35973497
35968890
35969402
35969914
35970426
35970938
35971450
35971962
35972474
35972986
35973498
35968891
35969403
35969915
35970427
35970939
35971451
35971963
35972475
35972987
35973499
35968892
35969404
35969916
35970428
35970940
35971452
35971964
35972476
35972988
35973500
35968893
35969405
35969917
35970429
35970941
35971453
35971965
35972477
35972989
35973501
35968894
35969406
35969918
35970430
35970942
35971454
35971966
35972478
35972990
35973502
35968895
35969407
35969919
35970431
35970943
35971455
35971967
35972479
35972991
35973503
35968896
35969408
35969920
35970432
35970944
35971456
35971968
35972480
35972992
35973504
35968897
35969409
35969921
35970433
35970945
35971457
35971969
35972481
35972993
35973505
33480834
33481346
33481858
33482370
33482882
33483394
33483906
33484418
33484930
33485442
33480835
33481347
33481859
33482371
33482883
33483395
33483907
33484419
33484931
33485443
33480836
33481348
33481860
33482372
33482884
33483396
33483908
33484420
33484932
33485444
33480837
33481349
33481861
33482373
33482885
33483397
33483909
33484421
33484933
33485445
33480838
33481350
33481862
33482374
33482886
33483398
33483910
33484422
33484934
33485446
33480839
33481351
33481863
33482375
33482887
33483399
33483911
33484423
33484935
33485447
33480840
33481352
33481864
33482376
33482888
33483400
33483912
33484424
33484936
33485448
33480841
33481353
33481865
33482377
33482889
33483401
33483913
33484425
33484937
33485449
33480842
33481354
33481866
33482378
33482890
33483402
33483914
33484426
33484938
33485450
33480843
33481355
33481867
33482379
33482891
33483403
33483915
33484427
33484939
33485451
12067279
12067791
12068303
12068815
12069327
12069839
12070351
12070863
12071375
12071887
12067280
12067792
12068304
12068816
12069328
12069840
12070352
12070864
12071376
12071888
12067281
12067793
12068305
12068817
12069329
12069841
12070353
12070865
12071377
12071889
12067282
12067794
12068306
12068818
12069330
12069842
12070354
12070866
12071378
12071890
12067283
12067795
12068307
12068819
12069331
12069843
12070355
12070867
12071379
12071891
12067284
12067796
12068308
12068820
12069332
12069844
12070356
12070868
12071380
12071892
12067285
12067797
12068309
12068821
12069333
12069845
12070357
12070869
12071381
12071893
12067286
12067798
12068310
12068822
12069334
12069846
12070358
12070870
12071382
12071894
12067287
12067799
12068311
12068823
12069335
12069847
12070359
12070871
12071383
12071895
12067288
12067800
12068312
12068824
12069336
12069848
12070360
12070872
12071384
12071896
12008327
12008839
12009351
12009863
12010375
12010887
12011399
12011911
12012423
12012935
12008328
12008840
12009352
12009864
12010376
12010888
12011400
12011912
12012424
12012936
12008329
12008841
12009353
12009865
12010377
12010889
12011401
12011913
12012425
12012937
12008330
12008842
12009354
12009866
12010378
12010890
12011402
12011914
12012426
12012938
12008331
12008843
12009355
12009867
12010379
12010891
12011403
12011915
12012427
12012939
12008332
12008844
12009356
12009868
12010380
12010892
12011404
12011916
12012428
12012940
12008333
12008845
12009357
12009869
12010381
12010893
12011405
12011917
12012429
12012941
12008334
12008846
12009358
12009870
12010382
12010894
12011406
12011918
12012430
12012942
12008335
12008847
12009359
12009871
12010383
12010895
12011407
12011919
12012431
12012943
12008336
12008848
12009360
12009872
12010384
12010896
12011408
12011920
12012432
12012944
29219385
29219897
29220409
29220921
29221433
29221945
29222457
29222969
29223481
29223993
29219386
29219898
29220410
29220922
29221434
29221946
29222458
29222970
29223482
29223994
29219387
29219899
29220411
29220923
29221435
29221947
29222459
29222971
29223483
29223995
29219388
29219900
29220412
29220924
29221436
29221948
29222460
29222972
29223484
29223996
29219389
29219901
29220413
29220925
29221437
29221949
29222461
29222973
29223485
29223997
29219390
29219902
29220414
29220926
29221438
29221950
29222462
29222974
29223486
29223998
29219391
29219903
29220415
29220927
29221439
29221951
29222463
29222975
29223487
29223999
29219392
29219904
29220416
29220928
29221440
29221952
29222464
29222976
29223488
29224000
29219393
29219905
29220417
29220929
29221441
29221953
29222465
29222977
29223489
29224001
29219394
29219906
29220418
29220930
29221442
29221954
29222466
29222978
29223490
29224002
11802223
11802735
11803247
11803759
11804271
11804783
11805295
11805807
11806319
11806831
11802224
11802736
11803248
11803760
11804272
11804784
11805296
11805808
11806320
11806832
11802225
11802737
11803249
11803761
11804273
11804785
11805297
11805809
11806321
11806833
11802226
11802738
11803250
11803762
11804274
11804786
11805298
11805810
11806322
11806834
11802227
11802739
11803251
11803763
11804275
11804787
11805299
11805811
11806323
11806835
11802228
11802740
11803252
11803764
11804276
11804788
11805300
11805812
11806324
11806836
11802229
11802741
11803253
11803765
11804277
11804789
11805301
11805813
11806325
11806837
11802230
11802742
11803254
11803766
11804278
11804790
11805302
11805814
11806326
11806838
11802231
11802743
11803255
11803767
11804279
11804791
11805303
11805815
11806327
11806839
11802232
11802744
11803256
11803768
11804280
11804792
11805304
11805816
11806328
11806840
24954839
24955351
24955863
24956375
24956887
24957399
24957911
24958423
24958935
24959447
24954840
24955352
24955864
24956376
24956888
24957400
24957912
24958424
24958936
24959448
24954841
24955353
24955865
24956377
24956889
24957401
24957913
24958425
24958937
24959449
24954842
24955354
24955866
24956378
24956890
24957402
24957914
24958426
24958938
24959450
24954843
24955355
24955867
24956379
24956891
24957403
24957915
24958427
24958939
24959451
24954844
24955356
24955868
24956380
24956892
24957404
24957916
24958428
24958940
24959452
24954845
24955357
24955869
24956381
24956893
24957405
24957917
24958429
24958941
24959453
24954846
24955358
24955870
24956382
24956894
24957406
24957918
24958430
24958942
24959454
24954847
24955359
24955871
24956383
24956895
24957407
24957919
24958431
24958943
24959455
24954848
24955360
24955872
24956384
24956896
24957408
24957920
24958432
24958944
24959456
22265439
22265951
22266463
22266975
22267487
22267999
22268511
22269023
22269535
22270047
22265440
22265952
22266464
22266976
22267488
22268000
22268512
22269024
22269536
22270048
22265441
22265953
22266465
22266977
22267489
22268001
22268513
22269025
22269537
22270049
22265442
22265954
22266466
22266978
22267490
22268002
22268514
22269026
22269538
22270050
22265443
22265955
22266467
22266979
22267491
22268003
22268515
22269027
22269539
22270051
22265444
22265956
22266468
22266980
22267492
22268004
22268516
22269028
22269540
22270052
22265445
22265957
22266469
22266981
22267493
22268005
22268517
22269029
22269541
22270053
22265446
22265958
22266470
22266982
22267494
22268006
22268518
22269030
22269542
22270054
22265447
22265959
22266471
22266983
22267495
22268007
22268519
22269031
22269543
22270055
22265448
22265960
22266472
22266984
22267496
22268008
22268520
22269032
22269544
22270056
177020
177532
178044
178556
179068
179580
180092
180604
181116
181628
177021
177533
178045
178557
179069
179581
180093
180605
181117
181629
177022
177534
178046
178558
179070
179582
180094
180606
181118
181630
177023
177535
178047
178559
179071
179583
180095
180607
181119
181631
177024
177536
178048
178560
179072
179584
180096
180608
181120
181632
177025
177537
178049
178561
179073
179585
180097
180609
181121
181633
177026
177538
178050
178562
179074
179586
180098
180610
181122
181634
177027
177539
178051
178563
179075
179587
180099
180611
181123
181635
177028
177540
178052
178564
179076
179588
180100
180612
181124
181636
177029
177541
178053
178565
179077
179589
180101
180613
181125
181637
15061387
15061899
15062411
15062923
15063435
15063947
15064459
15064971
15065483
15065995
15061388
15061900
15062412
15062924
15063436
15063948
15064460
15064972
15065484
15065996
15061389
15061901
15062413
15062925
15063437
15063949
15064461
15064973
15065485
15065997
15061390
15061902
15062414
15062926
15063438
15063950
15064462
15064974
15065486
15065998
15061391
15061903
15062415
15062927
15063439
15063951
15064463
15064975
15065487
15065999
15061392
15061904
15062416
15062928
15063440
15063952
15064464
15064976
15065488
15066000
15061393
15061905
15062417
15062929
15063441
15063953
15064465
15064977
15065489
15066001
15061394
15061906
15062418
15062930
15063442
15063954
15064466
15064978
15065490
15066002
15061395
15061907
15062419
15062931
15063443
15063955
15064467
15064979
15065491
15066003
15061396
15061908
15062420
15062932
15063444
15063956
15064468
15064980
15065492
15066004
22361129
22361641
22362153
22362665
22363177
22363689
22364201
22364713
22365225
22365737
22361130
22361642
22362154
22362666
22363178
22363690
22364202
22364714
22365226
22365738
22361131
22361643
22362155
22362667
22363179
22363691
22364203
22364715
22365227
22365739
22361132
22361644
22362156
22362668
22363180
22363692
22364204
22364716
22365228
22365740
22361133
22361645
22362157
22362669
22363181
22363693
22364205
22364717
22365229
22365741
22361134
22361646
22362158
22362670
22363182
22363694
22364206
22364718
22365230
22365742
22361135
22361647
22362159
22362671
22363183
22363695
22364207
22364719
22365231
22365743
22361136
22361648
22362160
22362672
22363184
22363696
22364208
22364720
22365232
22365744
22361137
22361649
22362161
22362673
22363185
22363697
22364209
22364721
22365233
22365745
22361138
22361650
22362162
22362674
22363186
22363698
22364210
22364722
22365234
22365746
20610538
20611050
20611562
20612074
20612586
20613098
20613610
20614122
20614634
20615146
20610539
20611051
20611563
20612075
20612587
20613099
20613611
20614123
20614635
20615147
20610540
20611052
20611564
20612076
20612588
20613100
20613612
20614124
20614636
20615148
20610541
20611053
20611565
20612077
20612589
20613101
20613613
20614125
20614637
20615149
20610542
20611054
20611566
20612078
20612590
20613102
20613614
20614126
20614638
20615150
20610543
20611055
20611567
20612079
20612591
20613103
20613615
20614127
20614639
20615151
20610544
20611056
20611568
20612080
20612592
20613104
20613616
20614128
20614640
20615152
20610545
20611057
20611569
20612081
20612593
20613105
20613617
20614129
20614641
20615153
20610546
20611058
20611570
20612082
20612594
20613106
20613618
20614130
20614642
20615154
20610547
20611059
20611571
20612083
20612595
20613107
20613619
20614131
20614643
20615155
20146361
20146873
20147385
20147897
20148409
20148921
20149433
20149945
20150457
20150969
20146362
20146874
20147386
20147898
20148410
20148922
20149434
20149946
20150458
20150970
20146363
20146875
20147387
20147899
20148411
20148923
20149435
20149947
20150459
20150971
20146364
20146876
20147388
20147900
20148412
20148924
20149436
20149948
20150460
20150972
20146365
20146877
20147389
20147901
20148413
20148925
20149437
20149949
20150461
20150973
20146366
20146878
20147390
20147902
20148414
20148926
20149438
20149950
20150462
20150974
20146367
20146879
20147391
20147903
20148415
20148927
20149439
20149951
20150463
20150975
20146368
20146880
20147392
20147904
20148416
20148928
20149440
20149952
20150464
20150976
20146369
20146881
20147393
20147905
20148417
20148929
20149441
20149953
20150465
20150977
20146370
20146882
20147394
20147906
20148418
20148930
20149442
20149954
20150466
20150978
27906128
27906640
27907152
27907664
27908176
27908688
27909200
27909712
27910224
27910736
27906129
27906641
27907153
27907665
27908177
27908689
27909201
27909713
27910225
27910737
27906130
27906642
27907154
27907666
27908178
27908690
27909202
27909714
27910226
27910738
27906131
27906643
27907155
27907667
27908179
27908691
27909203
27909715
27910227
27910739
27906132
27906644
27907156
27907668
27908180
27908692
27909204
27909716
27910228
27910740
27906133
27906645
27907157
27907669
27908181
27908693
27909205
27909717
27910229
27910741
27906134
27906646
27907158
27907670
27908182
27908694
27909206
27909718
27910230
27910742
27906135
27906647
27907159
27907671
27908183
27908695
27909207
27909719
27910231
27910743
27906136
27906648
27907160
27907672
27908184
27908696
27909208
27909720
27910232
27910744
27906137
27906649
27907161
27907673
27908185
27908697
27909209
27909721
27910233
27910745
6927312
6927824
6928336
6928848
6929360
6929872
6930384
6930896
6931408
6931920
6927313
6927825
6928337
6928849
6929361
6929873
6930385
6930897
6931409
6931921
6927314
6927826
6928338
6928850
6929362
6929874
6930386
6930898
6931410
6931922
6927315
6927827
6928339
6928851
6929363
6929875
6930387
6930899
6931411
6931923
6927316
6927828
6928340
6928852
6929364
6929876
6930388
6930900
6931412
6931924
6927317
6927829
6928341
6928853
6929365
6929877
6930389
6930901
6931413
6931925
6927318
6927830
6928342
6928854
6929366
6929878
6930390
6930902
6931414
6931926
6927319
6927831
6928343
6928855
6929367
6929879
6930391
6930903
6931415
6931927
6927320
6927832
6928344
6928856
6929368
6929880
6930392
6930904
6931416
6931928
6927321
6927833
6928345
6928857
6929369
6929881
6930393
6930905
6931417
6931929
7766970
7767482
7767994
7768506
7769018
7769530
7770042
7770554
7771066
7771578
7766971
7767483
7767995
7768507
7769019
7769531
7770043
7770555
7771067
7771579
7766972
7767484
7767996
7768508
7769020
7769532
7770044
7770556
7771068
7771580
7766973
7767485
7767997
7768509
7769021
7769533
7770045
7770557
7771069
7771581
7766974
7767486
7767998
7768510
7769022
7769534
7770046
7770558
7771070
7771582
7766975
7767487
7767999
7768511
7769023
7769535
7770047
7770559
7771071
7771583
7766976
7767488
7768000
7768512
7769024
7769536
7770048
7770560
7771072
7771584
7766977
7767489
7768001
7768513
7769025
7769537
7770049
7770561
7771073
7771585
7766978
7767490
7768002
7768514
7769026
7769538
7770050
7770562
7771074
7771586
7766979
7767491
7768003
7768515
7769027
7769539
7770051
7770563
7771075
7771587
12486171
12486683
12487195
12487707
12488219
12488731
12489243
12489755
12490267
12490779
12486172
12486684
12487196
12487708
12488220
12488732
12489244
12489756
12490268
12490780
12486173
12486685
12487197
12487709
12488221
12488733
12489245
12489757
12490269
12490781
12486174
12486686
12487198
12487710
12488222
12488734
12489246
12489758
12490270
12490782
12486175
12486687
12487199
12487711
12488223
12488735
12489247
12489759
12490271
12490783
12486176
12486688
12487200
12487712
12488224
12488736
12489248
12489760
12490272
12490784
12486177
12486689
12487201
12487713
12488225
12488737
12489249
12489761
12490273
12490785
12486178
12486690
12487202
12487714
12488226
12488738
12489250
12489762
12490274
12490786
12486179
12486691
12487203
12487715
12488227
12488739
12489251
12489763
12490275
12490787
12486180
12486692
12487204
12487716
12488228
12488740
12489252
12489764
12490276
12490788
38762723
38763235
38763747
38764259
38764771
38765283
38765795
38766307
38766819
38767331
38762724
38763236
38763748
38764260
38764772
38765284
38765796
38766308
38766820
38767332
38762725
38763237
38763749
38764261
38764773
38765285
38765797
38766309
38766821
38767333
38762726
38763238
38763750
38764262
38764774
38765286
38765798
38766310
38766822
38767334
38762727
38763239
38763751
38764263
38764775
38765287
38765799
38766311
38766823
38767335
38762728
38763240
38763752
38764264
38764776
38765288
38765800
38766312
38766824
38767336
38762729
38763241
38763753
38764265
38764777
38765289
38765801
38766313
38766825
38767337
38762730
38763242
38763754
38764266
38764778
38765290
38765802
38766314
38766826
38767338
38762731
38763243
38763755
38764267
38764779
38765291
38765803
38766315
38766827
38767339
38762732
38763244
38763756
38764268
38764780
38765292
38765804
38766316
38766828
38767340
11277156
11277668
11278180
11278692
11279204
11279716
11280228
11280740
11281252
11281764
11277157
11277669
11278181
11278693
11279205
11279717
11280229
11280741
11281253
11281765
11277158
11277670
11278182
11278694
11279206
11279718
11280230
11280742
11281254
11281766
11277159
11277671
11278183
11278695
11279207
11279719
11280231
11280743
11281255
11281767
11277160
11277672
11278184
11278696
11279208
11279720
11280232
11280744
11281256
11281768
11277161
11277673
11278185
11278697
11279209
11279721
11280233
11280745
11281257
11281769
11277162
11277674
11278186
11278698
11279210
11279722
11280234
11280746
11281258
11281770
11277163
11277675
11278187
11278699
11279211
11279723
11280235
11280747
11281259
11281771
11277164
11277676
11278188
11278700
11279212
11279724
11280236
11280748
11281260
11281772
11277165
11277677
11278189
11278701
11279213
11279725
11280237
11280749
11281261
11281773
11895025
11895537
11896049
11896561
11897073
11897585
11898097
11898609
11899121
11899633
11895026
11895538
11896050
11896562
11897074
11897586
11898098
11898610
11899122
11899634
11895027
11895539
11896051
11896563
11897075
11897587
11898099
11898611
11899123
11899635
11895028
11895540
11896052
11896564
11897076
11897588
11898100
11898612
11899124
11899636
11895029
11895541
11896053
11896565
11897077
11897589
11898101
11898613
11899125
11899637
11895030
11895542
11896054
11896566
11897078
11897590
11898102
11898614
11899126
11899638
11895031
11895543
11896055
11896567
11897079
11897591
11898103
11898615
11899127
11899639
11895032
11895544
11896056
11896568
11897080
11897592
11898104
11898616
11899128
11899640
11895033
11895545
11896057
11896569
11897081
11897593
11898105
11898617
11899129
11899641
11895034
11895546
11896058
11896570
11897082
11897594
11898106
11898618
11899130
11899642
