32912086
32912598
32913110
32913622
32914134
32914646
32915158
32915670
32916182
32916694
32912087
32912599
32913111
32913623
32914135
32914647
32915159
32915671
32916183
32916695
32912088
32912600
32913112
32913624
32914136
32914648
32915160
32915672
32916184
32916696
32912089
32912601
32913113
32913625
32914137
32914649
32915161
32915673
32916185
32916697
32912090
32912602
32913114
32913626
32914138
32914650
32915162
32915674
32916186
32916698
32912091
32912603
32913115
32913627
32914139
32914651
32915163
32915675
32916187
32916699
32912092
32912604
32913116
32913628
32914140
32914652
32915164
32915676
32916188
32916700
32912093
32912605
32913117
32913629
32914141
32914653
32915165
32915677
32916189
32916701
32912094
32912606
32913118
32913630
32914142
32914654
32915166
32915678
32916190
32916702
32912095
32912607
32913119
32913631
32914143
32914655
32915167
32915679
32916191
32916703
26288902
26289414
26289926
26290438
26290950
26291462
26291974
26292486
26292998
26293510
26288903
26289415
26289927
26290439
26290951
26291463
26291975
26292487
26292999
26293511
26288904
26289416
26289928
26290440
26290952
26291464
26291976
26292488
26293000
26293512
26288905
26289417
26289929
26290441
26290953
26291465
26291977
26292489
26293001
26293513
26288906
26289418
26289930
26290442
26290954
26291466
26291978
26292490
26293002
26293514
26288907
26289419
26289931
26290443
26290955
26291467
26291979
26292491
26293003
26293515
26288908
26289420
26289932
26290444
26290956
26291468
26291980
26292492
26293004
26293516
26288909
26289421
26289933
26290445
26290957
26291469
26291981
26292493
26293005
26293517
26288910
26289422
26289934
26290446
26290958
26291470
26291982
26292494
26293006
26293518
26288911
26289423
26289935
26290447
26290959
26291471
26291983
26292495
26293007
26293519
30493913
30494425
30494937
30495449
30495961
30496473
30496985
30497497
30498009
30498521
30493914
30494426
30494938
30495450
30495962
30496474
30496986
30497498
30498010
30498522
30493915
30494427
30494939
30495451
30495963
30496475
30496987
30497499
30498011
30498523
30493916
30494428
30494940
30495452
30495964
30496476
30496988
30497500
30498012
30498524
30493917
30494429
30494941
30495453
30495965
30496477
30496989
30497501
30498013
30498525
30493918
30494430
30494942
30495454
30495966
30496478
30496990
30497502
30498014
30498526
30493919
30494431
30494943
30495455
30495967
30496479
30496991
30497503
30498015
30498527
30493920
30494432
30494944
30495456
30495968
30496480
30496992
30497504
30498016
30498528
30493921
30494433
30494945
30495457
30495969
30496481
30496993
30497505
30498017
30498529
30493922
30494434
30494946
30495458
30495970
30496482
30496994
30497506
30498018
30498530
24450246
24450758
24451270
24451782
24452294
24452806
24453318
24453830
24454342
24454854
24450247
24450759
24451271
24451783
24452295
24452807
24453319
24453831
24454343
24454855
24450248
24450760
24451272
24451784
24452296
24452808
24453320
24453832
24454344
24454856
24450249
24450761
24451273
24451785
24452297
24452809
24453321
24453833
24454345
24454857
24450250
24450762
24451274
24451786
24452298
24452810
24453322
24453834
24454346
24454858
24450251
24450763
24451275
24451787
24452299
24452811
24453323
24453835
24454347
24454859
24450252
24450764
24451276
24451788
24452300
24452812
24453324
24453836
24454348
24454860
24450253
24450765
24451277
24451789
24452301
24452813
24453325
24453837
24454349
24454861
24450254
24450766
24451278
24451790
24452302
24452814
24453326
24453838
24454350
24454862
24450255
24450767
24451279
24451791
24452303
24452815
24453327
24453839
24454351
24454863
31545584
31546096
31546608
31547120
31547632
31548144
31548656
31549168
31549680
31550192
31545585
31546097
31546609
31547121
31547633
31548145
31548657
31549169
31549681
31550193
31545586
31546098
31546610
31547122
31547634
31548146
31548658
31549170
31549682
31550194
31545587
31546099
31546611
31547123
31547635
31548147
31548659
31549171
31549683
31550195
31545588
31546100
31546612
31547124
31547636
31548148
31548660
31549172
31549684
31550196
31545589
31546101
31546613
31547125
31547637
31548149
31548661
31549173
31549685
31550197
31545590
31546102
31546614
31547126
31547638
31548150
31548662
31549174
31549686
31550198
31545591
31546103
31546615
31547127
31547639
31548151
31548663
31549175
31549687
31550199
31545592
31546104
31546616
31547128
31547640
31548152
31548664
31549176
31549688
31550200
31545593
31546105
31546617
31547129
31547641
31548153
31548665
31549177
31549689
31550201
32652496
32653008
32653520
32654032
32654544
32655056
32655568
32656080
32656592
32657104
32652497
32653009
32653521
32654033
32654545
32655057
32655569
32656081
32656593
32657105
32652498
32653010
32653522
32654034
32654546
32655058
32655570
32656082
32656594
32657106
32652499
32653011
32653523
32654035
32654547
32655059
32655571
32656083
32656595
32657107
32652500
32653012
32653524
32654036
32654548
32655060
32655572
32656084
32656596
32657108
32652501
32653013
32653525
32654037
32654549
32655061
32655573
32656085
32656597
32657109
32652502
32653014
32653526
32654038
32654550
32655062
32655574
32656086
32656598
32657110
32652503
32653015
32653527
32654039
32654551
32655063
32655575
32656087
32656599
32657111
32652504
32653016
32653528
32654040
32654552
32655064
32655576
32656088
32656600
32657112
32652505
32653017
32653529
32654041
32654553
32655065
32655577
32656089
32656601
32657113
28099395
28099907
28100419
28100931
28101443
28101955
28102467
28102979
28103491
28104003
28099396
28099908
28100420
28100932
28101444
28101956
28102468
28102980
28103492
28104004
28099397
28099909
28100421
28100933
28101445
28101957
28102469
28102981
28103493
28104005
28099398
28099910
28100422
28100934
28101446
28101958
28102470
28102982
28103494
28104006
28099399
28099911
28100423
28100935
28101447
28101959
28102471
28102983
28103495
28104007
28099400
28099912
28100424
28100936
28101448
28101960
28102472
28102984
28103496
28104008
28099401
28099913
28100425
28100937
28101449
28101961
28102473
28102985
28103497
28104009
28099402
28099914
28100426
28100938
28101450
28101962
28102474
28102986
28103498
28104010
28099403
28099915
28100427
28100939
28101451
28101963
28102475
28102987
28103499
28104011
28099404
28099916
28100428
28100940
28101452
28101964
28102476
28102988
28103500
28104012
31845084
31845596
31846108
31846620
31847132
31847644
31848156
31848668
31849180
31849692
31845085
31845597
31846109
31846621
31847133
31847645
31848157
31848669
31849181
31849693
31845086
31845598
31846110
31846622
31847134
31847646
31848158
31848670
31849182
31849694
31845087
31845599
31846111
31846623
31847135
31847647
31848159
31848671
31849183
31849695
31845088
31845600
31846112
31846624
31847136
31847648
31848160
31848672
31849184
31849696
31845089
31845601
31846113
31846625
31847137
31847649
31848161
31848673
31849185
31849697
31845090
31845602
31846114
31846626
31847138
31847650
31848162
31848674
31849186
31849698
31845091
31845603
31846115
31846627
31847139
31847651
31848163
31848675
31849187
31849699
31845092
31845604
31846116
31846628
31847140
31847652
31848164
31848676
31849188
31849700
31845093
31845605
31846117
31846629
31847141
31847653
31848165
31848677
31849189
31849701
32814323
32814835
32815347
32815859
32816371
32816883
32817395
32817907
32818419
32818931
32814324
32814836
32815348
32815860
32816372
32816884
32817396
32817908
32818420
32818932
32814325
32814837
32815349
32815861
32816373
32816885
32817397
32817909
32818421
32818933
32814326
32814838
32815350
32815862
32816374
32816886
32817398
32817910
32818422
32818934
32814327
32814839
32815351
32815863
32816375
32816887
32817399
32817911
32818423
32818935
32814328
32814840
32815352
32815864
32816376
32816888
32817400
32817912
32818424
32818936
32814329
32814841
32815353
32815865
32816377
32816889
32817401
32817913
32818425
32818937
32814330
32814842
32815354
32815866
32816378
32816890
32817402
32817914
32818426
32818938
32814331
32814843
32815355
32815867
32816379
32816891
32817403
32817915
32818427
32818939
32814332
32814844
32815356
32815868
32816380
32816892
32817404
32817916
32818428
32818940
29216992
29217504
29218016
29218528
29219040
29219552
29220064
29220576
29221088
29221600
29216993
29217505
29218017
29218529
29219041
29219553
29220065
29220577
29221089
29221601
29216994
29217506
29218018
29218530
29219042
29219554
29220066
29220578
29221090
29221602
29216995
29217507
29218019
29218531
29219043
29219555
29220067
29220579
29221091
29221603
29216996
29217508
29218020
29218532
29219044
29219556
29220068
29220580
29221092
29221604
29216997
29217509
29218021
29218533
29219045
29219557
29220069
29220581
29221093
29221605
29216998
29217510
29218022
29218534
29219046
29219558
29220070
29220582
29221094
29221606
29216999
29217511
29218023
29218535
29219047
29219559
29220071
29220583
29221095
29221607
29217000
29217512
29218024
29218536
29219048
29219560
29220072
29220584
29221096
29221608
29217001
29217513
29218025
29218537
29219049
29219561
29220073
29220585
29221097
29221609
29948631
29949143
29949655
29950167
29950679
29951191
29951703
29952215
29952727
29953239
29948632
29949144
29949656
29950168
29950680
29951192
29951704
29952216
29952728
29953240
29948633
29949145
29949657
29950169
29950681
29951193
29951705
29952217
29952729
29953241
29948634
29949146
29949658
29950170
29950682
29951194
29951706
29952218
29952730
29953242
29948635
29949147
29949659
29950171
29950683
29951195
29951707
29952219
29952731
29953243
29948636
29949148
29949660
29950172
29950684
29951196
29951708
29952220
29952732
29953244
29948637
29949149
29949661
29950173
29950685
29951197
29951709
29952221
29952733
29953245
29948638
29949150
29949662
29950174
29950686
29951198
29951710
29952222
29952734
29953246
29948639
29949151
29949663
29950175
29950687
29951199
29951711
29952223
29952735
29953247
29948640
29949152
29949664
29950176
29950688
29951200
29951712
29952224
29952736
29953248
36557511
36558023
36558535
36559047
36559559
36560071
36560583
36561095
36561607
36562119
36557512
36558024
36558536
36559048
36559560
36560072
36560584
36561096
36561608
36562120
36557513
36558025
36558537
36559049
36559561
36560073
36560585
36561097
36561609
36562121
36557514
36558026
36558538
36559050
36559562
36560074
36560586
36561098
36561610
36562122
36557515
36558027
36558539
36559051
36559563
36560075
36560587
36561099
36561611
36562123
36557516
36558028
36558540
36559052
36559564
36560076
36560588
36561100
36561612
36562124
36557517
36558029
36558541
36559053
36559565
36560077
36560589
36561101
36561613
36562125
36557518
36558030
36558542
36559054
36559566
36560078
36560590
36561102
36561614
36562126
36557519
36558031
36558543
36559055
36559567
36560079
36560591
36561103
36561615
36562127
36557520
36558032
36558544
36559056
36559568
36560080
36560592
36561104
36561616
36562128
29140715
29141227
29141739
29142251
29142763
29143275
29143787
29144299
29144811
29145323
29140716
29141228
29141740
29142252
29142764
29143276
29143788
29144300
29144812
29145324
29140717
29141229
29141741
29142253
29142765
29143277
29143789
29144301
29144813
29145325
29140718
29141230
29141742
29142254
29142766
29143278
29143790
29144302
29144814
29145326
29140719
29141231
29141743
29142255
29142767
29143279
29143791
29144303
29144815
29145327
29140720
29141232
29141744
29142256
29142768
29143280
29143792
29144304
29144816
29145328
29140721
29141233
29141745
29142257
29142769
29143281
29143793
29144305
29144817
29145329
29140722
29141234
29141746
29142258
29142770
29143282
29143794
29144306
29144818
29145330
29140723
29141235
29141747
29142259
29142771
29143283
29143795
29144307
29144819
29145331
29140724
29141236
29141748
29142260
29142772
29143284
29143796
29144308
29144820
29145332
36517132
36517644
36518156
36518668
36519180
36519692
36520204
36520716
36521228
36521740
36517133
36517645
36518157
36518669
36519181
36519693
36520205
36520717
36521229
36521741
36517134
36517646
36518158
36518670
36519182
36519694
36520206
36520718
36521230
36521742
36517135
36517647
36518159
36518671
36519183
36519695
36520207
36520719
36521231
36521743
36517136
36517648
36518160
36518672
36519184
36519696
36520208
36520720
36521232
36521744
36517137
36517649
36518161
36518673
36519185
36519697
36520209
36520721
36521233
36521745
36517138
36517650
36518162
36518674
36519186
36519698
36520210
36520722
36521234
36521746
36517139
36517651
36518163
36518675
36519187
36519699
36520211
36520723
36521235
36521747
36517140
36517652
36518164
36518676
36519188
36519700
36520212
36520724
36521236
36521748
36517141
36517653
36518165
36518677
36519189
36519701
36520213
36520725
36521237
36521749
32084711
32085223
32085735
32086247
32086759
32087271
32087783
32088295
32088807
32089319
32084712
32085224
32085736
32086248
32086760
32087272
32087784
32088296
32088808
32089320
32084713
32085225
32085737
32086249
32086761
32087273
32087785
32088297
32088809
32089321
32084714
32085226
32085738
32086250
32086762
32087274
32087786
32088298
32088810
32089322
32084715
32085227
32085739
32086251
32086763
32087275
32087787
32088299
32088811
32089323
32084716
32085228
32085740
32086252
32086764
32087276
32087788
32088300
32088812
32089324
32084717
32085229
32085741
32086253
32086765
32087277
32087789
32088301
32088813
32089325
32084718
32085230
32085742
32086254
32086766
32087278
32087790
32088302
32088814
32089326
32084719
32085231
32085743
32086255
32086767
32087279
32087791
32088303
32088815
32089327
32084720
32085232
32085744
32086256
32086768
32087280
32087792
32088304
32088816
32089328
17621753
17622265
17622777
17623289
17623801
17624313
17624825
17625337
17625849
17626361
17621754
17622266
17622778
17623290
17623802
17624314
17624826
17625338
17625850
17626362
17621755
17622267
17622779
17623291
17623803
17624315
17624827
17625339
17625851
17626363
17621756
17622268
17622780
17623292
17623804
17624316
17624828
17625340
17625852
17626364
17621757
17622269
17622781
17623293
17623805
17624317
17624829
17625341
17625853
17626365
17621758
17622270
17622782
17623294
17623806
17624318
17624830
17625342
17625854
17626366
17621759
17622271
17622783
17623295
17623807
17624319
17624831
17625343
17625855
17626367
17621760
17622272
17622784
17623296
17623808
17624320
17624832
17625344
17625856
17626368
17621761
17622273
17622785
17623297
17623809
17624321
17624833
17625345
17625857
17626369
17621762
17622274
17622786
17623298
17623810
17624322
17624834
17625346
17625858
17626370
27048700
27049212
27049724
27050236
27050748
27051260
27051772
27052284
27052796
27053308
27048701
27049213
27049725
27050237
27050749
27051261
27051773
27052285
27052797
27053309
27048702
27049214
27049726
27050238
27050750
27051262
27051774
27052286
27052798
27053310
27048703
27049215
27049727
27050239
27050751
27051263
27051775
27052287
27052799
27053311
27048704
27049216
27049728
27050240
27050752
27051264
27051776
27052288
27052800
27053312
27048705
27049217
27049729
27050241
27050753
27051265
27051777
27052289
27052801
27053313
27048706
27049218
27049730
27050242
27050754
27051266
27051778
27052290
27052802
27053314
27048707
27049219
27049731
27050243
27050755
27051267
27051779
27052291
27052803
27053315
27048708
27049220
27049732
27050244
27050756
27051268
27051780
27052292
27052804
27053316
27048709
27049221
27049733
27050245
27050757
27051269
27051781
27052293
27052805
27053317
26277681
26278193
26278705
26279217
26279729
26280241
26280753
26281265
26281777
26282289
26277682
26278194
26278706
26279218
26279730
26280242
26280754
26281266
26281778
26282290
26277683
26278195
26278707
26279219
26279731
26280243
26280755
26281267
26281779
26282291
26277684
26278196
26278708
26279220
26279732
26280244
26280756
26281268
26281780
26282292
26277685
26278197
26278709
26279221
26279733
26280245
26280757
26281269
26281781
26282293
26277686
26278198
26278710
26279222
26279734
26280246
26280758
26281270
26281782
26282294
26277687
26278199
26278711
26279223
26279735
26280247
26280759
26281271
26281783
26282295
26277688
26278200
26278712
26279224
26279736
26280248
26280760
26281272
26281784
26282296
26277689
26278201
26278713
26279225
26279737
26280249
26280761
26281273
26281785
26282297
26277690
26278202
26278714
26279226
26279738
26280250
26280762
26281274
26281786
26282298
34922768
34923280
34923792
34924304
34924816
34925328
34925840
34926352
34926864
34927376
34922769
34923281
34923793
34924305
34924817
34925329
34925841
34926353
34926865
34927377
34922770
34923282
34923794
34924306
34924818
34925330
34925842
34926354
34926866
34927378
34922771
34923283
34923795
34924307
34924819
34925331
34925843
34926355
34926867
34927379
34922772
34923284
34923796
34924308
34924820
34925332
34925844
34926356
34926868
34927380
34922773
34923285
34923797
34924309
34924821
34925333
34925845
34926357
34926869
34927381
34922774
34923286
34923798
34924310
34924822
34925334
34925846
34926358
34926870
34927382
34922775
34923287
34923799
34924311
34924823
34925335
34925847
34926359
34926871
34927383
34922776
34923288
34923800
34924312
34924824
34925336
34925848
34926360
34926872
34927384
34922777
34923289
34923801
34924313
34924825
34925337
34925849
34926361
34926873
34927385
21545166
21545678
21546190
21546702
21547214
21547726
21548238
21548750
21549262
21549774
21545167
21545679
21546191
21546703
21547215
21547727
21548239
21548751
21549263
21549775
21545168
21545680
21546192
21546704
21547216
21547728
21548240
21548752
21549264
21549776
21545169
21545681
21546193
21546705
21547217
21547729
21548241
21548753
21549265
21549777
21545170
21545682
21546194
21546706
21547218
21547730
21548242
21548754
21549266
21549778
21545171
21545683
21546195
21546707
21547219
21547731
21548243
21548755
21549267
21549779
21545172
21545684
21546196
21546708
21547220
21547732
21548244
21548756
21549268
21549780
21545173
21545685
21546197
21546709
21547221
21547733
21548245
21548757
21549269
21549781
21545174
21545686
21546198
21546710
21547222
21547734
21548246
21548758
21549270
21549782
21545175
21545687
21546199
21546711
21547223
21547735
21548247
21548759
21549271
21549783
24188592
24189104
24189616
24190128
24190640
24191152
24191664
24192176
24192688
24193200
24188593
24189105
24189617
24190129
24190641
24191153
24191665
24192177
24192689
24193201
24188594
24189106
24189618
24190130
24190642
24191154
24191666
24192178
24192690
24193202
24188595
24189107
24189619
24190131
24190643
24191155
24191667
24192179
24192691
24193203
24188596
24189108
24189620
24190132
24190644
24191156
24191668
24192180
24192692
24193204
24188597
24189109
24189621
24190133
24190645
24191157
24191669
24192181
24192693
24193205
24188598
24189110
24189622
24190134
24190646
24191158
24191670
24192182
24192694
24193206
24188599
24189111
24189623
24190135
24190647
24191159
24191671
24192183
24192695
24193207
24188600
24189112
24189624
24190136
24190648
24191160
24191672
24192184
24192696
24193208
24188601
24189113
24189625
24190137
24190649
24191161
24191673
24192185
24192697
24193209
29198122
29198634
29199146
29199658
29200170
29200682
29201194
29201706
29202218
29202730
29198123
29198635
29199147
29199659
29200171
29200683
29201195
29201707
29202219
29202731
29198124
29198636
29199148
29199660
29200172
29200684
29201196
29201708
29202220
29202732
29198125
29198637
29199149
29199661
29200173
29200685
29201197
29201709
29202221
29202733
29198126
29198638
29199150
29199662
29200174
29200686
29201198
29201710
29202222
29202734
29198127
29198639
29199151
29199663
29200175
29200687
29201199
29201711
29202223
29202735
29198128
29198640
29199152
29199664
29200176
29200688
29201200
29201712
29202224
29202736
29198129
29198641
29199153
29199665
29200177
29200689
29201201
29201713
29202225
29202737
29198130
29198642
29199154
29199666
29200178
29200690
29201202
29201714
29202226
29202738
29198131
29198643
29199155
29199667
29200179
29200691
29201203
29201715
29202227
29202739
30057275
30057787
30058299
30058811
30059323
30059835
30060347
30060859
30061371
30061883
30057276
30057788
30058300
30058812
30059324
30059836
30060348
30060860
30061372
30061884
30057277
30057789
30058301
30058813
30059325
30059837
30060349
30060861
30061373
30061885
30057278
30057790
30058302
30058814
30059326
30059838
30060350
30060862
30061374
30061886
30057279
30057791
30058303
30058815
30059327
30059839
30060351
30060863
30061375
30061887
30057280
30057792
30058304
30058816
30059328
30059840
30060352
30060864
30061376
30061888
30057281
30057793
30058305
30058817
30059329
30059841
30060353
30060865
30061377
30061889
30057282
30057794
30058306
30058818
30059330
30059842
30060354
30060866
30061378
30061890
30057283
30057795
30058307
30058819
30059331
30059843
30060355
30060867
30061379
30061891
30057284
30057796
30058308
30058820
30059332
30059844
30060356
30060868
30061380
30061892
30479600
30480112
30480624
30481136
30481648
30482160
30482672
30483184
30483696
30484208
30479601
30480113
30480625
30481137
30481649
30482161
30482673
30483185
30483697
30484209
30479602
30480114
30480626
30481138
30481650
30482162
30482674
30483186
30483698
30484210
30479603
30480115
30480627
30481139
30481651
30482163
30482675
30483187
30483699
30484211
30479604
30480116
30480628
30481140
30481652
30482164
30482676
30483188
30483700
30484212
30479605
30480117
30480629
30481141
30481653
30482165
30482677
30483189
30483701
30484213
30479606
30480118
30480630
30481142
30481654
30482166
30482678
30483190
30483702
30484214
30479607
30480119
30480631
30481143
30481655
30482167
30482679
30483191
30483703
30484215
30479608
30480120
30480632
30481144
30481656
30482168
30482680
30483192
30483704
30484216
30479609
30480121
30480633
30481145
30481657
30482169
30482681
30483193
30483705
30484217
31275723
31276235
31276747
31277259
31277771
31278283
31278795
31279307
31279819
31280331
31275724
31276236
31276748
31277260
31277772
31278284
31278796
31279308
31279820
31280332
31275725
31276237
31276749
31277261
31277773
31278285
31278797
31279309
31279821
31280333
31275726
31276238
31276750
31277262
31277774
31278286
31278798
31279310
31279822
31280334
31275727
31276239
31276751
31277263
31277775
31278287
31278799
31279311
31279823
31280335
31275728
31276240
31276752
31277264
31277776
31278288
31278800
31279312
31279824
31280336
31275729
31276241
31276753
31277265
31277777
31278289
31278801
31279313
31279825
31280337
31275730
31276242
31276754
31277266
31277778
31278290
31278802
31279314
31279826
31280338
31275731
31276243
31276755
31277267
31277779
31278291
31278803
31279315
31279827
31280339
31275732
31276244
31276756
31277268
31277780
31278292
31278804
31279316
31279828
31280340
29692212
29692724
29693236
29693748
29694260
29694772
29695284
29695796
29696308
29696820
29692213
29692725
29693237
29693749
29694261
29694773
29695285
29695797
29696309
29696821
29692214
29692726
29693238
29693750
29694262
29694774
29695286
29695798
29696310
29696822
29692215
29692727
29693239
29693751
29694263
29694775
29695287
29695799
29696311
29696823
29692216
29692728
29693240
29693752
29694264
29694776
29695288
29695800
29696312
29696824
29692217
29692729
29693241
29693753
29694265
29694777
29695289
29695801
29696313
29696825
29692218
29692730
29693242
29693754
29694266
29694778
29695290
29695802
29696314
29696826
29692219
29692731
29693243
29693755
29694267
29694779
29695291
29695803
29696315
29696827
29692220
29692732
29693244
29693756
29694268
29694780
29695292
29695804
29696316
29696828
29692221
29692733
29693245
29693757
29694269
29694781
29695293
29695805
29696317
29696829
34175218
34175730
34176242
34176754
34177266
34177778
34178290
34178802
34179314
34179826
34175219
34175731
34176243
34176755
34177267
34177779
34178291
34178803
34179315
34179827
34175220
34175732
34176244
34176756
34177268
34177780
34178292
34178804
34179316
34179828
34175221
34175733
34176245
34176757
34177269
34177781
34178293
34178805
34179317
34179829
34175222
34175734
34176246
34176758
34177270
34177782
34178294
34178806
34179318
34179830
34175223
34175735
34176247
34176759
34177271
34177783
34178295
34178807
34179319
34179831
34175224
34175736
34176248
34176760
34177272
34177784
34178296
34178808
34179320
34179832
34175225
34175737
34176249
34176761
34177273
34177785
34178297
34178809
34179321
34179833
34175226
34175738
34176250
34176762
34177274
34177786
34178298
34178810
34179322
34179834
34175227
34175739
34176251
34176763
34177275
34177787
34178299
34178811
34179323
34179835
20752624
20753136
20753648
20754160
20754672
20755184
20755696
20756208
20756720
20757232
20752625
20753137
20753649
20754161
20754673
20755185
20755697
20756209
20756721
20757233
20752626
20753138
20753650
20754162
20754674
20755186
20755698
20756210
20756722
20757234
20752627
20753139
20753651
20754163
20754675
20755187
20755699
20756211
20756723
20757235
20752628
20753140
20753652
20754164
20754676
20755188
20755700
20756212
20756724
20757236
20752629
20753141
20753653
20754165
20754677
20755189
20755701
20756213
20756725
20757237
20752630
20753142
20753654
20754166
20754678
20755190
20755702
20756214
20756726
20757238
20752631
20753143
20753655
20754167
20754679
20755191
20755703
20756215
20756727
20757239
20752632
20753144
20753656
20754168
20754680
20755192
20755704
20756216
20756728
20757240
20752633
20753145
20753657
20754169
20754681
20755193
20755705
20756217
20756729
20757241
29924586
29925098
29925610
29926122
29926634
29927146
29927658
29928170
29928682
29929194
29924587
29925099
29925611
29926123
29926635
29927147
29927659
29928171
29928683
29929195
29924588
29925100
29925612
29926124
29926636
29927148
29927660
29928172
29928684
29929196
29924589
29925101
29925613
29926125
29926637
29927149
29927661
29928173
29928685
29929197
29924590
29925102
29925614
29926126
29926638
29927150
29927662
29928174
29928686
29929198
29924591
29925103
29925615
29926127
29926639
29927151
29927663
29928175
29928687
29929199
29924592
29925104
29925616
29926128
29926640
29927152
29927664
29928176
29928688
29929200
29924593
29925105
29925617
29926129
29926641
29927153
29927665
29928177
29928689
29929201
29924594
29925106
29925618
29926130
29926642
29927154
29927666
29928178
29928690
29929202
29924595
29925107
29925619
29926131
29926643
29927155
29927667
29928179
29928691
29929203
30275827
30276339
30276851
30277363
30277875
30278387
30278899
30279411
30279923
30280435
30275828
30276340
30276852
30277364
30277876
30278388
30278900
30279412
30279924
30280436
30275829
30276341
30276853
30277365
30277877
30278389
30278901
30279413
30279925
30280437
30275830
30276342
30276854
30277366
30277878
30278390
30278902
30279414
30279926
30280438
30275831
30276343
30276855
30277367
30277879
30278391
30278903
30279415
30279927
30280439
30275832
30276344
30276856
30277368
30277880
30278392
30278904
30279416
30279928
30280440
30275833
30276345
30276857
30277369
30277881
30278393
30278905
30279417
30279929
30280441
30275834
30276346
30276858
30277370
30277882
30278394
30278906
30279418
30279930
30280442
30275835
30276347
30276859
30277371
30277883
30278395
30278907
30279419
30279931
30280443
30275836
30276348
30276860
30277372
30277884
30278396
30278908
30279420
30279932
30280444
