6488553
6489065
6489577
6490089
6490601
6491113
6491625
6492137
6492649
6493161
6488554
6489066
6489578
6490090
6490602
6491114
6491626
6492138
6492650
6493162
6488555
6489067
6489579
6490091
6490603
6491115
6491627
6492139
6492651
6493163
6488556
6489068
6489580
6490092
6490604
6491116
6491628
6492140
6492652
6493164
6488557
6489069
6489581
6490093
6490605
6491117
6491629
6492141
6492653
6493165
6488558
6489070
6489582
6490094
6490606
6491118
6491630
6492142
6492654
6493166
6488559
6489071
6489583
6490095
6490607
6491119
6491631
6492143
6492655
6493167
6488560
6489072
6489584
6490096
6490608
6491120
6491632
6492144
6492656
6493168
6488561
6489073
6489585
6490097
6490609
6491121
6491633
6492145
6492657
6493169
6488562
6489074
6489586
6490098
6490610
6491122
6491634
6492146
6492658
6493170
20954893
20955405
20955917
20956429
20956941
20957453
20957965
20958477
20958989
20959501
20954894
20955406
20955918
20956430
20956942
20957454
20957966
20958478
20958990
20959502
20954895
20955407
20955919
20956431
20956943
20957455
20957967
20958479
20958991
20959503
20954896
20955408
20955920
20956432
20956944
20957456
20957968
20958480
20958992
20959504
20954897
20955409
20955921
20956433
20956945
20957457
20957969
20958481
20958993
20959505
20954898
20955410
20955922
20956434
20956946
20957458
20957970
20958482
20958994
20959506
20954899
20955411
20955923
20956435
20956947
20957459
20957971
20958483
20958995
20959507
20954900
20955412
20955924
20956436
20956948
20957460
20957972
20958484
20958996
20959508
20954901
20955413
20955925
20956437
20956949
20957461
20957973
20958485
20958997
20959509
20954902
20955414
20955926
20956438
20956950
20957462
20957974
20958486
20958998
20959510
38296318
38296830
38297342
38297854
38298366
38298878
38299390
38299902
38300414
38300926
38296319
38296831
38297343
38297855
38298367
38298879
38299391
38299903
38300415
38300927
38296320
38296832
38297344
38297856
38298368
38298880
38299392
38299904
38300416
38300928
38296321
38296833
38297345
38297857
38298369
38298881
38299393
38299905
38300417
38300929
38296322
38296834
38297346
38297858
38298370
38298882
38299394
38299906
38300418
38300930
38296323
38296835
38297347
38297859
38298371
38298883
38299395
38299907
38300419
38300931
38296324
38296836
38297348
38297860
38298372
38298884
38299396
38299908
38300420
38300932
38296325
38296837
38297349
38297861
38298373
38298885
38299397
38299909
38300421
38300933
38296326
38296838
38297350
38297862
38298374
38298886
38299398
38299910
38300422
38300934
38296327
38296839
38297351
38297863
38298375
38298887
38299399
38299911
38300423
38300935
19055723
19056235
19056747
19057259
19057771
19058283
19058795
19059307
19059819
19060331
19055724
19056236
19056748
19057260
19057772
19058284
19058796
19059308
19059820
19060332
19055725
19056237
19056749
19057261
19057773
19058285
19058797
19059309
19059821
19060333
19055726
19056238
19056750
19057262
19057774
19058286
19058798
19059310
19059822
19060334
19055727
19056239
19056751
19057263
19057775
19058287
19058799
19059311
19059823
19060335
19055728
19056240
19056752
19057264
19057776
19058288
19058800
19059312
19059824
19060336
19055729
19056241
19056753
19057265
19057777
19058289
19058801
19059313
19059825
19060337
19055730
19056242
19056754
19057266
19057778
19058290
19058802
19059314
19059826
19060338
19055731
19056243
19056755
19057267
19057779
19058291
19058803
19059315
19059827
19060339
19055732
19056244
19056756
19057268
19057780
19058292
19058804
19059316
19059828
19060340
31809979
31810491
31811003
31811515
31812027
31812539
31813051
31813563
31814075
31814587
31809980
31810492
31811004
31811516
31812028
31812540
31813052
31813564
31814076
31814588
31809981
31810493
31811005
31811517
31812029
31812541
31813053
31813565
31814077
31814589
31809982
31810494
31811006
31811518
31812030
31812542
31813054
31813566
31814078
31814590
31809983
31810495
31811007
31811519
31812031
31812543
31813055
31813567
31814079
31814591
31809984
31810496
31811008
31811520
31812032
31812544
31813056
31813568
31814080
31814592
31809985
31810497
31811009
31811521
31812033
31812545
31813057
31813569
31814081
31814593
31809986
31810498
31811010
31811522
31812034
31812546
31813058
31813570
31814082
31814594
31809987
31810499
31811011
31811523
31812035
31812547
31813059
31813571
31814083
31814595
31809988
31810500
31811012
31811524
31812036
31812548
31813060
31813572
31814084
31814596
32230781
32231293
32231805
32232317
32232829
32233341
32233853
32234365
32234877
32235389
32230782
32231294
32231806
32232318
32232830
32233342
32233854
32234366
32234878
32235390
32230783
32231295
32231807
32232319
32232831
32233343
32233855
32234367
32234879
32235391
32230784
32231296
32231808
32232320
32232832
32233344
32233856
32234368
32234880
32235392
32230785
32231297
32231809
32232321
32232833
32233345
32233857
32234369
32234881
32235393
32230786
32231298
32231810
32232322
32232834
32233346
32233858
32234370
32234882
32235394
32230787
32231299
32231811
32232323
32232835
32233347
32233859
32234371
32234883
32235395
32230788
32231300
32231812
32232324
32232836
32233348
32233860
32234372
32234884
32235396
32230789
32231301
32231813
32232325
32232837
32233349
32233861
32234373
32234885
32235397
32230790
32231302
32231814
32232326
32232838
32233350
32233862
32234374
32234886
32235398
1621202
1621714
1622226
1622738
1623250
1623762
1624274
1624786
1625298
1625810
1621203
1621715
1622227
1622739
1623251
1623763
1624275
1624787
1625299
1625811
1621204
1621716
1622228
1622740
1623252
1623764
1624276
1624788
1625300
1625812
1621205
1621717
1622229
1622741
1623253
1623765
1624277
1624789
1625301
1625813
1621206
1621718
1622230
1622742
1623254
1623766
1624278
1624790
1625302
1625814
1621207
1621719
1622231
1622743
1623255
1623767
1624279
1624791
1625303
1625815
1621208
1621720
1622232
1622744
1623256
1623768
1624280
1624792
1625304
1625816
1621209
1621721
1622233
1622745
1623257
1623769
1624281
1624793
1625305
1625817
1621210
1621722
1622234
1622746
1623258
1623770
1624282
1624794
1625306
1625818
1621211
1621723
1622235
1622747
1623259
1623771
1624283
1624795
1625307
1625819
10975553
10976065
10976577
10977089
10977601
10978113
10978625
10979137
10979649
10980161
10975554
10976066
10976578
10977090
10977602
10978114
10978626
10979138
10979650
10980162
10975555
10976067
10976579
10977091
10977603
10978115
10978627
10979139
10979651
10980163
10975556
10976068
10976580
10977092
10977604
10978116
10978628
10979140
10979652
10980164
10975557
10976069
10976581
10977093
10977605
10978117
10978629
10979141
10979653
10980165
10975558
10976070
10976582
10977094
10977606
10978118
10978630
10979142
10979654
10980166
10975559
10976071
10976583
10977095
10977607
10978119
10978631
10979143
10979655
10980167
10975560
10976072
10976584
10977096
10977608
10978120
10978632
10979144
10979656
10980168
10975561
10976073
10976585
10977097
10977609
10978121
10978633
10979145
10979657
10980169
10975562
10976074
10976586
10977098
10977610
10978122
10978634
10979146
10979658
10980170
19955736
19956248
19956760
19957272
19957784
19958296
19958808
19959320
19959832
19960344
19955737
19956249
19956761
19957273
19957785
19958297
19958809
19959321
19959833
19960345
19955738
19956250
19956762
19957274
19957786
19958298
19958810
19959322
19959834
19960346
19955739
19956251
19956763
19957275
19957787
19958299
19958811
19959323
19959835
19960347
19955740
19956252
19956764
19957276
19957788
19958300
19958812
19959324
19959836
19960348
19955741
19956253
19956765
19957277
19957789
19958301
19958813
19959325
19959837
19960349
19955742
19956254
19956766
19957278
19957790
19958302
19958814
19959326
19959838
19960350
19955743
19956255
19956767
19957279
19957791
19958303
19958815
19959327
19959839
19960351
19955744
19956256
19956768
19957280
19957792
19958304
19958816
19959328
19959840
19960352
19955745
19956257
19956769
19957281
19957793
19958305
19958817
19959329
19959841
19960353
20106706
20107218
20107730
20108242
20108754
20109266
20109778
20110290
20110802
20111314
20106707
20107219
20107731
20108243
20108755
20109267
20109779
20110291
20110803
20111315
20106708
20107220
20107732
20108244
20108756
20109268
20109780
20110292
20110804
20111316
20106709
20107221
20107733
20108245
20108757
20109269
20109781
20110293
20110805
20111317
20106710
20107222
20107734
20108246
20108758
20109270
20109782
20110294
20110806
20111318
20106711
20107223
20107735
20108247
20108759
20109271
20109783
20110295
20110807
20111319
20106712
20107224
20107736
20108248
20108760
20109272
20109784
20110296
20110808
20111320
20106713
20107225
20107737
20108249
20108761
20109273
20109785
20110297
20110809
20111321
20106714
20107226
20107738
20108250
20108762
20109274
20109786
20110298
20110810
20111322
20106715
20107227
20107739
20108251
20108763
20109275
20109787
20110299
20110811
20111323
19893348
19893860
19894372
19894884
19895396
19895908
19896420
19896932
19897444
19897956
19893349
19893861
19894373
19894885
19895397
19895909
19896421
19896933
19897445
19897957
19893350
19893862
19894374
19894886
19895398
19895910
19896422
19896934
19897446
19897958
19893351
19893863
19894375
19894887
19895399
19895911
19896423
19896935
19897447
19897959
19893352
19893864
19894376
19894888
19895400
19895912
19896424
19896936
19897448
19897960
19893353
19893865
19894377
19894889
19895401
19895913
19896425
19896937
19897449
19897961
19893354
19893866
19894378
19894890
19895402
19895914
19896426
19896938
19897450
19897962
19893355
19893867
19894379
19894891
19895403
19895915
19896427
19896939
19897451
19897963
19893356
19893868
19894380
19894892
19895404
19895916
19896428
19896940
19897452
19897964
19893357
19893869
19894381
19894893
19895405
19895917
19896429
19896941
19897453
19897965
19013530
19014042
19014554
19015066
19015578
19016090
19016602
19017114
19017626
19018138
19013531
19014043
19014555
19015067
19015579
19016091
19016603
19017115
19017627
19018139
19013532
19014044
19014556
19015068
19015580
19016092
19016604
19017116
19017628
19018140
19013533
19014045
19014557
19015069
19015581
19016093
19016605
19017117
19017629
19018141
19013534
19014046
19014558
19015070
19015582
19016094
19016606
19017118
19017630
19018142
19013535
19014047
19014559
19015071
19015583
19016095
19016607
19017119
19017631
19018143
19013536
19014048
19014560
19015072
19015584
19016096
19016608
19017120
19017632
19018144
19013537
19014049
19014561
19015073
19015585
19016097
19016609
19017121
19017633
19018145
19013538
19014050
19014562
19015074
19015586
19016098
19016610
19017122
19017634
19018146
19013539
19014051
19014563
19015075
19015587
19016099
19016611
19017123
19017635
19018147
1216720
1217232
1217744
1218256
1218768
1219280
1219792
1220304
1220816
1221328
1216721
1217233
1217745
1218257
1218769
1219281
1219793
1220305
1220817
1221329
1216722
1217234
1217746
1218258
1218770
1219282
1219794
1220306
1220818
1221330
1216723
1217235
1217747
1218259
1218771
1219283
1219795
1220307
1220819
1221331
1216724
1217236
1217748
1218260
1218772
1219284
1219796
1220308
1220820
1221332
1216725
1217237
1217749
1218261
1218773
1219285
1219797
1220309
1220821
1221333
1216726
1217238
1217750
1218262
1218774
1219286
1219798
1220310
1220822
1221334
1216727
1217239
1217751
1218263
1218775
1219287
1219799
1220311
1220823
1221335
1216728
1217240
1217752
1218264
1218776
1219288
1219800
1220312
1220824
1221336
1216729
1217241
1217753
1218265
1218777
1219289
1219801
1220313
1220825
1221337
26390624
26391136
26391648
26392160
26392672
26393184
26393696
26394208
26394720
26395232
26390625
26391137
26391649
26392161
26392673
26393185
26393697
26394209
26394721
26395233
26390626
26391138
26391650
26392162
26392674
26393186
26393698
26394210
26394722
26395234
26390627
26391139
26391651
26392163
26392675
26393187
26393699
26394211
26394723
26395235
26390628
26391140
26391652
26392164
26392676
26393188
26393700
26394212
26394724
26395236
26390629
26391141
26391653
26392165
26392677
26393189
26393701
26394213
26394725
26395237
26390630
26391142
26391654
26392166
26392678
26393190
26393702
26394214
26394726
26395238
26390631
26391143
26391655
26392167
26392679
26393191
26393703
26394215
26394727
26395239
26390632
26391144
26391656
26392168
26392680
26393192
26393704
26394216
26394728
26395240
26390633
26391145
26391657
26392169
26392681
26393193
26393705
26394217
26394729
26395241
8283462
8283974
8284486
8284998
8285510
8286022
8286534
8287046
8287558
8288070
8283463
8283975
8284487
8284999
8285511
8286023
8286535
8287047
8287559
8288071
8283464
8283976
8284488
8285000
8285512
8286024
8286536
8287048
8287560
8288072
8283465
8283977
8284489
8285001
8285513
8286025
8286537
8287049
8287561
8288073
8283466
8283978
8284490
8285002
8285514
8286026
8286538
8287050
8287562
8288074
8283467
8283979
8284491
8285003
8285515
8286027
8286539
8287051
8287563
8288075
8283468
8283980
8284492
8285004
8285516
8286028
8286540
8287052
8287564
8288076
8283469
8283981
8284493
8285005
8285517
8286029
8286541
8287053
8287565
8288077
8283470
8283982
8284494
8285006
8285518
8286030
8286542
8287054
8287566
8288078
8283471
8283983
8284495
8285007
8285519
8286031
8286543
8287055
8287567
8288079
23507884
23508396
23508908
23509420
23509932
23510444
23510956
23511468
23511980
23512492
23507885
23508397
23508909
23509421
23509933
23510445
23510957
23511469
23511981
23512493
23507886
23508398
23508910
23509422
23509934
23510446
23510958
23511470
23511982
23512494
23507887
23508399
23508911
23509423
23509935
23510447
23510959
23511471
23511983
23512495
23507888
23508400
23508912
23509424
23509936
23510448
23510960
23511472
23511984
23512496
23507889
23508401
23508913
23509425
23509937
23510449
23510961
23511473
23511985
23512497
23507890
23508402
23508914
23509426
23509938
23510450
23510962
23511474
23511986
23512498
23507891
23508403
23508915
23509427
23509939
23510451
23510963
23511475
23511987
23512499
23507892
23508404
23508916
23509428
23509940
23510452
23510964
23511476
23511988
23512500
23507893
23508405
23508917
23509429
23509941
23510453
23510965
23511477
23511989
23512501
1132018
1132530
1133042
1133554
1134066
1134578
1135090
1135602
1136114
1136626
1132019
1132531
1133043
1133555
1134067
1134579
1135091
1135603
1136115
1136627
1132020
1132532
1133044
1133556
1134068
1134580
1135092
1135604
1136116
1136628
1132021
1132533
1133045
1133557
1134069
1134581
1135093
1135605
1136117
1136629
1132022
1132534
1133046
1133558
1134070
1134582
1135094
1135606
1136118
1136630
1132023
1132535
1133047
1133559
1134071
1134583
1135095
1135607
1136119
1136631
1132024
1132536
1133048
1133560
1134072
1134584
1135096
1135608
1136120
1136632
1132025
1132537
1133049
1133561
1134073
1134585
1135097
1135609
1136121
1136633
1132026
1132538
1133050
1133562
1134074
1134586
1135098
1135610
1136122
1136634
1132027
1132539
1133051
1133563
1134075
1134587
1135099
1135611
1136123
1136635
33211870
33212382
33212894
33213406
33213918
33214430
33214942
33215454
33215966
33216478
33211871
33212383
33212895
33213407
33213919
33214431
33214943
33215455
33215967
33216479
33211872
33212384
33212896
33213408
33213920
33214432
33214944
33215456
33215968
33216480
33211873
33212385
33212897
33213409
33213921
33214433
33214945
33215457
33215969
33216481
33211874
33212386
33212898
33213410
33213922
33214434
33214946
33215458
33215970
33216482
33211875
33212387
33212899
33213411
33213923
33214435
33214947
33215459
33215971
33216483
33211876
33212388
33212900
33213412
33213924
33214436
33214948
33215460
33215972
33216484
33211877
33212389
33212901
33213413
33213925
33214437
33214949
33215461
33215973
33216485
33211878
33212390
33212902
33213414
33213926
33214438
33214950
33215462
33215974
33216486
33211879
33212391
33212903
33213415
33213927
33214439
33214951
33215463
33215975
33216487
10681984
10682496
10683008
10683520
10684032
10684544
10685056
10685568
10686080
10686592
10681985
10682497
10683009
10683521
10684033
10684545
10685057
10685569
10686081
10686593
10681986
10682498
10683010
10683522
10684034
10684546
10685058
10685570
10686082
10686594
10681987
10682499
10683011
10683523
10684035
10684547
10685059
10685571
10686083
10686595
10681988
10682500
10683012
10683524
10684036
10684548
10685060
10685572
10686084
10686596
10681989
10682501
10683013
10683525
10684037
10684549
10685061
10685573
10686085
10686597
10681990
10682502
10683014
10683526
10684038
10684550
10685062
10685574
10686086
10686598
10681991
10682503
10683015
10683527
10684039
10684551
10685063
10685575
10686087
10686599
10681992
10682504
10683016
10683528
10684040
10684552
10685064
10685576
10686088
10686600
10681993
10682505
10683017
10683529
10684041
10684553
10685065
10685577
10686089
10686601
1441967
1442479
1442991
1443503
1444015
1444527
1445039
1445551
1446063
1446575
1441968
1442480
1442992
1443504
1444016
1444528
1445040
1445552
1446064
1446576
1441969
1442481
1442993
1443505
1444017
1444529
1445041
1445553
1446065
1446577
1441970
1442482
1442994
1443506
1444018
1444530
1445042
1445554
1446066
1446578
1441971
1442483
1442995
1443507
1444019
1444531
1445043
1445555
1446067
1446579
1441972
1442484
1442996
1443508
1444020
1444532
1445044
1445556
1446068
1446580
1441973
1442485
1442997
1443509
1444021
1444533
1445045
1445557
1446069
1446581
1441974
1442486
1442998
1443510
1444022
1444534
1445046
1445558
1446070
1446582
1441975
1442487
1442999
1443511
1444023
1444535
1445047
1445559
1446071
1446583
1441976
1442488
1443000
1443512
1444024
1444536
1445048
1445560
1446072
1446584
34866734
34867246
34867758
34868270
34868782
34869294
34869806
34870318
34870830
34871342
34866735
34867247
34867759
34868271
34868783
34869295
34869807
34870319
34870831
34871343
34866736
34867248
34867760
34868272
34868784
34869296
34869808
34870320
34870832
34871344
34866737
34867249
34867761
34868273
34868785
34869297
34869809
34870321
34870833
34871345
34866738
34867250
34867762
34868274
34868786
34869298
34869810
34870322
34870834
34871346
34866739
34867251
34867763
34868275
34868787
34869299
34869811
34870323
34870835
34871347
34866740
34867252
34867764
34868276
34868788
34869300
34869812
34870324
34870836
34871348
34866741
34867253
34867765
34868277
34868789
34869301
34869813
34870325
34870837
34871349
34866742
34867254
34867766
34868278
34868790
34869302
34869814
34870326
34870838
34871350
34866743
34867255
34867767
34868279
34868791
34869303
34869815
34870327
34870839
34871351
23907916
23908428
23908940
23909452
23909964
23910476
23910988
23911500
23912012
23912524
23907917
23908429
23908941
23909453
23909965
23910477
23910989
23911501
23912013
23912525
23907918
23908430
23908942
23909454
23909966
23910478
23910990
23911502
23912014
23912526
23907919
23908431
23908943
23909455
23909967
23910479
23910991
23911503
23912015
23912527
23907920
23908432
23908944
23909456
23909968
23910480
23910992
23911504
23912016
23912528
23907921
23908433
23908945
23909457
23909969
23910481
23910993
23911505
23912017
23912529
23907922
23908434
23908946
23909458
23909970
23910482
23910994
23911506
23912018
23912530
23907923
23908435
23908947
23909459
23909971
23910483
23910995
23911507
23912019
23912531
23907924
23908436
23908948
23909460
23909972
23910484
23910996
23911508
23912020
23912532
23907925
23908437
23908949
23909461
23909973
23910485
23910997
23911509
23912021
23912533
21573725
21574237
21574749
21575261
21575773
21576285
21576797
21577309
21577821
21578333
21573726
21574238
21574750
21575262
21575774
21576286
21576798
21577310
21577822
21578334
21573727
21574239
21574751
21575263
21575775
21576287
21576799
21577311
21577823
21578335
21573728
21574240
21574752
21575264
21575776
21576288
21576800
21577312
21577824
21578336
21573729
21574241
21574753
21575265
21575777
21576289
21576801
21577313
21577825
21578337
21573730
21574242
21574754
21575266
21575778
21576290
21576802
21577314
21577826
21578338
21573731
21574243
21574755
21575267
21575779
21576291
21576803
21577315
21577827
21578339
21573732
21574244
21574756
21575268
21575780
21576292
21576804
21577316
21577828
21578340
21573733
21574245
21574757
21575269
21575781
21576293
21576805
21577317
21577829
21578341
21573734
21574246
21574758
21575270
21575782
21576294
21576806
21577318
21577830
21578342
31955606
31956118
31956630
31957142
31957654
31958166
31958678
31959190
31959702
31960214
31955607
31956119
31956631
31957143
31957655
31958167
31958679
31959191
31959703
31960215
31955608
31956120
31956632
31957144
31957656
31958168
31958680
31959192
31959704
31960216
31955609
31956121
31956633
31957145
31957657
31958169
31958681
31959193
31959705
31960217
31955610
31956122
31956634
31957146
31957658
31958170
31958682
31959194
31959706
31960218
31955611
31956123
31956635
31957147
31957659
31958171
31958683
31959195
31959707
31960219
31955612
31956124
31956636
31957148
31957660
31958172
31958684
31959196
31959708
31960220
31955613
31956125
31956637
31957149
31957661
31958173
31958685
31959197
31959709
31960221
31955614
31956126
31956638
31957150
31957662
31958174
31958686
31959198
31959710
31960222
31955615
31956127
31956639
31957151
31957663
31958175
31958687
31959199
31959711
31960223
23437057
23437569
23438081
23438593
23439105
23439617
23440129
23440641
23441153
23441665
23437058
23437570
23438082
23438594
23439106
23439618
23440130
23440642
23441154
23441666
23437059
23437571
23438083
23438595
23439107
23439619
23440131
23440643
23441155
23441667
23437060
23437572
23438084
23438596
23439108
23439620
23440132
23440644
23441156
23441668
23437061
23437573
23438085
23438597
23439109
23439621
23440133
23440645
23441157
23441669
23437062
23437574
23438086
23438598
23439110
23439622
23440134
23440646
23441158
23441670
23437063
23437575
23438087
23438599
23439111
23439623
23440135
23440647
23441159
23441671
23437064
23437576
23438088
23438600
23439112
23439624
23440136
23440648
23441160
23441672
23437065
23437577
23438089
23438601
23439113
23439625
23440137
23440649
23441161
23441673
23437066
23437578
23438090
23438602
23439114
23439626
23440138
23440650
23441162
23441674
13237923
13238435
13238947
13239459
13239971
13240483
13240995
13241507
13242019
13242531
13237924
13238436
13238948
13239460
13239972
13240484
13240996
13241508
13242020
13242532
13237925
13238437
13238949
13239461
13239973
13240485
13240997
13241509
13242021
13242533
13237926
13238438
13238950
13239462
13239974
13240486
13240998
13241510
13242022
13242534
13237927
13238439
13238951
13239463
13239975
13240487
13240999
13241511
13242023
13242535
13237928
13238440
13238952
13239464
13239976
13240488
13241000
13241512
13242024
13242536
13237929
13238441
13238953
13239465
13239977
13240489
13241001
13241513
13242025
13242537
13237930
13238442
13238954
13239466
13239978
13240490
13241002
13241514
13242026
13242538
13237931
13238443
13238955
13239467
13239979
13240491
13241003
13241515
13242027
13242539
13237932
13238444
13238956
13239468
13239980
13240492
13241004
13241516
13242028
13242540
38230409
38230921
38231433
38231945
38232457
38232969
38233481
38233993
38234505
38235017
38230410
38230922
38231434
38231946
38232458
38232970
38233482
38233994
38234506
38235018
38230411
38230923
38231435
38231947
38232459
38232971
38233483
38233995
38234507
38235019
38230412
38230924
38231436
38231948
38232460
38232972
38233484
38233996
38234508
38235020
38230413
38230925
38231437
38231949
38232461
38232973
38233485
38233997
38234509
38235021
38230414
38230926
38231438
38231950
38232462
38232974
38233486
38233998
38234510
38235022
38230415
38230927
38231439
38231951
38232463
38232975
38233487
38233999
38234511
38235023
38230416
38230928
38231440
38231952
38232464
38232976
38233488
38234000
38234512
38235024
38230417
38230929
38231441
38231953
38232465
38232977
38233489
38234001
38234513
38235025
38230418
38230930
38231442
38231954
38232466
38232978
38233490
38234002
38234514
38235026
388745
389257
389769
390281
390793
391305
391817
392329
392841
393353
388746
389258
389770
390282
390794
391306
391818
392330
392842
393354
388747
389259
389771
390283
390795
391307
391819
392331
392843
393355
388748
389260
389772
390284
390796
391308
391820
392332
392844
393356
388749
389261
389773
390285
390797
391309
391821
392333
392845
393357
388750
389262
389774
390286
390798
391310
391822
392334
392846
393358
388751
389263
389775
390287
390799
391311
391823
392335
392847
393359
388752
389264
389776
390288
390800
391312
391824
392336
392848
393360
388753
389265
389777
390289
390801
391313
391825
392337
392849
393361
388754
389266
389778
390290
390802
391314
391826
392338
392850
393362
16484093
16484605
16485117
16485629
16486141
16486653
16487165
16487677
16488189
16488701
16484094
16484606
16485118
16485630
16486142
16486654
16487166
16487678
16488190
16488702
16484095
16484607
16485119
16485631
16486143
16486655
16487167
16487679
16488191
16488703
16484096
16484608
16485120
16485632
16486144
16486656
16487168
16487680
16488192
16488704
16484097
16484609
16485121
16485633
16486145
16486657
16487169
16487681
16488193
16488705
16484098
16484610
16485122
16485634
16486146
16486658
16487170
16487682
16488194
16488706
16484099
16484611
16485123
16485635
16486147
16486659
16487171
16487683
16488195
16488707
16484100
16484612
16485124
16485636
16486148
16486660
16487172
16487684
16488196
16488708
16484101
16484613
16485125
16485637
16486149
16486661
16487173
16487685
16488197
16488709
16484102
16484614
16485126
16485638
16486150
16486662
16487174
16487686
16488198
16488710
39133271
39133783
39134295
39134807
39135319
39135831
39136343
39136855
39137367
39137879
39133272
39133784
39134296
39134808
39135320
39135832
39136344
39136856
39137368
39137880
39133273
39133785
39134297
39134809
39135321
39135833
39136345
39136857
39137369
39137881
39133274
39133786
39134298
39134810
39135322
39135834
39136346
39136858
39137370
39137882
39133275
39133787
39134299
39134811
39135323
39135835
39136347
39136859
39137371
39137883
39133276
39133788
39134300
39134812
39135324
39135836
39136348
39136860
39137372
39137884
39133277
39133789
39134301
39134813
39135325
39135837
39136349
39136861
39137373
39137885
39133278
39133790
39134302
39134814
39135326
39135838
39136350
39136862
39137374
39137886
39133279
39133791
39134303
39134815
39135327
39135839
39136351
39136863
39137375
39137887
39133280
39133792
39134304
39134816
39135328
39135840
39136352
39136864
39137376
39137888
