19183265
19183777
19184289
19184801
19185313
19185825
19186337
19186849
19187361
19187873
19183266
19183778
19184290
19184802
19185314
19185826
19186338
19186850
19187362
19187874
19183267
19183779
19184291
19184803
19185315
19185827
19186339
19186851
19187363
19187875
19183268
19183780
19184292
19184804
19185316
19185828
19186340
19186852
19187364
19187876
19183269
19183781
19184293
19184805
19185317
19185829
19186341
19186853
19187365
19187877
19183270
19183782
19184294
19184806
19185318
19185830
19186342
19186854
19187366
19187878
19183271
19183783
19184295
19184807
19185319
19185831
19186343
19186855
19187367
19187879
19183272
19183784
19184296
19184808
19185320
19185832
19186344
19186856
19187368
19187880
19183273
19183785
19184297
19184809
19185321
19185833
19186345
19186857
19187369
19187881
19183274
19183786
19184298
19184810
19185322
19185834
19186346
19186858
19187370
19187882
28334971
28335483
28335995
28336507
28337019
28337531
28338043
28338555
28339067
28339579
28334972
28335484
28335996
28336508
28337020
28337532
28338044
28338556
28339068
28339580
28334973
28335485
28335997
28336509
28337021
28337533
28338045
28338557
28339069
28339581
28334974
28335486
28335998
28336510
28337022
28337534
28338046
28338558
28339070
28339582
28334975
28335487
28335999
28336511
28337023
28337535
28338047
28338559
28339071
28339583
28334976
28335488
28336000
28336512
28337024
28337536
28338048
28338560
28339072
28339584
28334977
28335489
28336001
28336513
28337025
28337537
28338049
28338561
28339073
28339585
28334978
28335490
28336002
28336514
28337026
28337538
28338050
28338562
28339074
28339586
28334979
28335491
28336003
28336515
28337027
28337539
28338051
28338563
28339075
28339587
28334980
28335492
28336004
28336516
28337028
28337540
28338052
28338564
28339076
28339588
37819213
37819725
37820237
37820749
37821261
37821773
37822285
37822797
37823309
37823821
37819214
37819726
37820238
37820750
37821262
37821774
37822286
37822798
37823310
37823822
37819215
37819727
37820239
37820751
37821263
37821775
37822287
37822799
37823311
37823823
37819216
37819728
37820240
37820752
37821264
37821776
37822288
37822800
37823312
37823824
37819217
37819729
37820241
37820753
37821265
37821777
37822289
37822801
37823313
37823825
37819218
37819730
37820242
37820754
37821266
37821778
37822290
37822802
37823314
37823826
37819219
37819731
37820243
37820755
37821267
37821779
37822291
37822803
37823315
37823827
37819220
37819732
37820244
37820756
37821268
37821780
37822292
37822804
37823316
37823828
37819221
37819733
37820245
37820757
37821269
37821781
37822293
37822805
37823317
37823829
37819222
37819734
37820246
37820758
37821270
37821782
37822294
37822806
37823318
37823830
21975255
21975767
21976279
21976791
21977303
21977815
21978327
21978839
21979351
21979863
21975256
21975768
21976280
21976792
21977304
21977816
21978328
21978840
21979352
21979864
21975257
21975769
21976281
21976793
21977305
21977817
21978329
21978841
21979353
21979865
21975258
21975770
21976282
21976794
21977306
21977818
21978330
21978842
21979354
21979866
21975259
21975771
21976283
21976795
21977307
21977819
21978331
21978843
21979355
21979867
21975260
21975772
21976284
21976796
21977308
21977820
21978332
21978844
21979356
21979868
21975261
21975773
21976285
21976797
21977309
21977821
21978333
21978845
21979357
21979869
21975262
21975774
21976286
21976798
21977310
21977822
21978334
21978846
21979358
21979870
21975263
21975775
21976287
21976799
21977311
21977823
21978335
21978847
21979359
21979871
21975264
21975776
21976288
21976800
21977312
21977824
21978336
21978848
21979360
21979872
34735197
34735709
34736221
34736733
34737245
34737757
34738269
34738781
34739293
34739805
34735198
34735710
34736222
34736734
34737246
34737758
34738270
34738782
34739294
34739806
34735199
34735711
34736223
34736735
34737247
34737759
34738271
34738783
34739295
34739807
34735200
34735712
34736224
34736736
34737248
34737760
34738272
34738784
34739296
34739808
34735201
34735713
34736225
34736737
34737249
34737761
34738273
34738785
34739297
34739809
34735202
34735714
34736226
34736738
34737250
34737762
34738274
34738786
34739298
34739810
34735203
34735715
34736227
34736739
34737251
34737763
34738275
34738787
34739299
34739811
34735204
34735716
34736228
34736740
34737252
34737764
34738276
34738788
34739300
34739812
34735205
34735717
34736229
34736741
34737253
34737765
34738277
34738789
34739301
34739813
34735206
34735718
34736230
34736742
34737254
34737766
34738278
34738790
34739302
34739814
7533641
7534153
7534665
7535177
7535689
7536201
7536713
7537225
7537737
7538249
7533642
7534154
7534666
7535178
7535690
7536202
7536714
7537226
7537738
7538250
7533643
7534155
7534667
7535179
7535691
7536203
7536715
7537227
7537739
7538251
7533644
7534156
7534668
7535180
7535692
7536204
7536716
7537228
7537740
7538252
7533645
7534157
7534669
7535181
7535693
7536205
7536717
7537229
7537741
7538253
7533646
7534158
7534670
7535182
7535694
7536206
7536718
7537230
7537742
7538254
7533647
7534159
7534671
7535183
7535695
7536207
7536719
7537231
7537743
7538255
7533648
7534160
7534672
7535184
7535696
7536208
7536720
7537232
7537744
7538256
7533649
7534161
7534673
7535185
7535697
7536209
7536721
7537233
7537745
7538257
7533650
7534162
7534674
7535186
7535698
7536210
7536722
7537234
7537746
7538258
29036159
29036671
29037183
29037695
29038207
29038719
29039231
29039743
29040255
29040767
29036160
29036672
29037184
29037696
29038208
29038720
29039232
29039744
29040256
29040768
29036161
29036673
29037185
29037697
29038209
29038721
29039233
29039745
29040257
29040769
29036162
29036674
29037186
29037698
29038210
29038722
29039234
29039746
29040258
29040770
29036163
29036675
29037187
29037699
29038211
29038723
29039235
29039747
29040259
29040771
29036164
29036676
29037188
29037700
29038212
29038724
29039236
29039748
29040260
29040772
29036165
29036677
29037189
29037701
29038213
29038725
29039237
29039749
29040261
29040773
29036166
29036678
29037190
29037702
29038214
29038726
29039238
29039750
29040262
29040774
29036167
29036679
29037191
29037703
29038215
29038727
29039239
29039751
29040263
29040775
29036168
29036680
29037192
29037704
29038216
29038728
29039240
29039752
29040264
29040776
12913265
12913777
12914289
12914801
12915313
12915825
12916337
12916849
12917361
12917873
12913266
12913778
12914290
12914802
12915314
12915826
12916338
12916850
12917362
12917874
12913267
12913779
12914291
12914803
12915315
12915827
12916339
12916851
12917363
12917875
12913268
12913780
12914292
12914804
12915316
12915828
12916340
12916852
12917364
12917876
12913269
12913781
12914293
12914805
12915317
12915829
12916341
12916853
12917365
12917877
12913270
12913782
12914294
12914806
12915318
12915830
12916342
12916854
12917366
12917878
12913271
12913783
12914295
12914807
12915319
12915831
12916343
12916855
12917367
12917879
12913272
12913784
12914296
12914808
12915320
12915832
12916344
12916856
12917368
12917880
12913273
12913785
12914297
12914809
12915321
12915833
12916345
12916857
12917369
12917881
12913274
12913786
12914298
12914810
12915322
12915834
12916346
12916858
12917370
12917882
12515583
12516095
12516607
12517119
12517631
12518143
12518655
12519167
12519679
12520191
12515584
12516096
12516608
12517120
12517632
12518144
12518656
12519168
12519680
12520192
12515585
12516097
12516609
12517121
12517633
12518145
12518657
12519169
12519681
12520193
12515586
12516098
12516610
12517122
12517634
12518146
12518658
12519170
12519682
12520194
12515587
12516099
12516611
12517123
12517635
12518147
12518659
12519171
12519683
12520195
12515588
12516100
12516612
12517124
12517636
12518148
12518660
12519172
12519684
12520196
12515589
12516101
12516613
12517125
12517637
12518149
12518661
12519173
12519685
12520197
12515590
12516102
12516614
12517126
12517638
12518150
12518662
12519174
12519686
12520198
12515591
12516103
12516615
12517127
12517639
12518151
12518663
12519175
12519687
12520199
12515592
12516104
12516616
12517128
12517640
12518152
12518664
12519176
12519688
12520200
38832545
38833057
38833569
38834081
38834593
38835105
38835617
38836129
38836641
38837153
38832546
38833058
38833570
38834082
38834594
38835106
38835618
38836130
38836642
38837154
38832547
38833059
38833571
38834083
38834595
38835107
38835619
38836131
38836643
38837155
38832548
38833060
38833572
38834084
38834596
38835108
38835620
38836132
38836644
38837156
38832549
38833061
38833573
38834085
38834597
38835109
38835621
38836133
38836645
38837157
38832550
38833062
38833574
38834086
38834598
38835110
38835622
38836134
38836646
38837158
38832551
38833063
38833575
38834087
38834599
38835111
38835623
38836135
38836647
38837159
38832552
38833064
38833576
38834088
38834600
38835112
38835624
38836136
38836648
38837160
38832553
38833065
38833577
38834089
38834601
38835113
38835625
38836137
38836649
38837161
38832554
38833066
38833578
38834090
38834602
38835114
38835626
38836138
38836650
38837162
36882324
36882836
36883348
36883860
36884372
36884884
36885396
36885908
36886420
36886932
36882325
36882837
36883349
36883861
36884373
36884885
36885397
36885909
36886421
36886933
36882326
36882838
36883350
36883862
36884374
36884886
36885398
36885910
36886422
36886934
36882327
36882839
36883351
36883863
36884375
36884887
36885399
36885911
36886423
36886935
36882328
36882840
36883352
36883864
36884376
36884888
36885400
36885912
36886424
36886936
36882329
36882841
36883353
36883865
36884377
36884889
36885401
36885913
36886425
36886937
36882330
36882842
36883354
36883866
36884378
36884890
36885402
36885914
36886426
36886938
36882331
36882843
36883355
36883867
36884379
36884891
36885403
36885915
36886427
36886939
36882332
36882844
36883356
36883868
36884380
36884892
36885404
36885916
36886428
36886940
36882333
36882845
36883357
36883869
36884381
36884893
36885405
36885917
36886429
36886941
27829171
27829683
27830195
27830707
27831219
27831731
27832243
27832755
27833267
27833779
27829172
27829684
27830196
27830708
27831220
27831732
27832244
27832756
27833268
27833780
27829173
27829685
27830197
27830709
27831221
27831733
27832245
27832757
27833269
27833781
27829174
27829686
27830198
27830710
27831222
27831734
27832246
27832758
27833270
27833782
27829175
27829687
27830199
27830711
27831223
27831735
27832247
27832759
27833271
27833783
27829176
27829688
27830200
27830712
27831224
27831736
27832248
27832760
27833272
27833784
27829177
27829689
27830201
27830713
27831225
27831737
27832249
27832761
27833273
27833785
27829178
27829690
27830202
27830714
27831226
27831738
27832250
27832762
27833274
27833786
27829179
27829691
27830203
27830715
27831227
27831739
27832251
27832763
27833275
27833787
27829180
27829692
27830204
27830716
27831228
27831740
27832252
27832764
27833276
27833788
23740051
23740563
23741075
23741587
23742099
23742611
23743123
23743635
23744147
23744659
23740052
23740564
23741076
23741588
23742100
23742612
23743124
23743636
23744148
23744660
23740053
23740565
23741077
23741589
23742101
23742613
23743125
23743637
23744149
23744661
23740054
23740566
23741078
23741590
23742102
23742614
23743126
23743638
23744150
23744662
23740055
23740567
23741079
23741591
23742103
23742615
23743127
23743639
23744151
23744663
23740056
23740568
23741080
23741592
23742104
23742616
23743128
23743640
23744152
23744664
23740057
23740569
23741081
23741593
23742105
23742617
23743129
23743641
23744153
23744665
23740058
23740570
23741082
23741594
23742106
23742618
23743130
23743642
23744154
23744666
23740059
23740571
23741083
23741595
23742107
23742619
23743131
23743643
23744155
23744667
23740060
23740572
23741084
23741596
23742108
23742620
23743132
23743644
23744156
23744668
2738975
2739487
2739999
2740511
2741023
2741535
2742047
2742559
2743071
2743583
2738976
2739488
2740000
2740512
2741024
2741536
2742048
2742560
2743072
2743584
2738977
2739489
2740001
2740513
2741025
2741537
2742049
2742561
2743073
2743585
2738978
2739490
2740002
2740514
2741026
2741538
2742050
2742562
2743074
2743586
2738979
2739491
2740003
2740515
2741027
2741539
2742051
2742563
2743075
2743587
2738980
2739492
2740004
2740516
2741028
2741540
2742052
2742564
2743076
2743588
2738981
2739493
2740005
2740517
2741029
2741541
2742053
2742565
2743077
2743589
2738982
2739494
2740006
2740518
2741030
2741542
2742054
2742566
2743078
2743590
2738983
2739495
2740007
2740519
2741031
2741543
2742055
2742567
2743079
2743591
2738984
2739496
2740008
2740520
2741032
2741544
2742056
2742568
2743080
2743592
21105304
21105816
21106328
21106840
21107352
21107864
21108376
21108888
21109400
21109912
21105305
21105817
21106329
21106841
21107353
21107865
21108377
21108889
21109401
21109913
21105306
21105818
21106330
21106842
21107354
21107866
21108378
21108890
21109402
21109914
21105307
21105819
21106331
21106843
21107355
21107867
21108379
21108891
21109403
21109915
21105308
21105820
21106332
21106844
21107356
21107868
21108380
21108892
21109404
21109916
21105309
21105821
21106333
21106845
21107357
21107869
21108381
21108893
21109405
21109917
21105310
21105822
21106334
21106846
21107358
21107870
21108382
21108894
21109406
21109918
21105311
21105823
21106335
21106847
21107359
21107871
21108383
21108895
21109407
21109919
21105312
21105824
21106336
21106848
21107360
21107872
21108384
21108896
21109408
21109920
21105313
21105825
21106337
21106849
21107361
21107873
21108385
21108897
21109409
21109921
19742568
19743080
19743592
19744104
19744616
19745128
19745640
19746152
19746664
19747176
19742569
19743081
19743593
19744105
19744617
19745129
19745641
19746153
19746665
19747177
19742570
19743082
19743594
19744106
19744618
19745130
19745642
19746154
19746666
19747178
19742571
19743083
19743595
19744107
19744619
19745131
19745643
19746155
19746667
19747179
19742572
19743084
19743596
19744108
19744620
19745132
19745644
19746156
19746668
19747180
19742573
19743085
19743597
19744109
19744621
19745133
19745645
19746157
19746669
19747181
19742574
19743086
19743598
19744110
19744622
19745134
19745646
19746158
19746670
19747182
19742575
19743087
19743599
19744111
19744623
19745135
19745647
19746159
19746671
19747183
19742576
19743088
19743600
19744112
19744624
19745136
19745648
19746160
19746672
19747184
19742577
19743089
19743601
19744113
19744625
19745137
19745649
19746161
19746673
19747185
15481615
15482127
15482639
15483151
15483663
15484175
15484687
15485199
15485711
15486223
15481616
15482128
15482640
15483152
15483664
15484176
15484688
15485200
15485712
15486224
15481617
15482129
15482641
15483153
15483665
15484177
15484689
15485201
15485713
15486225
15481618
15482130
15482642
15483154
15483666
15484178
15484690
15485202
15485714
15486226
15481619
15482131
15482643
15483155
15483667
15484179
15484691
15485203
15485715
15486227
15481620
15482132
15482644
15483156
15483668
15484180
15484692
15485204
15485716
15486228
15481621
15482133
15482645
15483157
15483669
15484181
15484693
15485205
15485717
15486229
15481622
15482134
15482646
15483158
15483670
15484182
15484694
15485206
15485718
15486230
15481623
15482135
15482647
15483159
15483671
15484183
15484695
15485207
15485719
15486231
15481624
15482136
15482648
15483160
15483672
15484184
15484696
15485208
15485720
15486232
11485171
11485683
11486195
11486707
11487219
11487731
11488243
11488755
11489267
11489779
11485172
11485684
11486196
11486708
11487220
11487732
11488244
11488756
11489268
11489780
11485173
11485685
11486197
11486709
11487221
11487733
11488245
11488757
11489269
11489781
11485174
11485686
11486198
11486710
11487222
11487734
11488246
11488758
11489270
11489782
11485175
11485687
11486199
11486711
11487223
11487735
11488247
11488759
11489271
11489783
11485176
11485688
11486200
11486712
11487224
11487736
11488248
11488760
11489272
11489784
11485177
11485689
11486201
11486713
11487225
11487737
11488249
11488761
11489273
11489785
11485178
11485690
11486202
11486714
11487226
11487738
11488250
11488762
11489274
11489786
11485179
11485691
11486203
11486715
11487227
11487739
11488251
11488763
11489275
11489787
11485180
11485692
11486204
11486716
11487228
11487740
11488252
11488764
11489276
11489788
38556726
38557238
38557750
38558262
38558774
38559286
38559798
38560310
38560822
38561334
38556727
38557239
38557751
38558263
38558775
38559287
38559799
38560311
38560823
38561335
38556728
38557240
38557752
38558264
38558776
38559288
38559800
38560312
38560824
38561336
38556729
38557241
38557753
38558265
38558777
38559289
38559801
38560313
38560825
38561337
38556730
38557242
38557754
38558266
38558778
38559290
38559802
38560314
38560826
38561338
38556731
38557243
38557755
38558267
38558779
38559291
38559803
38560315
38560827
38561339
38556732
38557244
38557756
38558268
38558780
38559292
38559804
38560316
38560828
38561340
38556733
38557245
38557757
38558269
38558781
38559293
38559805
38560317
38560829
38561341
38556734
38557246
38557758
38558270
38558782
38559294
38559806
38560318
38560830
38561342
38556735
38557247
38557759
38558271
38558783
38559295
38559807
38560319
38560831
38561343
2835418
2835930
2836442
2836954
2837466
2837978
2838490
2839002
2839514
2840026
2835419
2835931
2836443
2836955
2837467
2837979
2838491
2839003
2839515
2840027
2835420
2835932
2836444
2836956
2837468
2837980
2838492
2839004
2839516
2840028
2835421
2835933
2836445
2836957
2837469
2837981
2838493
2839005
2839517
2840029
2835422
2835934
2836446
2836958
2837470
2837982
2838494
2839006
2839518
2840030
2835423
2835935
2836447
2836959
2837471
2837983
2838495
2839007
2839519
2840031
2835424
2835936
2836448
2836960
2837472
2837984
2838496
2839008
2839520
2840032
2835425
2835937
2836449
2836961
2837473
2837985
2838497
2839009
2839521
2840033
2835426
2835938
2836450
2836962
2837474
2837986
2838498
2839010
2839522
2840034
2835427
2835939
2836451
2836963
2837475
2837987
2838499
2839011
2839523
2840035
28809535
28810047
28810559
28811071
28811583
28812095
28812607
28813119
28813631
28814143
28809536
28810048
28810560
28811072
28811584
28812096
28812608
28813120
28813632
28814144
28809537
28810049
28810561
28811073
28811585
28812097
28812609
28813121
28813633
28814145
28809538
28810050
28810562
28811074
28811586
28812098
28812610
28813122
28813634
28814146
28809539
28810051
28810563
28811075
28811587
28812099
28812611
28813123
28813635
28814147
28809540
28810052
28810564
28811076
28811588
28812100
28812612
28813124
28813636
28814148
28809541
28810053
28810565
28811077
28811589
28812101
28812613
28813125
28813637
28814149
28809542
28810054
28810566
28811078
28811590
28812102
28812614
28813126
28813638
28814150
28809543
28810055
28810567
28811079
28811591
28812103
28812615
28813127
28813639
28814151
28809544
28810056
28810568
28811080
28811592
28812104
28812616
28813128
28813640
28814152
29247166
29247678
29248190
29248702
29249214
29249726
29250238
29250750
29251262
29251774
29247167
29247679
29248191
29248703
29249215
29249727
29250239
29250751
29251263
29251775
29247168
29247680
29248192
29248704
29249216
29249728
29250240
29250752
29251264
29251776
29247169
29247681
29248193
29248705
29249217
29249729
29250241
29250753
29251265
29251777
29247170
29247682
29248194
29248706
29249218
29249730
29250242
29250754
29251266
29251778
29247171
29247683
29248195
29248707
29249219
29249731
29250243
29250755
29251267
29251779
29247172
29247684
29248196
29248708
29249220
29249732
29250244
29250756
29251268
29251780
29247173
29247685
29248197
29248709
29249221
29249733
29250245
29250757
29251269
29251781
29247174
29247686
29248198
29248710
29249222
29249734
29250246
29250758
29251270
29251782
29247175
29247687
29248199
29248711
29249223
29249735
29250247
29250759
29251271
29251783
32752458
32752970
32753482
32753994
32754506
32755018
32755530
32756042
32756554
32757066
32752459
32752971
32753483
32753995
32754507
32755019
32755531
32756043
32756555
32757067
32752460
32752972
32753484
32753996
32754508
32755020
32755532
32756044
32756556
32757068
32752461
32752973
32753485
32753997
32754509
32755021
32755533
32756045
32756557
32757069
32752462
32752974
32753486
32753998
32754510
32755022
32755534
32756046
32756558
32757070
32752463
32752975
32753487
32753999
32754511
32755023
32755535
32756047
32756559
32757071
32752464
32752976
32753488
32754000
32754512
32755024
32755536
32756048
32756560
32757072
32752465
32752977
32753489
32754001
32754513
32755025
32755537
32756049
32756561
32757073
32752466
32752978
32753490
32754002
32754514
32755026
32755538
32756050
32756562
32757074
32752467
32752979
32753491
32754003
32754515
32755027
32755539
32756051
32756563
32757075
29588404
29588916
29589428
29589940
29590452
29590964
29591476
29591988
29592500
29593012
29588405
29588917
29589429
29589941
29590453
29590965
29591477
29591989
29592501
29593013
29588406
29588918
29589430
29589942
29590454
29590966
29591478
29591990
29592502
29593014
29588407
29588919
29589431
29589943
29590455
29590967
29591479
29591991
29592503
29593015
29588408
29588920
29589432
29589944
29590456
29590968
29591480
29591992
29592504
29593016
29588409
29588921
29589433
29589945
29590457
29590969
29591481
29591993
29592505
29593017
29588410
29588922
29589434
29589946
29590458
29590970
29591482
29591994
29592506
29593018
29588411
29588923
29589435
29589947
29590459
29590971
29591483
29591995
29592507
29593019
29588412
29588924
29589436
29589948
29590460
29590972
29591484
29591996
29592508
29593020
29588413
29588925
29589437
29589949
29590461
29590973
29591485
29591997
29592509
29593021
10132215
10132727
10133239
10133751
10134263
10134775
10135287
10135799
10136311
10136823
10132216
10132728
10133240
10133752
10134264
10134776
10135288
10135800
10136312
10136824
10132217
10132729
10133241
10133753
10134265
10134777
10135289
10135801
10136313
10136825
10132218
10132730
10133242
10133754
10134266
10134778
10135290
10135802
10136314
10136826
10132219
10132731
10133243
10133755
10134267
10134779
10135291
10135803
10136315
10136827
10132220
10132732
10133244
10133756
10134268
10134780
10135292
10135804
10136316
10136828
10132221
10132733
10133245
10133757
10134269
10134781
10135293
10135805
10136317
10136829
10132222
10132734
10133246
10133758
10134270
10134782
10135294
10135806
10136318
10136830
10132223
10132735
10133247
10133759
10134271
10134783
10135295
10135807
10136319
10136831
10132224
10132736
10133248
10133760
10134272
10134784
10135296
10135808
10136320
10136832
18909602
18910114
18910626
18911138
18911650
18912162
18912674
18913186
18913698
18914210
18909603
18910115
18910627
18911139
18911651
18912163
18912675
18913187
18913699
18914211
18909604
18910116
18910628
18911140
18911652
18912164
18912676
18913188
18913700
18914212
18909605
18910117
18910629
18911141
18911653
18912165
18912677
18913189
18913701
18914213
18909606
18910118
18910630
18911142
18911654
18912166
18912678
18913190
18913702
18914214
18909607
18910119
18910631
18911143
18911655
18912167
18912679
18913191
18913703
18914215
18909608
18910120
18910632
18911144
18911656
18912168
18912680
18913192
18913704
18914216
18909609
18910121
18910633
18911145
18911657
18912169
18912681
18913193
18913705
18914217
18909610
18910122
18910634
18911146
18911658
18912170
18912682
18913194
18913706
18914218
18909611
18910123
18910635
18911147
18911659
18912171
18912683
18913195
18913707
18914219
12461875
12462387
12462899
12463411
12463923
12464435
12464947
12465459
12465971
12466483
12461876
12462388
12462900
12463412
12463924
12464436
12464948
12465460
12465972
12466484
12461877
12462389
12462901
12463413
12463925
12464437
12464949
12465461
12465973
12466485
12461878
12462390
12462902
12463414
12463926
12464438
12464950
12465462
12465974
12466486
12461879
12462391
12462903
12463415
12463927
12464439
12464951
12465463
12465975
12466487
12461880
12462392
12462904
12463416
12463928
12464440
12464952
12465464
12465976
12466488
12461881
12462393
12462905
12463417
12463929
12464441
12464953
12465465
12465977
12466489
12461882
12462394
12462906
12463418
12463930
12464442
12464954
12465466
12465978
12466490
12461883
12462395
12462907
12463419
12463931
12464443
12464955
12465467
12465979
12466491
12461884
12462396
12462908
12463420
12463932
12464444
12464956
12465468
12465980
12466492
21970992
21971504
21972016
21972528
21973040
21973552
21974064
21974576
21975088
21975600
21970993
21971505
21972017
21972529
21973041
21973553
21974065
21974577
21975089
21975601
21970994
21971506
21972018
21972530
21973042
21973554
21974066
21974578
21975090
21975602
21970995
21971507
21972019
21972531
21973043
21973555
21974067
21974579
21975091
21975603
21970996
21971508
21972020
21972532
21973044
21973556
21974068
21974580
21975092
21975604
21970997
21971509
21972021
21972533
21973045
21973557
21974069
21974581
21975093
21975605
21970998
21971510
21972022
21972534
21973046
21973558
21974070
21974582
21975094
21975606
21970999
21971511
21972023
21972535
21973047
21973559
21974071
21974583
21975095
21975607
21971000
21971512
21972024
21972536
21973048
21973560
21974072
21974584
21975096
21975608
21971001
21971513
21972025
21972537
21973049
21973561
21974073
21974585
21975097
21975609
13582375
13582887
13583399
13583911
13584423
13584935
13585447
13585959
13586471
13586983
13582376
13582888
13583400
13583912
13584424
13584936
13585448
13585960
13586472
13586984
13582377
13582889
13583401
13583913
13584425
13584937
13585449
13585961
13586473
13586985
13582378
13582890
13583402
13583914
13584426
13584938
13585450
13585962
13586474
13586986
13582379
13582891
13583403
13583915
13584427
13584939
13585451
13585963
13586475
13586987
13582380
13582892
13583404
13583916
13584428
13584940
13585452
13585964
13586476
13586988
13582381
13582893
13583405
13583917
13584429
13584941
13585453
13585965
13586477
13586989
13582382
13582894
13583406
13583918
13584430
13584942
13585454
13585966
13586478
13586990
13582383
13582895
13583407
13583919
13584431
13584943
13585455
13585967
13586479
13586991
13582384
13582896
13583408
13583920
13584432
13584944
13585456
13585968
13586480
13586992
24293425
24293937
24294449
24294961
24295473
24295985
24296497
24297009
24297521
24298033
24293426
24293938
24294450
24294962
24295474
24295986
24296498
24297010
24297522
24298034
24293427
24293939
24294451
24294963
24295475
24295987
24296499
24297011
24297523
24298035
24293428
24293940
24294452
24294964
24295476
24295988
24296500
24297012
24297524
24298036
24293429
24293941
24294453
24294965
24295477
24295989
24296501
24297013
24297525
24298037
24293430
24293942
24294454
24294966
24295478
24295990
24296502
24297014
24297526
24298038
24293431
24293943
24294455
24294967
24295479
24295991
24296503
24297015
24297527
24298039
24293432
24293944
24294456
24294968
24295480
24295992
24296504
24297016
24297528
24298040
24293433
24293945
24294457
24294969
24295481
24295993
24296505
24297017
24297529
24298041
24293434
24293946
24294458
24294970
24295482
24295994
24296506
24297018
24297530
24298042
