8679434
8679946
8680458
8680970
8681482
8681994
8682506
8683018
8683530
8684042
8679435
8679947
8680459
8680971
8681483
8681995
8682507
8683019
8683531
8684043
8679436
8679948
8680460
8680972
8681484
8681996
8682508
8683020
8683532
8684044
8679437
8679949
8680461
8680973
8681485
8681997
8682509
8683021
8683533
8684045
8679438
8679950
8680462
8680974
8681486
8681998
8682510
8683022
8683534
8684046
8679439
8679951
8680463
8680975
8681487
8681999
8682511
8683023
8683535
8684047
8679440
8679952
8680464
8680976
8681488
8682000
8682512
8683024
8683536
8684048
8679441
8679953
8680465
8680977
8681489
8682001
8682513
8683025
8683537
8684049
8679442
8679954
8680466
8680978
8681490
8682002
8682514
8683026
8683538
8684050
8679443
8679955
8680467
8680979
8681491
8682003
8682515
8683027
8683539
8684051
5388401
5388913
5389425
5389937
5390449
5390961
5391473
5391985
5392497
5393009
5388402
5388914
5389426
5389938
5390450
5390962
5391474
5391986
5392498
5393010
5388403
5388915
5389427
5389939
5390451
5390963
5391475
5391987
5392499
5393011
5388404
5388916
5389428
5389940
5390452
5390964
5391476
5391988
5392500
5393012
5388405
5388917
5389429
5389941
5390453
5390965
5391477
5391989
5392501
5393013
5388406
5388918
5389430
5389942
5390454
5390966
5391478
5391990
5392502
5393014
5388407
5388919
5389431
5389943
5390455
5390967
5391479
5391991
5392503
5393015
5388408
5388920
5389432
5389944
5390456
5390968
5391480
5391992
5392504
5393016
5388409
5388921
5389433
5389945
5390457
5390969
5391481
5391993
5392505
5393017
5388410
5388922
5389434
5389946
5390458
5390970
5391482
5391994
5392506
5393018
2693771
2694283
2694795
2695307
2695819
2696331
2696843
2697355
2697867
2698379
2693772
2694284
2694796
2695308
2695820
2696332
2696844
2697356
2697868
2698380
2693773
2694285
2694797
2695309
2695821
2696333
2696845
2697357
2697869
2698381
2693774
2694286
2694798
2695310
2695822
2696334
2696846
2697358
2697870
2698382
2693775
2694287
2694799
2695311
2695823
2696335
2696847
2697359
2697871
2698383
2693776
2694288
2694800
2695312
2695824
2696336
2696848
2697360
2697872
2698384
2693777
2694289
2694801
2695313
2695825
2696337
2696849
2697361
2697873
2698385
2693778
2694290
2694802
2695314
2695826
2696338
2696850
2697362
2697874
2698386
2693779
2694291
2694803
2695315
2695827
2696339
2696851
2697363
2697875
2698387
2693780
2694292
2694804
2695316
2695828
2696340
2696852
2697364
2697876
2698388
7999240
7999752
8000264
8000776
8001288
8001800
8002312
8002824
8003336
8003848
7999241
7999753
8000265
8000777
8001289
8001801
8002313
8002825
8003337
8003849
7999242
7999754
8000266
8000778
8001290
8001802
8002314
8002826
8003338
8003850
7999243
7999755
8000267
8000779
8001291
8001803
8002315
8002827
8003339
8003851
7999244
7999756
8000268
8000780
8001292
8001804
8002316
8002828
8003340
8003852
7999245
7999757
8000269
8000781
8001293
8001805
8002317
8002829
8003341
8003853
7999246
7999758
8000270
8000782
8001294
8001806
8002318
8002830
8003342
8003854
7999247
7999759
8000271
8000783
8001295
8001807
8002319
8002831
8003343
8003855
7999248
7999760
8000272
8000784
8001296
8001808
8002320
8002832
8003344
8003856
7999249
7999761
8000273
8000785
8001297
8001809
8002321
8002833
8003345
8003857
32069130
32069642
32070154
32070666
32071178
32071690
32072202
32072714
32073226
32073738
32069131
32069643
32070155
32070667
32071179
32071691
32072203
32072715
32073227
32073739
32069132
32069644
32070156
32070668
32071180
32071692
32072204
32072716
32073228
32073740
32069133
32069645
32070157
32070669
32071181
32071693
32072205
32072717
32073229
32073741
32069134
32069646
32070158
32070670
32071182
32071694
32072206
32072718
32073230
32073742
32069135
32069647
32070159
32070671
32071183
32071695
32072207
32072719
32073231
32073743
32069136
32069648
32070160
32070672
32071184
32071696
32072208
32072720
32073232
32073744
32069137
32069649
32070161
32070673
32071185
32071697
32072209
32072721
32073233
32073745
32069138
32069650
32070162
32070674
32071186
32071698
32072210
32072722
32073234
32073746
32069139
32069651
32070163
32070675
32071187
32071699
32072211
32072723
32073235
32073747
37379548
37380060
37380572
37381084
37381596
37382108
37382620
37383132
37383644
37384156
37379549
37380061
37380573
37381085
37381597
37382109
37382621
37383133
37383645
37384157
37379550
37380062
37380574
37381086
37381598
37382110
37382622
37383134
37383646
37384158
37379551
37380063
37380575
37381087
37381599
37382111
37382623
37383135
37383647
37384159
37379552
37380064
37380576
37381088
37381600
37382112
37382624
37383136
37383648
37384160
37379553
37380065
37380577
37381089
37381601
37382113
37382625
37383137
37383649
37384161
37379554
37380066
37380578
37381090
37381602
37382114
37382626
37383138
37383650
37384162
37379555
37380067
37380579
37381091
37381603
37382115
37382627
37383139
37383651
37384163
37379556
37380068
37380580
37381092
37381604
37382116
37382628
37383140
37383652
37384164
37379557
37380069
37380581
37381093
37381605
37382117
37382629
37383141
37383653
37384165
302359
302871
303383
303895
304407
304919
305431
305943
306455
306967
302360
302872
303384
303896
304408
304920
305432
305944
306456
306968
302361
302873
303385
303897
304409
304921
305433
305945
306457
306969
302362
302874
303386
303898
304410
304922
305434
305946
306458
306970
302363
302875
303387
303899
304411
304923
305435
305947
306459
306971
302364
302876
303388
303900
304412
304924
305436
305948
306460
306972
302365
302877
303389
303901
304413
304925
305437
305949
306461
306973
302366
302878
303390
303902
304414
304926
305438
305950
306462
306974
302367
302879
303391
303903
304415
304927
305439
305951
306463
306975
302368
302880
303392
303904
304416
304928
305440
305952
306464
306976
4425355
4425867
4426379
4426891
4427403
4427915
4428427
4428939
4429451
4429963
4425356
4425868
4426380
4426892
4427404
4427916
4428428
4428940
4429452
4429964
4425357
4425869
4426381
4426893
4427405
4427917
4428429
4428941
4429453
4429965
4425358
4425870
4426382
4426894
4427406
4427918
4428430
4428942
4429454
4429966
4425359
4425871
4426383
4426895
4427407
4427919
4428431
4428943
4429455
4429967
4425360
4425872
4426384
4426896
4427408
4427920
4428432
4428944
4429456
4429968
4425361
4425873
4426385
4426897
4427409
4427921
4428433
4428945
4429457
4429969
4425362
4425874
4426386
4426898
4427410
4427922
4428434
4428946
4429458
4429970
4425363
4425875
4426387
4426899
4427411
4427923
4428435
4428947
4429459
4429971
4425364
4425876
4426388
4426900
4427412
4427924
4428436
4428948
4429460
4429972
33024232
33024744
33025256
33025768
33026280
33026792
33027304
33027816
33028328
33028840
33024233
33024745
33025257
33025769
33026281
33026793
33027305
33027817
33028329
33028841
33024234
33024746
33025258
33025770
33026282
33026794
33027306
33027818
33028330
33028842
33024235
33024747
33025259
33025771
33026283
33026795
33027307
33027819
33028331
33028843
33024236
33024748
33025260
33025772
33026284
33026796
33027308
33027820
33028332
33028844
33024237
33024749
33025261
33025773
33026285
33026797
33027309
33027821
33028333
33028845
33024238
33024750
33025262
33025774
33026286
33026798
33027310
33027822
33028334
33028846
33024239
33024751
33025263
33025775
33026287
33026799
33027311
33027823
33028335
33028847
33024240
33024752
33025264
33025776
33026288
33026800
33027312
33027824
33028336
33028848
33024241
33024753
33025265
33025777
33026289
33026801
33027313
33027825
33028337
33028849
37947126
37947638
37948150
37948662
37949174
37949686
37950198
37950710
37951222
37951734
37947127
37947639
37948151
37948663
37949175
37949687
37950199
37950711
37951223
37951735
37947128
37947640
37948152
37948664
37949176
37949688
37950200
37950712
37951224
37951736
37947129
37947641
37948153
37948665
37949177
37949689
37950201
37950713
37951225
37951737
37947130
37947642
37948154
37948666
37949178
37949690
37950202
37950714
37951226
37951738
37947131
37947643
37948155
37948667
37949179
37949691
37950203
37950715
37951227
37951739
37947132
37947644
37948156
37948668
37949180
37949692
37950204
37950716
37951228
37951740
37947133
37947645
37948157
37948669
37949181
37949693
37950205
37950717
37951229
37951741
37947134
37947646
37948158
37948670
37949182
37949694
37950206
37950718
37951230
37951742
37947135
37947647
37948159
37948671
37949183
37949695
37950207
37950719
37951231
37951743
30840146
30840658
30841170
30841682
30842194
30842706
30843218
30843730
30844242
30844754
30840147
30840659
30841171
30841683
30842195
30842707
30843219
30843731
30844243
30844755
30840148
30840660
30841172
30841684
30842196
30842708
30843220
30843732
30844244
30844756
30840149
30840661
30841173
30841685
30842197
30842709
30843221
30843733
30844245
30844757
30840150
30840662
30841174
30841686
30842198
30842710
30843222
30843734
30844246
30844758
30840151
30840663
30841175
30841687
30842199
30842711
30843223
30843735
30844247
30844759
30840152
30840664
30841176
30841688
30842200
30842712
30843224
30843736
30844248
30844760
30840153
30840665
30841177
30841689
30842201
30842713
30843225
30843737
30844249
30844761
30840154
30840666
30841178
30841690
30842202
30842714
30843226
30843738
30844250
30844762
30840155
30840667
30841179
30841691
30842203
30842715
30843227
30843739
30844251
30844763
26254957
26255469
26255981
26256493
26257005
26257517
26258029
26258541
26259053
26259565
26254958
26255470
26255982
26256494
26257006
26257518
26258030
26258542
26259054
26259566
26254959
26255471
26255983
26256495
26257007
26257519
26258031
26258543
26259055
26259567
26254960
26255472
26255984
26256496
26257008
26257520
26258032
26258544
26259056
26259568
26254961
26255473
26255985
26256497
26257009
26257521
26258033
26258545
26259057
26259569
26254962
26255474
26255986
26256498
26257010
26257522
26258034
26258546
26259058
26259570
26254963
26255475
26255987
26256499
26257011
26257523
26258035
26258547
26259059
26259571
26254964
26255476
26255988
26256500
26257012
26257524
26258036
26258548
26259060
26259572
26254965
26255477
26255989
26256501
26257013
26257525
26258037
26258549
26259061
26259573
26254966
26255478
26255990
26256502
26257014
26257526
26258038
26258550
26259062
26259574
820677
821189
821701
822213
822725
823237
823749
824261
824773
825285
820678
821190
821702
822214
822726
823238
823750
824262
824774
825286
820679
821191
821703
822215
822727
823239
823751
824263
824775
825287
820680
821192
821704
822216
822728
823240
823752
824264
824776
825288
820681
821193
821705
822217
822729
823241
823753
824265
824777
825289
820682
821194
821706
822218
822730
823242
823754
824266
824778
825290
820683
821195
821707
822219
822731
823243
823755
824267
824779
825291
820684
821196
821708
822220
822732
823244
823756
824268
824780
825292
820685
821197
821709
822221
822733
823245
823757
824269
824781
825293
820686
821198
821710
822222
822734
823246
823758
824270
824782
825294
32417416
32417928
32418440
32418952
32419464
32419976
32420488
32421000
32421512
32422024
32417417
32417929
32418441
32418953
32419465
32419977
32420489
32421001
32421513
32422025
32417418
32417930
32418442
32418954
32419466
32419978
32420490
32421002
32421514
32422026
32417419
32417931
32418443
32418955
32419467
32419979
32420491
32421003
32421515
32422027
32417420
32417932
32418444
32418956
32419468
32419980
32420492
32421004
32421516
32422028
32417421
32417933
32418445
32418957
32419469
32419981
32420493
32421005
32421517
32422029
32417422
32417934
32418446
32418958
32419470
32419982
32420494
32421006
32421518
32422030
32417423
32417935
32418447
32418959
32419471
32419983
32420495
32421007
32421519
32422031
32417424
32417936
32418448
32418960
32419472
32419984
32420496
32421008
32421520
32422032
32417425
32417937
32418449
32418961
32419473
32419985
32420497
32421009
32421521
32422033
38828955
38829467
38829979
38830491
38831003
38831515
38832027
38832539
38833051
38833563
38828956
38829468
38829980
38830492
38831004
38831516
38832028
38832540
38833052
38833564
38828957
38829469
38829981
38830493
38831005
38831517
38832029
38832541
38833053
38833565
38828958
38829470
38829982
38830494
38831006
38831518
38832030
38832542
38833054
38833566
38828959
38829471
38829983
38830495
38831007
38831519
38832031
38832543
38833055
38833567
38828960
38829472
38829984
38830496
38831008
38831520
38832032
38832544
38833056
38833568
38828961
38829473
38829985
38830497
38831009
38831521
38832033
38832545
38833057
38833569
38828962
38829474
38829986
38830498
38831010
38831522
38832034
38832546
38833058
38833570
38828963
38829475
38829987
38830499
38831011
38831523
38832035
38832547
38833059
38833571
38828964
38829476
38829988
38830500
38831012
38831524
38832036
38832548
38833060
38833572
35645150
35645662
35646174
35646686
35647198
35647710
35648222
35648734
35649246
35649758
35645151
35645663
35646175
35646687
35647199
35647711
35648223
35648735
35649247
35649759
35645152
35645664
35646176
35646688
35647200
35647712
35648224
35648736
35649248
35649760
35645153
35645665
35646177
35646689
35647201
35647713
35648225
35648737
35649249
35649761
35645154
35645666
35646178
35646690
35647202
35647714
35648226
35648738
35649250
35649762
35645155
35645667
35646179
35646691
35647203
35647715
35648227
35648739
35649251
35649763
35645156
35645668
35646180
35646692
35647204
35647716
35648228
35648740
35649252
35649764
35645157
35645669
35646181
35646693
35647205
35647717
35648229
35648741
35649253
35649765
35645158
35645670
35646182
35646694
35647206
35647718
35648230
35648742
35649254
35649766
35645159
35645671
35646183
35646695
35647207
35647719
35648231
35648743
35649255
35649767
26559123
26559635
26560147
26560659
26561171
26561683
26562195
26562707
26563219
26563731
26559124
26559636
26560148
26560660
26561172
26561684
26562196
26562708
26563220
26563732
26559125
26559637
26560149
26560661
26561173
26561685
26562197
26562709
26563221
26563733
26559126
26559638
26560150
26560662
26561174
26561686
26562198
26562710
26563222
26563734
26559127
26559639
26560151
26560663
26561175
26561687
26562199
26562711
26563223
26563735
26559128
26559640
26560152
26560664
26561176
26561688
26562200
26562712
26563224
26563736
26559129
26559641
26560153
26560665
26561177
26561689
26562201
26562713
26563225
26563737
26559130
26559642
26560154
26560666
26561178
26561690
26562202
26562714
26563226
26563738
26559131
26559643
26560155
26560667
26561179
26561691
26562203
26562715
26563227
26563739
26559132
26559644
26560156
26560668
26561180
26561692
26562204
26562716
26563228
26563740
28150133
28150645
28151157
28151669
28152181
28152693
28153205
28153717
28154229
28154741
28150134
28150646
28151158
28151670
28152182
28152694
28153206
28153718
28154230
28154742
28150135
28150647
28151159
28151671
28152183
28152695
28153207
28153719
28154231
28154743
28150136
28150648
28151160
28151672
28152184
28152696
28153208
28153720
28154232
28154744
28150137
28150649
28151161
28151673
28152185
28152697
28153209
28153721
28154233
28154745
28150138
28150650
28151162
28151674
28152186
28152698
28153210
28153722
28154234
28154746
28150139
28150651
28151163
28151675
28152187
28152699
28153211
28153723
28154235
28154747
28150140
28150652
28151164
28151676
28152188
28152700
28153212
28153724
28154236
28154748
28150141
28150653
28151165
28151677
28152189
28152701
28153213
28153725
28154237
28154749
28150142
28150654
28151166
28151678
28152190
28152702
28153214
28153726
28154238
28154750
30067339
30067851
30068363
30068875
30069387
30069899
30070411
30070923
30071435
30071947
30067340
30067852
30068364
30068876
30069388
30069900
30070412
30070924
30071436
30071948
30067341
30067853
30068365
30068877
30069389
30069901
30070413
30070925
30071437
30071949
30067342
30067854
30068366
30068878
30069390
30069902
30070414
30070926
30071438
30071950
30067343
30067855
30068367
30068879
30069391
30069903
30070415
30070927
30071439
30071951
30067344
30067856
30068368
30068880
30069392
30069904
30070416
30070928
30071440
30071952
30067345
30067857
30068369
30068881
30069393
30069905
30070417
30070929
30071441
30071953
30067346
30067858
30068370
30068882
30069394
30069906
30070418
30070930
30071442
30071954
30067347
30067859
30068371
30068883
30069395
30069907
30070419
30070931
30071443
30071955
30067348
30067860
30068372
30068884
30069396
30069908
30070420
30070932
30071444
30071956
15178407
15178919
15179431
15179943
15180455
15180967
15181479
15181991
15182503
15183015
15178408
15178920
15179432
15179944
15180456
15180968
15181480
15181992
15182504
15183016
15178409
15178921
15179433
15179945
15180457
15180969
15181481
15181993
15182505
15183017
15178410
15178922
15179434
15179946
15180458
15180970
15181482
15181994
15182506
15183018
15178411
15178923
15179435
15179947
15180459
15180971
15181483
15181995
15182507
15183019
15178412
15178924
15179436
15179948
15180460
15180972
15181484
15181996
15182508
15183020
15178413
15178925
15179437
15179949
15180461
15180973
15181485
15181997
15182509
15183021
15178414
15178926
15179438
15179950
15180462
15180974
15181486
15181998
15182510
15183022
15178415
15178927
15179439
15179951
15180463
15180975
15181487
15181999
15182511
15183023
15178416
15178928
15179440
15179952
15180464
15180976
15181488
15182000
15182512
15183024
18721204
18721716
18722228
18722740
18723252
18723764
18724276
18724788
18725300
18725812
18721205
18721717
18722229
18722741
18723253
18723765
18724277
18724789
18725301
18725813
18721206
18721718
18722230
18722742
18723254
18723766
18724278
18724790
18725302
18725814
18721207
18721719
18722231
18722743
18723255
18723767
18724279
18724791
18725303
18725815
18721208
18721720
18722232
18722744
18723256
18723768
18724280
18724792
18725304
18725816
18721209
18721721
18722233
18722745
18723257
18723769
18724281
18724793
18725305
18725817
18721210
18721722
18722234
18722746
18723258
18723770
18724282
18724794
18725306
18725818
18721211
18721723
18722235
18722747
18723259
18723771
18724283
18724795
18725307
18725819
18721212
18721724
18722236
18722748
18723260
18723772
18724284
18724796
18725308
18725820
18721213
18721725
18722237
18722749
18723261
18723773
18724285
18724797
18725309
18725821
23950938
23951450
23951962
23952474
23952986
23953498
23954010
23954522
23955034
23955546
23950939
23951451
23951963
23952475
23952987
23953499
23954011
23954523
23955035
23955547
23950940
23951452
23951964
23952476
23952988
23953500
23954012
23954524
23955036
23955548
23950941
23951453
23951965
23952477
23952989
23953501
23954013
23954525
23955037
23955549
23950942
23951454
23951966
23952478
23952990
23953502
23954014
23954526
23955038
23955550
23950943
23951455
23951967
23952479
23952991
23953503
23954015
23954527
23955039
23955551
23950944
23951456
23951968
23952480
23952992
23953504
23954016
23954528
23955040
23955552
23950945
23951457
23951969
23952481
23952993
23953505
23954017
23954529
23955041
23955553
23950946
23951458
23951970
23952482
23952994
23953506
23954018
23954530
23955042
23955554
23950947
23951459
23951971
23952483
23952995
23953507
23954019
23954531
23955043
23955555
30832447
30832959
30833471
30833983
30834495
30835007
30835519
30836031
30836543
30837055
30832448
30832960
30833472
30833984
30834496
30835008
30835520
30836032
30836544
30837056
30832449
30832961
30833473
30833985
30834497
30835009
30835521
30836033
30836545
30837057
30832450
30832962
30833474
30833986
30834498
30835010
30835522
30836034
30836546
30837058
30832451
30832963
30833475
30833987
30834499
30835011
30835523
30836035
30836547
30837059
30832452
30832964
30833476
30833988
30834500
30835012
30835524
30836036
30836548
30837060
30832453
30832965
30833477
30833989
30834501
30835013
30835525
30836037
30836549
30837061
30832454
30832966
30833478
30833990
30834502
30835014
30835526
30836038
30836550
30837062
30832455
30832967
30833479
30833991
30834503
30835015
30835527
30836039
30836551
30837063
30832456
30832968
30833480
30833992
30834504
30835016
30835528
30836040
30836552
30837064
26677471
26677983
26678495
26679007
26679519
26680031
26680543
26681055
26681567
26682079
26677472
26677984
26678496
26679008
26679520
26680032
26680544
26681056
26681568
26682080
26677473
26677985
26678497
26679009
26679521
26680033
26680545
26681057
26681569
26682081
26677474
26677986
26678498
26679010
26679522
26680034
26680546
26681058
26681570
26682082
26677475
26677987
26678499
26679011
26679523
26680035
26680547
26681059
26681571
26682083
26677476
26677988
26678500
26679012
26679524
26680036
26680548
26681060
26681572
26682084
26677477
26677989
26678501
26679013
26679525
26680037
26680549
26681061
26681573
26682085
26677478
26677990
26678502
26679014
26679526
26680038
26680550
26681062
26681574
26682086
26677479
26677991
26678503
26679015
26679527
26680039
26680551
26681063
26681575
26682087
26677480
26677992
26678504
26679016
26679528
26680040
26680552
26681064
26681576
26682088
25381941
25382453
25382965
25383477
25383989
25384501
25385013
25385525
25386037
25386549
25381942
25382454
25382966
25383478
25383990
25384502
25385014
25385526
25386038
25386550
25381943
25382455
25382967
25383479
25383991
25384503
25385015
25385527
25386039
25386551
25381944
25382456
25382968
25383480
25383992
25384504
25385016
25385528
25386040
25386552
25381945
25382457
25382969
25383481
25383993
25384505
25385017
25385529
25386041
25386553
25381946
25382458
25382970
25383482
25383994
25384506
25385018
25385530
25386042
25386554
25381947
25382459
25382971
25383483
25383995
25384507
25385019
25385531
25386043
25386555
25381948
25382460
25382972
25383484
25383996
25384508
25385020
25385532
25386044
25386556
25381949
25382461
25382973
25383485
25383997
25384509
25385021
25385533
25386045
25386557
25381950
25382462
25382974
25383486
25383998
25384510
25385022
25385534
25386046
25386558
30309227
30309739
30310251
30310763
30311275
30311787
30312299
30312811
30313323
30313835
30309228
30309740
30310252
30310764
30311276
30311788
30312300
30312812
30313324
30313836
30309229
30309741
30310253
30310765
30311277
30311789
30312301
30312813
30313325
30313837
30309230
30309742
30310254
30310766
30311278
30311790
30312302
30312814
30313326
30313838
30309231
30309743
30310255
30310767
30311279
30311791
30312303
30312815
30313327
30313839
30309232
30309744
30310256
30310768
30311280
30311792
30312304
30312816
30313328
30313840
30309233
30309745
30310257
30310769
30311281
30311793
30312305
30312817
30313329
30313841
30309234
30309746
30310258
30310770
30311282
30311794
30312306
30312818
30313330
30313842
30309235
30309747
30310259
30310771
30311283
30311795
30312307
30312819
30313331
30313843
30309236
30309748
30310260
30310772
30311284
30311796
30312308
30312820
30313332
30313844
21612222
21612734
21613246
21613758
21614270
21614782
21615294
21615806
21616318
21616830
21612223
21612735
21613247
21613759
21614271
21614783
21615295
21615807
21616319
21616831
21612224
21612736
21613248
21613760
21614272
21614784
21615296
21615808
21616320
21616832
21612225
21612737
21613249
21613761
21614273
21614785
21615297
21615809
21616321
21616833
21612226
21612738
21613250
21613762
21614274
21614786
21615298
21615810
21616322
21616834
21612227
21612739
21613251
21613763
21614275
21614787
21615299
21615811
21616323
21616835
21612228
21612740
21613252
21613764
21614276
21614788
21615300
21615812
21616324
21616836
21612229
21612741
21613253
21613765
21614277
21614789
21615301
21615813
21616325
21616837
21612230
21612742
21613254
21613766
21614278
21614790
21615302
21615814
21616326
21616838
21612231
21612743
21613255
21613767
21614279
21614791
21615303
21615815
21616327
21616839
20050534
20051046
20051558
20052070
20052582
20053094
20053606
20054118
20054630
20055142
20050535
20051047
20051559
20052071
20052583
20053095
20053607
20054119
20054631
20055143
20050536
20051048
20051560
20052072
20052584
20053096
20053608
20054120
20054632
20055144
20050537
20051049
20051561
20052073
20052585
20053097
20053609
20054121
20054633
20055145
20050538
20051050
20051562
20052074
20052586
20053098
20053610
20054122
20054634
20055146
20050539
20051051
20051563
20052075
20052587
20053099
20053611
20054123
20054635
20055147
20050540
20051052
20051564
20052076
20052588
20053100
20053612
20054124
20054636
20055148
20050541
20051053
20051565
20052077
20052589
20053101
20053613
20054125
20054637
20055149
20050542
20051054
20051566
20052078
20052590
20053102
20053614
20054126
20054638
20055150
20050543
20051055
20051567
20052079
20052591
20053103
20053615
20054127
20054639
20055151
15798827
15799339
15799851
15800363
15800875
15801387
15801899
15802411
15802923
15803435
15798828
15799340
15799852
15800364
15800876
15801388
15801900
15802412
15802924
15803436
15798829
15799341
15799853
15800365
15800877
15801389
15801901
15802413
15802925
15803437
15798830
15799342
15799854
15800366
15800878
15801390
15801902
15802414
15802926
15803438
15798831
15799343
15799855
15800367
15800879
15801391
15801903
15802415
15802927
15803439
15798832
15799344
15799856
15800368
15800880
15801392
15801904
15802416
15802928
15803440
15798833
15799345
15799857
15800369
15800881
15801393
15801905
15802417
15802929
15803441
15798834
15799346
15799858
15800370
15800882
15801394
15801906
15802418
15802930
15803442
15798835
15799347
15799859
15800371
15800883
15801395
15801907
15802419
15802931
15803443
15798836
15799348
15799860
15800372
15800884
15801396
15801908
15802420
15802932
15803444
1021120
1021632
1022144
1022656
1023168
1023680
1024192
1024704
1025216
1025728
1021121
1021633
1022145
1022657
1023169
1023681
1024193
1024705
1025217
1025729
1021122
1021634
1022146
1022658
1023170
1023682
1024194
1024706
1025218
1025730
1021123
1021635
1022147
1022659
1023171
1023683
1024195
1024707
1025219
1025731
1021124
1021636
1022148
1022660
1023172
1023684
1024196
1024708
1025220
1025732
1021125
1021637
1022149
1022661
1023173
1023685
1024197
1024709
1025221
1025733
1021126
1021638
1022150
1022662
1023174
1023686
1024198
1024710
1025222
1025734
1021127
1021639
1022151
1022663
1023175
1023687
1024199
1024711
1025223
1025735
1021128
1021640
1022152
1022664
1023176
1023688
1024200
1024712
1025224
1025736
1021129
1021641
1022153
1022665
1023177
1023689
1024201
1024713
1025225
1025737
