27878176
27878688
27879200
27879712
27880224
27880736
27881248
27881760
27882272
27882784
27878177
27878689
27879201
27879713
27880225
27880737
27881249
27881761
27882273
27882785
27878178
27878690
27879202
27879714
27880226
27880738
27881250
27881762
27882274
27882786
27878179
27878691
27879203
27879715
27880227
27880739
27881251
27881763
27882275
27882787
27878180
27878692
27879204
27879716
27880228
27880740
27881252
27881764
27882276
27882788
27878181
27878693
27879205
27879717
27880229
27880741
27881253
27881765
27882277
27882789
27878182
27878694
27879206
27879718
27880230
27880742
27881254
27881766
27882278
27882790
27878183
27878695
27879207
27879719
27880231
27880743
27881255
27881767
27882279
27882791
27878184
27878696
27879208
27879720
27880232
27880744
27881256
27881768
27882280
27882792
27878185
27878697
27879209
27879721
27880233
27880745
27881257
27881769
27882281
27882793
31893261
31893773
31894285
31894797
31895309
31895821
31896333
31896845
31897357
31897869
31893262
31893774
31894286
31894798
31895310
31895822
31896334
31896846
31897358
31897870
31893263
31893775
31894287
31894799
31895311
31895823
31896335
31896847
31897359
31897871
31893264
31893776
31894288
31894800
31895312
31895824
31896336
31896848
31897360
31897872
31893265
31893777
31894289
31894801
31895313
31895825
31896337
31896849
31897361
31897873
31893266
31893778
31894290
31894802
31895314
31895826
31896338
31896850
31897362
31897874
31893267
31893779
31894291
31894803
31895315
31895827
31896339
31896851
31897363
31897875
31893268
31893780
31894292
31894804
31895316
31895828
31896340
31896852
31897364
31897876
31893269
31893781
31894293
31894805
31895317
31895829
31896341
31896853
31897365
31897877
31893270
31893782
31894294
31894806
31895318
31895830
31896342
31896854
31897366
31897878
18394921
18395433
18395945
18396457
18396969
18397481
18397993
18398505
18399017
18399529
18394922
18395434
18395946
18396458
18396970
18397482
18397994
18398506
18399018
18399530
18394923
18395435
18395947
18396459
18396971
18397483
18397995
18398507
18399019
18399531
18394924
18395436
18395948
18396460
18396972
18397484
18397996
18398508
18399020
18399532
18394925
18395437
18395949
18396461
18396973
18397485
18397997
18398509
18399021
18399533
18394926
18395438
18395950
18396462
18396974
18397486
18397998
18398510
18399022
18399534
18394927
18395439
18395951
18396463
18396975
18397487
18397999
18398511
18399023
18399535
18394928
18395440
18395952
18396464
18396976
18397488
18398000
18398512
18399024
18399536
18394929
18395441
18395953
18396465
18396977
18397489
18398001
18398513
18399025
18399537
18394930
18395442
18395954
18396466
18396978
18397490
18398002
18398514
18399026
18399538
34462382
34462894
34463406
34463918
34464430
34464942
34465454
34465966
34466478
34466990
34462383
34462895
34463407
34463919
34464431
34464943
34465455
34465967
34466479
34466991
34462384
34462896
34463408
34463920
34464432
34464944
34465456
34465968
34466480
34466992
34462385
34462897
34463409
34463921
34464433
34464945
34465457
34465969
34466481
34466993
34462386
34462898
34463410
34463922
34464434
34464946
34465458
34465970
34466482
34466994
34462387
34462899
34463411
34463923
34464435
34464947
34465459
34465971
34466483
34466995
34462388
34462900
34463412
34463924
34464436
34464948
34465460
34465972
34466484
34466996
34462389
34462901
34463413
34463925
34464437
34464949
34465461
34465973
34466485
34466997
34462390
34462902
34463414
34463926
34464438
34464950
34465462
34465974
34466486
34466998
34462391
34462903
34463415
34463927
34464439
34464951
34465463
34465975
34466487
34466999
33639139
33639651
33640163
33640675
33641187
33641699
33642211
33642723
33643235
33643747
33639140
33639652
33640164
33640676
33641188
33641700
33642212
33642724
33643236
33643748
33639141
33639653
33640165
33640677
33641189
33641701
33642213
33642725
33643237
33643749
33639142
33639654
33640166
33640678
33641190
33641702
33642214
33642726
33643238
33643750
33639143
33639655
33640167
33640679
33641191
33641703
33642215
33642727
33643239
33643751
33639144
33639656
33640168
33640680
33641192
33641704
33642216
33642728
33643240
33643752
33639145
33639657
33640169
33640681
33641193
33641705
33642217
33642729
33643241
33643753
33639146
33639658
33640170
33640682
33641194
33641706
33642218
33642730
33643242
33643754
33639147
33639659
33640171
33640683
33641195
33641707
33642219
33642731
33643243
33643755
33639148
33639660
33640172
33640684
33641196
33641708
33642220
33642732
33643244
33643756
32640231
32640743
32641255
32641767
32642279
32642791
32643303
32643815
32644327
32644839
32640232
32640744
32641256
32641768
32642280
32642792
32643304
32643816
32644328
32644840
32640233
32640745
32641257
32641769
32642281
32642793
32643305
32643817
32644329
32644841
32640234
32640746
32641258
32641770
32642282
32642794
32643306
32643818
32644330
32644842
32640235
32640747
32641259
32641771
32642283
32642795
32643307
32643819
32644331
32644843
32640236
32640748
32641260
32641772
32642284
32642796
32643308
32643820
32644332
32644844
32640237
32640749
32641261
32641773
32642285
32642797
32643309
32643821
32644333
32644845
32640238
32640750
32641262
32641774
32642286
32642798
32643310
32643822
32644334
32644846
32640239
32640751
32641263
32641775
32642287
32642799
32643311
32643823
32644335
32644847
32640240
32640752
32641264
32641776
32642288
32642800
32643312
32643824
32644336
32644848
27717928
27718440
27718952
27719464
27719976
27720488
27721000
27721512
27722024
27722536
27717929
27718441
27718953
27719465
27719977
27720489
27721001
27721513
27722025
27722537
27717930
27718442
27718954
27719466
27719978
27720490
27721002
27721514
27722026
27722538
27717931
27718443
27718955
27719467
27719979
27720491
27721003
27721515
27722027
27722539
27717932
27718444
27718956
27719468
27719980
27720492
27721004
27721516
27722028
27722540
27717933
27718445
27718957
27719469
27719981
27720493
27721005
27721517
27722029
27722541
27717934
27718446
27718958
27719470
27719982
27720494
27721006
27721518
27722030
27722542
27717935
27718447
27718959
27719471
27719983
27720495
27721007
27721519
27722031
27722543
27717936
27718448
27718960
27719472
27719984
27720496
27721008
27721520
27722032
27722544
27717937
27718449
27718961
27719473
27719985
27720497
27721009
27721521
27722033
27722545
26009379
26009891
26010403
26010915
26011427
26011939
26012451
26012963
26013475
26013987
26009380
26009892
26010404
26010916
26011428
26011940
26012452
26012964
26013476
26013988
26009381
26009893
26010405
26010917
26011429
26011941
26012453
26012965
26013477
26013989
26009382
26009894
26010406
26010918
26011430
26011942
26012454
26012966
26013478
26013990
26009383
26009895
26010407
26010919
26011431
26011943
26012455
26012967
26013479
26013991
26009384
26009896
26010408
26010920
26011432
26011944
26012456
26012968
26013480
26013992
26009385
26009897
26010409
26010921
26011433
26011945
26012457
26012969
26013481
26013993
26009386
26009898
26010410
26010922
26011434
26011946
26012458
26012970
26013482
26013994
26009387
26009899
26010411
26010923
26011435
26011947
26012459
26012971
26013483
26013995
26009388
26009900
26010412
26010924
26011436
26011948
26012460
26012972
26013484
26013996
29232369
29232881
29233393
29233905
29234417
29234929
29235441
29235953
29236465
29236977
29232370
29232882
29233394
29233906
29234418
29234930
29235442
29235954
29236466
29236978
29232371
29232883
29233395
29233907
29234419
29234931
29235443
29235955
29236467
29236979
29232372
29232884
29233396
29233908
29234420
29234932
29235444
29235956
29236468
29236980
29232373
29232885
29233397
29233909
29234421
29234933
29235445
29235957
29236469
29236981
29232374
29232886
29233398
29233910
29234422
29234934
29235446
29235958
29236470
29236982
29232375
29232887
29233399
29233911
29234423
29234935
29235447
29235959
29236471
29236983
29232376
29232888
29233400
29233912
29234424
29234936
29235448
29235960
29236472
29236984
29232377
29232889
29233401
29233913
29234425
29234937
29235449
29235961
29236473
29236985
29232378
29232890
29233402
29233914
29234426
29234938
29235450
29235962
29236474
29236986
34653441
34653953
34654465
34654977
34655489
34656001
34656513
34657025
34657537
34658049
34653442
34653954
34654466
34654978
34655490
34656002
34656514
34657026
34657538
34658050
34653443
34653955
34654467
34654979
34655491
34656003
34656515
34657027
34657539
34658051
34653444
34653956
34654468
34654980
34655492
34656004
34656516
34657028
34657540
34658052
34653445
34653957
34654469
34654981
34655493
34656005
34656517
34657029
34657541
34658053
34653446
34653958
34654470
34654982
34655494
34656006
34656518
34657030
34657542
34658054
34653447
34653959
34654471
34654983
34655495
34656007
34656519
34657031
34657543
34658055
34653448
34653960
34654472
34654984
34655496
34656008
34656520
34657032
34657544
34658056
34653449
34653961
34654473
34654985
34655497
34656009
34656521
34657033
34657545
34658057
34653450
34653962
34654474
34654986
34655498
34656010
34656522
34657034
34657546
34658058
28119210
28119722
28120234
28120746
28121258
28121770
28122282
28122794
28123306
28123818
28119211
28119723
28120235
28120747
28121259
28121771
28122283
28122795
28123307
28123819
28119212
28119724
28120236
28120748
28121260
28121772
28122284
28122796
28123308
28123820
28119213
28119725
28120237
28120749
28121261
28121773
28122285
28122797
28123309
28123821
28119214
28119726
28120238
28120750
28121262
28121774
28122286
28122798
28123310
28123822
28119215
28119727
28120239
28120751
28121263
28121775
28122287
28122799
28123311
28123823
28119216
28119728
28120240
28120752
28121264
28121776
28122288
28122800
28123312
28123824
28119217
28119729
28120241
28120753
28121265
28121777
28122289
28122801
28123313
28123825
28119218
28119730
28120242
28120754
28121266
28121778
28122290
28122802
28123314
28123826
28119219
28119731
28120243
28120755
28121267
28121779
28122291
28122803
28123315
28123827
27852530
27853042
27853554
27854066
27854578
27855090
27855602
27856114
27856626
27857138
27852531
27853043
27853555
27854067
27854579
27855091
27855603
27856115
27856627
27857139
27852532
27853044
27853556
27854068
27854580
27855092
27855604
27856116
27856628
27857140
27852533
27853045
27853557
27854069
27854581
27855093
27855605
27856117
27856629
27857141
27852534
27853046
27853558
27854070
27854582
27855094
27855606
27856118
27856630
27857142
27852535
27853047
27853559
27854071
27854583
27855095
27855607
27856119
27856631
27857143
27852536
27853048
27853560
27854072
27854584
27855096
27855608
27856120
27856632
27857144
27852537
27853049
27853561
27854073
27854585
27855097
27855609
27856121
27856633
27857145
27852538
27853050
27853562
27854074
27854586
27855098
27855610
27856122
27856634
27857146
27852539
27853051
27853563
27854075
27854587
27855099
27855611
27856123
27856635
27857147
34918678
34919190
34919702
34920214
34920726
34921238
34921750
34922262
34922774
34923286
34918679
34919191
34919703
34920215
34920727
34921239
34921751
34922263
34922775
34923287
34918680
34919192
34919704
34920216
34920728
34921240
34921752
34922264
34922776
34923288
34918681
34919193
34919705
34920217
34920729
34921241
34921753
34922265
34922777
34923289
34918682
34919194
34919706
34920218
34920730
34921242
34921754
34922266
34922778
34923290
34918683
34919195
34919707
34920219
34920731
34921243
34921755
34922267
34922779
34923291
34918684
34919196
34919708
34920220
34920732
34921244
34921756
34922268
34922780
34923292
34918685
34919197
34919709
34920221
34920733
34921245
34921757
34922269
34922781
34923293
34918686
34919198
34919710
34920222
34920734
34921246
34921758
34922270
34922782
34923294
34918687
34919199
34919711
34920223
34920735
34921247
34921759
34922271
34922783
34923295
31279809
31280321
31280833
31281345
31281857
31282369
31282881
31283393
31283905
31284417
31279810
31280322
31280834
31281346
31281858
31282370
31282882
31283394
31283906
31284418
31279811
31280323
31280835
31281347
31281859
31282371
31282883
31283395
31283907
31284419
31279812
31280324
31280836
31281348
31281860
31282372
31282884
31283396
31283908
31284420
31279813
31280325
31280837
31281349
31281861
31282373
31282885
31283397
31283909
31284421
31279814
31280326
31280838
31281350
31281862
31282374
31282886
31283398
31283910
31284422
31279815
31280327
31280839
31281351
31281863
31282375
31282887
31283399
31283911
31284423
31279816
31280328
31280840
31281352
31281864
31282376
31282888
31283400
31283912
31284424
31279817
31280329
31280841
31281353
31281865
31282377
31282889
31283401
31283913
31284425
31279818
31280330
31280842
31281354
31281866
31282378
31282890
31283402
31283914
31284426
33156268
33156780
33157292
33157804
33158316
33158828
33159340
33159852
33160364
33160876
33156269
33156781
33157293
33157805
33158317
33158829
33159341
33159853
33160365
33160877
33156270
33156782
33157294
33157806
33158318
33158830
33159342
33159854
33160366
33160878
33156271
33156783
33157295
33157807
33158319
33158831
33159343
33159855
33160367
33160879
33156272
33156784
33157296
33157808
33158320
33158832
33159344
33159856
33160368
33160880
33156273
33156785
33157297
33157809
33158321
33158833
33159345
33159857
33160369
33160881
33156274
33156786
33157298
33157810
33158322
33158834
33159346
33159858
33160370
33160882
33156275
33156787
33157299
33157811
33158323
33158835
33159347
33159859
33160371
33160883
33156276
33156788
33157300
33157812
33158324
33158836
33159348
33159860
33160372
33160884
33156277
33156789
33157301
33157813
33158325
33158837
33159349
33159861
33160373
33160885
33921258
33921770
33922282
33922794
33923306
33923818
33924330
33924842
33925354
33925866
33921259
33921771
33922283
33922795
33923307
33923819
33924331
33924843
33925355
33925867
33921260
33921772
33922284
33922796
33923308
33923820
33924332
33924844
33925356
33925868
33921261
33921773
33922285
33922797
33923309
33923821
33924333
33924845
33925357
33925869
33921262
33921774
33922286
33922798
33923310
33923822
33924334
33924846
33925358
33925870
33921263
33921775
33922287
33922799
33923311
33923823
33924335
33924847
33925359
33925871
33921264
33921776
33922288
33922800
33923312
33923824
33924336
33924848
33925360
33925872
33921265
33921777
33922289
33922801
33923313
33923825
33924337
33924849
33925361
33925873
33921266
33921778
33922290
33922802
33923314
33923826
33924338
33924850
33925362
33925874
33921267
33921779
33922291
33922803
33923315
33923827
33924339
33924851
33925363
33925875
25473831
25474343
25474855
25475367
25475879
25476391
25476903
25477415
25477927
25478439
25473832
25474344
25474856
25475368
25475880
25476392
25476904
25477416
25477928
25478440
25473833
25474345
25474857
25475369
25475881
25476393
25476905
25477417
25477929
25478441
25473834
25474346
25474858
25475370
25475882
25476394
25476906
25477418
25477930
25478442
25473835
25474347
25474859
25475371
25475883
25476395
25476907
25477419
25477931
25478443
25473836
25474348
25474860
25475372
25475884
25476396
25476908
25477420
25477932
25478444
25473837
25474349
25474861
25475373
25475885
25476397
25476909
25477421
25477933
25478445
25473838
25474350
25474862
25475374
25475886
25476398
25476910
25477422
25477934
25478446
25473839
25474351
25474863
25475375
25475887
25476399
25476911
25477423
25477935
25478447
25473840
25474352
25474864
25475376
25475888
25476400
25476912
25477424
25477936
25478448
32082681
32083193
32083705
32084217
32084729
32085241
32085753
32086265
32086777
32087289
32082682
32083194
32083706
32084218
32084730
32085242
32085754
32086266
32086778
32087290
32082683
32083195
32083707
32084219
32084731
32085243
32085755
32086267
32086779
32087291
32082684
32083196
32083708
32084220
32084732
32085244
32085756
32086268
32086780
32087292
32082685
32083197
32083709
32084221
32084733
32085245
32085757
32086269
32086781
32087293
32082686
32083198
32083710
32084222
32084734
32085246
32085758
32086270
32086782
32087294
32082687
32083199
32083711
32084223
32084735
32085247
32085759
32086271
32086783
32087295
32082688
32083200
32083712
32084224
32084736
32085248
32085760
32086272
32086784
32087296
32082689
32083201
32083713
32084225
32084737
32085249
32085761
32086273
32086785
32087297
32082690
32083202
32083714
32084226
32084738
32085250
32085762
32086274
32086786
32087298
33621707
33622219
33622731
33623243
33623755
33624267
33624779
33625291
33625803
33626315
33621708
33622220
33622732
33623244
33623756
33624268
33624780
33625292
33625804
33626316
33621709
33622221
33622733
33623245
33623757
33624269
33624781
33625293
33625805
33626317
33621710
33622222
33622734
33623246
33623758
33624270
33624782
33625294
33625806
33626318
33621711
33622223
33622735
33623247
33623759
33624271
33624783
33625295
33625807
33626319
33621712
33622224
33622736
33623248
33623760
33624272
33624784
33625296
33625808
33626320
33621713
33622225
33622737
33623249
33623761
33624273
33624785
33625297
33625809
33626321
33621714
33622226
33622738
33623250
33623762
33624274
33624786
33625298
33625810
33626322
33621715
33622227
33622739
33623251
33623763
33624275
33624787
33625299
33625811
33626323
33621716
33622228
33622740
33623252
33623764
33624276
33624788
33625300
33625812
33626324
27316018
27316530
27317042
27317554
27318066
27318578
27319090
27319602
27320114
27320626
27316019
27316531
27317043
27317555
27318067
27318579
27319091
27319603
27320115
27320627
27316020
27316532
27317044
27317556
27318068
27318580
27319092
27319604
27320116
27320628
27316021
27316533
27317045
27317557
27318069
27318581
27319093
27319605
27320117
27320629
27316022
27316534
27317046
27317558
27318070
27318582
27319094
27319606
27320118
27320630
27316023
27316535
27317047
27317559
27318071
27318583
27319095
27319607
27320119
27320631
27316024
27316536
27317048
27317560
27318072
27318584
27319096
27319608
27320120
27320632
27316025
27316537
27317049
27317561
27318073
27318585
27319097
27319609
27320121
27320633
27316026
27316538
27317050
27317562
27318074
27318586
27319098
27319610
27320122
27320634
27316027
27316539
27317051
27317563
27318075
27318587
27319099
27319611
27320123
27320635
30852893
30853405
30853917
30854429
30854941
30855453
30855965
30856477
30856989
30857501
30852894
30853406
30853918
30854430
30854942
30855454
30855966
30856478
30856990
30857502
30852895
30853407
30853919
30854431
30854943
30855455
30855967
30856479
30856991
30857503
30852896
30853408
30853920
30854432
30854944
30855456
30855968
30856480
30856992
30857504
30852897
30853409
30853921
30854433
30854945
30855457
30855969
30856481
30856993
30857505
30852898
30853410
30853922
30854434
30854946
30855458
30855970
30856482
30856994
30857506
30852899
30853411
30853923
30854435
30854947
30855459
30855971
30856483
30856995
30857507
30852900
30853412
30853924
30854436
30854948
30855460
30855972
30856484
30856996
30857508
30852901
30853413
30853925
30854437
30854949
30855461
30855973
30856485
30856997
30857509
30852902
30853414
30853926
30854438
30854950
30855462
30855974
30856486
30856998
30857510
29988118
29988630
29989142
29989654
29990166
29990678
29991190
29991702
29992214
29992726
29988119
29988631
29989143
29989655
29990167
29990679
29991191
29991703
29992215
29992727
29988120
29988632
29989144
29989656
29990168
29990680
29991192
29991704
29992216
29992728
29988121
29988633
29989145
29989657
29990169
29990681
29991193
29991705
29992217
29992729
29988122
29988634
29989146
29989658
29990170
29990682
29991194
29991706
29992218
29992730
29988123
29988635
29989147
29989659
29990171
29990683
29991195
29991707
29992219
29992731
29988124
29988636
29989148
29989660
29990172
29990684
29991196
29991708
29992220
29992732
29988125
29988637
29989149
29989661
29990173
29990685
29991197
29991709
29992221
29992733
29988126
29988638
29989150
29989662
29990174
29990686
29991198
29991710
29992222
29992734
29988127
29988639
29989151
29989663
29990175
29990687
29991199
29991711
29992223
29992735
20509374
20509886
20510398
20510910
20511422
20511934
20512446
20512958
20513470
20513982
20509375
20509887
20510399
20510911
20511423
20511935
20512447
20512959
20513471
20513983
20509376
20509888
20510400
20510912
20511424
20511936
20512448
20512960
20513472
20513984
20509377
20509889
20510401
20510913
20511425
20511937
20512449
20512961
20513473
20513985
20509378
20509890
20510402
20510914
20511426
20511938
20512450
20512962
20513474
20513986
20509379
20509891
20510403
20510915
20511427
20511939
20512451
20512963
20513475
20513987
20509380
20509892
20510404
20510916
20511428
20511940
20512452
20512964
20513476
20513988
20509381
20509893
20510405
20510917
20511429
20511941
20512453
20512965
20513477
20513989
20509382
20509894
20510406
20510918
20511430
20511942
20512454
20512966
20513478
20513990
20509383
20509895
20510407
20510919
20511431
20511943
20512455
20512967
20513479
20513991
27318576
27319088
27319600
27320112
27320624
27321136
27321648
27322160
27322672
27323184
27318577
27319089
27319601
27320113
27320625
27321137
27321649
27322161
27322673
27323185
27318578
27319090
27319602
27320114
27320626
27321138
27321650
27322162
27322674
27323186
27318579
27319091
27319603
27320115
27320627
27321139
27321651
27322163
27322675
27323187
27318580
27319092
27319604
27320116
27320628
27321140
27321652
27322164
27322676
27323188
27318581
27319093
27319605
27320117
27320629
27321141
27321653
27322165
27322677
27323189
27318582
27319094
27319606
27320118
27320630
27321142
27321654
27322166
27322678
27323190
27318583
27319095
27319607
27320119
27320631
27321143
27321655
27322167
27322679
27323191
27318584
27319096
27319608
27320120
27320632
27321144
27321656
27322168
27322680
27323192
27318585
27319097
27319609
27320121
27320633
27321145
27321657
27322169
27322681
27323193
33883883
33884395
33884907
33885419
33885931
33886443
33886955
33887467
33887979
33888491
33883884
33884396
33884908
33885420
33885932
33886444
33886956
33887468
33887980
33888492
33883885
33884397
33884909
33885421
33885933
33886445
33886957
33887469
33887981
33888493
33883886
33884398
33884910
33885422
33885934
33886446
33886958
33887470
33887982
33888494
33883887
33884399
33884911
33885423
33885935
33886447
33886959
33887471
33887983
33888495
33883888
33884400
33884912
33885424
33885936
33886448
33886960
33887472
33887984
33888496
33883889
33884401
33884913
33885425
33885937
33886449
33886961
33887473
33887985
33888497
33883890
33884402
33884914
33885426
33885938
33886450
33886962
33887474
33887986
33888498
33883891
33884403
33884915
33885427
33885939
33886451
33886963
33887475
33887987
33888499
33883892
33884404
33884916
33885428
33885940
33886452
33886964
33887476
33887988
33888500
30074163
30074675
30075187
30075699
30076211
30076723
30077235
30077747
30078259
30078771
30074164
30074676
30075188
30075700
30076212
30076724
30077236
30077748
30078260
30078772
30074165
30074677
30075189
30075701
30076213
30076725
30077237
30077749
30078261
30078773
30074166
30074678
30075190
30075702
30076214
30076726
30077238
30077750
30078262
30078774
30074167
30074679
30075191
30075703
30076215
30076727
30077239
30077751
30078263
30078775
30074168
30074680
30075192
30075704
30076216
30076728
30077240
30077752
30078264
30078776
30074169
30074681
30075193
30075705
30076217
30076729
30077241
30077753
30078265
30078777
30074170
30074682
30075194
30075706
30076218
30076730
30077242
30077754
30078266
30078778
30074171
30074683
30075195
30075707
30076219
30076731
30077243
30077755
30078267
30078779
30074172
30074684
30075196
30075708
30076220
30076732
30077244
30077756
30078268
30078780
29941033
29941545
29942057
29942569
29943081
29943593
29944105
29944617
29945129
29945641
29941034
29941546
29942058
29942570
29943082
29943594
29944106
29944618
29945130
29945642
29941035
29941547
29942059
29942571
29943083
29943595
29944107
29944619
29945131
29945643
29941036
29941548
29942060
29942572
29943084
29943596
29944108
29944620
29945132
29945644
29941037
29941549
29942061
29942573
29943085
29943597
29944109
29944621
29945133
29945645
29941038
29941550
29942062
29942574
29943086
29943598
29944110
29944622
29945134
29945646
29941039
29941551
29942063
29942575
29943087
29943599
29944111
29944623
29945135
29945647
29941040
29941552
29942064
29942576
29943088
29943600
29944112
29944624
29945136
29945648
29941041
29941553
29942065
29942577
29943089
29943601
29944113
29944625
29945137
29945649
29941042
29941554
29942066
29942578
29943090
29943602
29944114
29944626
29945138
29945650
30021370
30021882
30022394
30022906
30023418
30023930
30024442
30024954
30025466
30025978
30021371
30021883
30022395
30022907
30023419
30023931
30024443
30024955
30025467
30025979
30021372
30021884
30022396
30022908
30023420
30023932
30024444
30024956
30025468
30025980
30021373
30021885
30022397
30022909
30023421
30023933
30024445
30024957
30025469
30025981
30021374
30021886
30022398
30022910
30023422
30023934
30024446
30024958
30025470
30025982
30021375
30021887
30022399
30022911
30023423
30023935
30024447
30024959
30025471
30025983
30021376
30021888
30022400
30022912
30023424
30023936
30024448
30024960
30025472
30025984
30021377
30021889
30022401
30022913
30023425
30023937
30024449
30024961
30025473
30025985
30021378
30021890
30022402
30022914
30023426
30023938
30024450
30024962
30025474
30025986
30021379
30021891
30022403
30022915
30023427
30023939
30024451
30024963
30025475
30025987
28926196
28926708
28927220
28927732
28928244
28928756
28929268
28929780
28930292
28930804
28926197
28926709
28927221
28927733
28928245
28928757
28929269
28929781
28930293
28930805
28926198
28926710
28927222
28927734
28928246
28928758
28929270
28929782
28930294
28930806
28926199
28926711
28927223
28927735
28928247
28928759
28929271
28929783
28930295
28930807
28926200
28926712
28927224
28927736
28928248
28928760
28929272
28929784
28930296
28930808
28926201
28926713
28927225
28927737
28928249
28928761
28929273
28929785
28930297
28930809
28926202
28926714
28927226
28927738
28928250
28928762
28929274
28929786
28930298
28930810
28926203
28926715
28927227
28927739
28928251
28928763
28929275
28929787
28930299
28930811
28926204
28926716
28927228
28927740
28928252
28928764
28929276
28929788
28930300
28930812
28926205
28926717
28927229
28927741
28928253
28928765
28929277
28929789
28930301
28930813
25736933
25737445
25737957
25738469
25738981
25739493
25740005
25740517
25741029
25741541
25736934
25737446
25737958
25738470
25738982
25739494
25740006
25740518
25741030
25741542
25736935
25737447
25737959
25738471
25738983
25739495
25740007
25740519
25741031
25741543
25736936
25737448
25737960
25738472
25738984
25739496
25740008
25740520
25741032
25741544
25736937
25737449
25737961
25738473
25738985
25739497
25740009
25740521
25741033
25741545
25736938
25737450
25737962
25738474
25738986
25739498
25740010
25740522
25741034
25741546
25736939
25737451
25737963
25738475
25738987
25739499
25740011
25740523
25741035
25741547
25736940
25737452
25737964
25738476
25738988
25739500
25740012
25740524
25741036
25741548
25736941
25737453
25737965
25738477
25738989
25739501
25740013
25740525
25741037
25741549
25736942
25737454
25737966
25738478
25738990
25739502
25740014
25740526
25741038
25741550
