37116423
37116935
37117447
37117959
37118471
37118983
37119495
37120007
37120519
37121031
37116424
37116936
37117448
37117960
37118472
37118984
37119496
37120008
37120520
37121032
37116425
37116937
37117449
37117961
37118473
37118985
37119497
37120009
37120521
37121033
37116426
37116938
37117450
37117962
37118474
37118986
37119498
37120010
37120522
37121034
37116427
37116939
37117451
37117963
37118475
37118987
37119499
37120011
37120523
37121035
37116428
37116940
37117452
37117964
37118476
37118988
37119500
37120012
37120524
37121036
37116429
37116941
37117453
37117965
37118477
37118989
37119501
37120013
37120525
37121037
37116430
37116942
37117454
37117966
37118478
37118990
37119502
37120014
37120526
37121038
37116431
37116943
37117455
37117967
37118479
37118991
37119503
37120015
37120527
37121039
37116432
37116944
37117456
37117968
37118480
37118992
37119504
37120016
37120528
37121040
33378166
33378678
33379190
33379702
33380214
33380726
33381238
33381750
33382262
33382774
33378167
33378679
33379191
33379703
33380215
33380727
33381239
33381751
33382263
33382775
33378168
33378680
33379192
33379704
33380216
33380728
33381240
33381752
33382264
33382776
33378169
33378681
33379193
33379705
33380217
33380729
33381241
33381753
33382265
33382777
33378170
33378682
33379194
33379706
33380218
33380730
33381242
33381754
33382266
33382778
33378171
33378683
33379195
33379707
33380219
33380731
33381243
33381755
33382267
33382779
33378172
33378684
33379196
33379708
33380220
33380732
33381244
33381756
33382268
33382780
33378173
33378685
33379197
33379709
33380221
33380733
33381245
33381757
33382269
33382781
33378174
33378686
33379198
33379710
33380222
33380734
33381246
33381758
33382270
33382782
33378175
33378687
33379199
33379711
33380223
33380735
33381247
33381759
33382271
33382783
29000261
29000773
29001285
29001797
29002309
29002821
29003333
29003845
29004357
29004869
29000262
29000774
29001286
29001798
29002310
29002822
29003334
29003846
29004358
29004870
29000263
29000775
29001287
29001799
29002311
29002823
29003335
29003847
29004359
29004871
29000264
29000776
29001288
29001800
29002312
29002824
29003336
29003848
29004360
29004872
29000265
29000777
29001289
29001801
29002313
29002825
29003337
29003849
29004361
29004873
29000266
29000778
29001290
29001802
29002314
29002826
29003338
29003850
29004362
29004874
29000267
29000779
29001291
29001803
29002315
29002827
29003339
29003851
29004363
29004875
29000268
29000780
29001292
29001804
29002316
29002828
29003340
29003852
29004364
29004876
29000269
29000781
29001293
29001805
29002317
29002829
29003341
29003853
29004365
29004877
29000270
29000782
29001294
29001806
29002318
29002830
29003342
29003854
29004366
29004878
11413036
11413548
11414060
11414572
11415084
11415596
11416108
11416620
11417132
11417644
11413037
11413549
11414061
11414573
11415085
11415597
11416109
11416621
11417133
11417645
11413038
11413550
11414062
11414574
11415086
11415598
11416110
11416622
11417134
11417646
11413039
11413551
11414063
11414575
11415087
11415599
11416111
11416623
11417135
11417647
11413040
11413552
11414064
11414576
11415088
11415600
11416112
11416624
11417136
11417648
11413041
11413553
11414065
11414577
11415089
11415601
11416113
11416625
11417137
11417649
11413042
11413554
11414066
11414578
11415090
11415602
11416114
11416626
11417138
11417650
11413043
11413555
11414067
11414579
11415091
11415603
11416115
11416627
11417139
11417651
11413044
11413556
11414068
11414580
11415092
11415604
11416116
11416628
11417140
11417652
11413045
11413557
11414069
11414581
11415093
11415605
11416117
11416629
11417141
11417653
18505518
18506030
18506542
18507054
18507566
18508078
18508590
18509102
18509614
18510126
18505519
18506031
18506543
18507055
18507567
18508079
18508591
18509103
18509615
18510127
18505520
18506032
18506544
18507056
18507568
18508080
18508592
18509104
18509616
18510128
18505521
18506033
18506545
18507057
18507569
18508081
18508593
18509105
18509617
18510129
18505522
18506034
18506546
18507058
18507570
18508082
18508594
18509106
18509618
18510130
18505523
18506035
18506547
18507059
18507571
18508083
18508595
18509107
18509619
18510131
18505524
18506036
18506548
18507060
18507572
18508084
18508596
18509108
18509620
18510132
18505525
18506037
18506549
18507061
18507573
18508085
18508597
18509109
18509621
18510133
18505526
18506038
18506550
18507062
18507574
18508086
18508598
18509110
18509622
18510134
18505527
18506039
18506551
18507063
18507575
18508087
18508599
18509111
18509623
18510135
11274101
11274613
11275125
11275637
11276149
11276661
11277173
11277685
11278197
11278709
11274102
11274614
11275126
11275638
11276150
11276662
11277174
11277686
11278198
11278710
11274103
11274615
11275127
11275639
11276151
11276663
11277175
11277687
11278199
11278711
11274104
11274616
11275128
11275640
11276152
11276664
11277176
11277688
11278200
11278712
11274105
11274617
11275129
11275641
11276153
11276665
11277177
11277689
11278201
11278713
11274106
11274618
11275130
11275642
11276154
11276666
11277178
11277690
11278202
11278714
11274107
11274619
11275131
11275643
11276155
11276667
11277179
11277691
11278203
11278715
11274108
11274620
11275132
11275644
11276156
11276668
11277180
11277692
11278204
11278716
11274109
11274621
11275133
11275645
11276157
11276669
11277181
11277693
11278205
11278717
11274110
11274622
11275134
11275646
11276158
11276670
11277182
11277694
11278206
11278718
6523629
6524141
6524653
6525165
6525677
6526189
6526701
6527213
6527725
6528237
6523630
6524142
6524654
6525166
6525678
6526190
6526702
6527214
6527726
6528238
6523631
6524143
6524655
6525167
6525679
6526191
6526703
6527215
6527727
6528239
6523632
6524144
6524656
6525168
6525680
6526192
6526704
6527216
6527728
6528240
6523633
6524145
6524657
6525169
6525681
6526193
6526705
6527217
6527729
6528241
6523634
6524146
6524658
6525170
6525682
6526194
6526706
6527218
6527730
6528242
6523635
6524147
6524659
6525171
6525683
6526195
6526707
6527219
6527731
6528243
6523636
6524148
6524660
6525172
6525684
6526196
6526708
6527220
6527732
6528244
6523637
6524149
6524661
6525173
6525685
6526197
6526709
6527221
6527733
6528245
6523638
6524150
6524662
6525174
6525686
6526198
6526710
6527222
6527734
6528246
31868279
31868791
31869303
31869815
31870327
31870839
31871351
31871863
31872375
31872887
31868280
31868792
31869304
31869816
31870328
31870840
31871352
31871864
31872376
31872888
31868281
31868793
31869305
31869817
31870329
31870841
31871353
31871865
31872377
31872889
31868282
31868794
31869306
31869818
31870330
31870842
31871354
31871866
31872378
31872890
31868283
31868795
31869307
31869819
31870331
31870843
31871355
31871867
31872379
31872891
31868284
31868796
31869308
31869820
31870332
31870844
31871356
31871868
31872380
31872892
31868285
31868797
31869309
31869821
31870333
31870845
31871357
31871869
31872381
31872893
31868286
31868798
31869310
31869822
31870334
31870846
31871358
31871870
31872382
31872894
31868287
31868799
31869311
31869823
31870335
31870847
31871359
31871871
31872383
31872895
31868288
31868800
31869312
31869824
31870336
31870848
31871360
31871872
31872384
31872896
24807708
24808220
24808732
24809244
24809756
24810268
24810780
24811292
24811804
24812316
24807709
24808221
24808733
24809245
24809757
24810269
24810781
24811293
24811805
24812317
24807710
24808222
24808734
24809246
24809758
24810270
24810782
24811294
24811806
24812318
24807711
24808223
24808735
24809247
24809759
24810271
24810783
24811295
24811807
24812319
24807712
24808224
24808736
24809248
24809760
24810272
24810784
24811296
24811808
24812320
24807713
24808225
24808737
24809249
24809761
24810273
24810785
24811297
24811809
24812321
24807714
24808226
24808738
24809250
24809762
24810274
24810786
24811298
24811810
24812322
24807715
24808227
24808739
24809251
24809763
24810275
24810787
24811299
24811811
24812323
24807716
24808228
24808740
24809252
24809764
24810276
24810788
24811300
24811812
24812324
24807717
24808229
24808741
24809253
24809765
24810277
24810789
24811301
24811813
24812325
35490775
35491287
35491799
35492311
35492823
35493335
35493847
35494359
35494871
35495383
35490776
35491288
35491800
35492312
35492824
35493336
35493848
35494360
35494872
35495384
35490777
35491289
35491801
35492313
35492825
35493337
35493849
35494361
35494873
35495385
35490778
35491290
35491802
35492314
35492826
35493338
35493850
35494362
35494874
35495386
35490779
35491291
35491803
35492315
35492827
35493339
35493851
35494363
35494875
35495387
35490780
35491292
35491804
35492316
35492828
35493340
35493852
35494364
35494876
35495388
35490781
35491293
35491805
35492317
35492829
35493341
35493853
35494365
35494877
35495389
35490782
35491294
35491806
35492318
35492830
35493342
35493854
35494366
35494878
35495390
35490783
35491295
35491807
35492319
35492831
35493343
35493855
35494367
35494879
35495391
35490784
35491296
35491808
35492320
35492832
35493344
35493856
35494368
35494880
35495392
18376122
18376634
18377146
18377658
18378170
18378682
18379194
18379706
18380218
18380730
18376123
18376635
18377147
18377659
18378171
18378683
18379195
18379707
18380219
18380731
18376124
18376636
18377148
18377660
18378172
18378684
18379196
18379708
18380220
18380732
18376125
18376637
18377149
18377661
18378173
18378685
18379197
18379709
18380221
18380733
18376126
18376638
18377150
18377662
18378174
18378686
18379198
18379710
18380222
18380734
18376127
18376639
18377151
18377663
18378175
18378687
18379199
18379711
18380223
18380735
18376128
18376640
18377152
18377664
18378176
18378688
18379200
18379712
18380224
18380736
18376129
18376641
18377153
18377665
18378177
18378689
18379201
18379713
18380225
18380737
18376130
18376642
18377154
18377666
18378178
18378690
18379202
18379714
18380226
18380738
18376131
18376643
18377155
18377667
18378179
18378691
18379203
18379715
18380227
18380739
24633757
24634269
24634781
24635293
24635805
24636317
24636829
24637341
24637853
24638365
24633758
24634270
24634782
24635294
24635806
24636318
24636830
24637342
24637854
24638366
24633759
24634271
24634783
24635295
24635807
24636319
24636831
24637343
24637855
24638367
24633760
24634272
24634784
24635296
24635808
24636320
24636832
24637344
24637856
24638368
24633761
24634273
24634785
24635297
24635809
24636321
24636833
24637345
24637857
24638369
24633762
24634274
24634786
24635298
24635810
24636322
24636834
24637346
24637858
24638370
24633763
24634275
24634787
24635299
24635811
24636323
24636835
24637347
24637859
24638371
24633764
24634276
24634788
24635300
24635812
24636324
24636836
24637348
24637860
24638372
24633765
24634277
24634789
24635301
24635813
24636325
24636837
24637349
24637861
24638373
24633766
24634278
24634790
24635302
24635814
24636326
24636838
24637350
24637862
24638374
15452821
15453333
15453845
15454357
15454869
15455381
15455893
15456405
15456917
15457429
15452822
15453334
15453846
15454358
15454870
15455382
15455894
15456406
15456918
15457430
15452823
15453335
15453847
15454359
15454871
15455383
15455895
15456407
15456919
15457431
15452824
15453336
15453848
15454360
15454872
15455384
15455896
15456408
15456920
15457432
15452825
15453337
15453849
15454361
15454873
15455385
15455897
15456409
15456921
15457433
15452826
15453338
15453850
15454362
15454874
15455386
15455898
15456410
15456922
15457434
15452827
15453339
15453851
15454363
15454875
15455387
15455899
15456411
15456923
15457435
15452828
15453340
15453852
15454364
15454876
15455388
15455900
15456412
15456924
15457436
15452829
15453341
15453853
15454365
15454877
15455389
15455901
15456413
15456925
15457437
15452830
15453342
15453854
15454366
15454878
15455390
15455902
15456414
15456926
15457438
7878635
7879147
7879659
7880171
7880683
7881195
7881707
7882219
7882731
7883243
7878636
7879148
7879660
7880172
7880684
7881196
7881708
7882220
7882732
7883244
7878637
7879149
7879661
7880173
7880685
7881197
7881709
7882221
7882733
7883245
7878638
7879150
7879662
7880174
7880686
7881198
7881710
7882222
7882734
7883246
7878639
7879151
7879663
7880175
7880687
7881199
7881711
7882223
7882735
7883247
7878640
7879152
7879664
7880176
7880688
7881200
7881712
7882224
7882736
7883248
7878641
7879153
7879665
7880177
7880689
7881201
7881713
7882225
7882737
7883249
7878642
7879154
7879666
7880178
7880690
7881202
7881714
7882226
7882738
7883250
7878643
7879155
7879667
7880179
7880691
7881203
7881715
7882227
7882739
7883251
7878644
7879156
7879668
7880180
7880692
7881204
7881716
7882228
7882740
7883252
5646182
5646694
5647206
5647718
5648230
5648742
5649254
5649766
5650278
5650790
5646183
5646695
5647207
5647719
5648231
5648743
5649255
5649767
5650279
5650791
5646184
5646696
5647208
5647720
5648232
5648744
5649256
5649768
5650280
5650792
5646185
5646697
5647209
5647721
5648233
5648745
5649257
5649769
5650281
5650793
5646186
5646698
5647210
5647722
5648234
5648746
5649258
5649770
5650282
5650794
5646187
5646699
5647211
5647723
5648235
5648747
5649259
5649771
5650283
5650795
5646188
5646700
5647212
5647724
5648236
5648748
5649260
5649772
5650284
5650796
5646189
5646701
5647213
5647725
5648237
5648749
5649261
5649773
5650285
5650797
5646190
5646702
5647214
5647726
5648238
5648750
5649262
5649774
5650286
5650798
5646191
5646703
5647215
5647727
5648239
5648751
5649263
5649775
5650287
5650799
34714956
34715468
34715980
34716492
34717004
34717516
34718028
34718540
34719052
34719564
34714957
34715469
34715981
34716493
34717005
34717517
34718029
34718541
34719053
34719565
34714958
34715470
34715982
34716494
34717006
34717518
34718030
34718542
34719054
34719566
34714959
34715471
34715983
34716495
34717007
34717519
34718031
34718543
34719055
34719567
34714960
34715472
34715984
34716496
34717008
34717520
34718032
34718544
34719056
34719568
34714961
34715473
34715985
34716497
34717009
34717521
34718033
34718545
34719057
34719569
34714962
34715474
34715986
34716498
34717010
34717522
34718034
34718546
34719058
34719570
34714963
34715475
34715987
34716499
34717011
34717523
34718035
34718547
34719059
34719571
34714964
34715476
34715988
34716500
34717012
34717524
34718036
34718548
34719060
34719572
34714965
34715477
34715989
34716501
34717013
34717525
34718037
34718549
34719061
34719573
21150947
21151459
21151971
21152483
21152995
21153507
21154019
21154531
21155043
21155555
21150948
21151460
21151972
21152484
21152996
21153508
21154020
21154532
21155044
21155556
21150949
21151461
21151973
21152485
21152997
21153509
21154021
21154533
21155045
21155557
21150950
21151462
21151974
21152486
21152998
21153510
21154022
21154534
21155046
21155558
21150951
21151463
21151975
21152487
21152999
21153511
21154023
21154535
21155047
21155559
21150952
21151464
21151976
21152488
21153000
21153512
21154024
21154536
21155048
21155560
21150953
21151465
21151977
21152489
21153001
21153513
21154025
21154537
21155049
21155561
21150954
21151466
21151978
21152490
21153002
21153514
21154026
21154538
21155050
21155562
21150955
21151467
21151979
21152491
21153003
21153515
21154027
21154539
21155051
21155563
21150956
21151468
21151980
21152492
21153004
21153516
21154028
21154540
21155052
21155564
10159915
10160427
10160939
10161451
10161963
10162475
10162987
10163499
10164011
10164523
10159916
10160428
10160940
10161452
10161964
10162476
10162988
10163500
10164012
10164524
10159917
10160429
10160941
10161453
10161965
10162477
10162989
10163501
10164013
10164525
10159918
10160430
10160942
10161454
10161966
10162478
10162990
10163502
10164014
10164526
10159919
10160431
10160943
10161455
10161967
10162479
10162991
10163503
10164015
10164527
10159920
10160432
10160944
10161456
10161968
10162480
10162992
10163504
10164016
10164528
10159921
10160433
10160945
10161457
10161969
10162481
10162993
10163505
10164017
10164529
10159922
10160434
10160946
10161458
10161970
10162482
10162994
10163506
10164018
10164530
10159923
10160435
10160947
10161459
10161971
10162483
10162995
10163507
10164019
10164531
10159924
10160436
10160948
10161460
10161972
10162484
10162996
10163508
10164020
10164532
37995420
37995932
37996444
37996956
37997468
37997980
37998492
37999004
37999516
38000028
37995421
37995933
37996445
37996957
37997469
37997981
37998493
37999005
37999517
38000029
37995422
37995934
37996446
37996958
37997470
37997982
37998494
37999006
37999518
38000030
37995423
37995935
37996447
37996959
37997471
37997983
37998495
37999007
37999519
38000031
37995424
37995936
37996448
37996960
37997472
37997984
37998496
37999008
37999520
38000032
37995425
37995937
37996449
37996961
37997473
37997985
37998497
37999009
37999521
38000033
37995426
37995938
37996450
37996962
37997474
37997986
37998498
37999010
37999522
38000034
37995427
37995939
37996451
37996963
37997475
37997987
37998499
37999011
37999523
38000035
37995428
37995940
37996452
37996964
37997476
37997988
37998500
37999012
37999524
38000036
37995429
37995941
37996453
37996965
37997477
37997989
37998501
37999013
37999525
38000037
4270217
4270729
4271241
4271753
4272265
4272777
4273289
4273801
4274313
4274825
4270218
4270730
4271242
4271754
4272266
4272778
4273290
4273802
4274314
4274826
4270219
4270731
4271243
4271755
4272267
4272779
4273291
4273803
4274315
4274827
4270220
4270732
4271244
4271756
4272268
4272780
4273292
4273804
4274316
4274828
4270221
4270733
4271245
4271757
4272269
4272781
4273293
4273805
4274317
4274829
4270222
4270734
4271246
4271758
4272270
4272782
4273294
4273806
4274318
4274830
4270223
4270735
4271247
4271759
4272271
4272783
4273295
4273807
4274319
4274831
4270224
4270736
4271248
4271760
4272272
4272784
4273296
4273808
4274320
4274832
4270225
4270737
4271249
4271761
4272273
4272785
4273297
4273809
4274321
4274833
4270226
4270738
4271250
4271762
4272274
4272786
4273298
4273810
4274322
4274834
21474391
21474903
21475415
21475927
21476439
21476951
21477463
21477975
21478487
21478999
21474392
21474904
21475416
21475928
21476440
21476952
21477464
21477976
21478488
21479000
21474393
21474905
21475417
21475929
21476441
21476953
21477465
21477977
21478489
21479001
21474394
21474906
21475418
21475930
21476442
21476954
21477466
21477978
21478490
21479002
21474395
21474907
21475419
21475931
21476443
21476955
21477467
21477979
21478491
21479003
21474396
21474908
21475420
21475932
21476444
21476956
21477468
21477980
21478492
21479004
21474397
21474909
21475421
21475933
21476445
21476957
21477469
21477981
21478493
21479005
21474398
21474910
21475422
21475934
21476446
21476958
21477470
21477982
21478494
21479006
21474399
21474911
21475423
21475935
21476447
21476959
21477471
21477983
21478495
21479007
21474400
21474912
21475424
21475936
21476448
21476960
21477472
21477984
21478496
21479008
18462283
18462795
18463307
18463819
18464331
18464843
18465355
18465867
18466379
18466891
18462284
18462796
18463308
18463820
18464332
18464844
18465356
18465868
18466380
18466892
18462285
18462797
18463309
18463821
18464333
18464845
18465357
18465869
18466381
18466893
18462286
18462798
18463310
18463822
18464334
18464846
18465358
18465870
18466382
18466894
18462287
18462799
18463311
18463823
18464335
18464847
18465359
18465871
18466383
18466895
18462288
18462800
18463312
18463824
18464336
18464848
18465360
18465872
18466384
18466896
18462289
18462801
18463313
18463825
18464337
18464849
18465361
18465873
18466385
18466897
18462290
18462802
18463314
18463826
18464338
18464850
18465362
18465874
18466386
18466898
18462291
18462803
18463315
18463827
18464339
18464851
18465363
18465875
18466387
18466899
18462292
18462804
18463316
18463828
18464340
18464852
18465364
18465876
18466388
18466900
416092
416604
417116
417628
418140
418652
419164
419676
420188
420700
416093
416605
417117
417629
418141
418653
419165
419677
420189
420701
416094
416606
417118
417630
418142
418654
419166
419678
420190
420702
416095
416607
417119
417631
418143
418655
419167
419679
420191
420703
416096
416608
417120
417632
418144
418656
419168
419680
420192
420704
416097
416609
417121
417633
418145
418657
419169
419681
420193
420705
416098
416610
417122
417634
418146
418658
419170
419682
420194
420706
416099
416611
417123
417635
418147
418659
419171
419683
420195
420707
416100
416612
417124
417636
418148
418660
419172
419684
420196
420708
416101
416613
417125
417637
418149
418661
419173
419685
420197
420709
31730924
31731436
31731948
31732460
31732972
31733484
31733996
31734508
31735020
31735532
31730925
31731437
31731949
31732461
31732973
31733485
31733997
31734509
31735021
31735533
31730926
31731438
31731950
31732462
31732974
31733486
31733998
31734510
31735022
31735534
31730927
31731439
31731951
31732463
31732975
31733487
31733999
31734511
31735023
31735535
31730928
31731440
31731952
31732464
31732976
31733488
31734000
31734512
31735024
31735536
31730929
31731441
31731953
31732465
31732977
31733489
31734001
31734513
31735025
31735537
31730930
31731442
31731954
31732466
31732978
31733490
31734002
31734514
31735026
31735538
31730931
31731443
31731955
31732467
31732979
31733491
31734003
31734515
31735027
31735539
31730932
31731444
31731956
31732468
31732980
31733492
31734004
31734516
31735028
31735540
31730933
31731445
31731957
31732469
31732981
31733493
31734005
31734517
31735029
31735541
25962457
25962969
25963481
25963993
25964505
25965017
25965529
25966041
25966553
25967065
25962458
25962970
25963482
25963994
25964506
25965018
25965530
25966042
25966554
25967066
25962459
25962971
25963483
25963995
25964507
25965019
25965531
25966043
25966555
25967067
25962460
25962972
25963484
25963996
25964508
25965020
25965532
25966044
25966556
25967068
25962461
25962973
25963485
25963997
25964509
25965021
25965533
25966045
25966557
25967069
25962462
25962974
25963486
25963998
25964510
25965022
25965534
25966046
25966558
25967070
25962463
25962975
25963487
25963999
25964511
25965023
25965535
25966047
25966559
25967071
25962464
25962976
25963488
25964000
25964512
25965024
25965536
25966048
25966560
25967072
25962465
25962977
25963489
25964001
25964513
25965025
25965537
25966049
25966561
25967073
25962466
25962978
25963490
25964002
25964514
25965026
25965538
25966050
25966562
25967074
33435775
33436287
33436799
33437311
33437823
33438335
33438847
33439359
33439871
33440383
33435776
33436288
33436800
33437312
33437824
33438336
33438848
33439360
33439872
33440384
33435777
33436289
33436801
33437313
33437825
33438337
33438849
33439361
33439873
33440385
33435778
33436290
33436802
33437314
33437826
33438338
33438850
33439362
33439874
33440386
33435779
33436291
33436803
33437315
33437827
33438339
33438851
33439363
33439875
33440387
33435780
33436292
33436804
33437316
33437828
33438340
33438852
33439364
33439876
33440388
33435781
33436293
33436805
33437317
33437829
33438341
33438853
33439365
33439877
33440389
33435782
33436294
33436806
33437318
33437830
33438342
33438854
33439366
33439878
33440390
33435783
33436295
33436807
33437319
33437831
33438343
33438855
33439367
33439879
33440391
33435784
33436296
33436808
33437320
33437832
33438344
33438856
33439368
33439880
33440392
38465599
38466111
38466623
38467135
38467647
38468159
38468671
38469183
38469695
38470207
38465600
38466112
38466624
38467136
38467648
38468160
38468672
38469184
38469696
38470208
38465601
38466113
38466625
38467137
38467649
38468161
38468673
38469185
38469697
38470209
38465602
38466114
38466626
38467138
38467650
38468162
38468674
38469186
38469698
38470210
38465603
38466115
38466627
38467139
38467651
38468163
38468675
38469187
38469699
38470211
38465604
38466116
38466628
38467140
38467652
38468164
38468676
38469188
38469700
38470212
38465605
38466117
38466629
38467141
38467653
38468165
38468677
38469189
38469701
38470213
38465606
38466118
38466630
38467142
38467654
38468166
38468678
38469190
38469702
38470214
38465607
38466119
38466631
38467143
38467655
38468167
38468679
38469191
38469703
38470215
38465608
38466120
38466632
38467144
38467656
38468168
38468680
38469192
38469704
38470216
14435046
14435558
14436070
14436582
14437094
14437606
14438118
14438630
14439142
14439654
14435047
14435559
14436071
14436583
14437095
14437607
14438119
14438631
14439143
14439655
14435048
14435560
14436072
14436584
14437096
14437608
14438120
14438632
14439144
14439656
14435049
14435561
14436073
14436585
14437097
14437609
14438121
14438633
14439145
14439657
14435050
14435562
14436074
14436586
14437098
14437610
14438122
14438634
14439146
14439658
14435051
14435563
14436075
14436587
14437099
14437611
14438123
14438635
14439147
14439659
14435052
14435564
14436076
14436588
14437100
14437612
14438124
14438636
14439148
14439660
14435053
14435565
14436077
14436589
14437101
14437613
14438125
14438637
14439149
14439661
14435054
14435566
14436078
14436590
14437102
14437614
14438126
14438638
14439150
14439662
14435055
14435567
14436079
14436591
14437103
14437615
14438127
14438639
14439151
14439663
29309157
29309669
29310181
29310693
29311205
29311717
29312229
29312741
29313253
29313765
29309158
29309670
29310182
29310694
29311206
29311718
29312230
29312742
29313254
29313766
29309159
29309671
29310183
29310695
29311207
29311719
29312231
29312743
29313255
29313767
29309160
29309672
29310184
29310696
29311208
29311720
29312232
29312744
29313256
29313768
29309161
29309673
29310185
29310697
29311209
29311721
29312233
29312745
29313257
29313769
29309162
29309674
29310186
29310698
29311210
29311722
29312234
29312746
29313258
29313770
29309163
29309675
29310187
29310699
29311211
29311723
29312235
29312747
29313259
29313771
29309164
29309676
29310188
29310700
29311212
29311724
29312236
29312748
29313260
29313772
29309165
29309677
29310189
29310701
29311213
29311725
29312237
29312749
29313261
29313773
29309166
29309678
29310190
29310702
29311214
29311726
29312238
29312750
29313262
29313774
25654231
25654743
25655255
25655767
25656279
25656791
25657303
25657815
25658327
25658839
25654232
25654744
25655256
25655768
25656280
25656792
25657304
25657816
25658328
25658840
25654233
25654745
25655257
25655769
25656281
25656793
25657305
25657817
25658329
25658841
25654234
25654746
25655258
25655770
25656282
25656794
25657306
25657818
25658330
25658842
25654235
25654747
25655259
25655771
25656283
25656795
25657307
25657819
25658331
25658843
25654236
25654748
25655260
25655772
25656284
25656796
25657308
25657820
25658332
25658844
25654237
25654749
25655261
25655773
25656285
25656797
25657309
25657821
25658333
25658845
25654238
25654750
25655262
25655774
25656286
25656798
25657310
25657822
25658334
25658846
25654239
25654751
25655263
25655775
25656287
25656799
25657311
25657823
25658335
25658847
25654240
25654752
25655264
25655776
25656288
25656800
25657312
25657824
25658336
25658848
