33364667
33365179
33365691
33366203
33366715
33367227
33367739
33368251
33368763
33369275
33364668
33365180
33365692
33366204
33366716
33367228
33367740
33368252
33368764
33369276
33364669
33365181
33365693
33366205
33366717
33367229
33367741
33368253
33368765
33369277
33364670
33365182
33365694
33366206
33366718
33367230
33367742
33368254
33368766
33369278
33364671
33365183
33365695
33366207
33366719
33367231
33367743
33368255
33368767
33369279
33364672
33365184
33365696
33366208
33366720
33367232
33367744
33368256
33368768
33369280
33364673
33365185
33365697
33366209
33366721
33367233
33367745
33368257
33368769
33369281
33364674
33365186
33365698
33366210
33366722
33367234
33367746
33368258
33368770
33369282
33364675
33365187
33365699
33366211
33366723
33367235
33367747
33368259
33368771
33369283
33364676
33365188
33365700
33366212
33366724
33367236
33367748
33368260
33368772
33369284
23917284
23917796
23918308
23918820
23919332
23919844
23920356
23920868
23921380
23921892
23917285
23917797
23918309
23918821
23919333
23919845
23920357
23920869
23921381
23921893
23917286
23917798
23918310
23918822
23919334
23919846
23920358
23920870
23921382
23921894
23917287
23917799
23918311
23918823
23919335
23919847
23920359
23920871
23921383
23921895
23917288
23917800
23918312
23918824
23919336
23919848
23920360
23920872
23921384
23921896
23917289
23917801
23918313
23918825
23919337
23919849
23920361
23920873
23921385
23921897
23917290
23917802
23918314
23918826
23919338
23919850
23920362
23920874
23921386
23921898
23917291
23917803
23918315
23918827
23919339
23919851
23920363
23920875
23921387
23921899
23917292
23917804
23918316
23918828
23919340
23919852
23920364
23920876
23921388
23921900
23917293
23917805
23918317
23918829
23919341
23919853
23920365
23920877
23921389
23921901
24758552
24759064
24759576
24760088
24760600
24761112
24761624
24762136
24762648
24763160
24758553
24759065
24759577
24760089
24760601
24761113
24761625
24762137
24762649
24763161
24758554
24759066
24759578
24760090
24760602
24761114
24761626
24762138
24762650
24763162
24758555
24759067
24759579
24760091
24760603
24761115
24761627
24762139
24762651
24763163
24758556
24759068
24759580
24760092
24760604
24761116
24761628
24762140
24762652
24763164
24758557
24759069
24759581
24760093
24760605
24761117
24761629
24762141
24762653
24763165
24758558
24759070
24759582
24760094
24760606
24761118
24761630
24762142
24762654
24763166
24758559
24759071
24759583
24760095
24760607
24761119
24761631
24762143
24762655
24763167
24758560
24759072
24759584
24760096
24760608
24761120
24761632
24762144
24762656
24763168
24758561
24759073
24759585
24760097
24760609
24761121
24761633
24762145
24762657
24763169
32568111
32568623
32569135
32569647
32570159
32570671
32571183
32571695
32572207
32572719
32568112
32568624
32569136
32569648
32570160
32570672
32571184
32571696
32572208
32572720
32568113
32568625
32569137
32569649
32570161
32570673
32571185
32571697
32572209
32572721
32568114
32568626
32569138
32569650
32570162
32570674
32571186
32571698
32572210
32572722
32568115
32568627
32569139
32569651
32570163
32570675
32571187
32571699
32572211
32572723
32568116
32568628
32569140
32569652
32570164
32570676
32571188
32571700
32572212
32572724
32568117
32568629
32569141
32569653
32570165
32570677
32571189
32571701
32572213
32572725
32568118
32568630
32569142
32569654
32570166
32570678
32571190
32571702
32572214
32572726
32568119
32568631
32569143
32569655
32570167
32570679
32571191
32571703
32572215
32572727
32568120
32568632
32569144
32569656
32570168
32570680
32571192
32571704
32572216
32572728
30257923
30258435
30258947
30259459
30259971
30260483
30260995
30261507
30262019
30262531
30257924
30258436
30258948
30259460
30259972
30260484
30260996
30261508
30262020
30262532
30257925
30258437
30258949
30259461
30259973
30260485
30260997
30261509
30262021
30262533
30257926
30258438
30258950
30259462
30259974
30260486
30260998
30261510
30262022
30262534
30257927
30258439
30258951
30259463
30259975
30260487
30260999
30261511
30262023
30262535
30257928
30258440
30258952
30259464
30259976
30260488
30261000
30261512
30262024
30262536
30257929
30258441
30258953
30259465
30259977
30260489
30261001
30261513
30262025
30262537
30257930
30258442
30258954
30259466
30259978
30260490
30261002
30261514
30262026
30262538
30257931
30258443
30258955
30259467
30259979
30260491
30261003
30261515
30262027
30262539
30257932
30258444
30258956
30259468
30259980
30260492
30261004
30261516
30262028
30262540
27044065
27044577
27045089
27045601
27046113
27046625
27047137
27047649
27048161
27048673
27044066
27044578
27045090
27045602
27046114
27046626
27047138
27047650
27048162
27048674
27044067
27044579
27045091
27045603
27046115
27046627
27047139
27047651
27048163
27048675
27044068
27044580
27045092
27045604
27046116
27046628
27047140
27047652
27048164
27048676
27044069
27044581
27045093
27045605
27046117
27046629
27047141
27047653
27048165
27048677
27044070
27044582
27045094
27045606
27046118
27046630
27047142
27047654
27048166
27048678
27044071
27044583
27045095
27045607
27046119
27046631
27047143
27047655
27048167
27048679
27044072
27044584
27045096
27045608
27046120
27046632
27047144
27047656
27048168
27048680
27044073
27044585
27045097
27045609
27046121
27046633
27047145
27047657
27048169
27048681
27044074
27044586
27045098
27045610
27046122
27046634
27047146
27047658
27048170
27048682
32158995
32159507
32160019
32160531
32161043
32161555
32162067
32162579
32163091
32163603
32158996
32159508
32160020
32160532
32161044
32161556
32162068
32162580
32163092
32163604
32158997
32159509
32160021
32160533
32161045
32161557
32162069
32162581
32163093
32163605
32158998
32159510
32160022
32160534
32161046
32161558
32162070
32162582
32163094
32163606
32158999
32159511
32160023
32160535
32161047
32161559
32162071
32162583
32163095
32163607
32159000
32159512
32160024
32160536
32161048
32161560
32162072
32162584
32163096
32163608
32159001
32159513
32160025
32160537
32161049
32161561
32162073
32162585
32163097
32163609
32159002
32159514
32160026
32160538
32161050
32161562
32162074
32162586
32163098
32163610
32159003
32159515
32160027
32160539
32161051
32161563
32162075
32162587
32163099
32163611
32159004
32159516
32160028
32160540
32161052
32161564
32162076
32162588
32163100
32163612
35214086
35214598
35215110
35215622
35216134
35216646
35217158
35217670
35218182
35218694
35214087
35214599
35215111
35215623
35216135
35216647
35217159
35217671
35218183
35218695
35214088
35214600
35215112
35215624
35216136
35216648
35217160
35217672
35218184
35218696
35214089
35214601
35215113
35215625
35216137
35216649
35217161
35217673
35218185
35218697
35214090
35214602
35215114
35215626
35216138
35216650
35217162
35217674
35218186
35218698
35214091
35214603
35215115
35215627
35216139
35216651
35217163
35217675
35218187
35218699
35214092
35214604
35215116
35215628
35216140
35216652
35217164
35217676
35218188
35218700
35214093
35214605
35215117
35215629
35216141
35216653
35217165
35217677
35218189
35218701
35214094
35214606
35215118
35215630
35216142
35216654
35217166
35217678
35218190
35218702
35214095
35214607
35215119
35215631
35216143
35216655
35217167
35217679
35218191
35218703
36772619
36773131
36773643
36774155
36774667
36775179
36775691
36776203
36776715
36777227
36772620
36773132
36773644
36774156
36774668
36775180
36775692
36776204
36776716
36777228
36772621
36773133
36773645
36774157
36774669
36775181
36775693
36776205
36776717
36777229
36772622
36773134
36773646
36774158
36774670
36775182
36775694
36776206
36776718
36777230
36772623
36773135
36773647
36774159
36774671
36775183
36775695
36776207
36776719
36777231
36772624
36773136
36773648
36774160
36774672
36775184
36775696
36776208
36776720
36777232
36772625
36773137
36773649
36774161
36774673
36775185
36775697
36776209
36776721
36777233
36772626
36773138
36773650
36774162
36774674
36775186
36775698
36776210
36776722
36777234
36772627
36773139
36773651
36774163
36774675
36775187
36775699
36776211
36776723
36777235
36772628
36773140
36773652
36774164
36774676
36775188
36775700
36776212
36776724
36777236
30069013
30069525
30070037
30070549
30071061
30071573
30072085
30072597
30073109
30073621
30069014
30069526
30070038
30070550
30071062
30071574
30072086
30072598
30073110
30073622
30069015
30069527
30070039
30070551
30071063
30071575
30072087
30072599
30073111
30073623
30069016
30069528
30070040
30070552
30071064
30071576
30072088
30072600
30073112
30073624
30069017
30069529
30070041
30070553
30071065
30071577
30072089
30072601
30073113
30073625
30069018
30069530
30070042
30070554
30071066
30071578
30072090
30072602
30073114
30073626
30069019
30069531
30070043
30070555
30071067
30071579
30072091
30072603
30073115
30073627
30069020
30069532
30070044
30070556
30071068
30071580
30072092
30072604
30073116
30073628
30069021
30069533
30070045
30070557
30071069
30071581
30072093
30072605
30073117
30073629
30069022
30069534
30070046
30070558
30071070
30071582
30072094
30072606
30073118
30073630
20755684
20756196
20756708
20757220
20757732
20758244
20758756
20759268
20759780
20760292
20755685
20756197
20756709
20757221
20757733
20758245
20758757
20759269
20759781
20760293
20755686
20756198
20756710
20757222
20757734
20758246
20758758
20759270
20759782
20760294
20755687
20756199
20756711
20757223
20757735
20758247
20758759
20759271
20759783
20760295
20755688
20756200
20756712
20757224
20757736
20758248
20758760
20759272
20759784
20760296
20755689
20756201
20756713
20757225
20757737
20758249
20758761
20759273
20759785
20760297
20755690
20756202
20756714
20757226
20757738
20758250
20758762
20759274
20759786
20760298
20755691
20756203
20756715
20757227
20757739
20758251
20758763
20759275
20759787
20760299
20755692
20756204
20756716
20757228
20757740
20758252
20758764
20759276
20759788
20760300
20755693
20756205
20756717
20757229
20757741
20758253
20758765
20759277
20759789
20760301
16292132
16292644
16293156
16293668
16294180
16294692
16295204
16295716
16296228
16296740
16292133
16292645
16293157
16293669
16294181
16294693
16295205
16295717
16296229
16296741
16292134
16292646
16293158
16293670
16294182
16294694
16295206
16295718
16296230
16296742
16292135
16292647
16293159
16293671
16294183
16294695
16295207
16295719
16296231
16296743
16292136
16292648
16293160
16293672
16294184
16294696
16295208
16295720
16296232
16296744
16292137
16292649
16293161
16293673
16294185
16294697
16295209
16295721
16296233
16296745
16292138
16292650
16293162
16293674
16294186
16294698
16295210
16295722
16296234
16296746
16292139
16292651
16293163
16293675
16294187
16294699
16295211
16295723
16296235
16296747
16292140
16292652
16293164
16293676
16294188
16294700
16295212
16295724
16296236
16296748
16292141
16292653
16293165
16293677
16294189
16294701
16295213
16295725
16296237
16296749
28904691
28905203
28905715
28906227
28906739
28907251
28907763
28908275
28908787
28909299
28904692
28905204
28905716
28906228
28906740
28907252
28907764
28908276
28908788
28909300
28904693
28905205
28905717
28906229
28906741
28907253
28907765
28908277
28908789
28909301
28904694
28905206
28905718
28906230
28906742
28907254
28907766
28908278
28908790
28909302
28904695
28905207
28905719
28906231
28906743
28907255
28907767
28908279
28908791
28909303
28904696
28905208
28905720
28906232
28906744
28907256
28907768
28908280
28908792
28909304
28904697
28905209
28905721
28906233
28906745
28907257
28907769
28908281
28908793
28909305
28904698
28905210
28905722
28906234
28906746
28907258
28907770
28908282
28908794
28909306
28904699
28905211
28905723
28906235
28906747
28907259
28907771
28908283
28908795
28909307
28904700
28905212
28905724
28906236
28906748
28907260
28907772
28908284
28908796
28909308
21022938
21023450
21023962
21024474
21024986
21025498
21026010
21026522
21027034
21027546
21022939
21023451
21023963
21024475
21024987
21025499
21026011
21026523
21027035
21027547
21022940
21023452
21023964
21024476
21024988
21025500
21026012
21026524
21027036
21027548
21022941
21023453
21023965
21024477
21024989
21025501
21026013
21026525
21027037
21027549
21022942
21023454
21023966
21024478
21024990
21025502
21026014
21026526
21027038
21027550
21022943
21023455
21023967
21024479
21024991
21025503
21026015
21026527
21027039
21027551
21022944
21023456
21023968
21024480
21024992
21025504
21026016
21026528
21027040
21027552
21022945
21023457
21023969
21024481
21024993
21025505
21026017
21026529
21027041
21027553
21022946
21023458
21023970
21024482
21024994
21025506
21026018
21026530
21027042
21027554
21022947
21023459
21023971
21024483
21024995
21025507
21026019
21026531
21027043
21027555
33628861
33629373
33629885
33630397
33630909
33631421
33631933
33632445
33632957
33633469
33628862
33629374
33629886
33630398
33630910
33631422
33631934
33632446
33632958
33633470
33628863
33629375
33629887
33630399
33630911
33631423
33631935
33632447
33632959
33633471
33628864
33629376
33629888
33630400
33630912
33631424
33631936
33632448
33632960
33633472
33628865
33629377
33629889
33630401
33630913
33631425
33631937
33632449
33632961
33633473
33628866
33629378
33629890
33630402
33630914
33631426
33631938
33632450
33632962
33633474
33628867
33629379
33629891
33630403
33630915
33631427
33631939
33632451
33632963
33633475
33628868
33629380
33629892
33630404
33630916
33631428
33631940
33632452
33632964
33633476
33628869
33629381
33629893
33630405
33630917
33631429
33631941
33632453
33632965
33633477
33628870
33629382
33629894
33630406
33630918
33631430
33631942
33632454
33632966
33633478
30763705
30764217
30764729
30765241
30765753
30766265
30766777
30767289
30767801
30768313
30763706
30764218
30764730
30765242
30765754
30766266
30766778
30767290
30767802
30768314
30763707
30764219
30764731
30765243
30765755
30766267
30766779
30767291
30767803
30768315
30763708
30764220
30764732
30765244
30765756
30766268
30766780
30767292
30767804
30768316
30763709
30764221
30764733
30765245
30765757
30766269
30766781
30767293
30767805
30768317
30763710
30764222
30764734
30765246
30765758
30766270
30766782
30767294
30767806
30768318
30763711
30764223
30764735
30765247
30765759
30766271
30766783
30767295
30767807
30768319
30763712
30764224
30764736
30765248
30765760
30766272
30766784
30767296
30767808
30768320
30763713
30764225
30764737
30765249
30765761
30766273
30766785
30767297
30767809
30768321
30763714
30764226
30764738
30765250
30765762
30766274
30766786
30767298
30767810
30768322
27620031
27620543
27621055
27621567
27622079
27622591
27623103
27623615
27624127
27624639
27620032
27620544
27621056
27621568
27622080
27622592
27623104
27623616
27624128
27624640
27620033
27620545
27621057
27621569
27622081
27622593
27623105
27623617
27624129
27624641
27620034
27620546
27621058
27621570
27622082
27622594
27623106
27623618
27624130
27624642
27620035
27620547
27621059
27621571
27622083
27622595
27623107
27623619
27624131
27624643
27620036
27620548
27621060
27621572
27622084
27622596
27623108
27623620
27624132
27624644
27620037
27620549
27621061
27621573
27622085
27622597
27623109
27623621
27624133
27624645
27620038
27620550
27621062
27621574
27622086
27622598
27623110
27623622
27624134
27624646
27620039
27620551
27621063
27621575
27622087
27622599
27623111
27623623
27624135
27624647
27620040
27620552
27621064
27621576
27622088
27622600
27623112
27623624
27624136
27624648
31812382
31812894
31813406
31813918
31814430
31814942
31815454
31815966
31816478
31816990
31812383
31812895
31813407
31813919
31814431
31814943
31815455
31815967
31816479
31816991
31812384
31812896
31813408
31813920
31814432
31814944
31815456
31815968
31816480
31816992
31812385
31812897
31813409
31813921
31814433
31814945
31815457
31815969
31816481
31816993
31812386
31812898
31813410
31813922
31814434
31814946
31815458
31815970
31816482
31816994
31812387
31812899
31813411
31813923
31814435
31814947
31815459
31815971
31816483
31816995
31812388
31812900
31813412
31813924
31814436
31814948
31815460
31815972
31816484
31816996
31812389
31812901
31813413
31813925
31814437
31814949
31815461
31815973
31816485
31816997
31812390
31812902
31813414
31813926
31814438
31814950
31815462
31815974
31816486
31816998
31812391
31812903
31813415
31813927
31814439
31814951
31815463
31815975
31816487
31816999
20756223
20756735
20757247
20757759
20758271
20758783
20759295
20759807
20760319
20760831
20756224
20756736
20757248
20757760
20758272
20758784
20759296
20759808
20760320
20760832
20756225
20756737
20757249
20757761
20758273
20758785
20759297
20759809
20760321
20760833
20756226
20756738
20757250
20757762
20758274
20758786
20759298
20759810
20760322
20760834
20756227
20756739
20757251
20757763
20758275
20758787
20759299
20759811
20760323
20760835
20756228
20756740
20757252
20757764
20758276
20758788
20759300
20759812
20760324
20760836
20756229
20756741
20757253
20757765
20758277
20758789
20759301
20759813
20760325
20760837
20756230
20756742
20757254
20757766
20758278
20758790
20759302
20759814
20760326
20760838
20756231
20756743
20757255
20757767
20758279
20758791
20759303
20759815
20760327
20760839
20756232
20756744
20757256
20757768
20758280
20758792
20759304
20759816
20760328
20760840
29419309
29419821
29420333
29420845
29421357
29421869
29422381
29422893
29423405
29423917
29419310
29419822
29420334
29420846
29421358
29421870
29422382
29422894
29423406
29423918
29419311
29419823
29420335
29420847
29421359
29421871
29422383
29422895
29423407
29423919
29419312
29419824
29420336
29420848
29421360
29421872
29422384
29422896
29423408
29423920
29419313
29419825
29420337
29420849
29421361
29421873
29422385
29422897
29423409
29423921
29419314
29419826
29420338
29420850
29421362
29421874
29422386
29422898
29423410
29423922
29419315
29419827
29420339
29420851
29421363
29421875
29422387
29422899
29423411
29423923
29419316
29419828
29420340
29420852
29421364
29421876
29422388
29422900
29423412
29423924
29419317
29419829
29420341
29420853
29421365
29421877
29422389
29422901
29423413
29423925
29419318
29419830
29420342
29420854
29421366
29421878
29422390
29422902
29423414
29423926
28675295
28675807
28676319
28676831
28677343
28677855
28678367
28678879
28679391
28679903
28675296
28675808
28676320
28676832
28677344
28677856
28678368
28678880
28679392
28679904
28675297
28675809
28676321
28676833
28677345
28677857
28678369
28678881
28679393
28679905
28675298
28675810
28676322
28676834
28677346
28677858
28678370
28678882
28679394
28679906
28675299
28675811
28676323
28676835
28677347
28677859
28678371
28678883
28679395
28679907
28675300
28675812
28676324
28676836
28677348
28677860
28678372
28678884
28679396
28679908
28675301
28675813
28676325
28676837
28677349
28677861
28678373
28678885
28679397
28679909
28675302
28675814
28676326
28676838
28677350
28677862
28678374
28678886
28679398
28679910
28675303
28675815
28676327
28676839
28677351
28677863
28678375
28678887
28679399
28679911
28675304
28675816
28676328
28676840
28677352
28677864
28678376
28678888
28679400
28679912
37561080
37561592
37562104
37562616
37563128
37563640
37564152
37564664
37565176
37565688
37561081
37561593
37562105
37562617
37563129
37563641
37564153
37564665
37565177
37565689
37561082
37561594
37562106
37562618
37563130
37563642
37564154
37564666
37565178
37565690
37561083
37561595
37562107
37562619
37563131
37563643
37564155
37564667
37565179
37565691
37561084
37561596
37562108
37562620
37563132
37563644
37564156
37564668
37565180
37565692
37561085
37561597
37562109
37562621
37563133
37563645
37564157
37564669
37565181
37565693
37561086
37561598
37562110
37562622
37563134
37563646
37564158
37564670
37565182
37565694
37561087
37561599
37562111
37562623
37563135
37563647
37564159
37564671
37565183
37565695
37561088
37561600
37562112
37562624
37563136
37563648
37564160
37564672
37565184
37565696
37561089
37561601
37562113
37562625
37563137
37563649
37564161
37564673
37565185
37565697
32345801
32346313
32346825
32347337
32347849
32348361
32348873
32349385
32349897
32350409
32345802
32346314
32346826
32347338
32347850
32348362
32348874
32349386
32349898
32350410
32345803
32346315
32346827
32347339
32347851
32348363
32348875
32349387
32349899
32350411
32345804
32346316
32346828
32347340
32347852
32348364
32348876
32349388
32349900
32350412
32345805
32346317
32346829
32347341
32347853
32348365
32348877
32349389
32349901
32350413
32345806
32346318
32346830
32347342
32347854
32348366
32348878
32349390
32349902
32350414
32345807
32346319
32346831
32347343
32347855
32348367
32348879
32349391
32349903
32350415
32345808
32346320
32346832
32347344
32347856
32348368
32348880
32349392
32349904
32350416
32345809
32346321
32346833
32347345
32347857
32348369
32348881
32349393
32349905
32350417
32345810
32346322
32346834
32347346
32347858
32348370
32348882
32349394
32349906
32350418
29412074
29412586
29413098
29413610
29414122
29414634
29415146
29415658
29416170
29416682
29412075
29412587
29413099
29413611
29414123
29414635
29415147
29415659
29416171
29416683
29412076
29412588
29413100
29413612
29414124
29414636
29415148
29415660
29416172
29416684
29412077
29412589
29413101
29413613
29414125
29414637
29415149
29415661
29416173
29416685
29412078
29412590
29413102
29413614
29414126
29414638
29415150
29415662
29416174
29416686
29412079
29412591
29413103
29413615
29414127
29414639
29415151
29415663
29416175
29416687
29412080
29412592
29413104
29413616
29414128
29414640
29415152
29415664
29416176
29416688
29412081
29412593
29413105
29413617
29414129
29414641
29415153
29415665
29416177
29416689
29412082
29412594
29413106
29413618
29414130
29414642
29415154
29415666
29416178
29416690
29412083
29412595
29413107
29413619
29414131
29414643
29415155
29415667
29416179
29416691
30219947
30220459
30220971
30221483
30221995
30222507
30223019
30223531
30224043
30224555
30219948
30220460
30220972
30221484
30221996
30222508
30223020
30223532
30224044
30224556
30219949
30220461
30220973
30221485
30221997
30222509
30223021
30223533
30224045
30224557
30219950
30220462
30220974
30221486
30221998
30222510
30223022
30223534
30224046
30224558
30219951
30220463
30220975
30221487
30221999
30222511
30223023
30223535
30224047
30224559
30219952
30220464
30220976
30221488
30222000
30222512
30223024
30223536
30224048
30224560
30219953
30220465
30220977
30221489
30222001
30222513
30223025
30223537
30224049
30224561
30219954
30220466
30220978
30221490
30222002
30222514
30223026
30223538
30224050
30224562
30219955
30220467
30220979
30221491
30222003
30222515
30223027
30223539
30224051
30224563
30219956
30220468
30220980
30221492
30222004
30222516
30223028
30223540
30224052
30224564
29928173
29928685
29929197
29929709
29930221
29930733
29931245
29931757
29932269
29932781
29928174
29928686
29929198
29929710
29930222
29930734
29931246
29931758
29932270
29932782
29928175
29928687
29929199
29929711
29930223
29930735
29931247
29931759
29932271
29932783
29928176
29928688
29929200
29929712
29930224
29930736
29931248
29931760
29932272
29932784
29928177
29928689
29929201
29929713
29930225
29930737
29931249
29931761
29932273
29932785
29928178
29928690
29929202
29929714
29930226
29930738
29931250
29931762
29932274
29932786
29928179
29928691
29929203
29929715
29930227
29930739
29931251
29931763
29932275
29932787
29928180
29928692
29929204
29929716
29930228
29930740
29931252
29931764
29932276
29932788
29928181
29928693
29929205
29929717
29930229
29930741
29931253
29931765
29932277
29932789
29928182
29928694
29929206
29929718
29930230
29930742
29931254
29931766
29932278
29932790
27357891
27358403
27358915
27359427
27359939
27360451
27360963
27361475
27361987
27362499
27357892
27358404
27358916
27359428
27359940
27360452
27360964
27361476
27361988
27362500
27357893
27358405
27358917
27359429
27359941
27360453
27360965
27361477
27361989
27362501
27357894
27358406
27358918
27359430
27359942
27360454
27360966
27361478
27361990
27362502
27357895
27358407
27358919
27359431
27359943
27360455
27360967
27361479
27361991
27362503
27357896
27358408
27358920
27359432
27359944
27360456
27360968
27361480
27361992
27362504
27357897
27358409
27358921
27359433
27359945
27360457
27360969
27361481
27361993
27362505
27357898
27358410
27358922
27359434
27359946
27360458
27360970
27361482
27361994
27362506
27357899
27358411
27358923
27359435
27359947
27360459
27360971
27361483
27361995
27362507
27357900
27358412
27358924
27359436
27359948
27360460
27360972
27361484
27361996
27362508
27623127
27623639
27624151
27624663
27625175
27625687
27626199
27626711
27627223
27627735
27623128
27623640
27624152
27624664
27625176
27625688
27626200
27626712
27627224
27627736
27623129
27623641
27624153
27624665
27625177
27625689
27626201
27626713
27627225
27627737
27623130
27623642
27624154
27624666
27625178
27625690
27626202
27626714
27627226
27627738
27623131
27623643
27624155
27624667
27625179
27625691
27626203
27626715
27627227
27627739
27623132
27623644
27624156
27624668
27625180
27625692
27626204
27626716
27627228
27627740
27623133
27623645
27624157
27624669
27625181
27625693
27626205
27626717
27627229
27627741
27623134
27623646
27624158
27624670
27625182
27625694
27626206
27626718
27627230
27627742
27623135
27623647
27624159
27624671
27625183
27625695
27626207
27626719
27627231
27627743
27623136
27623648
27624160
27624672
27625184
27625696
27626208
27626720
27627232
27627744
30992650
30993162
30993674
30994186
30994698
30995210
30995722
30996234
30996746
30997258
30992651
30993163
30993675
30994187
30994699
30995211
30995723
30996235
30996747
30997259
30992652
30993164
30993676
30994188
30994700
30995212
30995724
30996236
30996748
30997260
30992653
30993165
30993677
30994189
30994701
30995213
30995725
30996237
30996749
30997261
30992654
30993166
30993678
30994190
30994702
30995214
30995726
30996238
30996750
30997262
30992655
30993167
30993679
30994191
30994703
30995215
30995727
30996239
30996751
30997263
30992656
30993168
30993680
30994192
30994704
30995216
30995728
30996240
30996752
30997264
30992657
30993169
30993681
30994193
30994705
30995217
30995729
30996241
30996753
30997265
30992658
30993170
30993682
30994194
30994706
30995218
30995730
30996242
30996754
30997266
30992659
30993171
30993683
30994195
30994707
30995219
30995731
30996243
30996755
30997267
33627890
33628402
33628914
33629426
33629938
33630450
33630962
33631474
33631986
33632498
33627891
33628403
33628915
33629427
33629939
33630451
33630963
33631475
33631987
33632499
33627892
33628404
33628916
33629428
33629940
33630452
33630964
33631476
33631988
33632500
33627893
33628405
33628917
33629429
33629941
33630453
33630965
33631477
33631989
33632501
33627894
33628406
33628918
33629430
33629942
33630454
33630966
33631478
33631990
33632502
33627895
33628407
33628919
33629431
33629943
33630455
33630967
33631479
33631991
33632503
33627896
33628408
33628920
33629432
33629944
33630456
33630968
33631480
33631992
33632504
33627897
33628409
33628921
33629433
33629945
33630457
33630969
33631481
33631993
33632505
33627898
33628410
33628922
33629434
33629946
33630458
33630970
33631482
33631994
33632506
33627899
33628411
33628923
33629435
33629947
33630459
33630971
33631483
33631995
33632507
