28661477
28661989
28662501
28663013
28663525
28664037
28664549
28665061
28665573
28666085
28661478
28661990
28662502
28663014
28663526
28664038
28664550
28665062
28665574
28666086
28661479
28661991
28662503
28663015
28663527
28664039
28664551
28665063
28665575
28666087
28661480
28661992
28662504
28663016
28663528
28664040
28664552
28665064
28665576
28666088
28661481
28661993
28662505
28663017
28663529
28664041
28664553
28665065
28665577
28666089
28661482
28661994
28662506
28663018
28663530
28664042
28664554
28665066
28665578
28666090
28661483
28661995
28662507
28663019
28663531
28664043
28664555
28665067
28665579
28666091
28661484
28661996
28662508
28663020
28663532
28664044
28664556
28665068
28665580
28666092
28661485
28661997
28662509
28663021
28663533
28664045
28664557
28665069
28665581
28666093
28661486
28661998
28662510
28663022
28663534
28664046
28664558
28665070
28665582
28666094
31546673
31547185
31547697
31548209
31548721
31549233
31549745
31550257
31550769
31551281
31546674
31547186
31547698
31548210
31548722
31549234
31549746
31550258
31550770
31551282
31546675
31547187
31547699
31548211
31548723
31549235
31549747
31550259
31550771
31551283
31546676
31547188
31547700
31548212
31548724
31549236
31549748
31550260
31550772
31551284
31546677
31547189
31547701
31548213
31548725
31549237
31549749
31550261
31550773
31551285
31546678
31547190
31547702
31548214
31548726
31549238
31549750
31550262
31550774
31551286
31546679
31547191
31547703
31548215
31548727
31549239
31549751
31550263
31550775
31551287
31546680
31547192
31547704
31548216
31548728
31549240
31549752
31550264
31550776
31551288
31546681
31547193
31547705
31548217
31548729
31549241
31549753
31550265
31550777
31551289
31546682
31547194
31547706
31548218
31548730
31549242
31549754
31550266
31550778
31551290
28385062
28385574
28386086
28386598
28387110
28387622
28388134
28388646
28389158
28389670
28385063
28385575
28386087
28386599
28387111
28387623
28388135
28388647
28389159
28389671
28385064
28385576
28386088
28386600
28387112
28387624
28388136
28388648
28389160
28389672
28385065
28385577
28386089
28386601
28387113
28387625
28388137
28388649
28389161
28389673
28385066
28385578
28386090
28386602
28387114
28387626
28388138
28388650
28389162
28389674
28385067
28385579
28386091
28386603
28387115
28387627
28388139
28388651
28389163
28389675
28385068
28385580
28386092
28386604
28387116
28387628
28388140
28388652
28389164
28389676
28385069
28385581
28386093
28386605
28387117
28387629
28388141
28388653
28389165
28389677
28385070
28385582
28386094
28386606
28387118
28387630
28388142
28388654
28389166
28389678
28385071
28385583
28386095
28386607
28387119
28387631
28388143
28388655
28389167
28389679
33666245
33666757
33667269
33667781
33668293
33668805
33669317
33669829
33670341
33670853
33666246
33666758
33667270
33667782
33668294
33668806
33669318
33669830
33670342
33670854
33666247
33666759
33667271
33667783
33668295
33668807
33669319
33669831
33670343
33670855
33666248
33666760
33667272
33667784
33668296
33668808
33669320
33669832
33670344
33670856
33666249
33666761
33667273
33667785
33668297
33668809
33669321
33669833
33670345
33670857
33666250
33666762
33667274
33667786
33668298
33668810
33669322
33669834
33670346
33670858
33666251
33666763
33667275
33667787
33668299
33668811
33669323
33669835
33670347
33670859
33666252
33666764
33667276
33667788
33668300
33668812
33669324
33669836
33670348
33670860
33666253
33666765
33667277
33667789
33668301
33668813
33669325
33669837
33670349
33670861
33666254
33666766
33667278
33667790
33668302
33668814
33669326
33669838
33670350
33670862
29663471
29663983
29664495
29665007
29665519
29666031
29666543
29667055
29667567
29668079
29663472
29663984
29664496
29665008
29665520
29666032
29666544
29667056
29667568
29668080
29663473
29663985
29664497
29665009
29665521
29666033
29666545
29667057
29667569
29668081
29663474
29663986
29664498
29665010
29665522
29666034
29666546
29667058
29667570
29668082
29663475
29663987
29664499
29665011
29665523
29666035
29666547
29667059
29667571
29668083
29663476
29663988
29664500
29665012
29665524
29666036
29666548
29667060
29667572
29668084
29663477
29663989
29664501
29665013
29665525
29666037
29666549
29667061
29667573
29668085
29663478
29663990
29664502
29665014
29665526
29666038
29666550
29667062
29667574
29668086
29663479
29663991
29664503
29665015
29665527
29666039
29666551
29667063
29667575
29668087
29663480
29663992
29664504
29665016
29665528
29666040
29666552
29667064
29667576
29668088
32836303
32836815
32837327
32837839
32838351
32838863
32839375
32839887
32840399
32840911
32836304
32836816
32837328
32837840
32838352
32838864
32839376
32839888
32840400
32840912
32836305
32836817
32837329
32837841
32838353
32838865
32839377
32839889
32840401
32840913
32836306
32836818
32837330
32837842
32838354
32838866
32839378
32839890
32840402
32840914
32836307
32836819
32837331
32837843
32838355
32838867
32839379
32839891
32840403
32840915
32836308
32836820
32837332
32837844
32838356
32838868
32839380
32839892
32840404
32840916
32836309
32836821
32837333
32837845
32838357
32838869
32839381
32839893
32840405
32840917
32836310
32836822
32837334
32837846
32838358
32838870
32839382
32839894
32840406
32840918
32836311
32836823
32837335
32837847
32838359
32838871
32839383
32839895
32840407
32840919
32836312
32836824
32837336
32837848
32838360
32838872
32839384
32839896
32840408
32840920
35248363
35248875
35249387
35249899
35250411
35250923
35251435
35251947
35252459
35252971
35248364
35248876
35249388
35249900
35250412
35250924
35251436
35251948
35252460
35252972
35248365
35248877
35249389
35249901
35250413
35250925
35251437
35251949
35252461
35252973
35248366
35248878
35249390
35249902
35250414
35250926
35251438
35251950
35252462
35252974
35248367
35248879
35249391
35249903
35250415
35250927
35251439
35251951
35252463
35252975
35248368
35248880
35249392
35249904
35250416
35250928
35251440
35251952
35252464
35252976
35248369
35248881
35249393
35249905
35250417
35250929
35251441
35251953
35252465
35252977
35248370
35248882
35249394
35249906
35250418
35250930
35251442
35251954
35252466
35252978
35248371
35248883
35249395
35249907
35250419
35250931
35251443
35251955
35252467
35252979
35248372
35248884
35249396
35249908
35250420
35250932
35251444
35251956
35252468
35252980
35253441
35253953
35254465
35254977
35255489
35256001
35256513
35257025
35257537
35258049
35253442
35253954
35254466
35254978
35255490
35256002
35256514
35257026
35257538
35258050
35253443
35253955
35254467
35254979
35255491
35256003
35256515
35257027
35257539
35258051
35253444
35253956
35254468
35254980
35255492
35256004
35256516
35257028
35257540
35258052
35253445
35253957
35254469
35254981
35255493
35256005
35256517
35257029
35257541
35258053
35253446
35253958
35254470
35254982
35255494
35256006
35256518
35257030
35257542
35258054
35253447
35253959
35254471
35254983
35255495
35256007
35256519
35257031
35257543
35258055
35253448
35253960
35254472
35254984
35255496
35256008
35256520
35257032
35257544
35258056
35253449
35253961
35254473
35254985
35255497
35256009
35256521
35257033
35257545
35258057
35253450
35253962
35254474
35254986
35255498
35256010
35256522
35257034
35257546
35258058
30490357
30490869
30491381
30491893
30492405
30492917
30493429
30493941
30494453
30494965
30490358
30490870
30491382
30491894
30492406
30492918
30493430
30493942
30494454
30494966
30490359
30490871
30491383
30491895
30492407
30492919
30493431
30493943
30494455
30494967
30490360
30490872
30491384
30491896
30492408
30492920
30493432
30493944
30494456
30494968
30490361
30490873
30491385
30491897
30492409
30492921
30493433
30493945
30494457
30494969
30490362
30490874
30491386
30491898
30492410
30492922
30493434
30493946
30494458
30494970
30490363
30490875
30491387
30491899
30492411
30492923
30493435
30493947
30494459
30494971
30490364
30490876
30491388
30491900
30492412
30492924
30493436
30493948
30494460
30494972
30490365
30490877
30491389
30491901
30492413
30492925
30493437
30493949
30494461
30494973
30490366
30490878
30491390
30491902
30492414
30492926
30493438
30493950
30494462
30494974
27603672
27604184
27604696
27605208
27605720
27606232
27606744
27607256
27607768
27608280
27603673
27604185
27604697
27605209
27605721
27606233
27606745
27607257
27607769
27608281
27603674
27604186
27604698
27605210
27605722
27606234
27606746
27607258
27607770
27608282
27603675
27604187
27604699
27605211
27605723
27606235
27606747
27607259
27607771
27608283
27603676
27604188
27604700
27605212
27605724
27606236
27606748
27607260
27607772
27608284
27603677
27604189
27604701
27605213
27605725
27606237
27606749
27607261
27607773
27608285
27603678
27604190
27604702
27605214
27605726
27606238
27606750
27607262
27607774
27608286
27603679
27604191
27604703
27605215
27605727
27606239
27606751
27607263
27607775
27608287
27603680
27604192
27604704
27605216
27605728
27606240
27606752
27607264
27607776
27608288
27603681
27604193
27604705
27605217
27605729
27606241
27606753
27607265
27607777
27608289
28117342
28117854
28118366
28118878
28119390
28119902
28120414
28120926
28121438
28121950
28117343
28117855
28118367
28118879
28119391
28119903
28120415
28120927
28121439
28121951
28117344
28117856
28118368
28118880
28119392
28119904
28120416
28120928
28121440
28121952
28117345
28117857
28118369
28118881
28119393
28119905
28120417
28120929
28121441
28121953
28117346
28117858
28118370
28118882
28119394
28119906
28120418
28120930
28121442
28121954
28117347
28117859
28118371
28118883
28119395
28119907
28120419
28120931
28121443
28121955
28117348
28117860
28118372
28118884
28119396
28119908
28120420
28120932
28121444
28121956
28117349
28117861
28118373
28118885
28119397
28119909
28120421
28120933
28121445
28121957
28117350
28117862
28118374
28118886
28119398
28119910
28120422
28120934
28121446
28121958
28117351
28117863
28118375
28118887
28119399
28119911
28120423
28120935
28121447
28121959
31039735
31040247
31040759
31041271
31041783
31042295
31042807
31043319
31043831
31044343
31039736
31040248
31040760
31041272
31041784
31042296
31042808
31043320
31043832
31044344
31039737
31040249
31040761
31041273
31041785
31042297
31042809
31043321
31043833
31044345
31039738
31040250
31040762
31041274
31041786
31042298
31042810
31043322
31043834
31044346
31039739
31040251
31040763
31041275
31041787
31042299
31042811
31043323
31043835
31044347
31039740
31040252
31040764
31041276
31041788
31042300
31042812
31043324
31043836
31044348
31039741
31040253
31040765
31041277
31041789
31042301
31042813
31043325
31043837
31044349
31039742
31040254
31040766
31041278
31041790
31042302
31042814
31043326
31043838
31044350
31039743
31040255
31040767
31041279
31041791
31042303
31042815
31043327
31043839
31044351
31039744
31040256
31040768
31041280
31041792
31042304
31042816
31043328
31043840
31044352
35246311
35246823
35247335
35247847
35248359
35248871
35249383
35249895
35250407
35250919
35246312
35246824
35247336
35247848
35248360
35248872
35249384
35249896
35250408
35250920
35246313
35246825
35247337
35247849
35248361
35248873
35249385
35249897
35250409
35250921
35246314
35246826
35247338
35247850
35248362
35248874
35249386
35249898
35250410
35250922
35246315
35246827
35247339
35247851
35248363
35248875
35249387
35249899
35250411
35250923
35246316
35246828
35247340
35247852
35248364
35248876
35249388
35249900
35250412
35250924
35246317
35246829
35247341
35247853
35248365
35248877
35249389
35249901
35250413
35250925
35246318
35246830
35247342
35247854
35248366
35248878
35249390
35249902
35250414
35250926
35246319
35246831
35247343
35247855
35248367
35248879
35249391
35249903
35250415
35250927
35246320
35246832
35247344
35247856
35248368
35248880
35249392
35249904
35250416
35250928
30001942
30002454
30002966
30003478
30003990
30004502
30005014
30005526
30006038
30006550
30001943
30002455
30002967
30003479
30003991
30004503
30005015
30005527
30006039
30006551
30001944
30002456
30002968
30003480
30003992
30004504
30005016
30005528
30006040
30006552
30001945
30002457
30002969
30003481
30003993
30004505
30005017
30005529
30006041
30006553
30001946
30002458
30002970
30003482
30003994
30004506
30005018
30005530
30006042
30006554
30001947
30002459
30002971
30003483
30003995
30004507
30005019
30005531
30006043
30006555
30001948
30002460
30002972
30003484
30003996
30004508
30005020
30005532
30006044
30006556
30001949
30002461
30002973
30003485
30003997
30004509
30005021
30005533
30006045
30006557
30001950
30002462
30002974
30003486
30003998
30004510
30005022
30005534
30006046
30006558
30001951
30002463
30002975
30003487
30003999
30004511
30005023
30005535
30006047
30006559
31274772
31275284
31275796
31276308
31276820
31277332
31277844
31278356
31278868
31279380
31274773
31275285
31275797
31276309
31276821
31277333
31277845
31278357
31278869
31279381
31274774
31275286
31275798
31276310
31276822
31277334
31277846
31278358
31278870
31279382
31274775
31275287
31275799
31276311
31276823
31277335
31277847
31278359
31278871
31279383
31274776
31275288
31275800
31276312
31276824
31277336
31277848
31278360
31278872
31279384
31274777
31275289
31275801
31276313
31276825
31277337
31277849
31278361
31278873
31279385
31274778
31275290
31275802
31276314
31276826
31277338
31277850
31278362
31278874
31279386
31274779
31275291
31275803
31276315
31276827
31277339
31277851
31278363
31278875
31279387
31274780
31275292
31275804
31276316
31276828
31277340
31277852
31278364
31278876
31279388
31274781
31275293
31275805
31276317
31276829
31277341
31277853
31278365
31278877
31279389
30846715
30847227
30847739
30848251
30848763
30849275
30849787
30850299
30850811
30851323
30846716
30847228
30847740
30848252
30848764
30849276
30849788
30850300
30850812
30851324
30846717
30847229
30847741
30848253
30848765
30849277
30849789
30850301
30850813
30851325
30846718
30847230
30847742
30848254
30848766
30849278
30849790
30850302
30850814
30851326
30846719
30847231
30847743
30848255
30848767
30849279
30849791
30850303
30850815
30851327
30846720
30847232
30847744
30848256
30848768
30849280
30849792
30850304
30850816
30851328
30846721
30847233
30847745
30848257
30848769
30849281
30849793
30850305
30850817
30851329
30846722
30847234
30847746
30848258
30848770
30849282
30849794
30850306
30850818
30851330
30846723
30847235
30847747
30848259
30848771
30849283
30849795
30850307
30850819
30851331
30846724
30847236
30847748
30848260
30848772
30849284
30849796
30850308
30850820
30851332
33172686
33173198
33173710
33174222
33174734
33175246
33175758
33176270
33176782
33177294
33172687
33173199
33173711
33174223
33174735
33175247
33175759
33176271
33176783
33177295
33172688
33173200
33173712
33174224
33174736
33175248
33175760
33176272
33176784
33177296
33172689
33173201
33173713
33174225
33174737
33175249
33175761
33176273
33176785
33177297
33172690
33173202
33173714
33174226
33174738
33175250
33175762
33176274
33176786
33177298
33172691
33173203
33173715
33174227
33174739
33175251
33175763
33176275
33176787
33177299
33172692
33173204
33173716
33174228
33174740
33175252
33175764
33176276
33176788
33177300
33172693
33173205
33173717
33174229
33174741
33175253
33175765
33176277
33176789
33177301
33172694
33173206
33173718
33174230
33174742
33175254
33175766
33176278
33176790
33177302
33172695
33173207
33173719
33174231
33174743
33175255
33175767
33176279
33176791
33177303
30755520
30756032
30756544
30757056
30757568
30758080
30758592
30759104
30759616
30760128
30755521
30756033
30756545
30757057
30757569
30758081
30758593
30759105
30759617
30760129
30755522
30756034
30756546
30757058
30757570
30758082
30758594
30759106
30759618
30760130
30755523
30756035
30756547
30757059
30757571
30758083
30758595
30759107
30759619
30760131
30755524
30756036
30756548
30757060
30757572
30758084
30758596
30759108
30759620
30760132
30755525
30756037
30756549
30757061
30757573
30758085
30758597
30759109
30759621
30760133
30755526
30756038
30756550
30757062
30757574
30758086
30758598
30759110
30759622
30760134
30755527
30756039
30756551
30757063
30757575
30758087
30758599
30759111
30759623
30760135
30755528
30756040
30756552
30757064
30757576
30758088
30758600
30759112
30759624
30760136
30755529
30756041
30756553
30757065
30757577
30758089
30758601
30759113
30759625
30760137
25506013
25506525
25507037
25507549
25508061
25508573
25509085
25509597
25510109
25510621
25506014
25506526
25507038
25507550
25508062
25508574
25509086
25509598
25510110
25510622
25506015
25506527
25507039
25507551
25508063
25508575
25509087
25509599
25510111
25510623
25506016
25506528
25507040
25507552
25508064
25508576
25509088
25509600
25510112
25510624
25506017
25506529
25507041
25507553
25508065
25508577
25509089
25509601
25510113
25510625
25506018
25506530
25507042
25507554
25508066
25508578
25509090
25509602
25510114
25510626
25506019
25506531
25507043
25507555
25508067
25508579
25509091
25509603
25510115
25510627
25506020
25506532
25507044
25507556
25508068
25508580
25509092
25509604
25510116
25510628
25506021
25506533
25507045
25507557
25508069
25508581
25509093
25509605
25510117
25510629
25506022
25506534
25507046
25507558
25508070
25508582
25509094
25509606
25510118
25510630
26553147
26553659
26554171
26554683
26555195
26555707
26556219
26556731
26557243
26557755
26553148
26553660
26554172
26554684
26555196
26555708
26556220
26556732
26557244
26557756
26553149
26553661
26554173
26554685
26555197
26555709
26556221
26556733
26557245
26557757
26553150
26553662
26554174
26554686
26555198
26555710
26556222
26556734
26557246
26557758
26553151
26553663
26554175
26554687
26555199
26555711
26556223
26556735
26557247
26557759
26553152
26553664
26554176
26554688
26555200
26555712
26556224
26556736
26557248
26557760
26553153
26553665
26554177
26554689
26555201
26555713
26556225
26556737
26557249
26557761
26553154
26553666
26554178
26554690
26555202
26555714
26556226
26556738
26557250
26557762
26553155
26553667
26554179
26554691
26555203
26555715
26556227
26556739
26557251
26557763
26553156
26553668
26554180
26554692
26555204
26555716
26556228
26556740
26557252
26557764
27972413
27972925
27973437
27973949
27974461
27974973
27975485
27975997
27976509
27977021
27972414
27972926
27973438
27973950
27974462
27974974
27975486
27975998
27976510
27977022
27972415
27972927
27973439
27973951
27974463
27974975
27975487
27975999
27976511
27977023
27972416
27972928
27973440
27973952
27974464
27974976
27975488
27976000
27976512
27977024
27972417
27972929
27973441
27973953
27974465
27974977
27975489
27976001
27976513
27977025
27972418
27972930
27973442
27973954
27974466
27974978
27975490
27976002
27976514
27977026
27972419
27972931
27973443
27973955
27974467
27974979
27975491
27976003
27976515
27977027
27972420
27972932
27973444
27973956
27974468
27974980
27975492
27976004
27976516
27977028
27972421
27972933
27973445
27973957
27974469
27974981
27975493
27976005
27976517
27977029
27972422
27972934
27973446
27973958
27974470
27974982
27975494
27976006
27976518
27977030
24193770
24194282
24194794
24195306
24195818
24196330
24196842
24197354
24197866
24198378
24193771
24194283
24194795
24195307
24195819
24196331
24196843
24197355
24197867
24198379
24193772
24194284
24194796
24195308
24195820
24196332
24196844
24197356
24197868
24198380
24193773
24194285
24194797
24195309
24195821
24196333
24196845
24197357
24197869
24198381
24193774
24194286
24194798
24195310
24195822
24196334
24196846
24197358
24197870
24198382
24193775
24194287
24194799
24195311
24195823
24196335
24196847
24197359
24197871
24198383
24193776
24194288
24194800
24195312
24195824
24196336
24196848
24197360
24197872
24198384
24193777
24194289
24194801
24195313
24195825
24196337
24196849
24197361
24197873
24198385
24193778
24194290
24194802
24195314
24195826
24196338
24196850
24197362
24197874
24198386
24193779
24194291
24194803
24195315
24195827
24196339
24196851
24197363
24197875
24198387
30051593
30052105
30052617
30053129
30053641
30054153
30054665
30055177
30055689
30056201
30051594
30052106
30052618
30053130
30053642
30054154
30054666
30055178
30055690
30056202
30051595
30052107
30052619
30053131
30053643
30054155
30054667
30055179
30055691
30056203
30051596
30052108
30052620
30053132
30053644
30054156
30054668
30055180
30055692
30056204
30051597
30052109
30052621
30053133
30053645
30054157
30054669
30055181
30055693
30056205
30051598
30052110
30052622
30053134
30053646
30054158
30054670
30055182
30055694
30056206
30051599
30052111
30052623
30053135
30053647
30054159
30054671
30055183
30055695
30056207
30051600
30052112
30052624
30053136
30053648
30054160
30054672
30055184
30055696
30056208
30051601
30052113
30052625
30053137
30053649
30054161
30054673
30055185
30055697
30056209
30051602
30052114
30052626
30053138
30053650
30054162
30054674
30055186
30055698
30056210
29007649
29008161
29008673
29009185
29009697
29010209
29010721
29011233
29011745
29012257
29007650
29008162
29008674
29009186
29009698
29010210
29010722
29011234
29011746
29012258
29007651
29008163
29008675
29009187
29009699
29010211
29010723
29011235
29011747
29012259
29007652
29008164
29008676
29009188
29009700
29010212
29010724
29011236
29011748
29012260
29007653
29008165
29008677
29009189
29009701
29010213
29010725
29011237
29011749
29012261
29007654
29008166
29008678
29009190
29009702
29010214
29010726
29011238
29011750
29012262
29007655
29008167
29008679
29009191
29009703
29010215
29010727
29011239
29011751
29012263
29007656
29008168
29008680
29009192
29009704
29010216
29010728
29011240
29011752
29012264
29007657
29008169
29008681
29009193
29009705
29010217
29010729
29011241
29011753
29012265
29007658
29008170
29008682
29009194
29009706
29010218
29010730
29011242
29011754
29012266
27060060
27060572
27061084
27061596
27062108
27062620
27063132
27063644
27064156
27064668
27060061
27060573
27061085
27061597
27062109
27062621
27063133
27063645
27064157
27064669
27060062
27060574
27061086
27061598
27062110
27062622
27063134
27063646
27064158
27064670
27060063
27060575
27061087
27061599
27062111
27062623
27063135
27063647
27064159
27064671
27060064
27060576
27061088
27061600
27062112
27062624
27063136
27063648
27064160
27064672
27060065
27060577
27061089
27061601
27062113
27062625
27063137
27063649
27064161
27064673
27060066
27060578
27061090
27061602
27062114
27062626
27063138
27063650
27064162
27064674
27060067
27060579
27061091
27061603
27062115
27062627
27063139
27063651
27064163
27064675
27060068
27060580
27061092
27061604
27062116
27062628
27063140
27063652
27064164
27064676
27060069
27060581
27061093
27061605
27062117
27062629
27063141
27063653
27064165
27064677
31277817
31278329
31278841
31279353
31279865
31280377
31280889
31281401
31281913
31282425
31277818
31278330
31278842
31279354
31279866
31280378
31280890
31281402
31281914
31282426
31277819
31278331
31278843
31279355
31279867
31280379
31280891
31281403
31281915
31282427
31277820
31278332
31278844
31279356
31279868
31280380
31280892
31281404
31281916
31282428
31277821
31278333
31278845
31279357
31279869
31280381
31280893
31281405
31281917
31282429
31277822
31278334
31278846
31279358
31279870
31280382
31280894
31281406
31281918
31282430
31277823
31278335
31278847
31279359
31279871
31280383
31280895
31281407
31281919
31282431
31277824
31278336
31278848
31279360
31279872
31280384
31280896
31281408
31281920
31282432
31277825
31278337
31278849
31279361
31279873
31280385
31280897
31281409
31281921
31282433
31277826
31278338
31278850
31279362
31279874
31280386
31280898
31281410
31281922
31282434
31342317
31342829
31343341
31343853
31344365
31344877
31345389
31345901
31346413
31346925
31342318
31342830
31343342
31343854
31344366
31344878
31345390
31345902
31346414
31346926
31342319
31342831
31343343
31343855
31344367
31344879
31345391
31345903
31346415
31346927
31342320
31342832
31343344
31343856
31344368
31344880
31345392
31345904
31346416
31346928
31342321
31342833
31343345
31343857
31344369
31344881
31345393
31345905
31346417
31346929
31342322
31342834
31343346
31343858
31344370
31344882
31345394
31345906
31346418
31346930
31342323
31342835
31343347
31343859
31344371
31344883
31345395
31345907
31346419
31346931
31342324
31342836
31343348
31343860
31344372
31344884
31345396
31345908
31346420
31346932
31342325
31342837
31343349
31343861
31344373
31344885
31345397
31345909
31346421
31346933
31342326
31342838
31343350
31343862
31344374
31344886
31345398
31345910
31346422
31346934
32414945
32415457
32415969
32416481
32416993
32417505
32418017
32418529
32419041
32419553
32414946
32415458
32415970
32416482
32416994
32417506
32418018
32418530
32419042
32419554
32414947
32415459
32415971
32416483
32416995
32417507
32418019
32418531
32419043
32419555
32414948
32415460
32415972
32416484
32416996
32417508
32418020
32418532
32419044
32419556
32414949
32415461
32415973
32416485
32416997
32417509
32418021
32418533
32419045
32419557
32414950
32415462
32415974
32416486
32416998
32417510
32418022
32418534
32419046
32419558
32414951
32415463
32415975
32416487
32416999
32417511
32418023
32418535
32419047
32419559
32414952
32415464
32415976
32416488
32417000
32417512
32418024
32418536
32419048
32419560
32414953
32415465
32415977
32416489
32417001
32417513
32418025
32418537
32419049
32419561
32414954
32415466
32415978
32416490
32417002
32417514
32418026
32418538
32419050
32419562
30984951
30985463
30985975
30986487
30986999
30987511
30988023
30988535
30989047
30989559
30984952
30985464
30985976
30986488
30987000
30987512
30988024
30988536
30989048
30989560
30984953
30985465
30985977
30986489
30987001
30987513
30988025
30988537
30989049
30989561
30984954
30985466
30985978
30986490
30987002
30987514
30988026
30988538
30989050
30989562
30984955
30985467
30985979
30986491
30987003
30987515
30988027
30988539
30989051
30989563
30984956
30985468
30985980
30986492
30987004
30987516
30988028
30988540
30989052
30989564
30984957
30985469
30985981
30986493
30987005
30987517
30988029
30988541
30989053
30989565
30984958
30985470
30985982
30986494
30987006
30987518
30988030
30988542
30989054
30989566
30984959
30985471
30985983
30986495
30987007
30987519
30988031
30988543
30989055
30989567
30984960
30985472
30985984
30986496
30987008
30987520
30988032
30988544
30989056
30989568
20756752
20757264
20757776
20758288
20758800
20759312
20759824
20760336
20760848
20761360
20756753
20757265
20757777
20758289
20758801
20759313
20759825
20760337
20760849
20761361
20756754
20757266
20757778
20758290
20758802
20759314
20759826
20760338
20760850
20761362
20756755
20757267
20757779
20758291
20758803
20759315
20759827
20760339
20760851
20761363
20756756
20757268
20757780
20758292
20758804
20759316
20759828
20760340
20760852
20761364
20756757
20757269
20757781
20758293
20758805
20759317
20759829
20760341
20760853
20761365
20756758
20757270
20757782
20758294
20758806
20759318
20759830
20760342
20760854
20761366
20756759
20757271
20757783
20758295
20758807
20759319
20759831
20760343
20760855
20761367
20756760
20757272
20757784
20758296
20758808
20759320
20759832
20760344
20760856
20761368
20756761
20757273
20757785
20758297
20758809
20759321
20759833
20760345
20760857
20761369
