2183902
2184414
2184926
2185438
2185950
2186462
2186974
2187486
2187998
2188510
2183903
2184415
2184927
2185439
2185951
2186463
2186975
2187487
2187999
2188511
2183904
2184416
2184928
2185440
2185952
2186464
2186976
2187488
2188000
2188512
2183905
2184417
2184929
2185441
2185953
2186465
2186977
2187489
2188001
2188513
2183906
2184418
2184930
2185442
2185954
2186466
2186978
2187490
2188002
2188514
2183907
2184419
2184931
2185443
2185955
2186467
2186979
2187491
2188003
2188515
2183908
2184420
2184932
2185444
2185956
2186468
2186980
2187492
2188004
2188516
2183909
2184421
2184933
2185445
2185957
2186469
2186981
2187493
2188005
2188517
2183910
2184422
2184934
2185446
2185958
2186470
2186982
2187494
2188006
2188518
2183911
2184423
2184935
2185447
2185959
2186471
2186983
2187495
2188007
2188519
1427569
1428081
1428593
1429105
1429617
1430129
1430641
1431153
1431665
1432177
1427570
1428082
1428594
1429106
1429618
1430130
1430642
1431154
1431666
1432178
1427571
1428083
1428595
1429107
1429619
1430131
1430643
1431155
1431667
1432179
1427572
1428084
1428596
1429108
1429620
1430132
1430644
1431156
1431668
1432180
1427573
1428085
1428597
1429109
1429621
1430133
1430645
1431157
1431669
1432181
1427574
1428086
1428598
1429110
1429622
1430134
1430646
1431158
1431670
1432182
1427575
1428087
1428599
1429111
1429623
1430135
1430647
1431159
1431671
1432183
1427576
1428088
1428600
1429112
1429624
1430136
1430648
1431160
1431672
1432184
1427577
1428089
1428601
1429113
1429625
1430137
1430649
1431161
1431673
1432185
1427578
1428090
1428602
1429114
1429626
1430138
1430650
1431162
1431674
1432186
10667646
10668158
10668670
10669182
10669694
10670206
10670718
10671230
10671742
10672254
10667647
10668159
10668671
10669183
10669695
10670207
10670719
10671231
10671743
10672255
10667648
10668160
10668672
10669184
10669696
10670208
10670720
10671232
10671744
10672256
10667649
10668161
10668673
10669185
10669697
10670209
10670721
10671233
10671745
10672257
10667650
10668162
10668674
10669186
10669698
10670210
10670722
10671234
10671746
10672258
10667651
10668163
10668675
10669187
10669699
10670211
10670723
10671235
10671747
10672259
10667652
10668164
10668676
10669188
10669700
10670212
10670724
10671236
10671748
10672260
10667653
10668165
10668677
10669189
10669701
10670213
10670725
10671237
10671749
10672261
10667654
10668166
10668678
10669190
10669702
10670214
10670726
10671238
10671750
10672262
10667655
10668167
10668679
10669191
10669703
10670215
10670727
10671239
10671751
10672263
11769214
11769726
11770238
11770750
11771262
11771774
11772286
11772798
11773310
11773822
11769215
11769727
11770239
11770751
11771263
11771775
11772287
11772799
11773311
11773823
11769216
11769728
11770240
11770752
11771264
11771776
11772288
11772800
11773312
11773824
11769217
11769729
11770241
11770753
11771265
11771777
11772289
11772801
11773313
11773825
11769218
11769730
11770242
11770754
11771266
11771778
11772290
11772802
11773314
11773826
11769219
11769731
11770243
11770755
11771267
11771779
11772291
11772803
11773315
11773827
11769220
11769732
11770244
11770756
11771268
11771780
11772292
11772804
11773316
11773828
11769221
11769733
11770245
11770757
11771269
11771781
11772293
11772805
11773317
11773829
11769222
11769734
11770246
11770758
11771270
11771782
11772294
11772806
11773318
11773830
11769223
11769735
11770247
11770759
11771271
11771783
11772295
11772807
11773319
11773831
14444823
14445335
14445847
14446359
14446871
14447383
14447895
14448407
14448919
14449431
14444824
14445336
14445848
14446360
14446872
14447384
14447896
14448408
14448920
14449432
14444825
14445337
14445849
14446361
14446873
14447385
14447897
14448409
14448921
14449433
14444826
14445338
14445850
14446362
14446874
14447386
14447898
14448410
14448922
14449434
14444827
14445339
14445851
14446363
14446875
14447387
14447899
14448411
14448923
14449435
14444828
14445340
14445852
14446364
14446876
14447388
14447900
14448412
14448924
14449436
14444829
14445341
14445853
14446365
14446877
14447389
14447901
14448413
14448925
14449437
14444830
14445342
14445854
14446366
14446878
14447390
14447902
14448414
14448926
14449438
14444831
14445343
14445855
14446367
14446879
14447391
14447903
14448415
14448927
14449439
14444832
14445344
14445856
14446368
14446880
14447392
14447904
14448416
14448928
14449440
16831775
16832287
16832799
16833311
16833823
16834335
16834847
16835359
16835871
16836383
16831776
16832288
16832800
16833312
16833824
16834336
16834848
16835360
16835872
16836384
16831777
16832289
16832801
16833313
16833825
16834337
16834849
16835361
16835873
16836385
16831778
16832290
16832802
16833314
16833826
16834338
16834850
16835362
16835874
16836386
16831779
16832291
16832803
16833315
16833827
16834339
16834851
16835363
16835875
16836387
16831780
16832292
16832804
16833316
16833828
16834340
16834852
16835364
16835876
16836388
16831781
16832293
16832805
16833317
16833829
16834341
16834853
16835365
16835877
16836389
16831782
16832294
16832806
16833318
16833830
16834342
16834854
16835366
16835878
16836390
16831783
16832295
16832807
16833319
16833831
16834343
16834855
16835367
16835879
16836391
16831784
16832296
16832808
16833320
16833832
16834344
16834856
16835368
16835880
16836392
22141750
22142262
22142774
22143286
22143798
22144310
22144822
22145334
22145846
22146358
22141751
22142263
22142775
22143287
22143799
22144311
22144823
22145335
22145847
22146359
22141752
22142264
22142776
22143288
22143800
22144312
22144824
22145336
22145848
22146360
22141753
22142265
22142777
22143289
22143801
22144313
22144825
22145337
22145849
22146361
22141754
22142266
22142778
22143290
22143802
22144314
22144826
22145338
22145850
22146362
22141755
22142267
22142779
22143291
22143803
22144315
22144827
22145339
22145851
22146363
22141756
22142268
22142780
22143292
22143804
22144316
22144828
22145340
22145852
22146364
22141757
22142269
22142781
22143293
22143805
22144317
22144829
22145341
22145853
22146365
22141758
22142270
22142782
22143294
22143806
22144318
22144830
22145342
22145854
22146366
22141759
22142271
22142783
22143295
22143807
22144319
22144831
22145343
22145855
22146367
16709722
16710234
16710746
16711258
16711770
16712282
16712794
16713306
16713818
16714330
16709723
16710235
16710747
16711259
16711771
16712283
16712795
16713307
16713819
16714331
16709724
16710236
16710748
16711260
16711772
16712284
16712796
16713308
16713820
16714332
16709725
16710237
16710749
16711261
16711773
16712285
16712797
16713309
16713821
16714333
16709726
16710238
16710750
16711262
16711774
16712286
16712798
16713310
16713822
16714334
16709727
16710239
16710751
16711263
16711775
16712287
16712799
16713311
16713823
16714335
16709728
16710240
16710752
16711264
16711776
16712288
16712800
16713312
16713824
16714336
16709729
16710241
16710753
16711265
16711777
16712289
16712801
16713313
16713825
16714337
16709730
16710242
16710754
16711266
16711778
16712290
16712802
16713314
16713826
16714338
16709731
16710243
16710755
16711267
16711779
16712291
16712803
16713315
16713827
16714339
37190730
37191242
37191754
37192266
37192778
37193290
37193802
37194314
37194826
37195338
37190731
37191243
37191755
37192267
37192779
37193291
37193803
37194315
37194827
37195339
37190732
37191244
37191756
37192268
37192780
37193292
37193804
37194316
37194828
37195340
37190733
37191245
37191757
37192269
37192781
37193293
37193805
37194317
37194829
37195341
37190734
37191246
37191758
37192270
37192782
37193294
37193806
37194318
37194830
37195342
37190735
37191247
37191759
37192271
37192783
37193295
37193807
37194319
37194831
37195343
37190736
37191248
37191760
37192272
37192784
37193296
37193808
37194320
37194832
37195344
37190737
37191249
37191761
37192273
37192785
37193297
37193809
37194321
37194833
37195345
37190738
37191250
37191762
37192274
37192786
37193298
37193810
37194322
37194834
37195346
37190739
37191251
37191763
37192275
37192787
37193299
37193811
37194323
37194835
37195347
1584754
1585266
1585778
1586290
1586802
1587314
1587826
1588338
1588850
1589362
1584755
1585267
1585779
1586291
1586803
1587315
1587827
1588339
1588851
1589363
1584756
1585268
1585780
1586292
1586804
1587316
1587828
1588340
1588852
1589364
1584757
1585269
1585781
1586293
1586805
1587317
1587829
1588341
1588853
1589365
1584758
1585270
1585782
1586294
1586806
1587318
1587830
1588342
1588854
1589366
1584759
1585271
1585783
1586295
1586807
1587319
1587831
1588343
1588855
1589367
1584760
1585272
1585784
1586296
1586808
1587320
1587832
1588344
1588856
1589368
1584761
1585273
1585785
1586297
1586809
1587321
1587833
1588345
1588857
1589369
1584762
1585274
1585786
1586298
1586810
1587322
1587834
1588346
1588858
1589370
1584763
1585275
1585787
1586299
1586811
1587323
1587835
1588347
1588859
1589371
13325103
13325615
13326127
13326639
13327151
13327663
13328175
13328687
13329199
13329711
13325104
13325616
13326128
13326640
13327152
13327664
13328176
13328688
13329200
13329712
13325105
13325617
13326129
13326641
13327153
13327665
13328177
13328689
13329201
13329713
13325106
13325618
13326130
13326642
13327154
13327666
13328178
13328690
13329202
13329714
13325107
13325619
13326131
13326643
13327155
13327667
13328179
13328691
13329203
13329715
13325108
13325620
13326132
13326644
13327156
13327668
13328180
13328692
13329204
13329716
13325109
13325621
13326133
13326645
13327157
13327669
13328181
13328693
13329205
13329717
13325110
13325622
13326134
13326646
13327158
13327670
13328182
13328694
13329206
13329718
13325111
13325623
13326135
13326647
13327159
13327671
13328183
13328695
13329207
13329719
13325112
13325624
13326136
13326648
13327160
13327672
13328184
13328696
13329208
13329720
12846633
12847145
12847657
12848169
12848681
12849193
12849705
12850217
12850729
12851241
12846634
12847146
12847658
12848170
12848682
12849194
12849706
12850218
12850730
12851242
12846635
12847147
12847659
12848171
12848683
12849195
12849707
12850219
12850731
12851243
12846636
12847148
12847660
12848172
12848684
12849196
12849708
12850220
12850732
12851244
12846637
12847149
12847661
12848173
12848685
12849197
12849709
12850221
12850733
12851245
12846638
12847150
12847662
12848174
12848686
12849198
12849710
12850222
12850734
12851246
12846639
12847151
12847663
12848175
12848687
12849199
12849711
12850223
12850735
12851247
12846640
12847152
12847664
12848176
12848688
12849200
12849712
12850224
12850736
12851248
12846641
12847153
12847665
12848177
12848689
12849201
12849713
12850225
12850737
12851249
12846642
12847154
12847666
12848178
12848690
12849202
12849714
12850226
12850738
12851250
8423795
8424307
8424819
8425331
8425843
8426355
8426867
8427379
8427891
8428403
8423796
8424308
8424820
8425332
8425844
8426356
8426868
8427380
8427892
8428404
8423797
8424309
8424821
8425333
8425845
8426357
8426869
8427381
8427893
8428405
8423798
8424310
8424822
8425334
8425846
8426358
8426870
8427382
8427894
8428406
8423799
8424311
8424823
8425335
8425847
8426359
8426871
8427383
8427895
8428407
8423800
8424312
8424824
8425336
8425848
8426360
8426872
8427384
8427896
8428408
8423801
8424313
8424825
8425337
8425849
8426361
8426873
8427385
8427897
8428409
8423802
8424314
8424826
8425338
8425850
8426362
8426874
8427386
8427898
8428410
8423803
8424315
8424827
8425339
8425851
8426363
8426875
8427387
8427899
8428411
8423804
8424316
8424828
8425340
8425852
8426364
8426876
8427388
8427900
8428412
16794522
16795034
16795546
16796058
16796570
16797082
16797594
16798106
16798618
16799130
16794523
16795035
16795547
16796059
16796571
16797083
16797595
16798107
16798619
16799131
16794524
16795036
16795548
16796060
16796572
16797084
16797596
16798108
16798620
16799132
16794525
16795037
16795549
16796061
16796573
16797085
16797597
16798109
16798621
16799133
16794526
16795038
16795550
16796062
16796574
16797086
16797598
16798110
16798622
16799134
16794527
16795039
16795551
16796063
16796575
16797087
16797599
16798111
16798623
16799135
16794528
16795040
16795552
16796064
16796576
16797088
16797600
16798112
16798624
16799136
16794529
16795041
16795553
16796065
16796577
16797089
16797601
16798113
16798625
16799137
16794530
16795042
16795554
16796066
16796578
16797090
16797602
16798114
16798626
16799138
16794531
16795043
16795555
16796067
16796579
16797091
16797603
16798115
16798627
16799139
13783225
13783737
13784249
13784761
13785273
13785785
13786297
13786809
13787321
13787833
13783226
13783738
13784250
13784762
13785274
13785786
13786298
13786810
13787322
13787834
13783227
13783739
13784251
13784763
13785275
13785787
13786299
13786811
13787323
13787835
13783228
13783740
13784252
13784764
13785276
13785788
13786300
13786812
13787324
13787836
13783229
13783741
13784253
13784765
13785277
13785789
13786301
13786813
13787325
13787837
13783230
13783742
13784254
13784766
13785278
13785790
13786302
13786814
13787326
13787838
13783231
13783743
13784255
13784767
13785279
13785791
13786303
13786815
13787327
13787839
13783232
13783744
13784256
13784768
13785280
13785792
13786304
13786816
13787328
13787840
13783233
13783745
13784257
13784769
13785281
13785793
13786305
13786817
13787329
13787841
13783234
13783746
13784258
13784770
13785282
13785794
13786306
13786818
13787330
13787842
12071967
12072479
12072991
12073503
12074015
12074527
12075039
12075551
12076063
12076575
12071968
12072480
12072992
12073504
12074016
12074528
12075040
12075552
12076064
12076576
12071969
12072481
12072993
12073505
12074017
12074529
12075041
12075553
12076065
12076577
12071970
12072482
12072994
12073506
12074018
12074530
12075042
12075554
12076066
12076578
12071971
12072483
12072995
12073507
12074019
12074531
12075043
12075555
12076067
12076579
12071972
12072484
12072996
12073508
12074020
12074532
12075044
12075556
12076068
12076580
12071973
12072485
12072997
12073509
12074021
12074533
12075045
12075557
12076069
12076581
12071974
12072486
12072998
12073510
12074022
12074534
12075046
12075558
12076070
12076582
12071975
12072487
12072999
12073511
12074023
12074535
12075047
12075559
12076071
12076583
12071976
12072488
12073000
12073512
12074024
12074536
12075048
12075560
12076072
12076584
35310294
35310806
35311318
35311830
35312342
35312854
35313366
35313878
35314390
35314902
35310295
35310807
35311319
35311831
35312343
35312855
35313367
35313879
35314391
35314903
35310296
35310808
35311320
35311832
35312344
35312856
35313368
35313880
35314392
35314904
35310297
35310809
35311321
35311833
35312345
35312857
35313369
35313881
35314393
35314905
35310298
35310810
35311322
35311834
35312346
35312858
35313370
35313882
35314394
35314906
35310299
35310811
35311323
35311835
35312347
35312859
35313371
35313883
35314395
35314907
35310300
35310812
35311324
35311836
35312348
35312860
35313372
35313884
35314396
35314908
35310301
35310813
35311325
35311837
35312349
35312861
35313373
35313885
35314397
35314909
35310302
35310814
35311326
35311838
35312350
35312862
35313374
35313886
35314398
35314910
35310303
35310815
35311327
35311839
35312351
35312863
35313375
35313887
35314399
35314911
9636116
9636628
9637140
9637652
9638164
9638676
9639188
9639700
9640212
9640724
9636117
9636629
9637141
9637653
9638165
9638677
9639189
9639701
9640213
9640725
9636118
9636630
9637142
9637654
9638166
9638678
9639190
9639702
9640214
9640726
9636119
9636631
9637143
9637655
9638167
9638679
9639191
9639703
9640215
9640727
9636120
9636632
9637144
9637656
9638168
9638680
9639192
9639704
9640216
9640728
9636121
9636633
9637145
9637657
9638169
9638681
9639193
9639705
9640217
9640729
9636122
9636634
9637146
9637658
9638170
9638682
9639194
9639706
9640218
9640730
9636123
9636635
9637147
9637659
9638171
9638683
9639195
9639707
9640219
9640731
9636124
9636636
9637148
9637660
9638172
9638684
9639196
9639708
9640220
9640732
9636125
9636637
9637149
9637661
9638173
9638685
9639197
9639709
9640221
9640733
20572260
20572772
20573284
20573796
20574308
20574820
20575332
20575844
20576356
20576868
20572261
20572773
20573285
20573797
20574309
20574821
20575333
20575845
20576357
20576869
20572262
20572774
20573286
20573798
20574310
20574822
20575334
20575846
20576358
20576870
20572263
20572775
20573287
20573799
20574311
20574823
20575335
20575847
20576359
20576871
20572264
20572776
20573288
20573800
20574312
20574824
20575336
20575848
20576360
20576872
20572265
20572777
20573289
20573801
20574313
20574825
20575337
20575849
20576361
20576873
20572266
20572778
20573290
20573802
20574314
20574826
20575338
20575850
20576362
20576874
20572267
20572779
20573291
20573803
20574315
20574827
20575339
20575851
20576363
20576875
20572268
20572780
20573292
20573804
20574316
20574828
20575340
20575852
20576364
20576876
20572269
20572781
20573293
20573805
20574317
20574829
20575341
20575853
20576365
20576877
22888543
22889055
22889567
22890079
22890591
22891103
22891615
22892127
22892639
22893151
22888544
22889056
22889568
22890080
22890592
22891104
22891616
22892128
22892640
22893152
22888545
22889057
22889569
22890081
22890593
22891105
22891617
22892129
22892641
22893153
22888546
22889058
22889570
22890082
22890594
22891106
22891618
22892130
22892642
22893154
22888547
22889059
22889571
22890083
22890595
22891107
22891619
22892131
22892643
22893155
22888548
22889060
22889572
22890084
22890596
22891108
22891620
22892132
22892644
22893156
22888549
22889061
22889573
22890085
22890597
22891109
22891621
22892133
22892645
22893157
22888550
22889062
22889574
22890086
22890598
22891110
22891622
22892134
22892646
22893158
22888551
22889063
22889575
22890087
22890599
22891111
22891623
22892135
22892647
22893159
22888552
22889064
22889576
22890088
22890600
22891112
22891624
22892136
22892648
22893160
27291533
27292045
27292557
27293069
27293581
27294093
27294605
27295117
27295629
27296141
27291534
27292046
27292558
27293070
27293582
27294094
27294606
27295118
27295630
27296142
27291535
27292047
27292559
27293071
27293583
27294095
27294607
27295119
27295631
27296143
27291536
27292048
27292560
27293072
27293584
27294096
27294608
27295120
27295632
27296144
27291537
27292049
27292561
27293073
27293585
27294097
27294609
27295121
27295633
27296145
27291538
27292050
27292562
27293074
27293586
27294098
27294610
27295122
27295634
27296146
27291539
27292051
27292563
27293075
27293587
27294099
27294611
27295123
27295635
27296147
27291540
27292052
27292564
27293076
27293588
27294100
27294612
27295124
27295636
27296148
27291541
27292053
27292565
27293077
27293589
27294101
27294613
27295125
27295637
27296149
27291542
27292054
27292566
27293078
27293590
27294102
27294614
27295126
27295638
27296150
4533658
4534170
4534682
4535194
4535706
4536218
4536730
4537242
4537754
4538266
4533659
4534171
4534683
4535195
4535707
4536219
4536731
4537243
4537755
4538267
4533660
4534172
4534684
4535196
4535708
4536220
4536732
4537244
4537756
4538268
4533661
4534173
4534685
4535197
4535709
4536221
4536733
4537245
4537757
4538269
4533662
4534174
4534686
4535198
4535710
4536222
4536734
4537246
4537758
4538270
4533663
4534175
4534687
4535199
4535711
4536223
4536735
4537247
4537759
4538271
4533664
4534176
4534688
4535200
4535712
4536224
4536736
4537248
4537760
4538272
4533665
4534177
4534689
4535201
4535713
4536225
4536737
4537249
4537761
4538273
4533666
4534178
4534690
4535202
4535714
4536226
4536738
4537250
4537762
4538274
4533667
4534179
4534691
4535203
4535715
4536227
4536739
4537251
4537763
4538275
38175819
38176331
38176843
38177355
38177867
38178379
38178891
38179403
38179915
38180427
38175820
38176332
38176844
38177356
38177868
38178380
38178892
38179404
38179916
38180428
38175821
38176333
38176845
38177357
38177869
38178381
38178893
38179405
38179917
38180429
38175822
38176334
38176846
38177358
38177870
38178382
38178894
38179406
38179918
38180430
38175823
38176335
38176847
38177359
38177871
38178383
38178895
38179407
38179919
38180431
38175824
38176336
38176848
38177360
38177872
38178384
38178896
38179408
38179920
38180432
38175825
38176337
38176849
38177361
38177873
38178385
38178897
38179409
38179921
38180433
38175826
38176338
38176850
38177362
38177874
38178386
38178898
38179410
38179922
38180434
38175827
38176339
38176851
38177363
38177875
38178387
38178899
38179411
38179923
38180435
38175828
38176340
38176852
38177364
38177876
38178388
38178900
38179412
38179924
38180436
12075842
12076354
12076866
12077378
12077890
12078402
12078914
12079426
12079938
12080450
12075843
12076355
12076867
12077379
12077891
12078403
12078915
12079427
12079939
12080451
12075844
12076356
12076868
12077380
12077892
12078404
12078916
12079428
12079940
12080452
12075845
12076357
12076869
12077381
12077893
12078405
12078917
12079429
12079941
12080453
12075846
12076358
12076870
12077382
12077894
12078406
12078918
12079430
12079942
12080454
12075847
12076359
12076871
12077383
12077895
12078407
12078919
12079431
12079943
12080455
12075848
12076360
12076872
12077384
12077896
12078408
12078920
12079432
12079944
12080456
12075849
12076361
12076873
12077385
12077897
12078409
12078921
12079433
12079945
12080457
12075850
12076362
12076874
12077386
12077898
12078410
12078922
12079434
12079946
12080458
12075851
12076363
12076875
12077387
12077899
12078411
12078923
12079435
12079947
12080459
11943868
11944380
11944892
11945404
11945916
11946428
11946940
11947452
11947964
11948476
11943869
11944381
11944893
11945405
11945917
11946429
11946941
11947453
11947965
11948477
11943870
11944382
11944894
11945406
11945918
11946430
11946942
11947454
11947966
11948478
11943871
11944383
11944895
11945407
11945919
11946431
11946943
11947455
11947967
11948479
11943872
11944384
11944896
11945408
11945920
11946432
11946944
11947456
11947968
11948480
11943873
11944385
11944897
11945409
11945921
11946433
11946945
11947457
11947969
11948481
11943874
11944386
11944898
11945410
11945922
11946434
11946946
11947458
11947970
11948482
11943875
11944387
11944899
11945411
11945923
11946435
11946947
11947459
11947971
11948483
11943876
11944388
11944900
11945412
11945924
11946436
11946948
11947460
11947972
11948484
11943877
11944389
11944901
11945413
11945925
11946437
11946949
11947461
11947973
11948485
1790162
1790674
1791186
1791698
1792210
1792722
1793234
1793746
1794258
1794770
1790163
1790675
1791187
1791699
1792211
1792723
1793235
1793747
1794259
1794771
1790164
1790676
1791188
1791700
1792212
1792724
1793236
1793748
1794260
1794772
1790165
1790677
1791189
1791701
1792213
1792725
1793237
1793749
1794261
1794773
1790166
1790678
1791190
1791702
1792214
1792726
1793238
1793750
1794262
1794774
1790167
1790679
1791191
1791703
1792215
1792727
1793239
1793751
1794263
1794775
1790168
1790680
1791192
1791704
1792216
1792728
1793240
1793752
1794264
1794776
1790169
1790681
1791193
1791705
1792217
1792729
1793241
1793753
1794265
1794777
1790170
1790682
1791194
1791706
1792218
1792730
1793242
1793754
1794266
1794778
1790171
1790683
1791195
1791707
1792219
1792731
1793243
1793755
1794267
1794779
17629678
17630190
17630702
17631214
17631726
17632238
17632750
17633262
17633774
17634286
17629679
17630191
17630703
17631215
17631727
17632239
17632751
17633263
17633775
17634287
17629680
17630192
17630704
17631216
17631728
17632240
17632752
17633264
17633776
17634288
17629681
17630193
17630705
17631217
17631729
17632241
17632753
17633265
17633777
17634289
17629682
17630194
17630706
17631218
17631730
17632242
17632754
17633266
17633778
17634290
17629683
17630195
17630707
17631219
17631731
17632243
17632755
17633267
17633779
17634291
17629684
17630196
17630708
17631220
17631732
17632244
17632756
17633268
17633780
17634292
17629685
17630197
17630709
17631221
17631733
17632245
17632757
17633269
17633781
17634293
17629686
17630198
17630710
17631222
17631734
17632246
17632758
17633270
17633782
17634294
17629687
17630199
17630711
17631223
17631735
17632247
17632759
17633271
17633783
17634295
33240515
33241027
33241539
33242051
33242563
33243075
33243587
33244099
33244611
33245123
33240516
33241028
33241540
33242052
33242564
33243076
33243588
33244100
33244612
33245124
33240517
33241029
33241541
33242053
33242565
33243077
33243589
33244101
33244613
33245125
33240518
33241030
33241542
33242054
33242566
33243078
33243590
33244102
33244614
33245126
33240519
33241031
33241543
33242055
33242567
33243079
33243591
33244103
33244615
33245127
33240520
33241032
33241544
33242056
33242568
33243080
33243592
33244104
33244616
33245128
33240521
33241033
33241545
33242057
33242569
33243081
33243593
33244105
33244617
33245129
33240522
33241034
33241546
33242058
33242570
33243082
33243594
33244106
33244618
33245130
33240523
33241035
33241547
33242059
33242571
33243083
33243595
33244107
33244619
33245131
33240524
33241036
33241548
33242060
33242572
33243084
33243596
33244108
33244620
33245132
9163951
9164463
9164975
9165487
9165999
9166511
9167023
9167535
9168047
9168559
9163952
9164464
9164976
9165488
9166000
9166512
9167024
9167536
9168048
9168560
9163953
9164465
9164977
9165489
9166001
9166513
9167025
9167537
9168049
9168561
9163954
9164466
9164978
9165490
9166002
9166514
9167026
9167538
9168050
9168562
9163955
9164467
9164979
9165491
9166003
9166515
9167027
9167539
9168051
9168563
9163956
9164468
9164980
9165492
9166004
9166516
9167028
9167540
9168052
9168564
9163957
9164469
9164981
9165493
9166005
9166517
9167029
9167541
9168053
9168565
9163958
9164470
9164982
9165494
9166006
9166518
9167030
9167542
9168054
9168566
9163959
9164471
9164983
9165495
9166007
9166519
9167031
9167543
9168055
9168567
9163960
9164472
9164984
9165496
9166008
9166520
9167032
9167544
9168056
9168568
17858623
17859135
17859647
17860159
17860671
17861183
17861695
17862207
17862719
17863231
17858624
17859136
17859648
17860160
17860672
17861184
17861696
17862208
17862720
17863232
17858625
17859137
17859649
17860161
17860673
17861185
17861697
17862209
17862721
17863233
17858626
17859138
17859650
17860162
17860674
17861186
17861698
17862210
17862722
17863234
17858627
17859139
17859651
17860163
17860675
17861187
17861699
17862211
17862723
17863235
17858628
17859140
17859652
17860164
17860676
17861188
17861700
17862212
17862724
17863236
17858629
17859141
17859653
17860165
17860677
17861189
17861701
17862213
17862725
17863237
17858630
17859142
17859654
17860166
17860678
17861190
17861702
17862214
17862726
17863238
17858631
17859143
17859655
17860167
17860679
17861191
17861703
17862215
17862727
17863239
17858632
17859144
17859656
17860168
17860680
17861192
17861704
17862216
17862728
17863240
