26271566
26272078
26272590
26273102
26273614
26274126
26274638
26275150
26275662
26276174
26271567
26272079
26272591
26273103
26273615
26274127
26274639
26275151
26275663
26276175
26271568
26272080
26272592
26273104
26273616
26274128
26274640
26275152
26275664
26276176
26271569
26272081
26272593
26273105
26273617
26274129
26274641
26275153
26275665
26276177
26271570
26272082
26272594
26273106
26273618
26274130
26274642
26275154
26275666
26276178
26271571
26272083
26272595
26273107
26273619
26274131
26274643
26275155
26275667
26276179
26271572
26272084
26272596
26273108
26273620
26274132
26274644
26275156
26275668
26276180
26271573
26272085
26272597
26273109
26273621
26274133
26274645
26275157
26275669
26276181
26271574
26272086
26272598
26273110
26273622
26274134
26274646
26275158
26275670
26276182
26271575
26272087
26272599
26273111
26273623
26274135
26274647
26275159
26275671
26276183
33632556
33633068
33633580
33634092
33634604
33635116
33635628
33636140
33636652
33637164
33632557
33633069
33633581
33634093
33634605
33635117
33635629
33636141
33636653
33637165
33632558
33633070
33633582
33634094
33634606
33635118
33635630
33636142
33636654
33637166
33632559
33633071
33633583
33634095
33634607
33635119
33635631
33636143
33636655
33637167
33632560
33633072
33633584
33634096
33634608
33635120
33635632
33636144
33636656
33637168
33632561
33633073
33633585
33634097
33634609
33635121
33635633
33636145
33636657
33637169
33632562
33633074
33633586
33634098
33634610
33635122
33635634
33636146
33636658
33637170
33632563
33633075
33633587
33634099
33634611
33635123
33635635
33636147
33636659
33637171
33632564
33633076
33633588
33634100
33634612
33635124
33635636
33636148
33636660
33637172
33632565
33633077
33633589
33634101
33634613
33635125
33635637
33636149
33636661
33637173
22325573
22326085
22326597
22327109
22327621
22328133
22328645
22329157
22329669
22330181
22325574
22326086
22326598
22327110
22327622
22328134
22328646
22329158
22329670
22330182
22325575
22326087
22326599
22327111
22327623
22328135
22328647
22329159
22329671
22330183
22325576
22326088
22326600
22327112
22327624
22328136
22328648
22329160
22329672
22330184
22325577
22326089
22326601
22327113
22327625
22328137
22328649
22329161
22329673
22330185
22325578
22326090
22326602
22327114
22327626
22328138
22328650
22329162
22329674
22330186
22325579
22326091
22326603
22327115
22327627
22328139
22328651
22329163
22329675
22330187
22325580
22326092
22326604
22327116
22327628
22328140
22328652
22329164
22329676
22330188
22325581
22326093
22326605
22327117
22327629
22328141
22328653
22329165
22329677
22330189
22325582
22326094
22326606
22327118
22327630
22328142
22328654
22329166
22329678
22330190
22073037
22073549
22074061
22074573
22075085
22075597
22076109
22076621
22077133
22077645
22073038
22073550
22074062
22074574
22075086
22075598
22076110
22076622
22077134
22077646
22073039
22073551
22074063
22074575
22075087
22075599
22076111
22076623
22077135
22077647
22073040
22073552
22074064
22074576
22075088
22075600
22076112
22076624
22077136
22077648
22073041
22073553
22074065
22074577
22075089
22075601
22076113
22076625
22077137
22077649
22073042
22073554
22074066
22074578
22075090
22075602
22076114
22076626
22077138
22077650
22073043
22073555
22074067
22074579
22075091
22075603
22076115
22076627
22077139
22077651
22073044
22073556
22074068
22074580
22075092
22075604
22076116
22076628
22077140
22077652
22073045
22073557
22074069
22074581
22075093
22075605
22076117
22076629
22077141
22077653
22073046
22073558
22074070
22074582
22075094
22075606
22076118
22076630
22077142
22077654
34395920
34396432
34396944
34397456
34397968
34398480
34398992
34399504
34400016
34400528
34395921
34396433
34396945
34397457
34397969
34398481
34398993
34399505
34400017
34400529
34395922
34396434
34396946
34397458
34397970
34398482
34398994
34399506
34400018
34400530
34395923
34396435
34396947
34397459
34397971
34398483
34398995
34399507
34400019
34400531
34395924
34396436
34396948
34397460
34397972
34398484
34398996
34399508
34400020
34400532
34395925
34396437
34396949
34397461
34397973
34398485
34398997
34399509
34400021
34400533
34395926
34396438
34396950
34397462
34397974
34398486
34398998
34399510
34400022
34400534
34395927
34396439
34396951
34397463
34397975
34398487
34398999
34399511
34400023
34400535
34395928
34396440
34396952
34397464
34397976
34398488
34399000
34399512
34400024
34400536
34395929
34396441
34396953
34397465
34397977
34398489
34399001
34399513
34400025
34400537
31242531
31243043
31243555
31244067
31244579
31245091
31245603
31246115
31246627
31247139
31242532
31243044
31243556
31244068
31244580
31245092
31245604
31246116
31246628
31247140
31242533
31243045
31243557
31244069
31244581
31245093
31245605
31246117
31246629
31247141
31242534
31243046
31243558
31244070
31244582
31245094
31245606
31246118
31246630
31247142
31242535
31243047
31243559
31244071
31244583
31245095
31245607
31246119
31246631
31247143
31242536
31243048
31243560
31244072
31244584
31245096
31245608
31246120
31246632
31247144
31242537
31243049
31243561
31244073
31244585
31245097
31245609
31246121
31246633
31247145
31242538
31243050
31243562
31244074
31244586
31245098
31245610
31246122
31246634
31247146
31242539
31243051
31243563
31244075
31244587
31245099
31245611
31246123
31246635
31247147
31242540
31243052
31243564
31244076
31244588
31245100
31245612
31246124
31246636
31247148
25494286
25494798
25495310
25495822
25496334
25496846
25497358
25497870
25498382
25498894
25494287
25494799
25495311
25495823
25496335
25496847
25497359
25497871
25498383
25498895
25494288
25494800
25495312
25495824
25496336
25496848
25497360
25497872
25498384
25498896
25494289
25494801
25495313
25495825
25496337
25496849
25497361
25497873
25498385
25498897
25494290
25494802
25495314
25495826
25496338
25496850
25497362
25497874
25498386
25498898
25494291
25494803
25495315
25495827
25496339
25496851
25497363
25497875
25498387
25498899
25494292
25494804
25495316
25495828
25496340
25496852
25497364
25497876
25498388
25498900
25494293
25494805
25495317
25495829
25496341
25496853
25497365
25497877
25498389
25498901
25494294
25494806
25495318
25495830
25496342
25496854
25497366
25497878
25498390
25498902
25494295
25494807
25495319
25495831
25496343
25496855
25497367
25497879
25498391
25498903
19184897
19185409
19185921
19186433
19186945
19187457
19187969
19188481
19188993
19189505
19184898
19185410
19185922
19186434
19186946
19187458
19187970
19188482
19188994
19189506
19184899
19185411
19185923
19186435
19186947
19187459
19187971
19188483
19188995
19189507
19184900
19185412
19185924
19186436
19186948
19187460
19187972
19188484
19188996
19189508
19184901
19185413
19185925
19186437
19186949
19187461
19187973
19188485
19188997
19189509
19184902
19185414
19185926
19186438
19186950
19187462
19187974
19188486
19188998
19189510
19184903
19185415
19185927
19186439
19186951
19187463
19187975
19188487
19188999
19189511
19184904
19185416
19185928
19186440
19186952
19187464
19187976
19188488
19189000
19189512
19184905
19185417
19185929
19186441
19186953
19187465
19187977
19188489
19189001
19189513
19184906
19185418
19185930
19186442
19186954
19187466
19187978
19188490
19189002
19189514
31858437
31858949
31859461
31859973
31860485
31860997
31861509
31862021
31862533
31863045
31858438
31858950
31859462
31859974
31860486
31860998
31861510
31862022
31862534
31863046
31858439
31858951
31859463
31859975
31860487
31860999
31861511
31862023
31862535
31863047
31858440
31858952
31859464
31859976
31860488
31861000
31861512
31862024
31862536
31863048
31858441
31858953
31859465
31859977
31860489
31861001
31861513
31862025
31862537
31863049
31858442
31858954
31859466
31859978
31860490
31861002
31861514
31862026
31862538
31863050
31858443
31858955
31859467
31859979
31860491
31861003
31861515
31862027
31862539
31863051
31858444
31858956
31859468
31859980
31860492
31861004
31861516
31862028
31862540
31863052
31858445
31858957
31859469
31859981
31860493
31861005
31861517
31862029
31862541
31863053
31858446
31858958
31859470
31859982
31860494
31861006
31861518
31862030
31862542
31863054
29160203
29160715
29161227
29161739
29162251
29162763
29163275
29163787
29164299
29164811
29160204
29160716
29161228
29161740
29162252
29162764
29163276
29163788
29164300
29164812
29160205
29160717
29161229
29161741
29162253
29162765
29163277
29163789
29164301
29164813
29160206
29160718
29161230
29161742
29162254
29162766
29163278
29163790
29164302
29164814
29160207
29160719
29161231
29161743
29162255
29162767
29163279
29163791
29164303
29164815
29160208
29160720
29161232
29161744
29162256
29162768
29163280
29163792
29164304
29164816
29160209
29160721
29161233
29161745
29162257
29162769
29163281
29163793
29164305
29164817
29160210
29160722
29161234
29161746
29162258
29162770
29163282
29163794
29164306
29164818
29160211
29160723
29161235
29161747
29162259
29162771
29163283
29163795
29164307
29164819
29160212
29160724
29161236
29161748
29162260
29162772
29163284
29163796
29164308
29164820
28446454
28446966
28447478
28447990
28448502
28449014
28449526
28450038
28450550
28451062
28446455
28446967
28447479
28447991
28448503
28449015
28449527
28450039
28450551
28451063
28446456
28446968
28447480
28447992
28448504
28449016
28449528
28450040
28450552
28451064
28446457
28446969
28447481
28447993
28448505
28449017
28449529
28450041
28450553
28451065
28446458
28446970
28447482
28447994
28448506
28449018
28449530
28450042
28450554
28451066
28446459
28446971
28447483
28447995
28448507
28449019
28449531
28450043
28450555
28451067
28446460
28446972
28447484
28447996
28448508
28449020
28449532
28450044
28450556
28451068
28446461
28446973
28447485
28447997
28448509
28449021
28449533
28450045
28450557
28451069
28446462
28446974
28447486
28447998
28448510
28449022
28449534
28450046
28450558
28451070
28446463
28446975
28447487
28447999
28448511
28449023
28449535
28450047
28450559
28451071
31047951
31048463
31048975
31049487
31049999
31050511
31051023
31051535
31052047
31052559
31047952
31048464
31048976
31049488
31050000
31050512
31051024
31051536
31052048
31052560
31047953
31048465
31048977
31049489
31050001
31050513
31051025
31051537
31052049
31052561
31047954
31048466
31048978
31049490
31050002
31050514
31051026
31051538
31052050
31052562
31047955
31048467
31048979
31049491
31050003
31050515
31051027
31051539
31052051
31052563
31047956
31048468
31048980
31049492
31050004
31050516
31051028
31051540
31052052
31052564
31047957
31048469
31048981
31049493
31050005
31050517
31051029
31051541
31052053
31052565
31047958
31048470
31048982
31049494
31050006
31050518
31051030
31051542
31052054
31052566
31047959
31048471
31048983
31049495
31050007
31050519
31051031
31051543
31052055
31052567
31047960
31048472
31048984
31049496
31050008
31050520
31051032
31051544
31052056
31052568
30587181
30587693
30588205
30588717
30589229
30589741
30590253
30590765
30591277
30591789
30587182
30587694
30588206
30588718
30589230
30589742
30590254
30590766
30591278
30591790
30587183
30587695
30588207
30588719
30589231
30589743
30590255
30590767
30591279
30591791
30587184
30587696
30588208
30588720
30589232
30589744
30590256
30590768
30591280
30591792
30587185
30587697
30588209
30588721
30589233
30589745
30590257
30590769
30591281
30591793
30587186
30587698
30588210
30588722
30589234
30589746
30590258
30590770
30591282
30591794
30587187
30587699
30588211
30588723
30589235
30589747
30590259
30590771
30591283
30591795
30587188
30587700
30588212
30588724
30589236
30589748
30590260
30590772
30591284
30591796
30587189
30587701
30588213
30588725
30589237
30589749
30590261
30590773
30591285
30591797
30587190
30587702
30588214
30588726
30589238
30589750
30590262
30590774
30591286
30591798
34934047
34934559
34935071
34935583
34936095
34936607
34937119
34937631
34938143
34938655
34934048
34934560
34935072
34935584
34936096
34936608
34937120
34937632
34938144
34938656
34934049
34934561
34935073
34935585
34936097
34936609
34937121
34937633
34938145
34938657
34934050
34934562
34935074
34935586
34936098
34936610
34937122
34937634
34938146
34938658
34934051
34934563
34935075
34935587
34936099
34936611
34937123
34937635
34938147
34938659
34934052
34934564
34935076
34935588
34936100
34936612
34937124
34937636
34938148
34938660
34934053
34934565
34935077
34935589
34936101
34936613
34937125
34937637
34938149
34938661
34934054
34934566
34935078
34935590
34936102
34936614
34937126
34937638
34938150
34938662
34934055
34934567
34935079
34935591
34936103
34936615
34937127
34937639
34938151
34938663
34934056
34934568
34935080
34935592
34936104
34936616
34937128
34937640
34938152
34938664
32877251
32877763
32878275
32878787
32879299
32879811
32880323
32880835
32881347
32881859
32877252
32877764
32878276
32878788
32879300
32879812
32880324
32880836
32881348
32881860
32877253
32877765
32878277
32878789
32879301
32879813
32880325
32880837
32881349
32881861
32877254
32877766
32878278
32878790
32879302
32879814
32880326
32880838
32881350
32881862
32877255
32877767
32878279
32878791
32879303
32879815
32880327
32880839
32881351
32881863
32877256
32877768
32878280
32878792
32879304
32879816
32880328
32880840
32881352
32881864
32877257
32877769
32878281
32878793
32879305
32879817
32880329
32880841
32881353
32881865
32877258
32877770
32878282
32878794
32879306
32879818
32880330
32880842
32881354
32881866
32877259
32877771
32878283
32878795
32879307
32879819
32880331
32880843
32881355
32881867
32877260
32877772
32878284
32878796
32879308
32879820
32880332
32880844
32881356
32881868
33664769
33665281
33665793
33666305
33666817
33667329
33667841
33668353
33668865
33669377
33664770
33665282
33665794
33666306
33666818
33667330
33667842
33668354
33668866
33669378
33664771
33665283
33665795
33666307
33666819
33667331
33667843
33668355
33668867
33669379
33664772
33665284
33665796
33666308
33666820
33667332
33667844
33668356
33668868
33669380
33664773
33665285
33665797
33666309
33666821
33667333
33667845
33668357
33668869
33669381
33664774
33665286
33665798
33666310
33666822
33667334
33667846
33668358
33668870
33669382
33664775
33665287
33665799
33666311
33666823
33667335
33667847
33668359
33668871
33669383
33664776
33665288
33665800
33666312
33666824
33667336
33667848
33668360
33668872
33669384
33664777
33665289
33665801
33666313
33666825
33667337
33667849
33668361
33668873
33669385
33664778
33665290
33665802
33666314
33666826
33667338
33667850
33668362
33668874
33669386
26273614
26274126
26274638
26275150
26275662
26276174
26276686
26277198
26277710
26278222
26273615
26274127
26274639
26275151
26275663
26276175
26276687
26277199
26277711
26278223
26273616
26274128
26274640
26275152
26275664
26276176
26276688
26277200
26277712
26278224
26273617
26274129
26274641
26275153
26275665
26276177
26276689
26277201
26277713
26278225
26273618
26274130
26274642
26275154
26275666
26276178
26276690
26277202
26277714
26278226
26273619
26274131
26274643
26275155
26275667
26276179
26276691
26277203
26277715
26278227
26273620
26274132
26274644
26275156
26275668
26276180
26276692
26277204
26277716
26278228
26273621
26274133
26274645
26275157
26275669
26276181
26276693
26277205
26277717
26278229
26273622
26274134
26274646
26275158
26275670
26276182
26276694
26277206
26277718
26278230
26273623
26274135
26274647
26275159
26275671
26276183
26276695
26277207
26277719
26278231
32046369
32046881
32047393
32047905
32048417
32048929
32049441
32049953
32050465
32050977
32046370
32046882
32047394
32047906
32048418
32048930
32049442
32049954
32050466
32050978
32046371
32046883
32047395
32047907
32048419
32048931
32049443
32049955
32050467
32050979
32046372
32046884
32047396
32047908
32048420
32048932
32049444
32049956
32050468
32050980
32046373
32046885
32047397
32047909
32048421
32048933
32049445
32049957
32050469
32050981
32046374
32046886
32047398
32047910
32048422
32048934
32049446
32049958
32050470
32050982
32046375
32046887
32047399
32047911
32048423
32048935
32049447
32049959
32050471
32050983
32046376
32046888
32047400
32047912
32048424
32048936
32049448
32049960
32050472
32050984
32046377
32046889
32047401
32047913
32048425
32048937
32049449
32049961
32050473
32050985
32046378
32046890
32047402
32047914
32048426
32048938
32049450
32049962
32050474
32050986
28370220
28370732
28371244
28371756
28372268
28372780
28373292
28373804
28374316
28374828
28370221
28370733
28371245
28371757
28372269
28372781
28373293
28373805
28374317
28374829
28370222
28370734
28371246
28371758
28372270
28372782
28373294
28373806
28374318
28374830
28370223
28370735
28371247
28371759
28372271
28372783
28373295
28373807
28374319
28374831
28370224
28370736
28371248
28371760
28372272
28372784
28373296
28373808
28374320
28374832
28370225
28370737
28371249
28371761
28372273
28372785
28373297
28373809
28374321
28374833
28370226
28370738
28371250
28371762
28372274
28372786
28373298
28373810
28374322
28374834
28370227
28370739
28371251
28371763
28372275
28372787
28373299
28373811
28374323
28374835
28370228
28370740
28371252
28371764
28372276
28372788
28373300
28373812
28374324
28374836
28370229
28370741
28371253
28371765
28372277
28372789
28373301
28373813
28374325
28374837
25210082
25210594
25211106
25211618
25212130
25212642
25213154
25213666
25214178
25214690
25210083
25210595
25211107
25211619
25212131
25212643
25213155
25213667
25214179
25214691
25210084
25210596
25211108
25211620
25212132
25212644
25213156
25213668
25214180
25214692
25210085
25210597
25211109
25211621
25212133
25212645
25213157
25213669
25214181
25214693
25210086
25210598
25211110
25211622
25212134
25212646
25213158
25213670
25214182
25214694
25210087
25210599
25211111
25211623
25212135
25212647
25213159
25213671
25214183
25214695
25210088
25210600
25211112
25211624
25212136
25212648
25213160
25213672
25214184
25214696
25210089
25210601
25211113
25211625
25212137
25212649
25213161
25213673
25214185
25214697
25210090
25210602
25211114
25211626
25212138
25212650
25213162
25213674
25214186
25214698
25210091
25210603
25211115
25211627
25212139
25212651
25213163
25213675
25214187
25214699
33876720
33877232
33877744
33878256
33878768
33879280
33879792
33880304
33880816
33881328
33876721
33877233
33877745
33878257
33878769
33879281
33879793
33880305
33880817
33881329
33876722
33877234
33877746
33878258
33878770
33879282
33879794
33880306
33880818
33881330
33876723
33877235
33877747
33878259
33878771
33879283
33879795
33880307
33880819
33881331
33876724
33877236
33877748
33878260
33878772
33879284
33879796
33880308
33880820
33881332
33876725
33877237
33877749
33878261
33878773
33879285
33879797
33880309
33880821
33881333
33876726
33877238
33877750
33878262
33878774
33879286
33879798
33880310
33880822
33881334
33876727
33877239
33877751
33878263
33878775
33879287
33879799
33880311
33880823
33881335
33876728
33877240
33877752
33878264
33878776
33879288
33879800
33880312
33880824
33881336
33876729
33877241
33877753
33878265
33878777
33879289
33879801
33880313
33880825
33881337
28399273
28399785
28400297
28400809
28401321
28401833
28402345
28402857
28403369
28403881
28399274
28399786
28400298
28400810
28401322
28401834
28402346
28402858
28403370
28403882
28399275
28399787
28400299
28400811
28401323
28401835
28402347
28402859
28403371
28403883
28399276
28399788
28400300
28400812
28401324
28401836
28402348
28402860
28403372
28403884
28399277
28399789
28400301
28400813
28401325
28401837
28402349
28402861
28403373
28403885
28399278
28399790
28400302
28400814
28401326
28401838
28402350
28402862
28403374
28403886
28399279
28399791
28400303
28400815
28401327
28401839
28402351
28402863
28403375
28403887
28399280
28399792
28400304
28400816
28401328
28401840
28402352
28402864
28403376
28403888
28399281
28399793
28400305
28400817
28401329
28401841
28402353
28402865
28403377
28403889
28399282
28399794
28400306
28400818
28401330
28401842
28402354
28402866
28403378
28403890
32626361
32626873
32627385
32627897
32628409
32628921
32629433
32629945
32630457
32630969
32626362
32626874
32627386
32627898
32628410
32628922
32629434
32629946
32630458
32630970
32626363
32626875
32627387
32627899
32628411
32628923
32629435
32629947
32630459
32630971
32626364
32626876
32627388
32627900
32628412
32628924
32629436
32629948
32630460
32630972
32626365
32626877
32627389
32627901
32628413
32628925
32629437
32629949
32630461
32630973
32626366
32626878
32627390
32627902
32628414
32628926
32629438
32629950
32630462
32630974
32626367
32626879
32627391
32627903
32628415
32628927
32629439
32629951
32630463
32630975
32626368
32626880
32627392
32627904
32628416
32628928
32629440
32629952
32630464
32630976
32626369
32626881
32627393
32627905
32628417
32628929
32629441
32629953
32630465
32630977
32626370
32626882
32627394
32627906
32628418
32628930
32629442
32629954
32630466
32630978
30770886
30771398
30771910
30772422
30772934
30773446
30773958
30774470
30774982
30775494
30770887
30771399
30771911
30772423
30772935
30773447
30773959
30774471
30774983
30775495
30770888
30771400
30771912
30772424
30772936
30773448
30773960
30774472
30774984
30775496
30770889
30771401
30771913
30772425
30772937
30773449
30773961
30774473
30774985
30775497
30770890
30771402
30771914
30772426
30772938
30773450
30773962
30774474
30774986
30775498
30770891
30771403
30771915
30772427
30772939
30773451
30773963
30774475
30774987
30775499
30770892
30771404
30771916
30772428
30772940
30773452
30773964
30774476
30774988
30775500
30770893
30771405
30771917
30772429
30772941
30773453
30773965
30774477
30774989
30775501
30770894
30771406
30771918
30772430
30772942
30773454
30773966
30774478
30774990
30775502
30770895
30771407
30771919
30772431
30772943
30773455
30773967
30774479
30774991
30775503
34449115
34449627
34450139
34450651
34451163
34451675
34452187
34452699
34453211
34453723
34449116
34449628
34450140
34450652
34451164
34451676
34452188
34452700
34453212
34453724
34449117
34449629
34450141
34450653
34451165
34451677
34452189
34452701
34453213
34453725
34449118
34449630
34450142
34450654
34451166
34451678
34452190
34452702
34453214
34453726
34449119
34449631
34450143
34450655
34451167
34451679
34452191
34452703
34453215
34453727
34449120
34449632
34450144
34450656
34451168
34451680
34452192
34452704
34453216
34453728
34449121
34449633
34450145
34450657
34451169
34451681
34452193
34452705
34453217
34453729
34449122
34449634
34450146
34450658
34451170
34451682
34452194
34452706
34453218
34453730
34449123
34449635
34450147
34450659
34451171
34451683
34452195
34452707
34453219
34453731
34449124
34449636
34450148
34450660
34451172
34451684
34452196
34452708
34453220
34453732
21548760
21549272
21549784
21550296
21550808
21551320
21551832
21552344
21552856
21553368
21548761
21549273
21549785
21550297
21550809
21551321
21551833
21552345
21552857
21553369
21548762
21549274
21549786
21550298
21550810
21551322
21551834
21552346
21552858
21553370
21548763
21549275
21549787
21550299
21550811
21551323
21551835
21552347
21552859
21553371
21548764
21549276
21549788
21550300
21550812
21551324
21551836
21552348
21552860
21553372
21548765
21549277
21549789
21550301
21550813
21551325
21551837
21552349
21552861
21553373
21548766
21549278
21549790
21550302
21550814
21551326
21551838
21552350
21552862
21553374
21548767
21549279
21549791
21550303
21550815
21551327
21551839
21552351
21552863
21553375
21548768
21549280
21549792
21550304
21550816
21551328
21551840
21552352
21552864
21553376
21548769
21549281
21549793
21550305
21550817
21551329
21551841
21552353
21552865
21553377
26306868
26307380
26307892
26308404
26308916
26309428
26309940
26310452
26310964
26311476
26306869
26307381
26307893
26308405
26308917
26309429
26309941
26310453
26310965
26311477
26306870
26307382
26307894
26308406
26308918
26309430
26309942
26310454
26310966
26311478
26306871
26307383
26307895
26308407
26308919
26309431
26309943
26310455
26310967
26311479
26306872
26307384
26307896
26308408
26308920
26309432
26309944
26310456
26310968
26311480
26306873
26307385
26307897
26308409
26308921
26309433
26309945
26310457
26310969
26311481
26306874
26307386
26307898
26308410
26308922
26309434
26309946
26310458
26310970
26311482
26306875
26307387
26307899
26308411
26308923
26309435
26309947
26310459
26310971
26311483
26306876
26307388
26307900
26308412
26308924
26309436
26309948
26310460
26310972
26311484
26306877
26307389
26307901
26308413
26308925
26309437
26309949
26310461
26310973
26311485
21280050
21280562
21281074
21281586
21282098
21282610
21283122
21283634
21284146
21284658
21280051
21280563
21281075
21281587
21282099
21282611
21283123
21283635
21284147
21284659
21280052
21280564
21281076
21281588
21282100
21282612
21283124
21283636
21284148
21284660
21280053
21280565
21281077
21281589
21282101
21282613
21283125
21283637
21284149
21284661
21280054
21280566
21281078
21281590
21282102
21282614
21283126
21283638
21284150
21284662
21280055
21280567
21281079
21281591
21282103
21282615
21283127
21283639
21284151
21284663
21280056
21280568
21281080
21281592
21282104
21282616
21283128
21283640
21284152
21284664
21280057
21280569
21281081
21281593
21282105
21282617
21283129
21283641
21284153
21284665
21280058
21280570
21281082
21281594
21282106
21282618
21283130
21283642
21284154
21284666
21280059
21280571
21281083
21281595
21282107
21282619
21283131
21283643
21284155
21284667
18127156
18127668
18128180
18128692
18129204
18129716
18130228
18130740
18131252
18131764
18127157
18127669
18128181
18128693
18129205
18129717
18130229
18130741
18131253
18131765
18127158
18127670
18128182
18128694
18129206
18129718
18130230
18130742
18131254
18131766
18127159
18127671
18128183
18128695
18129207
18129719
18130231
18130743
18131255
18131767
18127160
18127672
18128184
18128696
18129208
18129720
18130232
18130744
18131256
18131768
18127161
18127673
18128185
18128697
18129209
18129721
18130233
18130745
18131257
18131769
18127162
18127674
18128186
18128698
18129210
18129722
18130234
18130746
18131258
18131770
18127163
18127675
18128187
18128699
18129211
18129723
18130235
18130747
18131259
18131771
18127164
18127676
18128188
18128700
18129212
18129724
18130236
18130748
18131260
18131772
18127165
18127677
18128189
18128701
18129213
18129725
18130237
18130749
18131261
18131773
26028256
26028768
26029280
26029792
26030304
26030816
26031328
26031840
26032352
26032864
26028257
26028769
26029281
26029793
26030305
26030817
26031329
26031841
26032353
26032865
26028258
26028770
26029282
26029794
26030306
26030818
26031330
26031842
26032354
26032866
26028259
26028771
26029283
26029795
26030307
26030819
26031331
26031843
26032355
26032867
26028260
26028772
26029284
26029796
26030308
26030820
26031332
26031844
26032356
26032868
26028261
26028773
26029285
26029797
26030309
26030821
26031333
26031845
26032357
26032869
26028262
26028774
26029286
26029798
26030310
26030822
26031334
26031846
26032358
26032870
26028263
26028775
26029287
26029799
26030311
26030823
26031335
26031847
26032359
26032871
26028264
26028776
26029288
26029800
26030312
26030824
26031336
26031848
26032360
26032872
26028265
26028777
26029289
26029801
26030313
26030825
26031337
26031849
26032361
26032873
