31104253
31104765
31105277
31105789
31106301
31106813
31107325
31107837
31108349
31108861
31104254
31104766
31105278
31105790
31106302
31106814
31107326
31107838
31108350
31108862
31104255
31104767
31105279
31105791
31106303
31106815
31107327
31107839
31108351
31108863
31104256
31104768
31105280
31105792
31106304
31106816
31107328
31107840
31108352
31108864
31104257
31104769
31105281
31105793
31106305
31106817
31107329
31107841
31108353
31108865
31104258
31104770
31105282
31105794
31106306
31106818
31107330
31107842
31108354
31108866
31104259
31104771
31105283
31105795
31106307
31106819
31107331
31107843
31108355
31108867
31104260
31104772
31105284
31105796
31106308
31106820
31107332
31107844
31108356
31108868
31104261
31104773
31105285
31105797
31106309
31106821
31107333
31107845
31108357
31108869
31104262
31104774
31105286
31105798
31106310
31106822
31107334
31107846
31108358
31108870
31377145
31377657
31378169
31378681
31379193
31379705
31380217
31380729
31381241
31381753
31377146
31377658
31378170
31378682
31379194
31379706
31380218
31380730
31381242
31381754
31377147
31377659
31378171
31378683
31379195
31379707
31380219
31380731
31381243
31381755
31377148
31377660
31378172
31378684
31379196
31379708
31380220
31380732
31381244
31381756
31377149
31377661
31378173
31378685
31379197
31379709
31380221
31380733
31381245
31381757
31377150
31377662
31378174
31378686
31379198
31379710
31380222
31380734
31381246
31381758
31377151
31377663
31378175
31378687
31379199
31379711
31380223
31380735
31381247
31381759
31377152
31377664
31378176
31378688
31379200
31379712
31380224
31380736
31381248
31381760
31377153
31377665
31378177
31378689
31379201
31379713
31380225
31380737
31381249
31381761
31377154
31377666
31378178
31378690
31379202
31379714
31380226
31380738
31381250
31381762
31236361
31236873
31237385
31237897
31238409
31238921
31239433
31239945
31240457
31240969
31236362
31236874
31237386
31237898
31238410
31238922
31239434
31239946
31240458
31240970
31236363
31236875
31237387
31237899
31238411
31238923
31239435
31239947
31240459
31240971
31236364
31236876
31237388
31237900
31238412
31238924
31239436
31239948
31240460
31240972
31236365
31236877
31237389
31237901
31238413
31238925
31239437
31239949
31240461
31240973
31236366
31236878
31237390
31237902
31238414
31238926
31239438
31239950
31240462
31240974
31236367
31236879
31237391
31237903
31238415
31238927
31239439
31239951
31240463
31240975
31236368
31236880
31237392
31237904
31238416
31238928
31239440
31239952
31240464
31240976
31236369
31236881
31237393
31237905
31238417
31238929
31239441
31239953
31240465
31240977
31236370
31236882
31237394
31237906
31238418
31238930
31239442
31239954
31240466
31240978
18912019
18912531
18913043
18913555
18914067
18914579
18915091
18915603
18916115
18916627
18912020
18912532
18913044
18913556
18914068
18914580
18915092
18915604
18916116
18916628
18912021
18912533
18913045
18913557
18914069
18914581
18915093
18915605
18916117
18916629
18912022
18912534
18913046
18913558
18914070
18914582
18915094
18915606
18916118
18916630
18912023
18912535
18913047
18913559
18914071
18914583
18915095
18915607
18916119
18916631
18912024
18912536
18913048
18913560
18914072
18914584
18915096
18915608
18916120
18916632
18912025
18912537
18913049
18913561
18914073
18914585
18915097
18915609
18916121
18916633
18912026
18912538
18913050
18913562
18914074
18914586
18915098
18915610
18916122
18916634
18912027
18912539
18913051
18913563
18914075
18914587
18915099
18915611
18916123
18916635
18912028
18912540
18913052
18913564
18914076
18914588
18915100
18915612
18916124
18916636
22611151
22611663
22612175
22612687
22613199
22613711
22614223
22614735
22615247
22615759
22611152
22611664
22612176
22612688
22613200
22613712
22614224
22614736
22615248
22615760
22611153
22611665
22612177
22612689
22613201
22613713
22614225
22614737
22615249
22615761
22611154
22611666
22612178
22612690
22613202
22613714
22614226
22614738
22615250
22615762
22611155
22611667
22612179
22612691
22613203
22613715
22614227
22614739
22615251
22615763
22611156
22611668
22612180
22612692
22613204
22613716
22614228
22614740
22615252
22615764
22611157
22611669
22612181
22612693
22613205
22613717
22614229
22614741
22615253
22615765
22611158
22611670
22612182
22612694
22613206
22613718
22614230
22614742
22615254
22615766
22611159
22611671
22612183
22612695
22613207
22613719
22614231
22614743
22615255
22615767
22611160
22611672
22612184
22612696
22613208
22613720
22614232
22614744
22615256
22615768
30598392
30598904
30599416
30599928
30600440
30600952
30601464
30601976
30602488
30603000
30598393
30598905
30599417
30599929
30600441
30600953
30601465
30601977
30602489
30603001
30598394
30598906
30599418
30599930
30600442
30600954
30601466
30601978
30602490
30603002
30598395
30598907
30599419
30599931
30600443
30600955
30601467
30601979
30602491
30603003
30598396
30598908
30599420
30599932
30600444
30600956
30601468
30601980
30602492
30603004
30598397
30598909
30599421
30599933
30600445
30600957
30601469
30601981
30602493
30603005
30598398
30598910
30599422
30599934
30600446
30600958
30601470
30601982
30602494
30603006
30598399
30598911
30599423
30599935
30600447
30600959
30601471
30601983
30602495
30603007
30598400
30598912
30599424
30599936
30600448
30600960
30601472
30601984
30602496
30603008
30598401
30598913
30599425
30599937
30600449
30600961
30601473
30601985
30602497
30603009
28942541
28943053
28943565
28944077
28944589
28945101
28945613
28946125
28946637
28947149
28942542
28943054
28943566
28944078
28944590
28945102
28945614
28946126
28946638
28947150
28942543
28943055
28943567
28944079
28944591
28945103
28945615
28946127
28946639
28947151
28942544
28943056
28943568
28944080
28944592
28945104
28945616
28946128
28946640
28947152
28942545
28943057
28943569
28944081
28944593
28945105
28945617
28946129
28946641
28947153
28942546
28943058
28943570
28944082
28944594
28945106
28945618
28946130
28946642
28947154
28942547
28943059
28943571
28944083
28944595
28945107
28945619
28946131
28946643
28947155
28942548
28943060
28943572
28944084
28944596
28945108
28945620
28946132
28946644
28947156
28942549
28943061
28943573
28944085
28944597
28945109
28945621
28946133
28946645
28947157
28942550
28943062
28943574
28944086
28944598
28945110
28945622
28946134
28946646
28947158
23900968
23901480
23901992
23902504
23903016
23903528
23904040
23904552
23905064
23905576
23900969
23901481
23901993
23902505
23903017
23903529
23904041
23904553
23905065
23905577
23900970
23901482
23901994
23902506
23903018
23903530
23904042
23904554
23905066
23905578
23900971
23901483
23901995
23902507
23903019
23903531
23904043
23904555
23905067
23905579
23900972
23901484
23901996
23902508
23903020
23903532
23904044
23904556
23905068
23905580
23900973
23901485
23901997
23902509
23903021
23903533
23904045
23904557
23905069
23905581
23900974
23901486
23901998
23902510
23903022
23903534
23904046
23904558
23905070
23905582
23900975
23901487
23901999
23902511
23903023
23903535
23904047
23904559
23905071
23905583
23900976
23901488
23902000
23902512
23903024
23903536
23904048
23904560
23905072
23905584
23900977
23901489
23902001
23902513
23903025
23903537
23904049
23904561
23905073
23905585
35209479
35209991
35210503
35211015
35211527
35212039
35212551
35213063
35213575
35214087
35209480
35209992
35210504
35211016
35211528
35212040
35212552
35213064
35213576
35214088
35209481
35209993
35210505
35211017
35211529
35212041
35212553
35213065
35213577
35214089
35209482
35209994
35210506
35211018
35211530
35212042
35212554
35213066
35213578
35214090
35209483
35209995
35210507
35211019
35211531
35212043
35212555
35213067
35213579
35214091
35209484
35209996
35210508
35211020
35211532
35212044
35212556
35213068
35213580
35214092
35209485
35209997
35210509
35211021
35211533
35212045
35212557
35213069
35213581
35214093
35209486
35209998
35210510
35211022
35211534
35212046
35212558
35213070
35213582
35214094
35209487
35209999
35210511
35211023
35211535
35212047
35212559
35213071
35213583
35214095
35209488
35210000
35210512
35211024
35211536
35212048
35212560
35213072
35213584
35214096
34959628
34960140
34960652
34961164
34961676
34962188
34962700
34963212
34963724
34964236
34959629
34960141
34960653
34961165
34961677
34962189
34962701
34963213
34963725
34964237
34959630
34960142
34960654
34961166
34961678
34962190
34962702
34963214
34963726
34964238
34959631
34960143
34960655
34961167
34961679
34962191
34962703
34963215
34963727
34964239
34959632
34960144
34960656
34961168
34961680
34962192
34962704
34963216
34963728
34964240
34959633
34960145
34960657
34961169
34961681
34962193
34962705
34963217
34963729
34964241
34959634
34960146
34960658
34961170
34961682
34962194
34962706
34963218
34963730
34964242
34959635
34960147
34960659
34961171
34961683
34962195
34962707
34963219
34963731
34964243
34959636
34960148
34960660
34961172
34961684
34962196
34962708
34963220
34963732
34964244
34959637
34960149
34960661
34961173
34961685
34962197
34962709
34963221
34963733
34964245
27618645
27619157
27619669
27620181
27620693
27621205
27621717
27622229
27622741
27623253
27618646
27619158
27619670
27620182
27620694
27621206
27621718
27622230
27622742
27623254
27618647
27619159
27619671
27620183
27620695
27621207
27621719
27622231
27622743
27623255
27618648
27619160
27619672
27620184
27620696
27621208
27621720
27622232
27622744
27623256
27618649
27619161
27619673
27620185
27620697
27621209
27621721
27622233
27622745
27623257
27618650
27619162
27619674
27620186
27620698
27621210
27621722
27622234
27622746
27623258
27618651
27619163
27619675
27620187
27620699
27621211
27621723
27622235
27622747
27623259
27618652
27619164
27619676
27620188
27620700
27621212
27621724
27622236
27622748
27623260
27618653
27619165
27619677
27620189
27620701
27621213
27621725
27622237
27622749
27623261
27618654
27619166
27619678
27620190
27620702
27621214
27621726
27622238
27622750
27623262
32334571
32335083
32335595
32336107
32336619
32337131
32337643
32338155
32338667
32339179
32334572
32335084
32335596
32336108
32336620
32337132
32337644
32338156
32338668
32339180
32334573
32335085
32335597
32336109
32336621
32337133
32337645
32338157
32338669
32339181
32334574
32335086
32335598
32336110
32336622
32337134
32337646
32338158
32338670
32339182
32334575
32335087
32335599
32336111
32336623
32337135
32337647
32338159
32338671
32339183
32334576
32335088
32335600
32336112
32336624
32337136
32337648
32338160
32338672
32339184
32334577
32335089
32335601
32336113
32336625
32337137
32337649
32338161
32338673
32339185
32334578
32335090
32335602
32336114
32336626
32337138
32337650
32338162
32338674
32339186
32334579
32335091
32335603
32336115
32336627
32337139
32337651
32338163
32338675
32339187
32334580
32335092
32335604
32336116
32336628
32337140
32337652
32338164
32338676
32339188
15779561
15780073
15780585
15781097
15781609
15782121
15782633
15783145
15783657
15784169
15779562
15780074
15780586
15781098
15781610
15782122
15782634
15783146
15783658
15784170
15779563
15780075
15780587
15781099
15781611
15782123
15782635
15783147
15783659
15784171
15779564
15780076
15780588
15781100
15781612
15782124
15782636
15783148
15783660
15784172
15779565
15780077
15780589
15781101
15781613
15782125
15782637
15783149
15783661
15784173
15779566
15780078
15780590
15781102
15781614
15782126
15782638
15783150
15783662
15784174
15779567
15780079
15780591
15781103
15781615
15782127
15782639
15783151
15783663
15784175
15779568
15780080
15780592
15781104
15781616
15782128
15782640
15783152
15783664
15784176
15779569
15780081
15780593
15781105
15781617
15782129
15782641
15783153
15783665
15784177
15779570
15780082
15780594
15781106
15781618
15782130
15782642
15783154
15783666
15784178
30783233
30783745
30784257
30784769
30785281
30785793
30786305
30786817
30787329
30787841
30783234
30783746
30784258
30784770
30785282
30785794
30786306
30786818
30787330
30787842
30783235
30783747
30784259
30784771
30785283
30785795
30786307
30786819
30787331
30787843
30783236
30783748
30784260
30784772
30785284
30785796
30786308
30786820
30787332
30787844
30783237
30783749
30784261
30784773
30785285
30785797
30786309
30786821
30787333
30787845
30783238
30783750
30784262
30784774
30785286
30785798
30786310
30786822
30787334
30787846
30783239
30783751
30784263
30784775
30785287
30785799
30786311
30786823
30787335
30787847
30783240
30783752
30784264
30784776
30785288
30785800
30786312
30786824
30787336
30787848
30783241
30783753
30784265
30784777
30785289
30785801
30786313
30786825
30787337
30787849
30783242
30783754
30784266
30784778
30785290
30785802
30786314
30786826
30787338
30787850
31580344
31580856
31581368
31581880
31582392
31582904
31583416
31583928
31584440
31584952
31580345
31580857
31581369
31581881
31582393
31582905
31583417
31583929
31584441
31584953
31580346
31580858
31581370
31581882
31582394
31582906
31583418
31583930
31584442
31584954
31580347
31580859
31581371
31581883
31582395
31582907
31583419
31583931
31584443
31584955
31580348
31580860
31581372
31581884
31582396
31582908
31583420
31583932
31584444
31584956
31580349
31580861
31581373
31581885
31582397
31582909
31583421
31583933
31584445
31584957
31580350
31580862
31581374
31581886
31582398
31582910
31583422
31583934
31584446
31584958
31580351
31580863
31581375
31581887
31582399
31582911
31583423
31583935
31584447
31584959
31580352
31580864
31581376
31581888
31582400
31582912
31583424
31583936
31584448
31584960
31580353
31580865
31581377
31581889
31582401
31582913
31583425
31583937
31584449
31584961
30507807
30508319
30508831
30509343
30509855
30510367
30510879
30511391
30511903
30512415
30507808
30508320
30508832
30509344
30509856
30510368
30510880
30511392
30511904
30512416
30507809
30508321
30508833
30509345
30509857
30510369
30510881
30511393
30511905
30512417
30507810
30508322
30508834
30509346
30509858
30510370
30510882
30511394
30511906
30512418
30507811
30508323
30508835
30509347
30509859
30510371
30510883
30511395
30511907
30512419
30507812
30508324
30508836
30509348
30509860
30510372
30510884
30511396
30511908
30512420
30507813
30508325
30508837
30509349
30509861
30510373
30510885
30511397
30511909
30512421
30507814
30508326
30508838
30509350
30509862
30510374
30510886
30511398
30511910
30512422
30507815
30508327
30508839
30509351
30509863
30510375
30510887
30511399
30511911
30512423
30507816
30508328
30508840
30509352
30509864
30510376
30510888
30511400
30511912
30512424
31799045
31799557
31800069
31800581
31801093
31801605
31802117
31802629
31803141
31803653
31799046
31799558
31800070
31800582
31801094
31801606
31802118
31802630
31803142
31803654
31799047
31799559
31800071
31800583
31801095
31801607
31802119
31802631
31803143
31803655
31799048
31799560
31800072
31800584
31801096
31801608
31802120
31802632
31803144
31803656
31799049
31799561
31800073
31800585
31801097
31801609
31802121
31802633
31803145
31803657
31799050
31799562
31800074
31800586
31801098
31801610
31802122
31802634
31803146
31803658
31799051
31799563
31800075
31800587
31801099
31801611
31802123
31802635
31803147
31803659
31799052
31799564
31800076
31800588
31801100
31801612
31802124
31802636
31803148
31803660
31799053
31799565
31800077
31800589
31801101
31801613
31802125
31802637
31803149
31803661
31799054
31799566
31800078
31800590
31801102
31801614
31802126
31802638
31803150
31803662
34670826
34671338
34671850
34672362
34672874
34673386
34673898
34674410
34674922
34675434
34670827
34671339
34671851
34672363
34672875
34673387
34673899
34674411
34674923
34675435
34670828
34671340
34671852
34672364
34672876
34673388
34673900
34674412
34674924
34675436
34670829
34671341
34671853
34672365
34672877
34673389
34673901
34674413
34674925
34675437
34670830
34671342
34671854
34672366
34672878
34673390
34673902
34674414
34674926
34675438
34670831
34671343
34671855
34672367
34672879
34673391
34673903
34674415
34674927
34675439
34670832
34671344
34671856
34672368
34672880
34673392
34673904
34674416
34674928
34675440
34670833
34671345
34671857
34672369
34672881
34673393
34673905
34674417
34674929
34675441
34670834
34671346
34671858
34672370
34672882
34673394
34673906
34674418
34674930
34675442
34670835
34671347
34671859
34672371
34672883
34673395
34673907
34674419
34674931
34675443
28641008
28641520
28642032
28642544
28643056
28643568
28644080
28644592
28645104
28645616
28641009
28641521
28642033
28642545
28643057
28643569
28644081
28644593
28645105
28645617
28641010
28641522
28642034
28642546
28643058
28643570
28644082
28644594
28645106
28645618
28641011
28641523
28642035
28642547
28643059
28643571
28644083
28644595
28645107
28645619
28641012
28641524
28642036
28642548
28643060
28643572
28644084
28644596
28645108
28645620
28641013
28641525
28642037
28642549
28643061
28643573
28644085
28644597
28645109
28645621
28641014
28641526
28642038
28642550
28643062
28643574
28644086
28644598
28645110
28645622
28641015
28641527
28642039
28642551
28643063
28643575
28644087
28644599
28645111
28645623
28641016
28641528
28642040
28642552
28643064
28643576
28644088
28644600
28645112
28645624
28641017
28641529
28642041
28642553
28643065
28643577
28644089
28644601
28645113
28645625
34981084
34981596
34982108
34982620
34983132
34983644
34984156
34984668
34985180
34985692
34981085
34981597
34982109
34982621
34983133
34983645
34984157
34984669
34985181
34985693
34981086
34981598
34982110
34982622
34983134
34983646
34984158
34984670
34985182
34985694
34981087
34981599
34982111
34982623
34983135
34983647
34984159
34984671
34985183
34985695
34981088
34981600
34982112
34982624
34983136
34983648
34984160
34984672
34985184
34985696
34981089
34981601
34982113
34982625
34983137
34983649
34984161
34984673
34985185
34985697
34981090
34981602
34982114
34982626
34983138
34983650
34984162
34984674
34985186
34985698
34981091
34981603
34982115
34982627
34983139
34983651
34984163
34984675
34985187
34985699
34981092
34981604
34982116
34982628
34983140
34983652
34984164
34984676
34985188
34985700
34981093
34981605
34982117
34982629
34983141
34983653
34984165
34984677
34985189
34985701
27575598
27576110
27576622
27577134
27577646
27578158
27578670
27579182
27579694
27580206
27575599
27576111
27576623
27577135
27577647
27578159
27578671
27579183
27579695
27580207
27575600
27576112
27576624
27577136
27577648
27578160
27578672
27579184
27579696
27580208
27575601
27576113
27576625
27577137
27577649
27578161
27578673
27579185
27579697
27580209
27575602
27576114
27576626
27577138
27577650
27578162
27578674
27579186
27579698
27580210
27575603
27576115
27576627
27577139
27577651
27578163
27578675
27579187
27579699
27580211
27575604
27576116
27576628
27577140
27577652
27578164
27578676
27579188
27579700
27580212
27575605
27576117
27576629
27577141
27577653
27578165
27578677
27579189
27579701
27580213
27575606
27576118
27576630
27577142
27577654
27578166
27578678
27579190
27579702
27580214
27575607
27576119
27576631
27577143
27577655
27578167
27578679
27579191
27579703
27580215
32073015
32073527
32074039
32074551
32075063
32075575
32076087
32076599
32077111
32077623
32073016
32073528
32074040
32074552
32075064
32075576
32076088
32076600
32077112
32077624
32073017
32073529
32074041
32074553
32075065
32075577
32076089
32076601
32077113
32077625
32073018
32073530
32074042
32074554
32075066
32075578
32076090
32076602
32077114
32077626
32073019
32073531
32074043
32074555
32075067
32075579
32076091
32076603
32077115
32077627
32073020
32073532
32074044
32074556
32075068
32075580
32076092
32076604
32077116
32077628
32073021
32073533
32074045
32074557
32075069
32075581
32076093
32076605
32077117
32077629
32073022
32073534
32074046
32074558
32075070
32075582
32076094
32076606
32077118
32077630
32073023
32073535
32074047
32074559
32075071
32075583
32076095
32076607
32077119
32077631
32073024
32073536
32074048
32074560
32075072
32075584
32076096
32076608
32077120
32077632
19982537
19983049
19983561
19984073
19984585
19985097
19985609
19986121
19986633
19987145
19982538
19983050
19983562
19984074
19984586
19985098
19985610
19986122
19986634
19987146
19982539
19983051
19983563
19984075
19984587
19985099
19985611
19986123
19986635
19987147
19982540
19983052
19983564
19984076
19984588
19985100
19985612
19986124
19986636
19987148
19982541
19983053
19983565
19984077
19984589
19985101
19985613
19986125
19986637
19987149
19982542
19983054
19983566
19984078
19984590
19985102
19985614
19986126
19986638
19987150
19982543
19983055
19983567
19984079
19984591
19985103
19985615
19986127
19986639
19987151
19982544
19983056
19983568
19984080
19984592
19985104
19985616
19986128
19986640
19987152
19982545
19983057
19983569
19984081
19984593
19985105
19985617
19986129
19986641
19987153
19982546
19983058
19983570
19984082
19984594
19985106
19985618
19986130
19986642
19987154
34193658
34194170
34194682
34195194
34195706
34196218
34196730
34197242
34197754
34198266
34193659
34194171
34194683
34195195
34195707
34196219
34196731
34197243
34197755
34198267
34193660
34194172
34194684
34195196
34195708
34196220
34196732
34197244
34197756
34198268
34193661
34194173
34194685
34195197
34195709
34196221
34196733
34197245
34197757
34198269
34193662
34194174
34194686
34195198
34195710
34196222
34196734
34197246
34197758
34198270
34193663
34194175
34194687
34195199
34195711
34196223
34196735
34197247
34197759
34198271
34193664
34194176
34194688
34195200
34195712
34196224
34196736
34197248
34197760
34198272
34193665
34194177
34194689
34195201
34195713
34196225
34196737
34197249
34197761
34198273
34193666
34194178
34194690
34195202
34195714
34196226
34196738
34197250
34197762
34198274
34193667
34194179
34194691
34195203
34195715
34196227
34196739
34197251
34197763
34198275
26799374
26799886
26800398
26800910
26801422
26801934
26802446
26802958
26803470
26803982
26799375
26799887
26800399
26800911
26801423
26801935
26802447
26802959
26803471
26803983
26799376
26799888
26800400
26800912
26801424
26801936
26802448
26802960
26803472
26803984
26799377
26799889
26800401
26800913
26801425
26801937
26802449
26802961
26803473
26803985
26799378
26799890
26800402
26800914
26801426
26801938
26802450
26802962
26803474
26803986
26799379
26799891
26800403
26800915
26801427
26801939
26802451
26802963
26803475
26803987
26799380
26799892
26800404
26800916
26801428
26801940
26802452
26802964
26803476
26803988
26799381
26799893
26800405
26800917
26801429
26801941
26802453
26802965
26803477
26803989
26799382
26799894
26800406
26800918
26801430
26801942
26802454
26802966
26803478
26803990
26799383
26799895
26800407
26800919
26801431
26801943
26802455
26802967
26803479
26803991
27040519
27041031
27041543
27042055
27042567
27043079
27043591
27044103
27044615
27045127
27040520
27041032
27041544
27042056
27042568
27043080
27043592
27044104
27044616
27045128
27040521
27041033
27041545
27042057
27042569
27043081
27043593
27044105
27044617
27045129
27040522
27041034
27041546
27042058
27042570
27043082
27043594
27044106
27044618
27045130
27040523
27041035
27041547
27042059
27042571
27043083
27043595
27044107
27044619
27045131
27040524
27041036
27041548
27042060
27042572
27043084
27043596
27044108
27044620
27045132
27040525
27041037
27041549
27042061
27042573
27043085
27043597
27044109
27044621
27045133
27040526
27041038
27041550
27042062
27042574
27043086
27043598
27044110
27044622
27045134
27040527
27041039
27041551
27042063
27042575
27043087
27043599
27044111
27044623
27045135
27040528
27041040
27041552
27042064
27042576
27043088
27043600
27044112
27044624
27045136
26050240
26050752
26051264
26051776
26052288
26052800
26053312
26053824
26054336
26054848
26050241
26050753
26051265
26051777
26052289
26052801
26053313
26053825
26054337
26054849
26050242
26050754
26051266
26051778
26052290
26052802
26053314
26053826
26054338
26054850
26050243
26050755
26051267
26051779
26052291
26052803
26053315
26053827
26054339
26054851
26050244
26050756
26051268
26051780
26052292
26052804
26053316
26053828
26054340
26054852
26050245
26050757
26051269
26051781
26052293
26052805
26053317
26053829
26054341
26054853
26050246
26050758
26051270
26051782
26052294
26052806
26053318
26053830
26054342
26054854
26050247
26050759
26051271
26051783
26052295
26052807
26053319
26053831
26054343
26054855
26050248
26050760
26051272
26051784
26052296
26052808
26053320
26053832
26054344
26054856
26050249
26050761
26051273
26051785
26052297
26052809
26053321
26053833
26054345
26054857
24179955
24180467
24180979
24181491
24182003
24182515
24183027
24183539
24184051
24184563
24179956
24180468
24180980
24181492
24182004
24182516
24183028
24183540
24184052
24184564
24179957
24180469
24180981
24181493
24182005
24182517
24183029
24183541
24184053
24184565
24179958
24180470
24180982
24181494
24182006
24182518
24183030
24183542
24184054
24184566
24179959
24180471
24180983
24181495
24182007
24182519
24183031
24183543
24184055
24184567
24179960
24180472
24180984
24181496
24182008
24182520
24183032
24183544
24184056
24184568
24179961
24180473
24180985
24181497
24182009
24182521
24183033
24183545
24184057
24184569
24179962
24180474
24180986
24181498
24182010
24182522
24183034
24183546
24184058
24184570
24179963
24180475
24180987
24181499
24182011
24182523
24183035
24183547
24184059
24184571
24179964
24180476
24180988
24181500
24182012
24182524
24183036
24183548
24184060
24184572
33397452
33397964
33398476
33398988
33399500
33400012
33400524
33401036
33401548
33402060
33397453
33397965
33398477
33398989
33399501
33400013
33400525
33401037
33401549
33402061
33397454
33397966
33398478
33398990
33399502
33400014
33400526
33401038
33401550
33402062
33397455
33397967
33398479
33398991
33399503
33400015
33400527
33401039
33401551
33402063
33397456
33397968
33398480
33398992
33399504
33400016
33400528
33401040
33401552
33402064
33397457
33397969
33398481
33398993
33399505
33400017
33400529
33401041
33401553
33402065
33397458
33397970
33398482
33398994
33399506
33400018
33400530
33401042
33401554
33402066
33397459
33397971
33398483
33398995
33399507
33400019
33400531
33401043
33401555
33402067
33397460
33397972
33398484
33398996
33399508
33400020
33400532
33401044
33401556
33402068
33397461
33397973
33398485
33398997
33399509
33400021
33400533
33401045
33401557
33402069
24680211
24680723
24681235
24681747
24682259
24682771
24683283
24683795
24684307
24684819
24680212
24680724
24681236
24681748
24682260
24682772
24683284
24683796
24684308
24684820
24680213
24680725
24681237
24681749
24682261
24682773
24683285
24683797
24684309
24684821
24680214
24680726
24681238
24681750
24682262
24682774
24683286
24683798
24684310
24684822
24680215
24680727
24681239
24681751
24682263
24682775
24683287
24683799
24684311
24684823
24680216
24680728
24681240
24681752
24682264
24682776
24683288
24683800
24684312
24684824
24680217
24680729
24681241
24681753
24682265
24682777
24683289
24683801
24684313
24684825
24680218
24680730
24681242
24681754
24682266
24682778
24683290
24683802
24684314
24684826
24680219
24680731
24681243
24681755
24682267
24682779
24683291
24683803
24684315
24684827
24680220
24680732
24681244
24681756
24682268
24682780
24683292
24683804
24684316
24684828
