25493737
25494249
25494761
25495273
25495785
25496297
25496809
25497321
25497833
25498345
25493738
25494250
25494762
25495274
25495786
25496298
25496810
25497322
25497834
25498346
25493739
25494251
25494763
25495275
25495787
25496299
25496811
25497323
25497835
25498347
25493740
25494252
25494764
25495276
25495788
25496300
25496812
25497324
25497836
25498348
25493741
25494253
25494765
25495277
25495789
25496301
25496813
25497325
25497837
25498349
25493742
25494254
25494766
25495278
25495790
25496302
25496814
25497326
25497838
25498350
25493743
25494255
25494767
25495279
25495791
25496303
25496815
25497327
25497839
25498351
25493744
25494256
25494768
25495280
25495792
25496304
25496816
25497328
25497840
25498352
25493745
25494257
25494769
25495281
25495793
25496305
25496817
25497329
25497841
25498353
25493746
25494258
25494770
25495282
25495794
25496306
25496818
25497330
25497842
25498354
30264046
30264558
30265070
30265582
30266094
30266606
30267118
30267630
30268142
30268654
30264047
30264559
30265071
30265583
30266095
30266607
30267119
30267631
30268143
30268655
30264048
30264560
30265072
30265584
30266096
30266608
30267120
30267632
30268144
30268656
30264049
30264561
30265073
30265585
30266097
30266609
30267121
30267633
30268145
30268657
30264050
30264562
30265074
30265586
30266098
30266610
30267122
30267634
30268146
30268658
30264051
30264563
30265075
30265587
30266099
30266611
30267123
30267635
30268147
30268659
30264052
30264564
30265076
30265588
30266100
30266612
30267124
30267636
30268148
30268660
30264053
30264565
30265077
30265589
30266101
30266613
30267125
30267637
30268149
30268661
30264054
30264566
30265078
30265590
30266102
30266614
30267126
30267638
30268150
30268662
30264055
30264567
30265079
30265591
30266103
30266615
30267127
30267639
30268151
30268663
28109133
28109645
28110157
28110669
28111181
28111693
28112205
28112717
28113229
28113741
28109134
28109646
28110158
28110670
28111182
28111694
28112206
28112718
28113230
28113742
28109135
28109647
28110159
28110671
28111183
28111695
28112207
28112719
28113231
28113743
28109136
28109648
28110160
28110672
28111184
28111696
28112208
28112720
28113232
28113744
28109137
28109649
28110161
28110673
28111185
28111697
28112209
28112721
28113233
28113745
28109138
28109650
28110162
28110674
28111186
28111698
28112210
28112722
28113234
28113746
28109139
28109651
28110163
28110675
28111187
28111699
28112211
28112723
28113235
28113747
28109140
28109652
28110164
28110676
28111188
28111700
28112212
28112724
28113236
28113748
28109141
28109653
28110165
28110677
28111189
28111701
28112213
28112725
28113237
28113749
28109142
28109654
28110166
28110678
28111190
28111702
28112214
28112726
28113238
28113750
31375105
31375617
31376129
31376641
31377153
31377665
31378177
31378689
31379201
31379713
31375106
31375618
31376130
31376642
31377154
31377666
31378178
31378690
31379202
31379714
31375107
31375619
31376131
31376643
31377155
31377667
31378179
31378691
31379203
31379715
31375108
31375620
31376132
31376644
31377156
31377668
31378180
31378692
31379204
31379716
31375109
31375621
31376133
31376645
31377157
31377669
31378181
31378693
31379205
31379717
31375110
31375622
31376134
31376646
31377158
31377670
31378182
31378694
31379206
31379718
31375111
31375623
31376135
31376647
31377159
31377671
31378183
31378695
31379207
31379719
31375112
31375624
31376136
31376648
31377160
31377672
31378184
31378696
31379208
31379720
31375113
31375625
31376137
31376649
31377161
31377673
31378185
31378697
31379209
31379721
31375114
31375626
31376138
31376650
31377162
31377674
31378186
31378698
31379210
31379722
25507048
25507560
25508072
25508584
25509096
25509608
25510120
25510632
25511144
25511656
25507049
25507561
25508073
25508585
25509097
25509609
25510121
25510633
25511145
25511657
25507050
25507562
25508074
25508586
25509098
25509610
25510122
25510634
25511146
25511658
25507051
25507563
25508075
25508587
25509099
25509611
25510123
25510635
25511147
25511659
25507052
25507564
25508076
25508588
25509100
25509612
25510124
25510636
25511148
25511660
25507053
25507565
25508077
25508589
25509101
25509613
25510125
25510637
25511149
25511661
25507054
25507566
25508078
25508590
25509102
25509614
25510126
25510638
25511150
25511662
25507055
25507567
25508079
25508591
25509103
25509615
25510127
25510639
25511151
25511663
25507056
25507568
25508080
25508592
25509104
25509616
25510128
25510640
25511152
25511664
25507057
25507569
25508081
25508593
25509105
25509617
25510129
25510641
25511153
25511665
14985985
14986497
14987009
14987521
14988033
14988545
14989057
14989569
14990081
14990593
14985986
14986498
14987010
14987522
14988034
14988546
14989058
14989570
14990082
14990594
14985987
14986499
14987011
14987523
14988035
14988547
14989059
14989571
14990083
14990595
14985988
14986500
14987012
14987524
14988036
14988548
14989060
14989572
14990084
14990596
14985989
14986501
14987013
14987525
14988037
14988549
14989061
14989573
14990085
14990597
14985990
14986502
14987014
14987526
14988038
14988550
14989062
14989574
14990086
14990598
14985991
14986503
14987015
14987527
14988039
14988551
14989063
14989575
14990087
14990599
14985992
14986504
14987016
14987528
14988040
14988552
14989064
14989576
14990088
14990600
14985993
14986505
14987017
14987529
14988041
14988553
14989065
14989577
14990089
14990601
14985994
14986506
14987018
14987530
14988042
14988554
14989066
14989578
14990090
14990602
27873110
27873622
27874134
27874646
27875158
27875670
27876182
27876694
27877206
27877718
27873111
27873623
27874135
27874647
27875159
27875671
27876183
27876695
27877207
27877719
27873112
27873624
27874136
27874648
27875160
27875672
27876184
27876696
27877208
27877720
27873113
27873625
27874137
27874649
27875161
27875673
27876185
27876697
27877209
27877721
27873114
27873626
27874138
27874650
27875162
27875674
27876186
27876698
27877210
27877722
27873115
27873627
27874139
27874651
27875163
27875675
27876187
27876699
27877211
27877723
27873116
27873628
27874140
27874652
27875164
27875676
27876188
27876700
27877212
27877724
27873117
27873629
27874141
27874653
27875165
27875677
27876189
27876701
27877213
27877725
27873118
27873630
27874142
27874654
27875166
27875678
27876190
27876702
27877214
27877726
27873119
27873631
27874143
27874655
27875167
27875679
27876191
27876703
27877215
27877727
26270944
26271456
26271968
26272480
26272992
26273504
26274016
26274528
26275040
26275552
26270945
26271457
26271969
26272481
26272993
26273505
26274017
26274529
26275041
26275553
26270946
26271458
26271970
26272482
26272994
26273506
26274018
26274530
26275042
26275554
26270947
26271459
26271971
26272483
26272995
26273507
26274019
26274531
26275043
26275555
26270948
26271460
26271972
26272484
26272996
26273508
26274020
26274532
26275044
26275556
26270949
26271461
26271973
26272485
26272997
26273509
26274021
26274533
26275045
26275557
26270950
26271462
26271974
26272486
26272998
26273510
26274022
26274534
26275046
26275558
26270951
26271463
26271975
26272487
26272999
26273511
26274023
26274535
26275047
26275559
26270952
26271464
26271976
26272488
26273000
26273512
26274024
26274536
26275048
26275560
26270953
26271465
26271977
26272489
26273001
26273513
26274025
26274537
26275049
26275561
28126940
28127452
28127964
28128476
28128988
28129500
28130012
28130524
28131036
28131548
28126941
28127453
28127965
28128477
28128989
28129501
28130013
28130525
28131037
28131549
28126942
28127454
28127966
28128478
28128990
28129502
28130014
28130526
28131038
28131550
28126943
28127455
28127967
28128479
28128991
28129503
28130015
28130527
28131039
28131551
28126944
28127456
28127968
28128480
28128992
28129504
28130016
28130528
28131040
28131552
28126945
28127457
28127969
28128481
28128993
28129505
28130017
28130529
28131041
28131553
28126946
28127458
28127970
28128482
28128994
28129506
28130018
28130530
28131042
28131554
28126947
28127459
28127971
28128483
28128995
28129507
28130019
28130531
28131043
28131555
28126948
28127460
28127972
28128484
28128996
28129508
28130020
28130532
28131044
28131556
28126949
28127461
28127973
28128485
28128997
28129509
28130021
28130533
28131045
28131557
29447392
29447904
29448416
29448928
29449440
29449952
29450464
29450976
29451488
29452000
29447393
29447905
29448417
29448929
29449441
29449953
29450465
29450977
29451489
29452001
29447394
29447906
29448418
29448930
29449442
29449954
29450466
29450978
29451490
29452002
29447395
29447907
29448419
29448931
29449443
29449955
29450467
29450979
29451491
29452003
29447396
29447908
29448420
29448932
29449444
29449956
29450468
29450980
29451492
29452004
29447397
29447909
29448421
29448933
29449445
29449957
29450469
29450981
29451493
29452005
29447398
29447910
29448422
29448934
29449446
29449958
29450470
29450982
29451494
29452006
29447399
29447911
29448423
29448935
29449447
29449959
29450471
29450983
29451495
29452007
29447400
29447912
29448424
29448936
29449448
29449960
29450472
29450984
29451496
29452008
29447401
29447913
29448425
29448937
29449449
29449961
29450473
29450985
29451497
29452009
27590958
27591470
27591982
27592494
27593006
27593518
27594030
27594542
27595054
27595566
27590959
27591471
27591983
27592495
27593007
27593519
27594031
27594543
27595055
27595567
27590960
27591472
27591984
27592496
27593008
27593520
27594032
27594544
27595056
27595568
27590961
27591473
27591985
27592497
27593009
27593521
27594033
27594545
27595057
27595569
27590962
27591474
27591986
27592498
27593010
27593522
27594034
27594546
27595058
27595570
27590963
27591475
27591987
27592499
27593011
27593523
27594035
27594547
27595059
27595571
27590964
27591476
27591988
27592500
27593012
27593524
27594036
27594548
27595060
27595572
27590965
27591477
27591989
27592501
27593013
27593525
27594037
27594549
27595061
27595573
27590966
27591478
27591990
27592502
27593014
27593526
27594038
27594550
27595062
27595574
27590967
27591479
27591991
27592503
27593015
27593527
27594039
27594551
27595063
27595575
29701951
29702463
29702975
29703487
29703999
29704511
29705023
29705535
29706047
29706559
29701952
29702464
29702976
29703488
29704000
29704512
29705024
29705536
29706048
29706560
29701953
29702465
29702977
29703489
29704001
29704513
29705025
29705537
29706049
29706561
29701954
29702466
29702978
29703490
29704002
29704514
29705026
29705538
29706050
29706562
29701955
29702467
29702979
29703491
29704003
29704515
29705027
29705539
29706051
29706563
29701956
29702468
29702980
29703492
29704004
29704516
29705028
29705540
29706052
29706564
29701957
29702469
29702981
29703493
29704005
29704517
29705029
29705541
29706053
29706565
29701958
29702470
29702982
29703494
29704006
29704518
29705030
29705542
29706054
29706566
29701959
29702471
29702983
29703495
29704007
29704519
29705031
29705543
29706055
29706567
29701960
29702472
29702984
29703496
29704008
29704520
29705032
29705544
29706056
29706568
32849156
32849668
32850180
32850692
32851204
32851716
32852228
32852740
32853252
32853764
32849157
32849669
32850181
32850693
32851205
32851717
32852229
32852741
32853253
32853765
32849158
32849670
32850182
32850694
32851206
32851718
32852230
32852742
32853254
32853766
32849159
32849671
32850183
32850695
32851207
32851719
32852231
32852743
32853255
32853767
32849160
32849672
32850184
32850696
32851208
32851720
32852232
32852744
32853256
32853768
32849161
32849673
32850185
32850697
32851209
32851721
32852233
32852745
32853257
32853769
32849162
32849674
32850186
32850698
32851210
32851722
32852234
32852746
32853258
32853770
32849163
32849675
32850187
32850699
32851211
32851723
32852235
32852747
32853259
32853771
32849164
32849676
32850188
32850700
32851212
32851724
32852236
32852748
32853260
32853772
32849165
32849677
32850189
32850701
32851213
32851725
32852237
32852749
32853261
32853773
31256836
31257348
31257860
31258372
31258884
31259396
31259908
31260420
31260932
31261444
31256837
31257349
31257861
31258373
31258885
31259397
31259909
31260421
31260933
31261445
31256838
31257350
31257862
31258374
31258886
31259398
31259910
31260422
31260934
31261446
31256839
31257351
31257863
31258375
31258887
31259399
31259911
31260423
31260935
31261447
31256840
31257352
31257864
31258376
31258888
31259400
31259912
31260424
31260936
31261448
31256841
31257353
31257865
31258377
31258889
31259401
31259913
31260425
31260937
31261449
31256842
31257354
31257866
31258378
31258890
31259402
31259914
31260426
31260938
31261450
31256843
31257355
31257867
31258379
31258891
31259403
31259915
31260427
31260939
31261451
31256844
31257356
31257868
31258380
31258892
31259404
31259916
31260428
31260940
31261452
31256845
31257357
31257869
31258381
31258893
31259405
31259917
31260429
31260941
31261453
31323333
31323845
31324357
31324869
31325381
31325893
31326405
31326917
31327429
31327941
31323334
31323846
31324358
31324870
31325382
31325894
31326406
31326918
31327430
31327942
31323335
31323847
31324359
31324871
31325383
31325895
31326407
31326919
31327431
31327943
31323336
31323848
31324360
31324872
31325384
31325896
31326408
31326920
31327432
31327944
31323337
31323849
31324361
31324873
31325385
31325897
31326409
31326921
31327433
31327945
31323338
31323850
31324362
31324874
31325386
31325898
31326410
31326922
31327434
31327946
31323339
31323851
31324363
31324875
31325387
31325899
31326411
31326923
31327435
31327947
31323340
31323852
31324364
31324876
31325388
31325900
31326412
31326924
31327436
31327948
31323341
31323853
31324365
31324877
31325389
31325901
31326413
31326925
31327437
31327949
31323342
31323854
31324366
31324878
31325390
31325902
31326414
31326926
31327438
31327950
30004485
30004997
30005509
30006021
30006533
30007045
30007557
30008069
30008581
30009093
30004486
30004998
30005510
30006022
30006534
30007046
30007558
30008070
30008582
30009094
30004487
30004999
30005511
30006023
30006535
30007047
30007559
30008071
30008583
30009095
30004488
30005000
30005512
30006024
30006536
30007048
30007560
30008072
30008584
30009096
30004489
30005001
30005513
30006025
30006537
30007049
30007561
30008073
30008585
30009097
30004490
30005002
30005514
30006026
30006538
30007050
30007562
30008074
30008586
30009098
30004491
30005003
30005515
30006027
30006539
30007051
30007563
30008075
30008587
30009099
30004492
30005004
30005516
30006028
30006540
30007052
30007564
30008076
30008588
30009100
30004493
30005005
30005517
30006029
30006541
30007053
30007565
30008077
30008589
30009101
30004494
30005006
30005518
30006030
30006542
30007054
30007566
30008078
30008590
30009102
16818951
16819463
16819975
16820487
16820999
16821511
16822023
16822535
16823047
16823559
16818952
16819464
16819976
16820488
16821000
16821512
16822024
16822536
16823048
16823560
16818953
16819465
16819977
16820489
16821001
16821513
16822025
16822537
16823049
16823561
16818954
16819466
16819978
16820490
16821002
16821514
16822026
16822538
16823050
16823562
16818955
16819467
16819979
16820491
16821003
16821515
16822027
16822539
16823051
16823563
16818956
16819468
16819980
16820492
16821004
16821516
16822028
16822540
16823052
16823564
16818957
16819469
16819981
16820493
16821005
16821517
16822029
16822541
16823053
16823565
16818958
16819470
16819982
16820494
16821006
16821518
16822030
16822542
16823054
16823566
16818959
16819471
16819983
16820495
16821007
16821519
16822031
16822543
16823055
16823567
16818960
16819472
16819984
16820496
16821008
16821520
16822032
16822544
16823056
16823568
26261249
26261761
26262273
26262785
26263297
26263809
26264321
26264833
26265345
26265857
26261250
26261762
26262274
26262786
26263298
26263810
26264322
26264834
26265346
26265858
26261251
26261763
26262275
26262787
26263299
26263811
26264323
26264835
26265347
26265859
26261252
26261764
26262276
26262788
26263300
26263812
26264324
26264836
26265348
26265860
26261253
26261765
26262277
26262789
26263301
26263813
26264325
26264837
26265349
26265861
26261254
26261766
26262278
26262790
26263302
26263814
26264326
26264838
26265350
26265862
26261255
26261767
26262279
26262791
26263303
26263815
26264327
26264839
26265351
26265863
26261256
26261768
26262280
26262792
26263304
26263816
26264328
26264840
26265352
26265864
26261257
26261769
26262281
26262793
26263305
26263817
26264329
26264841
26265353
26265865
26261258
26261770
26262282
26262794
26263306
26263818
26264330
26264842
26265354
26265866
33625880
33626392
33626904
33627416
33627928
33628440
33628952
33629464
33629976
33630488
33625881
33626393
33626905
33627417
33627929
33628441
33628953
33629465
33629977
33630489
33625882
33626394
33626906
33627418
33627930
33628442
33628954
33629466
33629978
33630490
33625883
33626395
33626907
33627419
33627931
33628443
33628955
33629467
33629979
33630491
33625884
33626396
33626908
33627420
33627932
33628444
33628956
33629468
33629980
33630492
33625885
33626397
33626909
33627421
33627933
33628445
33628957
33629469
33629981
33630493
33625886
33626398
33626910
33627422
33627934
33628446
33628958
33629470
33629982
33630494
33625887
33626399
33626911
33627423
33627935
33628447
33628959
33629471
33629983
33630495
33625888
33626400
33626912
33627424
33627936
33628448
33628960
33629472
33629984
33630496
33625889
33626401
33626913
33627425
33627937
33628449
33628961
33629473
33629985
33630497
32862466
32862978
32863490
32864002
32864514
32865026
32865538
32866050
32866562
32867074
32862467
32862979
32863491
32864003
32864515
32865027
32865539
32866051
32866563
32867075
32862468
32862980
32863492
32864004
32864516
32865028
32865540
32866052
32866564
32867076
32862469
32862981
32863493
32864005
32864517
32865029
32865541
32866053
32866565
32867077
32862470
32862982
32863494
32864006
32864518
32865030
32865542
32866054
32866566
32867078
32862471
32862983
32863495
32864007
32864519
32865031
32865543
32866055
32866567
32867079
32862472
32862984
32863496
32864008
32864520
32865032
32865544
32866056
32866568
32867080
32862473
32862985
32863497
32864009
32864521
32865033
32865545
32866057
32866569
32867081
32862474
32862986
32863498
32864010
32864522
32865034
32865546
32866058
32866570
32867082
32862475
32862987
32863499
32864011
32864523
32865035
32865547
32866059
32866571
32867083
31786175
31786687
31787199
31787711
31788223
31788735
31789247
31789759
31790271
31790783
31786176
31786688
31787200
31787712
31788224
31788736
31789248
31789760
31790272
31790784
31786177
31786689
31787201
31787713
31788225
31788737
31789249
31789761
31790273
31790785
31786178
31786690
31787202
31787714
31788226
31788738
31789250
31789762
31790274
31790786
31786179
31786691
31787203
31787715
31788227
31788739
31789251
31789763
31790275
31790787
31786180
31786692
31787204
31787716
31788228
31788740
31789252
31789764
31790276
31790788
31786181
31786693
31787205
31787717
31788229
31788741
31789253
31789765
31790277
31790789
31786182
31786694
31787206
31787718
31788230
31788742
31789254
31789766
31790278
31790790
31786183
31786695
31787207
31787719
31788231
31788743
31789255
31789767
31790279
31790791
31786184
31786696
31787208
31787720
31788232
31788744
31789256
31789768
31790280
31790792
27043590
27044102
27044614
27045126
27045638
27046150
27046662
27047174
27047686
27048198
27043591
27044103
27044615
27045127
27045639
27046151
27046663
27047175
27047687
27048199
27043592
27044104
27044616
27045128
27045640
27046152
27046664
27047176
27047688
27048200
27043593
27044105
27044617
27045129
27045641
27046153
27046665
27047177
27047689
27048201
27043594
27044106
27044618
27045130
27045642
27046154
27046666
27047178
27047690
27048202
27043595
27044107
27044619
27045131
27045643
27046155
27046667
27047179
27047691
27048203
27043596
27044108
27044620
27045132
27045644
27046156
27046668
27047180
27047692
27048204
27043597
27044109
27044621
27045133
27045645
27046157
27046669
27047181
27047693
27048205
27043598
27044110
27044622
27045134
27045646
27046158
27046670
27047182
27047694
27048206
27043599
27044111
27044623
27045135
27045647
27046159
27046671
27047183
27047695
27048207
28437737
28438249
28438761
28439273
28439785
28440297
28440809
28441321
28441833
28442345
28437738
28438250
28438762
28439274
28439786
28440298
28440810
28441322
28441834
28442346
28437739
28438251
28438763
28439275
28439787
28440299
28440811
28441323
28441835
28442347
28437740
28438252
28438764
28439276
28439788
28440300
28440812
28441324
28441836
28442348
28437741
28438253
28438765
28439277
28439789
28440301
28440813
28441325
28441837
28442349
28437742
28438254
28438766
28439278
28439790
28440302
28440814
28441326
28441838
28442350
28437743
28438255
28438767
28439279
28439791
28440303
28440815
28441327
28441839
28442351
28437744
28438256
28438768
28439280
28439792
28440304
28440816
28441328
28441840
28442352
28437745
28438257
28438769
28439281
28439793
28440305
28440817
28441329
28441841
28442353
28437746
28438258
28438770
28439282
28439794
28440306
28440818
28441330
28441842
28442354
29148958
29149470
29149982
29150494
29151006
29151518
29152030
29152542
29153054
29153566
29148959
29149471
29149983
29150495
29151007
29151519
29152031
29152543
29153055
29153567
29148960
29149472
29149984
29150496
29151008
29151520
29152032
29152544
29153056
29153568
29148961
29149473
29149985
29150497
29151009
29151521
29152033
29152545
29153057
29153569
29148962
29149474
29149986
29150498
29151010
29151522
29152034
29152546
29153058
29153570
29148963
29149475
29149987
29150499
29151011
29151523
29152035
29152547
29153059
29153571
29148964
29149476
29149988
29150500
29151012
29151524
29152036
29152548
29153060
29153572
29148965
29149477
29149989
29150501
29151013
29151525
29152037
29152549
29153061
29153573
29148966
29149478
29149990
29150502
29151014
29151526
29152038
29152550
29153062
29153574
29148967
29149479
29149991
29150503
29151015
29151527
29152039
29152551
29153063
29153575
33934586
33935098
33935610
33936122
33936634
33937146
33937658
33938170
33938682
33939194
33934587
33935099
33935611
33936123
33936635
33937147
33937659
33938171
33938683
33939195
33934588
33935100
33935612
33936124
33936636
33937148
33937660
33938172
33938684
33939196
33934589
33935101
33935613
33936125
33936637
33937149
33937661
33938173
33938685
33939197
33934590
33935102
33935614
33936126
33936638
33937150
33937662
33938174
33938686
33939198
33934591
33935103
33935615
33936127
33936639
33937151
33937663
33938175
33938687
33939199
33934592
33935104
33935616
33936128
33936640
33937152
33937664
33938176
33938688
33939200
33934593
33935105
33935617
33936129
33936641
33937153
33937665
33938177
33938689
33939201
33934594
33935106
33935618
33936130
33936642
33937154
33937666
33938178
33938690
33939202
33934595
33935107
33935619
33936131
33936643
33937155
33937667
33938179
33938691
33939203
24424192
24424704
24425216
24425728
24426240
24426752
24427264
24427776
24428288
24428800
24424193
24424705
24425217
24425729
24426241
24426753
24427265
24427777
24428289
24428801
24424194
24424706
24425218
24425730
24426242
24426754
24427266
24427778
24428290
24428802
24424195
24424707
24425219
24425731
24426243
24426755
24427267
24427779
24428291
24428803
24424196
24424708
24425220
24425732
24426244
24426756
24427268
24427780
24428292
24428804
24424197
24424709
24425221
24425733
24426245
24426757
24427269
24427781
24428293
24428805
24424198
24424710
24425222
24425734
24426246
24426758
24427270
24427782
24428294
24428806
24424199
24424711
24425223
24425735
24426247
24426759
24427271
24427783
24428295
24428807
24424200
24424712
24425224
24425736
24426248
24426760
24427272
24427784
24428296
24428808
24424201
24424713
24425225
24425737
24426249
24426761
24427273
24427785
24428297
24428809
29685984
29686496
29687008
29687520
29688032
29688544
29689056
29689568
29690080
29690592
29685985
29686497
29687009
29687521
29688033
29688545
29689057
29689569
29690081
29690593
29685986
29686498
29687010
29687522
29688034
29688546
29689058
29689570
29690082
29690594
29685987
29686499
29687011
29687523
29688035
29688547
29689059
29689571
29690083
29690595
29685988
29686500
29687012
29687524
29688036
29688548
29689060
29689572
29690084
29690596
29685989
29686501
29687013
29687525
29688037
29688549
29689061
29689573
29690085
29690597
29685990
29686502
29687014
29687526
29688038
29688550
29689062
29689574
29690086
29690598
29685991
29686503
29687015
29687527
29688039
29688551
29689063
29689575
29690087
29690599
29685992
29686504
29687016
29687528
29688040
29688552
29689064
29689576
29690088
29690600
29685993
29686505
29687017
29687529
29688041
29688553
29689065
29689577
29690089
29690601
32597294
32597806
32598318
32598830
32599342
32599854
32600366
32600878
32601390
32601902
32597295
32597807
32598319
32598831
32599343
32599855
32600367
32600879
32601391
32601903
32597296
32597808
32598320
32598832
32599344
32599856
32600368
32600880
32601392
32601904
32597297
32597809
32598321
32598833
32599345
32599857
32600369
32600881
32601393
32601905
32597298
32597810
32598322
32598834
32599346
32599858
32600370
32600882
32601394
32601906
32597299
32597811
32598323
32598835
32599347
32599859
32600371
32600883
32601395
32601907
32597300
32597812
32598324
32598836
32599348
32599860
32600372
32600884
32601396
32601908
32597301
32597813
32598325
32598837
32599349
32599861
32600373
32600885
32601397
32601909
32597302
32597814
32598326
32598838
32599350
32599862
32600374
32600886
32601398
32601910
32597303
32597815
32598327
32598839
32599351
32599863
32600375
32600887
32601399
32601911
25756935
25757447
25757959
25758471
25758983
25759495
25760007
25760519
25761031
25761543
25756936
25757448
25757960
25758472
25758984
25759496
25760008
25760520
25761032
25761544
25756937
25757449
25757961
25758473
25758985
25759497
25760009
25760521
25761033
25761545
25756938
25757450
25757962
25758474
25758986
25759498
25760010
25760522
25761034
25761546
25756939
25757451
25757963
25758475
25758987
25759499
25760011
25760523
25761035
25761547
25756940
25757452
25757964
25758476
25758988
25759500
25760012
25760524
25761036
25761548
25756941
25757453
25757965
25758477
25758989
25759501
25760013
25760525
25761037
25761549
25756942
25757454
25757966
25758478
25758990
25759502
25760014
25760526
25761038
25761550
25756943
25757455
25757967
25758479
25758991
25759503
25760015
25760527
25761039
25761551
25756944
25757456
25757968
25758480
25758992
25759504
25760016
25760528
25761040
25761552
27340471
27340983
27341495
27342007
27342519
27343031
27343543
27344055
27344567
27345079
27340472
27340984
27341496
27342008
27342520
27343032
27343544
27344056
27344568
27345080
27340473
27340985
27341497
27342009
27342521
27343033
27343545
27344057
27344569
27345081
27340474
27340986
27341498
27342010
27342522
27343034
27343546
27344058
27344570
27345082
27340475
27340987
27341499
27342011
27342523
27343035
27343547
27344059
27344571
27345083
27340476
27340988
27341500
27342012
27342524
27343036
27343548
27344060
27344572
27345084
27340477
27340989
27341501
27342013
27342525
27343037
27343549
27344061
27344573
27345085
27340478
27340990
27341502
27342014
27342526
27343038
27343550
27344062
27344574
27345086
27340479
27340991
27341503
27342015
27342527
27343039
27343551
27344063
27344575
27345087
27340480
27340992
27341504
27342016
27342528
27343040
27343552
27344064
27344576
27345088
