31474148
31474660
31475172
31475684
31476196
31476708
31477220
31477732
31478244
31478756
31474149
31474661
31475173
31475685
31476197
31476709
31477221
31477733
31478245
31478757
31474150
31474662
31475174
31475686
31476198
31476710
31477222
31477734
31478246
31478758
31474151
31474663
31475175
31475687
31476199
31476711
31477223
31477735
31478247
31478759
31474152
31474664
31475176
31475688
31476200
31476712
31477224
31477736
31478248
31478760
31474153
31474665
31475177
31475689
31476201
31476713
31477225
31477737
31478249
31478761
31474154
31474666
31475178
31475690
31476202
31476714
31477226
31477738
31478250
31478762
31474155
31474667
31475179
31475691
31476203
31476715
31477227
31477739
31478251
31478763
31474156
31474668
31475180
31475692
31476204
31476716
31477228
31477740
31478252
31478764
31474157
31474669
31475181
31475693
31476205
31476717
31477229
31477741
31478253
31478765
16129609
16130121
16130633
16131145
16131657
16132169
16132681
16133193
16133705
16134217
16129610
16130122
16130634
16131146
16131658
16132170
16132682
16133194
16133706
16134218
16129611
16130123
16130635
16131147
16131659
16132171
16132683
16133195
16133707
16134219
16129612
16130124
16130636
16131148
16131660
16132172
16132684
16133196
16133708
16134220
16129613
16130125
16130637
16131149
16131661
16132173
16132685
16133197
16133709
16134221
16129614
16130126
16130638
16131150
16131662
16132174
16132686
16133198
16133710
16134222
16129615
16130127
16130639
16131151
16131663
16132175
16132687
16133199
16133711
16134223
16129616
16130128
16130640
16131152
16131664
16132176
16132688
16133200
16133712
16134224
16129617
16130129
16130641
16131153
16131665
16132177
16132689
16133201
16133713
16134225
16129618
16130130
16130642
16131154
16131666
16132178
16132690
16133202
16133714
16134226
15705883
15706395
15706907
15707419
15707931
15708443
15708955
15709467
15709979
15710491
15705884
15706396
15706908
15707420
15707932
15708444
15708956
15709468
15709980
15710492
15705885
15706397
15706909
15707421
15707933
15708445
15708957
15709469
15709981
15710493
15705886
15706398
15706910
15707422
15707934
15708446
15708958
15709470
15709982
15710494
15705887
15706399
15706911
15707423
15707935
15708447
15708959
15709471
15709983
15710495
15705888
15706400
15706912
15707424
15707936
15708448
15708960
15709472
15709984
15710496
15705889
15706401
15706913
15707425
15707937
15708449
15708961
15709473
15709985
15710497
15705890
15706402
15706914
15707426
15707938
15708450
15708962
15709474
15709986
15710498
15705891
15706403
15706915
15707427
15707939
15708451
15708963
15709475
15709987
15710499
15705892
15706404
15706916
15707428
15707940
15708452
15708964
15709476
15709988
15710500
18039826
18040338
18040850
18041362
18041874
18042386
18042898
18043410
18043922
18044434
18039827
18040339
18040851
18041363
18041875
18042387
18042899
18043411
18043923
18044435
18039828
18040340
18040852
18041364
18041876
18042388
18042900
18043412
18043924
18044436
18039829
18040341
18040853
18041365
18041877
18042389
18042901
18043413
18043925
18044437
18039830
18040342
18040854
18041366
18041878
18042390
18042902
18043414
18043926
18044438
18039831
18040343
18040855
18041367
18041879
18042391
18042903
18043415
18043927
18044439
18039832
18040344
18040856
18041368
18041880
18042392
18042904
18043416
18043928
18044440
18039833
18040345
18040857
18041369
18041881
18042393
18042905
18043417
18043929
18044441
18039834
18040346
18040858
18041370
18041882
18042394
18042906
18043418
18043930
18044442
18039835
18040347
18040859
18041371
18041883
18042395
18042907
18043419
18043931
18044443
12836314
12836826
12837338
12837850
12838362
12838874
12839386
12839898
12840410
12840922
12836315
12836827
12837339
12837851
12838363
12838875
12839387
12839899
12840411
12840923
12836316
12836828
12837340
12837852
12838364
12838876
12839388
12839900
12840412
12840924
12836317
12836829
12837341
12837853
12838365
12838877
12839389
12839901
12840413
12840925
12836318
12836830
12837342
12837854
12838366
12838878
12839390
12839902
12840414
12840926
12836319
12836831
12837343
12837855
12838367
12838879
12839391
12839903
12840415
12840927
12836320
12836832
12837344
12837856
12838368
12838880
12839392
12839904
12840416
12840928
12836321
12836833
12837345
12837857
12838369
12838881
12839393
12839905
12840417
12840929
12836322
12836834
12837346
12837858
12838370
12838882
12839394
12839906
12840418
12840930
12836323
12836835
12837347
12837859
12838371
12838883
12839395
12839907
12840419
12840931
37329034
37329546
37330058
37330570
37331082
37331594
37332106
37332618
37333130
37333642
37329035
37329547
37330059
37330571
37331083
37331595
37332107
37332619
37333131
37333643
37329036
37329548
37330060
37330572
37331084
37331596
37332108
37332620
37333132
37333644
37329037
37329549
37330061
37330573
37331085
37331597
37332109
37332621
37333133
37333645
37329038
37329550
37330062
37330574
37331086
37331598
37332110
37332622
37333134
37333646
37329039
37329551
37330063
37330575
37331087
37331599
37332111
37332623
37333135
37333647
37329040
37329552
37330064
37330576
37331088
37331600
37332112
37332624
37333136
37333648
37329041
37329553
37330065
37330577
37331089
37331601
37332113
37332625
37333137
37333649
37329042
37329554
37330066
37330578
37331090
37331602
37332114
37332626
37333138
37333650
37329043
37329555
37330067
37330579
37331091
37331603
37332115
37332627
37333139
37333651
8613140
8613652
8614164
8614676
8615188
8615700
8616212
8616724
8617236
8617748
8613141
8613653
8614165
8614677
8615189
8615701
8616213
8616725
8617237
8617749
8613142
8613654
8614166
8614678
8615190
8615702
8616214
8616726
8617238
8617750
8613143
8613655
8614167
8614679
8615191
8615703
8616215
8616727
8617239
8617751
8613144
8613656
8614168
8614680
8615192
8615704
8616216
8616728
8617240
8617752
8613145
8613657
8614169
8614681
8615193
8615705
8616217
8616729
8617241
8617753
8613146
8613658
8614170
8614682
8615194
8615706
8616218
8616730
8617242
8617754
8613147
8613659
8614171
8614683
8615195
8615707
8616219
8616731
8617243
8617755
8613148
8613660
8614172
8614684
8615196
8615708
8616220
8616732
8617244
8617756
8613149
8613661
8614173
8614685
8615197
8615709
8616221
8616733
8617245
8617757
33135624
33136136
33136648
33137160
33137672
33138184
33138696
33139208
33139720
33140232
33135625
33136137
33136649
33137161
33137673
33138185
33138697
33139209
33139721
33140233
33135626
33136138
33136650
33137162
33137674
33138186
33138698
33139210
33139722
33140234
33135627
33136139
33136651
33137163
33137675
33138187
33138699
33139211
33139723
33140235
33135628
33136140
33136652
33137164
33137676
33138188
33138700
33139212
33139724
33140236
33135629
33136141
33136653
33137165
33137677
33138189
33138701
33139213
33139725
33140237
33135630
33136142
33136654
33137166
33137678
33138190
33138702
33139214
33139726
33140238
33135631
33136143
33136655
33137167
33137679
33138191
33138703
33139215
33139727
33140239
33135632
33136144
33136656
33137168
33137680
33138192
33138704
33139216
33139728
33140240
33135633
33136145
33136657
33137169
33137681
33138193
33138705
33139217
33139729
33140241
25256397
25256909
25257421
25257933
25258445
25258957
25259469
25259981
25260493
25261005
25256398
25256910
25257422
25257934
25258446
25258958
25259470
25259982
25260494
25261006
25256399
25256911
25257423
25257935
25258447
25258959
25259471
25259983
25260495
25261007
25256400
25256912
25257424
25257936
25258448
25258960
25259472
25259984
25260496
25261008
25256401
25256913
25257425
25257937
25258449
25258961
25259473
25259985
25260497
25261009
25256402
25256914
25257426
25257938
25258450
25258962
25259474
25259986
25260498
25261010
25256403
25256915
25257427
25257939
25258451
25258963
25259475
25259987
25260499
25261011
25256404
25256916
25257428
25257940
25258452
25258964
25259476
25259988
25260500
25261012
25256405
25256917
25257429
25257941
25258453
25258965
25259477
25259989
25260501
25261013
25256406
25256918
25257430
25257942
25258454
25258966
25259478
25259990
25260502
25261014
20504713
20505225
20505737
20506249
20506761
20507273
20507785
20508297
20508809
20509321
20504714
20505226
20505738
20506250
20506762
20507274
20507786
20508298
20508810
20509322
20504715
20505227
20505739
20506251
20506763
20507275
20507787
20508299
20508811
20509323
20504716
20505228
20505740
20506252
20506764
20507276
20507788
20508300
20508812
20509324
20504717
20505229
20505741
20506253
20506765
20507277
20507789
20508301
20508813
20509325
20504718
20505230
20505742
20506254
20506766
20507278
20507790
20508302
20508814
20509326
20504719
20505231
20505743
20506255
20506767
20507279
20507791
20508303
20508815
20509327
20504720
20505232
20505744
20506256
20506768
20507280
20507792
20508304
20508816
20509328
20504721
20505233
20505745
20506257
20506769
20507281
20507793
20508305
20508817
20509329
20504722
20505234
20505746
20506258
20506770
20507282
20507794
20508306
20508818
20509330
31708903
31709415
31709927
31710439
31710951
31711463
31711975
31712487
31712999
31713511
31708904
31709416
31709928
31710440
31710952
31711464
31711976
31712488
31713000
31713512
31708905
31709417
31709929
31710441
31710953
31711465
31711977
31712489
31713001
31713513
31708906
31709418
31709930
31710442
31710954
31711466
31711978
31712490
31713002
31713514
31708907
31709419
31709931
31710443
31710955
31711467
31711979
31712491
31713003
31713515
31708908
31709420
31709932
31710444
31710956
31711468
31711980
31712492
31713004
31713516
31708909
31709421
31709933
31710445
31710957
31711469
31711981
31712493
31713005
31713517
31708910
31709422
31709934
31710446
31710958
31711470
31711982
31712494
31713006
31713518
31708911
31709423
31709935
31710447
31710959
31711471
31711983
31712495
31713007
31713519
31708912
31709424
31709936
31710448
31710960
31711472
31711984
31712496
31713008
31713520
16677252
16677764
16678276
16678788
16679300
16679812
16680324
16680836
16681348
16681860
16677253
16677765
16678277
16678789
16679301
16679813
16680325
16680837
16681349
16681861
16677254
16677766
16678278
16678790
16679302
16679814
16680326
16680838
16681350
16681862
16677255
16677767
16678279
16678791
16679303
16679815
16680327
16680839
16681351
16681863
16677256
16677768
16678280
16678792
16679304
16679816
16680328
16680840
16681352
16681864
16677257
16677769
16678281
16678793
16679305
16679817
16680329
16680841
16681353
16681865
16677258
16677770
16678282
16678794
16679306
16679818
16680330
16680842
16681354
16681866
16677259
16677771
16678283
16678795
16679307
16679819
16680331
16680843
16681355
16681867
16677260
16677772
16678284
16678796
16679308
16679820
16680332
16680844
16681356
16681868
16677261
16677773
16678285
16678797
16679309
16679821
16680333
16680845
16681357
16681869
7746608
7747120
7747632
7748144
7748656
7749168
7749680
7750192
7750704
7751216
7746609
7747121
7747633
7748145
7748657
7749169
7749681
7750193
7750705
7751217
7746610
7747122
7747634
7748146
7748658
7749170
7749682
7750194
7750706
7751218
7746611
7747123
7747635
7748147
7748659
7749171
7749683
7750195
7750707
7751219
7746612
7747124
7747636
7748148
7748660
7749172
7749684
7750196
7750708
7751220
7746613
7747125
7747637
7748149
7748661
7749173
7749685
7750197
7750709
7751221
7746614
7747126
7747638
7748150
7748662
7749174
7749686
7750198
7750710
7751222
7746615
7747127
7747639
7748151
7748663
7749175
7749687
7750199
7750711
7751223
7746616
7747128
7747640
7748152
7748664
7749176
7749688
7750200
7750712
7751224
7746617
7747129
7747641
7748153
7748665
7749177
7749689
7750201
7750713
7751225
14567171
14567683
14568195
14568707
14569219
14569731
14570243
14570755
14571267
14571779
14567172
14567684
14568196
14568708
14569220
14569732
14570244
14570756
14571268
14571780
14567173
14567685
14568197
14568709
14569221
14569733
14570245
14570757
14571269
14571781
14567174
14567686
14568198
14568710
14569222
14569734
14570246
14570758
14571270
14571782
14567175
14567687
14568199
14568711
14569223
14569735
14570247
14570759
14571271
14571783
14567176
14567688
14568200
14568712
14569224
14569736
14570248
14570760
14571272
14571784
14567177
14567689
14568201
14568713
14569225
14569737
14570249
14570761
14571273
14571785
14567178
14567690
14568202
14568714
14569226
14569738
14570250
14570762
14571274
14571786
14567179
14567691
14568203
14568715
14569227
14569739
14570251
14570763
14571275
14571787
14567180
14567692
14568204
14568716
14569228
14569740
14570252
14570764
14571276
14571788
21489324
21489836
21490348
21490860
21491372
21491884
21492396
21492908
21493420
21493932
21489325
21489837
21490349
21490861
21491373
21491885
21492397
21492909
21493421
21493933
21489326
21489838
21490350
21490862
21491374
21491886
21492398
21492910
21493422
21493934
21489327
21489839
21490351
21490863
21491375
21491887
21492399
21492911
21493423
21493935
21489328
21489840
21490352
21490864
21491376
21491888
21492400
21492912
21493424
21493936
21489329
21489841
21490353
21490865
21491377
21491889
21492401
21492913
21493425
21493937
21489330
21489842
21490354
21490866
21491378
21491890
21492402
21492914
21493426
21493938
21489331
21489843
21490355
21490867
21491379
21491891
21492403
21492915
21493427
21493939
21489332
21489844
21490356
21490868
21491380
21491892
21492404
21492916
21493428
21493940
21489333
21489845
21490357
21490869
21491381
21491893
21492405
21492917
21493429
21493941
28854404
28854916
28855428
28855940
28856452
28856964
28857476
28857988
28858500
28859012
28854405
28854917
28855429
28855941
28856453
28856965
28857477
28857989
28858501
28859013
28854406
28854918
28855430
28855942
28856454
28856966
28857478
28857990
28858502
28859014
28854407
28854919
28855431
28855943
28856455
28856967
28857479
28857991
28858503
28859015
28854408
28854920
28855432
28855944
28856456
28856968
28857480
28857992
28858504
28859016
28854409
28854921
28855433
28855945
28856457
28856969
28857481
28857993
28858505
28859017
28854410
28854922
28855434
28855946
28856458
28856970
28857482
28857994
28858506
28859018
28854411
28854923
28855435
28855947
28856459
28856971
28857483
28857995
28858507
28859019
28854412
28854924
28855436
28855948
28856460
28856972
28857484
28857996
28858508
28859020
28854413
28854925
28855437
28855949
28856461
28856973
28857485
28857997
28858509
28859021
28919718
28920230
28920742
28921254
28921766
28922278
28922790
28923302
28923814
28924326
28919719
28920231
28920743
28921255
28921767
28922279
28922791
28923303
28923815
28924327
28919720
28920232
28920744
28921256
28921768
28922280
28922792
28923304
28923816
28924328
28919721
28920233
28920745
28921257
28921769
28922281
28922793
28923305
28923817
28924329
28919722
28920234
28920746
28921258
28921770
28922282
28922794
28923306
28923818
28924330
28919723
28920235
28920747
28921259
28921771
28922283
28922795
28923307
28923819
28924331
28919724
28920236
28920748
28921260
28921772
28922284
28922796
28923308
28923820
28924332
28919725
28920237
28920749
28921261
28921773
28922285
28922797
28923309
28923821
28924333
28919726
28920238
28920750
28921262
28921774
28922286
28922798
28923310
28923822
28924334
28919727
28920239
28920751
28921263
28921775
28922287
28922799
28923311
28923823
28924335
34302779
34303291
34303803
34304315
34304827
34305339
34305851
34306363
34306875
34307387
34302780
34303292
34303804
34304316
34304828
34305340
34305852
34306364
34306876
34307388
34302781
34303293
34303805
34304317
34304829
34305341
34305853
34306365
34306877
34307389
34302782
34303294
34303806
34304318
34304830
34305342
34305854
34306366
34306878
34307390
34302783
34303295
34303807
34304319
34304831
34305343
34305855
34306367
34306879
34307391
34302784
34303296
34303808
34304320
34304832
34305344
34305856
34306368
34306880
34307392
34302785
34303297
34303809
34304321
34304833
34305345
34305857
34306369
34306881
34307393
34302786
34303298
34303810
34304322
34304834
34305346
34305858
34306370
34306882
34307394
34302787
34303299
34303811
34304323
34304835
34305347
34305859
34306371
34306883
34307395
34302788
34303300
34303812
34304324
34304836
34305348
34305860
34306372
34306884
34307396
17238534
17239046
17239558
17240070
17240582
17241094
17241606
17242118
17242630
17243142
17238535
17239047
17239559
17240071
17240583
17241095
17241607
17242119
17242631
17243143
17238536
17239048
17239560
17240072
17240584
17241096
17241608
17242120
17242632
17243144
17238537
17239049
17239561
17240073
17240585
17241097
17241609
17242121
17242633
17243145
17238538
17239050
17239562
17240074
17240586
17241098
17241610
17242122
17242634
17243146
17238539
17239051
17239563
17240075
17240587
17241099
17241611
17242123
17242635
17243147
17238540
17239052
17239564
17240076
17240588
17241100
17241612
17242124
17242636
17243148
17238541
17239053
17239565
17240077
17240589
17241101
17241613
17242125
17242637
17243149
17238542
17239054
17239566
17240078
17240590
17241102
17241614
17242126
17242638
17243150
17238543
17239055
17239567
17240079
17240591
17241103
17241615
17242127
17242639
17243151
33296644
33297156
33297668
33298180
33298692
33299204
33299716
33300228
33300740
33301252
33296645
33297157
33297669
33298181
33298693
33299205
33299717
33300229
33300741
33301253
33296646
33297158
33297670
33298182
33298694
33299206
33299718
33300230
33300742
33301254
33296647
33297159
33297671
33298183
33298695
33299207
33299719
33300231
33300743
33301255
33296648
33297160
33297672
33298184
33298696
33299208
33299720
33300232
33300744
33301256
33296649
33297161
33297673
33298185
33298697
33299209
33299721
33300233
33300745
33301257
33296650
33297162
33297674
33298186
33298698
33299210
33299722
33300234
33300746
33301258
33296651
33297163
33297675
33298187
33298699
33299211
33299723
33300235
33300747
33301259
33296652
33297164
33297676
33298188
33298700
33299212
33299724
33300236
33300748
33301260
33296653
33297165
33297677
33298189
33298701
33299213
33299725
33300237
33300749
33301261
31825777
31826289
31826801
31827313
31827825
31828337
31828849
31829361
31829873
31830385
31825778
31826290
31826802
31827314
31827826
31828338
31828850
31829362
31829874
31830386
31825779
31826291
31826803
31827315
31827827
31828339
31828851
31829363
31829875
31830387
31825780
31826292
31826804
31827316
31827828
31828340
31828852
31829364
31829876
31830388
31825781
31826293
31826805
31827317
31827829
31828341
31828853
31829365
31829877
31830389
31825782
31826294
31826806
31827318
31827830
31828342
31828854
31829366
31829878
31830390
31825783
31826295
31826807
31827319
31827831
31828343
31828855
31829367
31829879
31830391
31825784
31826296
31826808
31827320
31827832
31828344
31828856
31829368
31829880
31830392
31825785
31826297
31826809
31827321
31827833
31828345
31828857
31829369
31829881
31830393
31825786
31826298
31826810
31827322
31827834
31828346
31828858
31829370
31829882
31830394
28734225
28734737
28735249
28735761
28736273
28736785
28737297
28737809
28738321
28738833
28734226
28734738
28735250
28735762
28736274
28736786
28737298
28737810
28738322
28738834
28734227
28734739
28735251
28735763
28736275
28736787
28737299
28737811
28738323
28738835
28734228
28734740
28735252
28735764
28736276
28736788
28737300
28737812
28738324
28738836
28734229
28734741
28735253
28735765
28736277
28736789
28737301
28737813
28738325
28738837
28734230
28734742
28735254
28735766
28736278
28736790
28737302
28737814
28738326
28738838
28734231
28734743
28735255
28735767
28736279
28736791
28737303
28737815
28738327
28738839
28734232
28734744
28735256
28735768
28736280
28736792
28737304
28737816
28738328
28738840
28734233
28734745
28735257
28735769
28736281
28736793
28737305
28737817
28738329
28738841
28734234
28734746
28735258
28735770
28736282
28736794
28737306
28737818
28738330
28738842
17572091
17572603
17573115
17573627
17574139
17574651
17575163
17575675
17576187
17576699
17572092
17572604
17573116
17573628
17574140
17574652
17575164
17575676
17576188
17576700
17572093
17572605
17573117
17573629
17574141
17574653
17575165
17575677
17576189
17576701
17572094
17572606
17573118
17573630
17574142
17574654
17575166
17575678
17576190
17576702
17572095
17572607
17573119
17573631
17574143
17574655
17575167
17575679
17576191
17576703
17572096
17572608
17573120
17573632
17574144
17574656
17575168
17575680
17576192
17576704
17572097
17572609
17573121
17573633
17574145
17574657
17575169
17575681
17576193
17576705
17572098
17572610
17573122
17573634
17574146
17574658
17575170
17575682
17576194
17576706
17572099
17572611
17573123
17573635
17574147
17574659
17575171
17575683
17576195
17576707
17572100
17572612
17573124
17573636
17574148
17574660
17575172
17575684
17576196
17576708
16536051
16536563
16537075
16537587
16538099
16538611
16539123
16539635
16540147
16540659
16536052
16536564
16537076
16537588
16538100
16538612
16539124
16539636
16540148
16540660
16536053
16536565
16537077
16537589
16538101
16538613
16539125
16539637
16540149
16540661
16536054
16536566
16537078
16537590
16538102
16538614
16539126
16539638
16540150
16540662
16536055
16536567
16537079
16537591
16538103
16538615
16539127
16539639
16540151
16540663
16536056
16536568
16537080
16537592
16538104
16538616
16539128
16539640
16540152
16540664
16536057
16536569
16537081
16537593
16538105
16538617
16539129
16539641
16540153
16540665
16536058
16536570
16537082
16537594
16538106
16538618
16539130
16539642
16540154
16540666
16536059
16536571
16537083
16537595
16538107
16538619
16539131
16539643
16540155
16540667
16536060
16536572
16537084
16537596
16538108
16538620
16539132
16539644
16540156
16540668
33653854
33654366
33654878
33655390
33655902
33656414
33656926
33657438
33657950
33658462
33653855
33654367
33654879
33655391
33655903
33656415
33656927
33657439
33657951
33658463
33653856
33654368
33654880
33655392
33655904
33656416
33656928
33657440
33657952
33658464
33653857
33654369
33654881
33655393
33655905
33656417
33656929
33657441
33657953
33658465
33653858
33654370
33654882
33655394
33655906
33656418
33656930
33657442
33657954
33658466
33653859
33654371
33654883
33655395
33655907
33656419
33656931
33657443
33657955
33658467
33653860
33654372
33654884
33655396
33655908
33656420
33656932
33657444
33657956
33658468
33653861
33654373
33654885
33655397
33655909
33656421
33656933
33657445
33657957
33658469
33653862
33654374
33654886
33655398
33655910
33656422
33656934
33657446
33657958
33658470
33653863
33654375
33654887
33655399
33655911
33656423
33656935
33657447
33657959
33658471
35816411
35816923
35817435
35817947
35818459
35818971
35819483
35819995
35820507
35821019
35816412
35816924
35817436
35817948
35818460
35818972
35819484
35819996
35820508
35821020
35816413
35816925
35817437
35817949
35818461
35818973
35819485
35819997
35820509
35821021
35816414
35816926
35817438
35817950
35818462
35818974
35819486
35819998
35820510
35821022
35816415
35816927
35817439
35817951
35818463
35818975
35819487
35819999
35820511
35821023
35816416
35816928
35817440
35817952
35818464
35818976
35819488
35820000
35820512
35821024
35816417
35816929
35817441
35817953
35818465
35818977
35819489
35820001
35820513
35821025
35816418
35816930
35817442
35817954
35818466
35818978
35819490
35820002
35820514
35821026
35816419
35816931
35817443
35817955
35818467
35818979
35819491
35820003
35820515
35821027
35816420
35816932
35817444
35817956
35818468
35818980
35819492
35820004
35820516
35821028
21877361
21877873
21878385
21878897
21879409
21879921
21880433
21880945
21881457
21881969
21877362
21877874
21878386
21878898
21879410
21879922
21880434
21880946
21881458
21881970
21877363
21877875
21878387
21878899
21879411
21879923
21880435
21880947
21881459
21881971
21877364
21877876
21878388
21878900
21879412
21879924
21880436
21880948
21881460
21881972
21877365
21877877
21878389
21878901
21879413
21879925
21880437
21880949
21881461
21881973
21877366
21877878
21878390
21878902
21879414
21879926
21880438
21880950
21881462
21881974
21877367
21877879
21878391
21878903
21879415
21879927
21880439
21880951
21881463
21881975
21877368
21877880
21878392
21878904
21879416
21879928
21880440
21880952
21881464
21881976
21877369
21877881
21878393
21878905
21879417
21879929
21880441
21880953
21881465
21881977
21877370
21877882
21878394
21878906
21879418
21879930
21880442
21880954
21881466
21881978
19354597
19355109
19355621
19356133
19356645
19357157
19357669
19358181
19358693
19359205
19354598
19355110
19355622
19356134
19356646
19357158
19357670
19358182
19358694
19359206
19354599
19355111
19355623
19356135
19356647
19357159
19357671
19358183
19358695
19359207
19354600
19355112
19355624
19356136
19356648
19357160
19357672
19358184
19358696
19359208
19354601
19355113
19355625
19356137
19356649
19357161
19357673
19358185
19358697
19359209
19354602
19355114
19355626
19356138
19356650
19357162
19357674
19358186
19358698
19359210
19354603
19355115
19355627
19356139
19356651
19357163
19357675
19358187
19358699
19359211
19354604
19355116
19355628
19356140
19356652
19357164
19357676
19358188
19358700
19359212
19354605
19355117
19355629
19356141
19356653
19357165
19357677
19358189
19358701
19359213
19354606
19355118
19355630
19356142
19356654
19357166
19357678
19358190
19358702
19359214
7672326
7672838
7673350
7673862
7674374
7674886
7675398
7675910
7676422
7676934
7672327
7672839
7673351
7673863
7674375
7674887
7675399
7675911
7676423
7676935
7672328
7672840
7673352
7673864
7674376
7674888
7675400
7675912
7676424
7676936
7672329
7672841
7673353
7673865
7674377
7674889
7675401
7675913
7676425
7676937
7672330
7672842
7673354
7673866
7674378
7674890
7675402
7675914
7676426
7676938
7672331
7672843
7673355
7673867
7674379
7674891
7675403
7675915
7676427
7676939
7672332
7672844
7673356
7673868
7674380
7674892
7675404
7675916
7676428
7676940
7672333
7672845
7673357
7673869
7674381
7674893
7675405
7675917
7676429
7676941
7672334
7672846
7673358
7673870
7674382
7674894
7675406
7675918
7676430
7676942
7672335
7672847
7673359
7673871
7674383
7674895
7675407
7675919
7676431
7676943
27160916
27161428
27161940
27162452
27162964
27163476
27163988
27164500
27165012
27165524
27160917
27161429
27161941
27162453
27162965
27163477
27163989
27164501
27165013
27165525
27160918
27161430
27161942
27162454
27162966
27163478
27163990
27164502
27165014
27165526
27160919
27161431
27161943
27162455
27162967
27163479
27163991
27164503
27165015
27165527
27160920
27161432
27161944
27162456
27162968
27163480
27163992
27164504
27165016
27165528
27160921
27161433
27161945
27162457
27162969
27163481
27163993
27164505
27165017
27165529
27160922
27161434
27161946
27162458
27162970
27163482
27163994
27164506
27165018
27165530
27160923
27161435
27161947
27162459
27162971
27163483
27163995
27164507
27165019
27165531
27160924
27161436
27161948
27162460
27162972
27163484
27163996
27164508
27165020
27165532
27160925
27161437
27161949
27162461
27162973
27163485
27163997
27164509
27165021
27165533
