33645293
33645805
33646317
33646829
33647341
33647853
33648365
33648877
33649389
33649901
33645294
33645806
33646318
33646830
33647342
33647854
33648366
33648878
33649390
33649902
33645295
33645807
33646319
33646831
33647343
33647855
33648367
33648879
33649391
33649903
33645296
33645808
33646320
33646832
33647344
33647856
33648368
33648880
33649392
33649904
33645297
33645809
33646321
33646833
33647345
33647857
33648369
33648881
33649393
33649905
33645298
33645810
33646322
33646834
33647346
33647858
33648370
33648882
33649394
33649906
33645299
33645811
33646323
33646835
33647347
33647859
33648371
33648883
33649395
33649907
33645300
33645812
33646324
33646836
33647348
33647860
33648372
33648884
33649396
33649908
33645301
33645813
33646325
33646837
33647349
33647861
33648373
33648885
33649397
33649909
33645302
33645814
33646326
33646838
33647350
33647862
33648374
33648886
33649398
33649910
28153104
28153616
28154128
28154640
28155152
28155664
28156176
28156688
28157200
28157712
28153105
28153617
28154129
28154641
28155153
28155665
28156177
28156689
28157201
28157713
28153106
28153618
28154130
28154642
28155154
28155666
28156178
28156690
28157202
28157714
28153107
28153619
28154131
28154643
28155155
28155667
28156179
28156691
28157203
28157715
28153108
28153620
28154132
28154644
28155156
28155668
28156180
28156692
28157204
28157716
28153109
28153621
28154133
28154645
28155157
28155669
28156181
28156693
28157205
28157717
28153110
28153622
28154134
28154646
28155158
28155670
28156182
28156694
28157206
28157718
28153111
28153623
28154135
28154647
28155159
28155671
28156183
28156695
28157207
28157719
28153112
28153624
28154136
28154648
28155160
28155672
28156184
28156696
28157208
28157720
28153113
28153625
28154137
28154649
28155161
28155673
28156185
28156697
28157209
28157721
30242026
30242538
30243050
30243562
30244074
30244586
30245098
30245610
30246122
30246634
30242027
30242539
30243051
30243563
30244075
30244587
30245099
30245611
30246123
30246635
30242028
30242540
30243052
30243564
30244076
30244588
30245100
30245612
30246124
30246636
30242029
30242541
30243053
30243565
30244077
30244589
30245101
30245613
30246125
30246637
30242030
30242542
30243054
30243566
30244078
30244590
30245102
30245614
30246126
30246638
30242031
30242543
30243055
30243567
30244079
30244591
30245103
30245615
30246127
30246639
30242032
30242544
30243056
30243568
30244080
30244592
30245104
30245616
30246128
30246640
30242033
30242545
30243057
30243569
30244081
30244593
30245105
30245617
30246129
30246641
30242034
30242546
30243058
30243570
30244082
30244594
30245106
30245618
30246130
30246642
30242035
30242547
30243059
30243571
30244083
30244595
30245107
30245619
30246131
30246643
13940460
13940972
13941484
13941996
13942508
13943020
13943532
13944044
13944556
13945068
13940461
13940973
13941485
13941997
13942509
13943021
13943533
13944045
13944557
13945069
13940462
13940974
13941486
13941998
13942510
13943022
13943534
13944046
13944558
13945070
13940463
13940975
13941487
13941999
13942511
13943023
13943535
13944047
13944559
13945071
13940464
13940976
13941488
13942000
13942512
13943024
13943536
13944048
13944560
13945072
13940465
13940977
13941489
13942001
13942513
13943025
13943537
13944049
13944561
13945073
13940466
13940978
13941490
13942002
13942514
13943026
13943538
13944050
13944562
13945074
13940467
13940979
13941491
13942003
13942515
13943027
13943539
13944051
13944563
13945075
13940468
13940980
13941492
13942004
13942516
13943028
13943540
13944052
13944564
13945076
13940469
13940981
13941493
13942005
13942517
13943029
13943541
13944053
13944565
13945077
31074057
31074569
31075081
31075593
31076105
31076617
31077129
31077641
31078153
31078665
31074058
31074570
31075082
31075594
31076106
31076618
31077130
31077642
31078154
31078666
31074059
31074571
31075083
31075595
31076107
31076619
31077131
31077643
31078155
31078667
31074060
31074572
31075084
31075596
31076108
31076620
31077132
31077644
31078156
31078668
31074061
31074573
31075085
31075597
31076109
31076621
31077133
31077645
31078157
31078669
31074062
31074574
31075086
31075598
31076110
31076622
31077134
31077646
31078158
31078670
31074063
31074575
31075087
31075599
31076111
31076623
31077135
31077647
31078159
31078671
31074064
31074576
31075088
31075600
31076112
31076624
31077136
31077648
31078160
31078672
31074065
31074577
31075089
31075601
31076113
31076625
31077137
31077649
31078161
31078673
31074066
31074578
31075090
31075602
31076114
31076626
31077138
31077650
31078162
31078674
30209308
30209820
30210332
30210844
30211356
30211868
30212380
30212892
30213404
30213916
30209309
30209821
30210333
30210845
30211357
30211869
30212381
30212893
30213405
30213917
30209310
30209822
30210334
30210846
30211358
30211870
30212382
30212894
30213406
30213918
30209311
30209823
30210335
30210847
30211359
30211871
30212383
30212895
30213407
30213919
30209312
30209824
30210336
30210848
30211360
30211872
30212384
30212896
30213408
30213920
30209313
30209825
30210337
30210849
30211361
30211873
30212385
30212897
30213409
30213921
30209314
30209826
30210338
30210850
30211362
30211874
30212386
30212898
30213410
30213922
30209315
30209827
30210339
30210851
30211363
30211875
30212387
30212899
30213411
30213923
30209316
30209828
30210340
30210852
30211364
30211876
30212388
30212900
30213412
30213924
30209317
30209829
30210341
30210853
30211365
30211877
30212389
30212901
30213413
30213925
21825259
21825771
21826283
21826795
21827307
21827819
21828331
21828843
21829355
21829867
21825260
21825772
21826284
21826796
21827308
21827820
21828332
21828844
21829356
21829868
21825261
21825773
21826285
21826797
21827309
21827821
21828333
21828845
21829357
21829869
21825262
21825774
21826286
21826798
21827310
21827822
21828334
21828846
21829358
21829870
21825263
21825775
21826287
21826799
21827311
21827823
21828335
21828847
21829359
21829871
21825264
21825776
21826288
21826800
21827312
21827824
21828336
21828848
21829360
21829872
21825265
21825777
21826289
21826801
21827313
21827825
21828337
21828849
21829361
21829873
21825266
21825778
21826290
21826802
21827314
21827826
21828338
21828850
21829362
21829874
21825267
21825779
21826291
21826803
21827315
21827827
21828339
21828851
21829363
21829875
21825268
21825780
21826292
21826804
21827316
21827828
21828340
21828852
21829364
21829876
35470600
35471112
35471624
35472136
35472648
35473160
35473672
35474184
35474696
35475208
35470601
35471113
35471625
35472137
35472649
35473161
35473673
35474185
35474697
35475209
35470602
35471114
35471626
35472138
35472650
35473162
35473674
35474186
35474698
35475210
35470603
35471115
35471627
35472139
35472651
35473163
35473675
35474187
35474699
35475211
35470604
35471116
35471628
35472140
35472652
35473164
35473676
35474188
35474700
35475212
35470605
35471117
35471629
35472141
35472653
35473165
35473677
35474189
35474701
35475213
35470606
35471118
35471630
35472142
35472654
35473166
35473678
35474190
35474702
35475214
35470607
35471119
35471631
35472143
35472655
35473167
35473679
35474191
35474703
35475215
35470608
35471120
35471632
35472144
35472656
35473168
35473680
35474192
35474704
35475216
35470609
35471121
35471633
35472145
35472657
35473169
35473681
35474193
35474705
35475217
33661188
33661700
33662212
33662724
33663236
33663748
33664260
33664772
33665284
33665796
33661189
33661701
33662213
33662725
33663237
33663749
33664261
33664773
33665285
33665797
33661190
33661702
33662214
33662726
33663238
33663750
33664262
33664774
33665286
33665798
33661191
33661703
33662215
33662727
33663239
33663751
33664263
33664775
33665287
33665799
33661192
33661704
33662216
33662728
33663240
33663752
33664264
33664776
33665288
33665800
33661193
33661705
33662217
33662729
33663241
33663753
33664265
33664777
33665289
33665801
33661194
33661706
33662218
33662730
33663242
33663754
33664266
33664778
33665290
33665802
33661195
33661707
33662219
33662731
33663243
33663755
33664267
33664779
33665291
33665803
33661196
33661708
33662220
33662732
33663244
33663756
33664268
33664780
33665292
33665804
33661197
33661709
33662221
33662733
33663245
33663757
33664269
33664781
33665293
33665805
30782712
30783224
30783736
30784248
30784760
30785272
30785784
30786296
30786808
30787320
30782713
30783225
30783737
30784249
30784761
30785273
30785785
30786297
30786809
30787321
30782714
30783226
30783738
30784250
30784762
30785274
30785786
30786298
30786810
30787322
30782715
30783227
30783739
30784251
30784763
30785275
30785787
30786299
30786811
30787323
30782716
30783228
30783740
30784252
30784764
30785276
30785788
30786300
30786812
30787324
30782717
30783229
30783741
30784253
30784765
30785277
30785789
30786301
30786813
30787325
30782718
30783230
30783742
30784254
30784766
30785278
30785790
30786302
30786814
30787326
30782719
30783231
30783743
30784255
30784767
30785279
30785791
30786303
30786815
30787327
30782720
30783232
30783744
30784256
30784768
30785280
30785792
30786304
30786816
30787328
30782721
30783233
30783745
30784257
30784769
30785281
30785793
30786305
30786817
30787329
29171022
29171534
29172046
29172558
29173070
29173582
29174094
29174606
29175118
29175630
29171023
29171535
29172047
29172559
29173071
29173583
29174095
29174607
29175119
29175631
29171024
29171536
29172048
29172560
29173072
29173584
29174096
29174608
29175120
29175632
29171025
29171537
29172049
29172561
29173073
29173585
29174097
29174609
29175121
29175633
29171026
29171538
29172050
29172562
29173074
29173586
29174098
29174610
29175122
29175634
29171027
29171539
29172051
29172563
29173075
29173587
29174099
29174611
29175123
29175635
29171028
29171540
29172052
29172564
29173076
29173588
29174100
29174612
29175124
29175636
29171029
29171541
29172053
29172565
29173077
29173589
29174101
29174613
29175125
29175637
29171030
29171542
29172054
29172566
29173078
29173590
29174102
29174614
29175126
29175638
29171031
29171543
29172055
29172567
29173079
29173591
29174103
29174615
29175127
29175639
31802126
31802638
31803150
31803662
31804174
31804686
31805198
31805710
31806222
31806734
31802127
31802639
31803151
31803663
31804175
31804687
31805199
31805711
31806223
31806735
31802128
31802640
31803152
31803664
31804176
31804688
31805200
31805712
31806224
31806736
31802129
31802641
31803153
31803665
31804177
31804689
31805201
31805713
31806225
31806737
31802130
31802642
31803154
31803666
31804178
31804690
31805202
31805714
31806226
31806738
31802131
31802643
31803155
31803667
31804179
31804691
31805203
31805715
31806227
31806739
31802132
31802644
31803156
31803668
31804180
31804692
31805204
31805716
31806228
31806740
31802133
31802645
31803157
31803669
31804181
31804693
31805205
31805717
31806229
31806741
31802134
31802646
31803158
31803670
31804182
31804694
31805206
31805718
31806230
31806742
31802135
31802647
31803159
31803671
31804183
31804695
31805207
31805719
31806231
31806743
31538950
31539462
31539974
31540486
31540998
31541510
31542022
31542534
31543046
31543558
31538951
31539463
31539975
31540487
31540999
31541511
31542023
31542535
31543047
31543559
31538952
31539464
31539976
31540488
31541000
31541512
31542024
31542536
31543048
31543560
31538953
31539465
31539977
31540489
31541001
31541513
31542025
31542537
31543049
31543561
31538954
31539466
31539978
31540490
31541002
31541514
31542026
31542538
31543050
31543562
31538955
31539467
31539979
31540491
31541003
31541515
31542027
31542539
31543051
31543563
31538956
31539468
31539980
31540492
31541004
31541516
31542028
31542540
31543052
31543564
31538957
31539469
31539981
31540493
31541005
31541517
31542029
31542541
31543053
31543565
31538958
31539470
31539982
31540494
31541006
31541518
31542030
31542542
31543054
31543566
31538959
31539471
31539983
31540495
31541007
31541519
31542031
31542543
31543055
31543567
30185246
30185758
30186270
30186782
30187294
30187806
30188318
30188830
30189342
30189854
30185247
30185759
30186271
30186783
30187295
30187807
30188319
30188831
30189343
30189855
30185248
30185760
30186272
30186784
30187296
30187808
30188320
30188832
30189344
30189856
30185249
30185761
30186273
30186785
30187297
30187809
30188321
30188833
30189345
30189857
30185250
30185762
30186274
30186786
30187298
30187810
30188322
30188834
30189346
30189858
30185251
30185763
30186275
30186787
30187299
30187811
30188323
30188835
30189347
30189859
30185252
30185764
30186276
30186788
30187300
30187812
30188324
30188836
30189348
30189860
30185253
30185765
30186277
30186789
30187301
30187813
30188325
30188837
30189349
30189861
30185254
30185766
30186278
30186790
30187302
30187814
30188326
30188838
30189350
30189862
30185255
30185767
30186279
30186791
30187303
30187815
30188327
30188839
30189351
30189863
30532361
30532873
30533385
30533897
30534409
30534921
30535433
30535945
30536457
30536969
30532362
30532874
30533386
30533898
30534410
30534922
30535434
30535946
30536458
30536970
30532363
30532875
30533387
30533899
30534411
30534923
30535435
30535947
30536459
30536971
30532364
30532876
30533388
30533900
30534412
30534924
30535436
30535948
30536460
30536972
30532365
30532877
30533389
30533901
30534413
30534925
30535437
30535949
30536461
30536973
30532366
30532878
30533390
30533902
30534414
30534926
30535438
30535950
30536462
30536974
30532367
30532879
30533391
30533903
30534415
30534927
30535439
30535951
30536463
30536975
30532368
30532880
30533392
30533904
30534416
30534928
30535440
30535952
30536464
30536976
30532369
30532881
30533393
30533905
30534417
30534929
30535441
30535953
30536465
30536977
30532370
30532882
30533394
30533906
30534418
30534930
30535442
30535954
30536466
30536978
35468504
35469016
35469528
35470040
35470552
35471064
35471576
35472088
35472600
35473112
35468505
35469017
35469529
35470041
35470553
35471065
35471577
35472089
35472601
35473113
35468506
35469018
35469530
35470042
35470554
35471066
35471578
35472090
35472602
35473114
35468507
35469019
35469531
35470043
35470555
35471067
35471579
35472091
35472603
35473115
35468508
35469020
35469532
35470044
35470556
35471068
35471580
35472092
35472604
35473116
35468509
35469021
35469533
35470045
35470557
35471069
35471581
35472093
35472605
35473117
35468510
35469022
35469534
35470046
35470558
35471070
35471582
35472094
35472606
35473118
35468511
35469023
35469535
35470047
35470559
35471071
35471583
35472095
35472607
35473119
35468512
35469024
35469536
35470048
35470560
35471072
35471584
35472096
35472608
35473120
35468513
35469025
35469537
35470049
35470561
35471073
35471585
35472097
35472609
35473121
26544808
26545320
26545832
26546344
26546856
26547368
26547880
26548392
26548904
26549416
26544809
26545321
26545833
26546345
26546857
26547369
26547881
26548393
26548905
26549417
26544810
26545322
26545834
26546346
26546858
26547370
26547882
26548394
26548906
26549418
26544811
26545323
26545835
26546347
26546859
26547371
26547883
26548395
26548907
26549419
26544812
26545324
26545836
26546348
26546860
26547372
26547884
26548396
26548908
26549420
26544813
26545325
26545837
26546349
26546861
26547373
26547885
26548397
26548909
26549421
26544814
26545326
26545838
26546350
26546862
26547374
26547886
26548398
26548910
26549422
26544815
26545327
26545839
26546351
26546863
26547375
26547887
26548399
26548911
26549423
26544816
26545328
26545840
26546352
26546864
26547376
26547888
26548400
26548912
26549424
26544817
26545329
26545841
26546353
26546865
26547377
26547889
26548401
26548913
26549425
30222539
30223051
30223563
30224075
30224587
30225099
30225611
30226123
30226635
30227147
30222540
30223052
30223564
30224076
30224588
30225100
30225612
30226124
30226636
30227148
30222541
30223053
30223565
30224077
30224589
30225101
30225613
30226125
30226637
30227149
30222542
30223054
30223566
30224078
30224590
30225102
30225614
30226126
30226638
30227150
30222543
30223055
30223567
30224079
30224591
30225103
30225615
30226127
30226639
30227151
30222544
30223056
30223568
30224080
30224592
30225104
30225616
30226128
30226640
30227152
30222545
30223057
30223569
30224081
30224593
30225105
30225617
30226129
30226641
30227153
30222546
30223058
30223570
30224082
30224594
30225106
30225618
30226130
30226642
30227154
30222547
30223059
30223571
30224083
30224595
30225107
30225619
30226131
30226643
30227155
30222548
30223060
30223572
30224084
30224596
30225108
30225620
30226132
30226644
30227156
31766298
31766810
31767322
31767834
31768346
31768858
31769370
31769882
31770394
31770906
31766299
31766811
31767323
31767835
31768347
31768859
31769371
31769883
31770395
31770907
31766300
31766812
31767324
31767836
31768348
31768860
31769372
31769884
31770396
31770908
31766301
31766813
31767325
31767837
31768349
31768861
31769373
31769885
31770397
31770909
31766302
31766814
31767326
31767838
31768350
31768862
31769374
31769886
31770398
31770910
31766303
31766815
31767327
31767839
31768351
31768863
31769375
31769887
31770399
31770911
31766304
31766816
31767328
31767840
31768352
31768864
31769376
31769888
31770400
31770912
31766305
31766817
31767329
31767841
31768353
31768865
31769377
31769889
31770401
31770913
31766306
31766818
31767330
31767842
31768354
31768866
31769378
31769890
31770402
31770914
31766307
31766819
31767331
31767843
31768355
31768867
31769379
31769891
31770403
31770915
31301376
31301888
31302400
31302912
31303424
31303936
31304448
31304960
31305472
31305984
31301377
31301889
31302401
31302913
31303425
31303937
31304449
31304961
31305473
31305985
31301378
31301890
31302402
31302914
31303426
31303938
31304450
31304962
31305474
31305986
31301379
31301891
31302403
31302915
31303427
31303939
31304451
31304963
31305475
31305987
31301380
31301892
31302404
31302916
31303428
31303940
31304452
31304964
31305476
31305988
31301381
31301893
31302405
31302917
31303429
31303941
31304453
31304965
31305477
31305989
31301382
31301894
31302406
31302918
31303430
31303942
31304454
31304966
31305478
31305990
31301383
31301895
31302407
31302919
31303431
31303943
31304455
31304967
31305479
31305991
31301384
31301896
31302408
31302920
31303432
31303944
31304456
31304968
31305480
31305992
31301385
31301897
31302409
31302921
31303433
31303945
31304457
31304969
31305481
31305993
27349725
27350237
27350749
27351261
27351773
27352285
27352797
27353309
27353821
27354333
27349726
27350238
27350750
27351262
27351774
27352286
27352798
27353310
27353822
27354334
27349727
27350239
27350751
27351263
27351775
27352287
27352799
27353311
27353823
27354335
27349728
27350240
27350752
27351264
27351776
27352288
27352800
27353312
27353824
27354336
27349729
27350241
27350753
27351265
27351777
27352289
27352801
27353313
27353825
27354337
27349730
27350242
27350754
27351266
27351778
27352290
27352802
27353314
27353826
27354338
27349731
27350243
27350755
27351267
27351779
27352291
27352803
27353315
27353827
27354339
27349732
27350244
27350756
27351268
27351780
27352292
27352804
27353316
27353828
27354340
27349733
27350245
27350757
27351269
27351781
27352293
27352805
27353317
27353829
27354341
27349734
27350246
27350758
27351270
27351782
27352294
27352806
27353318
27353830
27354342
26556070
26556582
26557094
26557606
26558118
26558630
26559142
26559654
26560166
26560678
26556071
26556583
26557095
26557607
26558119
26558631
26559143
26559655
26560167
26560679
26556072
26556584
26557096
26557608
26558120
26558632
26559144
26559656
26560168
26560680
26556073
26556585
26557097
26557609
26558121
26558633
26559145
26559657
26560169
26560681
26556074
26556586
26557098
26557610
26558122
26558634
26559146
26559658
26560170
26560682
26556075
26556587
26557099
26557611
26558123
26558635
26559147
26559659
26560171
26560683
26556076
26556588
26557100
26557612
26558124
26558636
26559148
26559660
26560172
26560684
26556077
26556589
26557101
26557613
26558125
26558637
26559149
26559661
26560173
26560685
26556078
26556590
26557102
26557614
26558126
26558638
26559150
26559662
26560174
26560686
26556079
26556591
26557103
26557615
26558127
26558639
26559151
26559663
26560175
26560687
33435342
33435854
33436366
33436878
33437390
33437902
33438414
33438926
33439438
33439950
33435343
33435855
33436367
33436879
33437391
33437903
33438415
33438927
33439439
33439951
33435344
33435856
33436368
33436880
33437392
33437904
33438416
33438928
33439440
33439952
33435345
33435857
33436369
33436881
33437393
33437905
33438417
33438929
33439441
33439953
33435346
33435858
33436370
33436882
33437394
33437906
33438418
33438930
33439442
33439954
33435347
33435859
33436371
33436883
33437395
33437907
33438419
33438931
33439443
33439955
33435348
33435860
33436372
33436884
33437396
33437908
33438420
33438932
33439444
33439956
33435349
33435861
33436373
33436885
33437397
33437909
33438421
33438933
33439445
33439957
33435350
33435862
33436374
33436886
33437398
33437910
33438422
33438934
33439446
33439958
33435351
33435863
33436375
33436887
33437399
33437911
33438423
33438935
33439447
33439959
34466999
34467511
34468023
34468535
34469047
34469559
34470071
34470583
34471095
34471607
34467000
34467512
34468024
34468536
34469048
34469560
34470072
34470584
34471096
34471608
34467001
34467513
34468025
34468537
34469049
34469561
34470073
34470585
34471097
34471609
34467002
34467514
34468026
34468538
34469050
34469562
34470074
34470586
34471098
34471610
34467003
34467515
34468027
34468539
34469051
34469563
34470075
34470587
34471099
34471611
34467004
34467516
34468028
34468540
34469052
34469564
34470076
34470588
34471100
34471612
34467005
34467517
34468029
34468541
34469053
34469565
34470077
34470589
34471101
34471613
34467006
34467518
34468030
34468542
34469054
34469566
34470078
34470590
34471102
34471614
34467007
34467519
34468031
34468543
34469055
34469567
34470079
34470591
34471103
34471615
34467008
34467520
34468032
34468544
34469056
34469568
34470080
34470592
34471104
34471616
34410726
34411238
34411750
34412262
34412774
34413286
34413798
34414310
34414822
34415334
34410727
34411239
34411751
34412263
34412775
34413287
34413799
34414311
34414823
34415335
34410728
34411240
34411752
34412264
34412776
34413288
34413800
34414312
34414824
34415336
34410729
34411241
34411753
34412265
34412777
34413289
34413801
34414313
34414825
34415337
34410730
34411242
34411754
34412266
34412778
34413290
34413802
34414314
34414826
34415338
34410731
34411243
34411755
34412267
34412779
34413291
34413803
34414315
34414827
34415339
34410732
34411244
34411756
34412268
34412780
34413292
34413804
34414316
34414828
34415340
34410733
34411245
34411757
34412269
34412781
34413293
34413805
34414317
34414829
34415341
34410734
34411246
34411758
34412270
34412782
34413294
34413806
34414318
34414830
34415342
34410735
34411247
34411759
34412271
34412783
34413295
34413807
34414319
34414831
34415343
32048864
32049376
32049888
32050400
32050912
32051424
32051936
32052448
32052960
32053472
32048865
32049377
32049889
32050401
32050913
32051425
32051937
32052449
32052961
32053473
32048866
32049378
32049890
32050402
32050914
32051426
32051938
32052450
32052962
32053474
32048867
32049379
32049891
32050403
32050915
32051427
32051939
32052451
32052963
32053475
32048868
32049380
32049892
32050404
32050916
32051428
32051940
32052452
32052964
32053476
32048869
32049381
32049893
32050405
32050917
32051429
32051941
32052453
32052965
32053477
32048870
32049382
32049894
32050406
32050918
32051430
32051942
32052454
32052966
32053478
32048871
32049383
32049895
32050407
32050919
32051431
32051943
32052455
32052967
32053479
32048872
32049384
32049896
32050408
32050920
32051432
32051944
32052456
32052968
32053480
32048873
32049385
32049897
32050409
32050921
32051433
32051945
32052457
32052969
32053481
25735909
25736421
25736933
25737445
25737957
25738469
25738981
25739493
25740005
25740517
25735910
25736422
25736934
25737446
25737958
25738470
25738982
25739494
25740006
25740518
25735911
25736423
25736935
25737447
25737959
25738471
25738983
25739495
25740007
25740519
25735912
25736424
25736936
25737448
25737960
25738472
25738984
25739496
25740008
25740520
25735913
25736425
25736937
25737449
25737961
25738473
25738985
25739497
25740009
25740521
25735914
25736426
25736938
25737450
25737962
25738474
25738986
25739498
25740010
25740522
25735915
25736427
25736939
25737451
25737963
25738475
25738987
25739499
25740011
25740523
25735916
25736428
25736940
25737452
25737964
25738476
25738988
25739500
25740012
25740524
25735917
25736429
25736941
25737453
25737965
25738477
25738989
25739501
25740013
25740525
25735918
25736430
25736942
25737454
25737966
25738478
25738990
25739502
25740014
25740526
35459352
35459864
35460376
35460888
35461400
35461912
35462424
35462936
35463448
35463960
35459353
35459865
35460377
35460889
35461401
35461913
35462425
35462937
35463449
35463961
35459354
35459866
35460378
35460890
35461402
35461914
35462426
35462938
35463450
35463962
35459355
35459867
35460379
35460891
35461403
35461915
35462427
35462939
35463451
35463963
35459356
35459868
35460380
35460892
35461404
35461916
35462428
35462940
35463452
35463964
35459357
35459869
35460381
35460893
35461405
35461917
35462429
35462941
35463453
35463965
35459358
35459870
35460382
35460894
35461406
35461918
35462430
35462942
35463454
35463966
35459359
35459871
35460383
35460895
35461407
35461919
35462431
35462943
35463455
35463967
35459360
35459872
35460384
35460896
35461408
35461920
35462432
35462944
35463456
35463968
35459361
35459873
35460385
35460897
35461409
35461921
35462433
35462945
35463457
35463969
29282109
29282621
29283133
29283645
29284157
29284669
29285181
29285693
29286205
29286717
29282110
29282622
29283134
29283646
29284158
29284670
29285182
29285694
29286206
29286718
29282111
29282623
29283135
29283647
29284159
29284671
29285183
29285695
29286207
29286719
29282112
29282624
29283136
29283648
29284160
29284672
29285184
29285696
29286208
29286720
29282113
29282625
29283137
29283649
29284161
29284673
29285185
29285697
29286209
29286721
29282114
29282626
29283138
29283650
29284162
29284674
29285186
29285698
29286210
29286722
29282115
29282627
29283139
29283651
29284163
29284675
29285187
29285699
29286211
29286723
29282116
29282628
29283140
29283652
29284164
29284676
29285188
29285700
29286212
29286724
29282117
29282629
29283141
29283653
29284165
29284677
29285189
29285701
29286213
29286725
29282118
29282630
29283142
29283654
29284166
29284678
29285190
29285702
29286214
29286726
30748927
30749439
30749951
30750463
30750975
30751487
30751999
30752511
30753023
30753535
30748928
30749440
30749952
30750464
30750976
30751488
30752000
30752512
30753024
30753536
30748929
30749441
30749953
30750465
30750977
30751489
30752001
30752513
30753025
30753537
30748930
30749442
30749954
30750466
30750978
30751490
30752002
30752514
30753026
30753538
30748931
30749443
30749955
30750467
30750979
30751491
30752003
30752515
30753027
30753539
30748932
30749444
30749956
30750468
30750980
30751492
30752004
30752516
30753028
30753540
30748933
30749445
30749957
30750469
30750981
30751493
30752005
30752517
30753029
30753541
30748934
30749446
30749958
30750470
30750982
30751494
30752006
30752518
30753030
30753542
30748935
30749447
30749959
30750471
30750983
30751495
30752007
30752519
30753031
30753543
30748936
30749448
30749960
30750472
30750984
30751496
30752008
30752520
30753032
30753544
