15055078
15055590
15056102
15056614
15057126
15057638
15058150
15058662
15059174
15059686
15055079
15055591
15056103
15056615
15057127
15057639
15058151
15058663
15059175
15059687
15055080
15055592
15056104
15056616
15057128
15057640
15058152
15058664
15059176
15059688
15055081
15055593
15056105
15056617
15057129
15057641
15058153
15058665
15059177
15059689
15055082
15055594
15056106
15056618
15057130
15057642
15058154
15058666
15059178
15059690
15055083
15055595
15056107
15056619
15057131
15057643
15058155
15058667
15059179
15059691
15055084
15055596
15056108
15056620
15057132
15057644
15058156
15058668
15059180
15059692
15055085
15055597
15056109
15056621
15057133
15057645
15058157
15058669
15059181
15059693
15055086
15055598
15056110
15056622
15057134
15057646
15058158
15058670
15059182
15059694
15055087
15055599
15056111
15056623
15057135
15057647
15058159
15058671
15059183
15059695
37327763
37328275
37328787
37329299
37329811
37330323
37330835
37331347
37331859
37332371
37327764
37328276
37328788
37329300
37329812
37330324
37330836
37331348
37331860
37332372
37327765
37328277
37328789
37329301
37329813
37330325
37330837
37331349
37331861
37332373
37327766
37328278
37328790
37329302
37329814
37330326
37330838
37331350
37331862
37332374
37327767
37328279
37328791
37329303
37329815
37330327
37330839
37331351
37331863
37332375
37327768
37328280
37328792
37329304
37329816
37330328
37330840
37331352
37331864
37332376
37327769
37328281
37328793
37329305
37329817
37330329
37330841
37331353
37331865
37332377
37327770
37328282
37328794
37329306
37329818
37330330
37330842
37331354
37331866
37332378
37327771
37328283
37328795
37329307
37329819
37330331
37330843
37331355
37331867
37332379
37327772
37328284
37328796
37329308
37329820
37330332
37330844
37331356
37331868
37332380
38042156
38042668
38043180
38043692
38044204
38044716
38045228
38045740
38046252
38046764
38042157
38042669
38043181
38043693
38044205
38044717
38045229
38045741
38046253
38046765
38042158
38042670
38043182
38043694
38044206
38044718
38045230
38045742
38046254
38046766
38042159
38042671
38043183
38043695
38044207
38044719
38045231
38045743
38046255
38046767
38042160
38042672
38043184
38043696
38044208
38044720
38045232
38045744
38046256
38046768
38042161
38042673
38043185
38043697
38044209
38044721
38045233
38045745
38046257
38046769
38042162
38042674
38043186
38043698
38044210
38044722
38045234
38045746
38046258
38046770
38042163
38042675
38043187
38043699
38044211
38044723
38045235
38045747
38046259
38046771
38042164
38042676
38043188
38043700
38044212
38044724
38045236
38045748
38046260
38046772
38042165
38042677
38043189
38043701
38044213
38044725
38045237
38045749
38046261
38046773
39230319
39230831
39231343
39231855
39232367
39232879
39233391
39233903
39234415
39234927
39230320
39230832
39231344
39231856
39232368
39232880
39233392
39233904
39234416
39234928
39230321
39230833
39231345
39231857
39232369
39232881
39233393
39233905
39234417
39234929
39230322
39230834
39231346
39231858
39232370
39232882
39233394
39233906
39234418
39234930
39230323
39230835
39231347
39231859
39232371
39232883
39233395
39233907
39234419
39234931
39230324
39230836
39231348
39231860
39232372
39232884
39233396
39233908
39234420
39234932
39230325
39230837
39231349
39231861
39232373
39232885
39233397
39233909
39234421
39234933
39230326
39230838
39231350
39231862
39232374
39232886
39233398
39233910
39234422
39234934
39230327
39230839
39231351
39231863
39232375
39232887
39233399
39233911
39234423
39234935
39230328
39230840
39231352
39231864
39232376
39232888
39233400
39233912
39234424
39234936
33654152
33654664
33655176
33655688
33656200
33656712
33657224
33657736
33658248
33658760
33654153
33654665
33655177
33655689
33656201
33656713
33657225
33657737
33658249
33658761
33654154
33654666
33655178
33655690
33656202
33656714
33657226
33657738
33658250
33658762
33654155
33654667
33655179
33655691
33656203
33656715
33657227
33657739
33658251
33658763
33654156
33654668
33655180
33655692
33656204
33656716
33657228
33657740
33658252
33658764
33654157
33654669
33655181
33655693
33656205
33656717
33657229
33657741
33658253
33658765
33654158
33654670
33655182
33655694
33656206
33656718
33657230
33657742
33658254
33658766
33654159
33654671
33655183
33655695
33656207
33656719
33657231
33657743
33658255
33658767
33654160
33654672
33655184
33655696
33656208
33656720
33657232
33657744
33658256
33658768
33654161
33654673
33655185
33655697
33656209
33656721
33657233
33657745
33658257
33658769
28353661
28354173
28354685
28355197
28355709
28356221
28356733
28357245
28357757
28358269
28353662
28354174
28354686
28355198
28355710
28356222
28356734
28357246
28357758
28358270
28353663
28354175
28354687
28355199
28355711
28356223
28356735
28357247
28357759
28358271
28353664
28354176
28354688
28355200
28355712
28356224
28356736
28357248
28357760
28358272
28353665
28354177
28354689
28355201
28355713
28356225
28356737
28357249
28357761
28358273
28353666
28354178
28354690
28355202
28355714
28356226
28356738
28357250
28357762
28358274
28353667
28354179
28354691
28355203
28355715
28356227
28356739
28357251
28357763
28358275
28353668
28354180
28354692
28355204
28355716
28356228
28356740
28357252
28357764
28358276
28353669
28354181
28354693
28355205
28355717
28356229
28356741
28357253
28357765
28358277
28353670
28354182
28354694
28355206
28355718
28356230
28356742
28357254
28357766
28358278
39066647
39067159
39067671
39068183
39068695
39069207
39069719
39070231
39070743
39071255
39066648
39067160
39067672
39068184
39068696
39069208
39069720
39070232
39070744
39071256
39066649
39067161
39067673
39068185
39068697
39069209
39069721
39070233
39070745
39071257
39066650
39067162
39067674
39068186
39068698
39069210
39069722
39070234
39070746
39071258
39066651
39067163
39067675
39068187
39068699
39069211
39069723
39070235
39070747
39071259
39066652
39067164
39067676
39068188
39068700
39069212
39069724
39070236
39070748
39071260
39066653
39067165
39067677
39068189
39068701
39069213
39069725
39070237
39070749
39071261
39066654
39067166
39067678
39068190
39068702
39069214
39069726
39070238
39070750
39071262
39066655
39067167
39067679
39068191
39068703
39069215
39069727
39070239
39070751
39071263
39066656
39067168
39067680
39068192
39068704
39069216
39069728
39070240
39070752
39071264
30954282
30954794
30955306
30955818
30956330
30956842
30957354
30957866
30958378
30958890
30954283
30954795
30955307
30955819
30956331
30956843
30957355
30957867
30958379
30958891
30954284
30954796
30955308
30955820
30956332
30956844
30957356
30957868
30958380
30958892
30954285
30954797
30955309
30955821
30956333
30956845
30957357
30957869
30958381
30958893
30954286
30954798
30955310
30955822
30956334
30956846
30957358
30957870
30958382
30958894
30954287
30954799
30955311
30955823
30956335
30956847
30957359
30957871
30958383
30958895
30954288
30954800
30955312
30955824
30956336
30956848
30957360
30957872
30958384
30958896
30954289
30954801
30955313
30955825
30956337
30956849
30957361
30957873
30958385
30958897
30954290
30954802
30955314
30955826
30956338
30956850
30957362
30957874
30958386
30958898
30954291
30954803
30955315
30955827
30956339
30956851
30957363
30957875
30958387
30958899
38952829
38953341
38953853
38954365
38954877
38955389
38955901
38956413
38956925
38957437
38952830
38953342
38953854
38954366
38954878
38955390
38955902
38956414
38956926
38957438
38952831
38953343
38953855
38954367
38954879
38955391
38955903
38956415
38956927
38957439
38952832
38953344
38953856
38954368
38954880
38955392
38955904
38956416
38956928
38957440
38952833
38953345
38953857
38954369
38954881
38955393
38955905
38956417
38956929
38957441
38952834
38953346
38953858
38954370
38954882
38955394
38955906
38956418
38956930
38957442
38952835
38953347
38953859
38954371
38954883
38955395
38955907
38956419
38956931
38957443
38952836
38953348
38953860
38954372
38954884
38955396
38955908
38956420
38956932
38957444
38952837
38953349
38953861
38954373
38954885
38955397
38955909
38956421
38956933
38957445
38952838
38953350
38953862
38954374
38954886
38955398
38955910
38956422
38956934
38957446
17858366
17858878
17859390
17859902
17860414
17860926
17861438
17861950
17862462
17862974
17858367
17858879
17859391
17859903
17860415
17860927
17861439
17861951
17862463
17862975
17858368
17858880
17859392
17859904
17860416
17860928
17861440
17861952
17862464
17862976
17858369
17858881
17859393
17859905
17860417
17860929
17861441
17861953
17862465
17862977
17858370
17858882
17859394
17859906
17860418
17860930
17861442
17861954
17862466
17862978
17858371
17858883
17859395
17859907
17860419
17860931
17861443
17861955
17862467
17862979
17858372
17858884
17859396
17859908
17860420
17860932
17861444
17861956
17862468
17862980
17858373
17858885
17859397
17859909
17860421
17860933
17861445
17861957
17862469
17862981
17858374
17858886
17859398
17859910
17860422
17860934
17861446
17861958
17862470
17862982
17858375
17858887
17859399
17859911
17860423
17860935
17861447
17861959
17862471
17862983
19763424
19763936
19764448
19764960
19765472
19765984
19766496
19767008
19767520
19768032
19763425
19763937
19764449
19764961
19765473
19765985
19766497
19767009
19767521
19768033
19763426
19763938
19764450
19764962
19765474
19765986
19766498
19767010
19767522
19768034
19763427
19763939
19764451
19764963
19765475
19765987
19766499
19767011
19767523
19768035
19763428
19763940
19764452
19764964
19765476
19765988
19766500
19767012
19767524
19768036
19763429
19763941
19764453
19764965
19765477
19765989
19766501
19767013
19767525
19768037
19763430
19763942
19764454
19764966
19765478
19765990
19766502
19767014
19767526
19768038
19763431
19763943
19764455
19764967
19765479
19765991
19766503
19767015
19767527
19768039
19763432
19763944
19764456
19764968
19765480
19765992
19766504
19767016
19767528
19768040
19763433
19763945
19764457
19764969
19765481
19765993
19766505
19767017
19767529
19768041
25064626
25065138
25065650
25066162
25066674
25067186
25067698
25068210
25068722
25069234
25064627
25065139
25065651
25066163
25066675
25067187
25067699
25068211
25068723
25069235
25064628
25065140
25065652
25066164
25066676
25067188
25067700
25068212
25068724
25069236
25064629
25065141
25065653
25066165
25066677
25067189
25067701
25068213
25068725
25069237
25064630
25065142
25065654
25066166
25066678
25067190
25067702
25068214
25068726
25069238
25064631
25065143
25065655
25066167
25066679
25067191
25067703
25068215
25068727
25069239
25064632
25065144
25065656
25066168
25066680
25067192
25067704
25068216
25068728
25069240
25064633
25065145
25065657
25066169
25066681
25067193
25067705
25068217
25068729
25069241
25064634
25065146
25065658
25066170
25066682
25067194
25067706
25068218
25068730
25069242
25064635
25065147
25065659
25066171
25066683
25067195
25067707
25068219
25068731
25069243
20740635
20741147
20741659
20742171
20742683
20743195
20743707
20744219
20744731
20745243
20740636
20741148
20741660
20742172
20742684
20743196
20743708
20744220
20744732
20745244
20740637
20741149
20741661
20742173
20742685
20743197
20743709
20744221
20744733
20745245
20740638
20741150
20741662
20742174
20742686
20743198
20743710
20744222
20744734
20745246
20740639
20741151
20741663
20742175
20742687
20743199
20743711
20744223
20744735
20745247
20740640
20741152
20741664
20742176
20742688
20743200
20743712
20744224
20744736
20745248
20740641
20741153
20741665
20742177
20742689
20743201
20743713
20744225
20744737
20745249
20740642
20741154
20741666
20742178
20742690
20743202
20743714
20744226
20744738
20745250
20740643
20741155
20741667
20742179
20742691
20743203
20743715
20744227
20744739
20745251
20740644
20741156
20741668
20742180
20742692
20743204
20743716
20744228
20744740
20745252
6487536
6488048
6488560
6489072
6489584
6490096
6490608
6491120
6491632
6492144
6487537
6488049
6488561
6489073
6489585
6490097
6490609
6491121
6491633
6492145
6487538
6488050
6488562
6489074
6489586
6490098
6490610
6491122
6491634
6492146
6487539
6488051
6488563
6489075
6489587
6490099
6490611
6491123
6491635
6492147
6487540
6488052
6488564
6489076
6489588
6490100
6490612
6491124
6491636
6492148
6487541
6488053
6488565
6489077
6489589
6490101
6490613
6491125
6491637
6492149
6487542
6488054
6488566
6489078
6489590
6490102
6490614
6491126
6491638
6492150
6487543
6488055
6488567
6489079
6489591
6490103
6490615
6491127
6491639
6492151
6487544
6488056
6488568
6489080
6489592
6490104
6490616
6491128
6491640
6492152
6487545
6488057
6488569
6489081
6489593
6490105
6490617
6491129
6491641
6492153
18185679
18186191
18186703
18187215
18187727
18188239
18188751
18189263
18189775
18190287
18185680
18186192
18186704
18187216
18187728
18188240
18188752
18189264
18189776
18190288
18185681
18186193
18186705
18187217
18187729
18188241
18188753
18189265
18189777
18190289
18185682
18186194
18186706
18187218
18187730
18188242
18188754
18189266
18189778
18190290
18185683
18186195
18186707
18187219
18187731
18188243
18188755
18189267
18189779
18190291
18185684
18186196
18186708
18187220
18187732
18188244
18188756
18189268
18189780
18190292
18185685
18186197
18186709
18187221
18187733
18188245
18188757
18189269
18189781
18190293
18185686
18186198
18186710
18187222
18187734
18188246
18188758
18189270
18189782
18190294
18185687
18186199
18186711
18187223
18187735
18188247
18188759
18189271
18189783
18190295
18185688
18186200
18186712
18187224
18187736
18188248
18188760
18189272
18189784
18190296
24029225
24029737
24030249
24030761
24031273
24031785
24032297
24032809
24033321
24033833
24029226
24029738
24030250
24030762
24031274
24031786
24032298
24032810
24033322
24033834
24029227
24029739
24030251
24030763
24031275
24031787
24032299
24032811
24033323
24033835
24029228
24029740
24030252
24030764
24031276
24031788
24032300
24032812
24033324
24033836
24029229
24029741
24030253
24030765
24031277
24031789
24032301
24032813
24033325
24033837
24029230
24029742
24030254
24030766
24031278
24031790
24032302
24032814
24033326
24033838
24029231
24029743
24030255
24030767
24031279
24031791
24032303
24032815
24033327
24033839
24029232
24029744
24030256
24030768
24031280
24031792
24032304
24032816
24033328
24033840
24029233
24029745
24030257
24030769
24031281
24031793
24032305
24032817
24033329
24033841
24029234
24029746
24030258
24030770
24031282
24031794
24032306
24032818
24033330
24033842
32133818
32134330
32134842
32135354
32135866
32136378
32136890
32137402
32137914
32138426
32133819
32134331
32134843
32135355
32135867
32136379
32136891
32137403
32137915
32138427
32133820
32134332
32134844
32135356
32135868
32136380
32136892
32137404
32137916
32138428
32133821
32134333
32134845
32135357
32135869
32136381
32136893
32137405
32137917
32138429
32133822
32134334
32134846
32135358
32135870
32136382
32136894
32137406
32137918
32138430
32133823
32134335
32134847
32135359
32135871
32136383
32136895
32137407
32137919
32138431
32133824
32134336
32134848
32135360
32135872
32136384
32136896
32137408
32137920
32138432
32133825
32134337
32134849
32135361
32135873
32136385
32136897
32137409
32137921
32138433
32133826
32134338
32134850
32135362
32135874
32136386
32136898
32137410
32137922
32138434
32133827
32134339
32134851
32135363
32135875
32136387
32136899
32137411
32137923
32138435
37187949
37188461
37188973
37189485
37189997
37190509
37191021
37191533
37192045
37192557
37187950
37188462
37188974
37189486
37189998
37190510
37191022
37191534
37192046
37192558
37187951
37188463
37188975
37189487
37189999
37190511
37191023
37191535
37192047
37192559
37187952
37188464
37188976
37189488
37190000
37190512
37191024
37191536
37192048
37192560
37187953
37188465
37188977
37189489
37190001
37190513
37191025
37191537
37192049
37192561
37187954
37188466
37188978
37189490
37190002
37190514
37191026
37191538
37192050
37192562
37187955
37188467
37188979
37189491
37190003
37190515
37191027
37191539
37192051
37192563
37187956
37188468
37188980
37189492
37190004
37190516
37191028
37191540
37192052
37192564
37187957
37188469
37188981
37189493
37190005
37190517
37191029
37191541
37192053
37192565
37187958
37188470
37188982
37189494
37190006
37190518
37191030
37191542
37192054
37192566
14834559
14835071
14835583
14836095
14836607
14837119
14837631
14838143
14838655
14839167
14834560
14835072
14835584
14836096
14836608
14837120
14837632
14838144
14838656
14839168
14834561
14835073
14835585
14836097
14836609
14837121
14837633
14838145
14838657
14839169
14834562
14835074
14835586
14836098
14836610
14837122
14837634
14838146
14838658
14839170
14834563
14835075
14835587
14836099
14836611
14837123
14837635
14838147
14838659
14839171
14834564
14835076
14835588
14836100
14836612
14837124
14837636
14838148
14838660
14839172
14834565
14835077
14835589
14836101
14836613
14837125
14837637
14838149
14838661
14839173
14834566
14835078
14835590
14836102
14836614
14837126
14837638
14838150
14838662
14839174
14834567
14835079
14835591
14836103
14836615
14837127
14837639
14838151
14838663
14839175
14834568
14835080
14835592
14836104
14836616
14837128
14837640
14838152
14838664
14839176
25286824
25287336
25287848
25288360
25288872
25289384
25289896
25290408
25290920
25291432
25286825
25287337
25287849
25288361
25288873
25289385
25289897
25290409
25290921
25291433
25286826
25287338
25287850
25288362
25288874
25289386
25289898
25290410
25290922
25291434
25286827
25287339
25287851
25288363
25288875
25289387
25289899
25290411
25290923
25291435
25286828
25287340
25287852
25288364
25288876
25289388
25289900
25290412
25290924
25291436
25286829
25287341
25287853
25288365
25288877
25289389
25289901
25290413
25290925
25291437
25286830
25287342
25287854
25288366
25288878
25289390
25289902
25290414
25290926
25291438
25286831
25287343
25287855
25288367
25288879
25289391
25289903
25290415
25290927
25291439
25286832
25287344
25287856
25288368
25288880
25289392
25289904
25290416
25290928
25291440
25286833
25287345
25287857
25288369
25288881
25289393
25289905
25290417
25290929
25291441
35407115
35407627
35408139
35408651
35409163
35409675
35410187
35410699
35411211
35411723
35407116
35407628
35408140
35408652
35409164
35409676
35410188
35410700
35411212
35411724
35407117
35407629
35408141
35408653
35409165
35409677
35410189
35410701
35411213
35411725
35407118
35407630
35408142
35408654
35409166
35409678
35410190
35410702
35411214
35411726
35407119
35407631
35408143
35408655
35409167
35409679
35410191
35410703
35411215
35411727
35407120
35407632
35408144
35408656
35409168
35409680
35410192
35410704
35411216
35411728
35407121
35407633
35408145
35408657
35409169
35409681
35410193
35410705
35411217
35411729
35407122
35407634
35408146
35408658
35409170
35409682
35410194
35410706
35411218
35411730
35407123
35407635
35408147
35408659
35409171
35409683
35410195
35410707
35411219
35411731
35407124
35407636
35408148
35408660
35409172
35409684
35410196
35410708
35411220
35411732
16536526
16537038
16537550
16538062
16538574
16539086
16539598
16540110
16540622
16541134
16536527
16537039
16537551
16538063
16538575
16539087
16539599
16540111
16540623
16541135
16536528
16537040
16537552
16538064
16538576
16539088
16539600
16540112
16540624
16541136
16536529
16537041
16537553
16538065
16538577
16539089
16539601
16540113
16540625
16541137
16536530
16537042
16537554
16538066
16538578
16539090
16539602
16540114
16540626
16541138
16536531
16537043
16537555
16538067
16538579
16539091
16539603
16540115
16540627
16541139
16536532
16537044
16537556
16538068
16538580
16539092
16539604
16540116
16540628
16541140
16536533
16537045
16537557
16538069
16538581
16539093
16539605
16540117
16540629
16541141
16536534
16537046
16537558
16538070
16538582
16539094
16539606
16540118
16540630
16541142
16536535
16537047
16537559
16538071
16538583
16539095
16539607
16540119
16540631
16541143
38399279
38399791
38400303
38400815
38401327
38401839
38402351
38402863
38403375
38403887
38399280
38399792
38400304
38400816
38401328
38401840
38402352
38402864
38403376
38403888
38399281
38399793
38400305
38400817
38401329
38401841
38402353
38402865
38403377
38403889
38399282
38399794
38400306
38400818
38401330
38401842
38402354
38402866
38403378
38403890
38399283
38399795
38400307
38400819
38401331
38401843
38402355
38402867
38403379
38403891
38399284
38399796
38400308
38400820
38401332
38401844
38402356
38402868
38403380
38403892
38399285
38399797
38400309
38400821
38401333
38401845
38402357
38402869
38403381
38403893
38399286
38399798
38400310
38400822
38401334
38401846
38402358
38402870
38403382
38403894
38399287
38399799
38400311
38400823
38401335
38401847
38402359
38402871
38403383
38403895
38399288
38399800
38400312
38400824
38401336
38401848
38402360
38402872
38403384
38403896
30776277
30776789
30777301
30777813
30778325
30778837
30779349
30779861
30780373
30780885
30776278
30776790
30777302
30777814
30778326
30778838
30779350
30779862
30780374
30780886
30776279
30776791
30777303
30777815
30778327
30778839
30779351
30779863
30780375
30780887
30776280
30776792
30777304
30777816
30778328
30778840
30779352
30779864
30780376
30780888
30776281
30776793
30777305
30777817
30778329
30778841
30779353
30779865
30780377
30780889
30776282
30776794
30777306
30777818
30778330
30778842
30779354
30779866
30780378
30780890
30776283
30776795
30777307
30777819
30778331
30778843
30779355
30779867
30780379
30780891
30776284
30776796
30777308
30777820
30778332
30778844
30779356
30779868
30780380
30780892
30776285
30776797
30777309
30777821
30778333
30778845
30779357
30779869
30780381
30780893
30776286
30776798
30777310
30777822
30778334
30778846
30779358
30779870
30780382
30780894
3431448
3431960
3432472
3432984
3433496
3434008
3434520
3435032
3435544
3436056
3431449
3431961
3432473
3432985
3433497
3434009
3434521
3435033
3435545
3436057
3431450
3431962
3432474
3432986
3433498
3434010
3434522
3435034
3435546
3436058
3431451
3431963
3432475
3432987
3433499
3434011
3434523
3435035
3435547
3436059
3431452
3431964
3432476
3432988
3433500
3434012
3434524
3435036
3435548
3436060
3431453
3431965
3432477
3432989
3433501
3434013
3434525
3435037
3435549
3436061
3431454
3431966
3432478
3432990
3433502
3434014
3434526
3435038
3435550
3436062
3431455
3431967
3432479
3432991
3433503
3434015
3434527
3435039
3435551
3436063
3431456
3431968
3432480
3432992
3433504
3434016
3434528
3435040
3435552
3436064
3431457
3431969
3432481
3432993
3433505
3434017
3434529
3435041
3435553
3436065
2742687
2743199
2743711
2744223
2744735
2745247
2745759
2746271
2746783
2747295
2742688
2743200
2743712
2744224
2744736
2745248
2745760
2746272
2746784
2747296
2742689
2743201
2743713
2744225
2744737
2745249
2745761
2746273
2746785
2747297
2742690
2743202
2743714
2744226
2744738
2745250
2745762
2746274
2746786
2747298
2742691
2743203
2743715
2744227
2744739
2745251
2745763
2746275
2746787
2747299
2742692
2743204
2743716
2744228
2744740
2745252
2745764
2746276
2746788
2747300
2742693
2743205
2743717
2744229
2744741
2745253
2745765
2746277
2746789
2747301
2742694
2743206
2743718
2744230
2744742
2745254
2745766
2746278
2746790
2747302
2742695
2743207
2743719
2744231
2744743
2745255
2745767
2746279
2746791
2747303
2742696
2743208
2743720
2744232
2744744
2745256
2745768
2746280
2746792
2747304
11557555
11558067
11558579
11559091
11559603
11560115
11560627
11561139
11561651
11562163
11557556
11558068
11558580
11559092
11559604
11560116
11560628
11561140
11561652
11562164
11557557
11558069
11558581
11559093
11559605
11560117
11560629
11561141
11561653
11562165
11557558
11558070
11558582
11559094
11559606
11560118
11560630
11561142
11561654
11562166
11557559
11558071
11558583
11559095
11559607
11560119
11560631
11561143
11561655
11562167
11557560
11558072
11558584
11559096
11559608
11560120
11560632
11561144
11561656
11562168
11557561
11558073
11558585
11559097
11559609
11560121
11560633
11561145
11561657
11562169
11557562
11558074
11558586
11559098
11559610
11560122
11560634
11561146
11561658
11562170
11557563
11558075
11558587
11559099
11559611
11560123
11560635
11561147
11561659
11562171
11557564
11558076
11558588
11559100
11559612
11560124
11560636
11561148
11561660
11562172
17020100
17020612
17021124
17021636
17022148
17022660
17023172
17023684
17024196
17024708
17020101
17020613
17021125
17021637
17022149
17022661
17023173
17023685
17024197
17024709
17020102
17020614
17021126
17021638
17022150
17022662
17023174
17023686
17024198
17024710
17020103
17020615
17021127
17021639
17022151
17022663
17023175
17023687
17024199
17024711
17020104
17020616
17021128
17021640
17022152
17022664
17023176
17023688
17024200
17024712
17020105
17020617
17021129
17021641
17022153
17022665
17023177
17023689
17024201
17024713
17020106
17020618
17021130
17021642
17022154
17022666
17023178
17023690
17024202
17024714
17020107
17020619
17021131
17021643
17022155
17022667
17023179
17023691
17024203
17024715
17020108
17020620
17021132
17021644
17022156
17022668
17023180
17023692
17024204
17024716
17020109
17020621
17021133
17021645
17022157
17022669
17023181
17023693
17024205
17024717
5255709
5256221
5256733
5257245
5257757
5258269
5258781
5259293
5259805
5260317
5255710
5256222
5256734
5257246
5257758
5258270
5258782
5259294
5259806
5260318
5255711
5256223
5256735
5257247
5257759
5258271
5258783
5259295
5259807
5260319
5255712
5256224
5256736
5257248
5257760
5258272
5258784
5259296
5259808
5260320
5255713
5256225
5256737
5257249
5257761
5258273
5258785
5259297
5259809
5260321
5255714
5256226
5256738
5257250
5257762
5258274
5258786
5259298
5259810
5260322
5255715
5256227
5256739
5257251
5257763
5258275
5258787
5259299
5259811
5260323
5255716
5256228
5256740
5257252
5257764
5258276
5258788
5259300
5259812
5260324
5255717
5256229
5256741
5257253
5257765
5258277
5258789
5259301
5259813
5260325
5255718
5256230
5256742
5257254
5257766
5258278
5258790
5259302
5259814
5260326
14772475
14772987
14773499
14774011
14774523
14775035
14775547
14776059
14776571
14777083
14772476
14772988
14773500
14774012
14774524
14775036
14775548
14776060
14776572
14777084
14772477
14772989
14773501
14774013
14774525
14775037
14775549
14776061
14776573
14777085
14772478
14772990
14773502
14774014
14774526
14775038
14775550
14776062
14776574
14777086
14772479
14772991
14773503
14774015
14774527
14775039
14775551
14776063
14776575
14777087
14772480
14772992
14773504
14774016
14774528
14775040
14775552
14776064
14776576
14777088
14772481
14772993
14773505
14774017
14774529
14775041
14775553
14776065
14776577
14777089
14772482
14772994
14773506
14774018
14774530
14775042
14775554
14776066
14776578
14777090
14772483
14772995
14773507
14774019
14774531
14775043
14775555
14776067
14776579
14777091
14772484
14772996
14773508
14774020
14774532
14775044
14775556
14776068
14776580
14777092
