30742192
30742704
30743216
30743728
30744240
30744752
30745264
30745776
30746288
30746800
30742193
30742705
30743217
30743729
30744241
30744753
30745265
30745777
30746289
30746801
30742194
30742706
30743218
30743730
30744242
30744754
30745266
30745778
30746290
30746802
30742195
30742707
30743219
30743731
30744243
30744755
30745267
30745779
30746291
30746803
30742196
30742708
30743220
30743732
30744244
30744756
30745268
30745780
30746292
30746804
30742197
30742709
30743221
30743733
30744245
30744757
30745269
30745781
30746293
30746805
30742198
30742710
30743222
30743734
30744246
30744758
30745270
30745782
30746294
30746806
30742199
30742711
30743223
30743735
30744247
30744759
30745271
30745783
30746295
30746807
30742200
30742712
30743224
30743736
30744248
30744760
30745272
30745784
30746296
30746808
30742201
30742713
30743225
30743737
30744249
30744761
30745273
30745785
30746297
30746809
25488613
25489125
25489637
25490149
25490661
25491173
25491685
25492197
25492709
25493221
25488614
25489126
25489638
25490150
25490662
25491174
25491686
25492198
25492710
25493222
25488615
25489127
25489639
25490151
25490663
25491175
25491687
25492199
25492711
25493223
25488616
25489128
25489640
25490152
25490664
25491176
25491688
25492200
25492712
25493224
25488617
25489129
25489641
25490153
25490665
25491177
25491689
25492201
25492713
25493225
25488618
25489130
25489642
25490154
25490666
25491178
25491690
25492202
25492714
25493226
25488619
25489131
25489643
25490155
25490667
25491179
25491691
25492203
25492715
25493227
25488620
25489132
25489644
25490156
25490668
25491180
25491692
25492204
25492716
25493228
25488621
25489133
25489645
25490157
25490669
25491181
25491693
25492205
25492717
25493229
25488622
25489134
25489646
25490158
25490670
25491182
25491694
25492206
25492718
25493230
25485153
25485665
25486177
25486689
25487201
25487713
25488225
25488737
25489249
25489761
25485154
25485666
25486178
25486690
25487202
25487714
25488226
25488738
25489250
25489762
25485155
25485667
25486179
25486691
25487203
25487715
25488227
25488739
25489251
25489763
25485156
25485668
25486180
25486692
25487204
25487716
25488228
25488740
25489252
25489764
25485157
25485669
25486181
25486693
25487205
25487717
25488229
25488741
25489253
25489765
25485158
25485670
25486182
25486694
25487206
25487718
25488230
25488742
25489254
25489766
25485159
25485671
25486183
25486695
25487207
25487719
25488231
25488743
25489255
25489767
25485160
25485672
25486184
25486696
25487208
25487720
25488232
25488744
25489256
25489768
25485161
25485673
25486185
25486697
25487209
25487721
25488233
25488745
25489257
25489769
25485162
25485674
25486186
25486698
25487210
25487722
25488234
25488746
25489258
25489770
30784226
30784738
30785250
30785762
30786274
30786786
30787298
30787810
30788322
30788834
30784227
30784739
30785251
30785763
30786275
30786787
30787299
30787811
30788323
30788835
30784228
30784740
30785252
30785764
30786276
30786788
30787300
30787812
30788324
30788836
30784229
30784741
30785253
30785765
30786277
30786789
30787301
30787813
30788325
30788837
30784230
30784742
30785254
30785766
30786278
30786790
30787302
30787814
30788326
30788838
30784231
30784743
30785255
30785767
30786279
30786791
30787303
30787815
30788327
30788839
30784232
30784744
30785256
30785768
30786280
30786792
30787304
30787816
30788328
30788840
30784233
30784745
30785257
30785769
30786281
30786793
30787305
30787817
30788329
30788841
30784234
30784746
30785258
30785770
30786282
30786794
30787306
30787818
30788330
30788842
30784235
30784747
30785259
30785771
30786283
30786795
30787307
30787819
30788331
30788843
32914173
32914685
32915197
32915709
32916221
32916733
32917245
32917757
32918269
32918781
32914174
32914686
32915198
32915710
32916222
32916734
32917246
32917758
32918270
32918782
32914175
32914687
32915199
32915711
32916223
32916735
32917247
32917759
32918271
32918783
32914176
32914688
32915200
32915712
32916224
32916736
32917248
32917760
32918272
32918784
32914177
32914689
32915201
32915713
32916225
32916737
32917249
32917761
32918273
32918785
32914178
32914690
32915202
32915714
32916226
32916738
32917250
32917762
32918274
32918786
32914179
32914691
32915203
32915715
32916227
32916739
32917251
32917763
32918275
32918787
32914180
32914692
32915204
32915716
32916228
32916740
32917252
32917764
32918276
32918788
32914181
32914693
32915205
32915717
32916229
32916741
32917253
32917765
32918277
32918789
32914182
32914694
32915206
32915718
32916230
32916742
32917254
32917766
32918278
32918790
34960633
34961145
34961657
34962169
34962681
34963193
34963705
34964217
34964729
34965241
34960634
34961146
34961658
34962170
34962682
34963194
34963706
34964218
34964730
34965242
34960635
34961147
34961659
34962171
34962683
34963195
34963707
34964219
34964731
34965243
34960636
34961148
34961660
34962172
34962684
34963196
34963708
34964220
34964732
34965244
34960637
34961149
34961661
34962173
34962685
34963197
34963709
34964221
34964733
34965245
34960638
34961150
34961662
34962174
34962686
34963198
34963710
34964222
34964734
34965246
34960639
34961151
34961663
34962175
34962687
34963199
34963711
34964223
34964735
34965247
34960640
34961152
34961664
34962176
34962688
34963200
34963712
34964224
34964736
34965248
34960641
34961153
34961665
34962177
34962689
34963201
34963713
34964225
34964737
34965249
34960642
34961154
34961666
34962178
34962690
34963202
34963714
34964226
34964738
34965250
23640869
23641381
23641893
23642405
23642917
23643429
23643941
23644453
23644965
23645477
23640870
23641382
23641894
23642406
23642918
23643430
23643942
23644454
23644966
23645478
23640871
23641383
23641895
23642407
23642919
23643431
23643943
23644455
23644967
23645479
23640872
23641384
23641896
23642408
23642920
23643432
23643944
23644456
23644968
23645480
23640873
23641385
23641897
23642409
23642921
23643433
23643945
23644457
23644969
23645481
23640874
23641386
23641898
23642410
23642922
23643434
23643946
23644458
23644970
23645482
23640875
23641387
23641899
23642411
23642923
23643435
23643947
23644459
23644971
23645483
23640876
23641388
23641900
23642412
23642924
23643436
23643948
23644460
23644972
23645484
23640877
23641389
23641901
23642413
23642925
23643437
23643949
23644461
23644973
23645485
23640878
23641390
23641902
23642414
23642926
23643438
23643950
23644462
23644974
23645486
26541281
26541793
26542305
26542817
26543329
26543841
26544353
26544865
26545377
26545889
26541282
26541794
26542306
26542818
26543330
26543842
26544354
26544866
26545378
26545890
26541283
26541795
26542307
26542819
26543331
26543843
26544355
26544867
26545379
26545891
26541284
26541796
26542308
26542820
26543332
26543844
26544356
26544868
26545380
26545892
26541285
26541797
26542309
26542821
26543333
26543845
26544357
26544869
26545381
26545893
26541286
26541798
26542310
26542822
26543334
26543846
26544358
26544870
26545382
26545894
26541287
26541799
26542311
26542823
26543335
26543847
26544359
26544871
26545383
26545895
26541288
26541800
26542312
26542824
26543336
26543848
26544360
26544872
26545384
26545896
26541289
26541801
26542313
26542825
26543337
26543849
26544361
26544873
26545385
26545897
26541290
26541802
26542314
26542826
26543338
26543850
26544362
26544874
26545386
26545898
29682933
29683445
29683957
29684469
29684981
29685493
29686005
29686517
29687029
29687541
29682934
29683446
29683958
29684470
29684982
29685494
29686006
29686518
29687030
29687542
29682935
29683447
29683959
29684471
29684983
29685495
29686007
29686519
29687031
29687543
29682936
29683448
29683960
29684472
29684984
29685496
29686008
29686520
29687032
29687544
29682937
29683449
29683961
29684473
29684985
29685497
29686009
29686521
29687033
29687545
29682938
29683450
29683962
29684474
29684986
29685498
29686010
29686522
29687034
29687546
29682939
29683451
29683963
29684475
29684987
29685499
29686011
29686523
29687035
29687547
29682940
29683452
29683964
29684476
29684988
29685500
29686012
29686524
29687036
29687548
29682941
29683453
29683965
29684477
29684989
29685501
29686013
29686525
29687037
29687549
29682942
29683454
29683966
29684478
29684990
29685502
29686014
29686526
29687038
29687550
35265705
35266217
35266729
35267241
35267753
35268265
35268777
35269289
35269801
35270313
35265706
35266218
35266730
35267242
35267754
35268266
35268778
35269290
35269802
35270314
35265707
35266219
35266731
35267243
35267755
35268267
35268779
35269291
35269803
35270315
35265708
35266220
35266732
35267244
35267756
35268268
35268780
35269292
35269804
35270316
35265709
35266221
35266733
35267245
35267757
35268269
35268781
35269293
35269805
35270317
35265710
35266222
35266734
35267246
35267758
35268270
35268782
35269294
35269806
35270318
35265711
35266223
35266735
35267247
35267759
35268271
35268783
35269295
35269807
35270319
35265712
35266224
35266736
35267248
35267760
35268272
35268784
35269296
35269808
35270320
35265713
35266225
35266737
35267249
35267761
35268273
35268785
35269297
35269809
35270321
35265714
35266226
35266738
35267250
35267762
35268274
35268786
35269298
35269810
35270322
34402511
34403023
34403535
34404047
34404559
34405071
34405583
34406095
34406607
34407119
34402512
34403024
34403536
34404048
34404560
34405072
34405584
34406096
34406608
34407120
34402513
34403025
34403537
34404049
34404561
34405073
34405585
34406097
34406609
34407121
34402514
34403026
34403538
34404050
34404562
34405074
34405586
34406098
34406610
34407122
34402515
34403027
34403539
34404051
34404563
34405075
34405587
34406099
34406611
34407123
34402516
34403028
34403540
34404052
34404564
34405076
34405588
34406100
34406612
34407124
34402517
34403029
34403541
34404053
34404565
34405077
34405589
34406101
34406613
34407125
34402518
34403030
34403542
34404054
34404566
34405078
34405590
34406102
34406614
34407126
34402519
34403031
34403543
34404055
34404567
34405079
34405591
34406103
34406615
34407127
34402520
34403032
34403544
34404056
34404568
34405080
34405592
34406104
34406616
34407128
29163198
29163710
29164222
29164734
29165246
29165758
29166270
29166782
29167294
29167806
29163199
29163711
29164223
29164735
29165247
29165759
29166271
29166783
29167295
29167807
29163200
29163712
29164224
29164736
29165248
29165760
29166272
29166784
29167296
29167808
29163201
29163713
29164225
29164737
29165249
29165761
29166273
29166785
29167297
29167809
29163202
29163714
29164226
29164738
29165250
29165762
29166274
29166786
29167298
29167810
29163203
29163715
29164227
29164739
29165251
29165763
29166275
29166787
29167299
29167811
29163204
29163716
29164228
29164740
29165252
29165764
29166276
29166788
29167300
29167812
29163205
29163717
29164229
29164741
29165253
29165765
29166277
29166789
29167301
29167813
29163206
29163718
29164230
29164742
29165254
29165766
29166278
29166790
29167302
29167814
29163207
29163719
29164231
29164743
29165255
29165767
29166279
29166791
29167303
29167815
34197747
34198259
34198771
34199283
34199795
34200307
34200819
34201331
34201843
34202355
34197748
34198260
34198772
34199284
34199796
34200308
34200820
34201332
34201844
34202356
34197749
34198261
34198773
34199285
34199797
34200309
34200821
34201333
34201845
34202357
34197750
34198262
34198774
34199286
34199798
34200310
34200822
34201334
34201846
34202358
34197751
34198263
34198775
34199287
34199799
34200311
34200823
34201335
34201847
34202359
34197752
34198264
34198776
34199288
34199800
34200312
34200824
34201336
34201848
34202360
34197753
34198265
34198777
34199289
34199801
34200313
34200825
34201337
34201849
34202361
34197754
34198266
34198778
34199290
34199802
34200314
34200826
34201338
34201850
34202362
34197755
34198267
34198779
34199291
34199803
34200315
34200827
34201339
34201851
34202363
34197756
34198268
34198780
34199292
34199804
34200316
34200828
34201340
34201852
34202364
34940707
34941219
34941731
34942243
34942755
34943267
34943779
34944291
34944803
34945315
34940708
34941220
34941732
34942244
34942756
34943268
34943780
34944292
34944804
34945316
34940709
34941221
34941733
34942245
34942757
34943269
34943781
34944293
34944805
34945317
34940710
34941222
34941734
34942246
34942758
34943270
34943782
34944294
34944806
34945318
34940711
34941223
34941735
34942247
34942759
34943271
34943783
34944295
34944807
34945319
34940712
34941224
34941736
34942248
34942760
34943272
34943784
34944296
34944808
34945320
34940713
34941225
34941737
34942249
34942761
34943273
34943785
34944297
34944809
34945321
34940714
34941226
34941738
34942250
34942762
34943274
34943786
34944298
34944810
34945322
34940715
34941227
34941739
34942251
34942763
34943275
34943787
34944299
34944811
34945323
34940716
34941228
34941740
34942252
34942764
34943276
34943788
34944300
34944812
34945324
31513854
31514366
31514878
31515390
31515902
31516414
31516926
31517438
31517950
31518462
31513855
31514367
31514879
31515391
31515903
31516415
31516927
31517439
31517951
31518463
31513856
31514368
31514880
31515392
31515904
31516416
31516928
31517440
31517952
31518464
31513857
31514369
31514881
31515393
31515905
31516417
31516929
31517441
31517953
31518465
31513858
31514370
31514882
31515394
31515906
31516418
31516930
31517442
31517954
31518466
31513859
31514371
31514883
31515395
31515907
31516419
31516931
31517443
31517955
31518467
31513860
31514372
31514884
31515396
31515908
31516420
31516932
31517444
31517956
31518468
31513861
31514373
31514885
31515397
31515909
31516421
31516933
31517445
31517957
31518469
31513862
31514374
31514886
31515398
31515910
31516422
31516934
31517446
31517958
31518470
31513863
31514375
31514887
31515399
31515911
31516423
31516935
31517447
31517959
31518471
33608418
33608930
33609442
33609954
33610466
33610978
33611490
33612002
33612514
33613026
33608419
33608931
33609443
33609955
33610467
33610979
33611491
33612003
33612515
33613027
33608420
33608932
33609444
33609956
33610468
33610980
33611492
33612004
33612516
33613028
33608421
33608933
33609445
33609957
33610469
33610981
33611493
33612005
33612517
33613029
33608422
33608934
33609446
33609958
33610470
33610982
33611494
33612006
33612518
33613030
33608423
33608935
33609447
33609959
33610471
33610983
33611495
33612007
33612519
33613031
33608424
33608936
33609448
33609960
33610472
33610984
33611496
33612008
33612520
33613032
33608425
33608937
33609449
33609961
33610473
33610985
33611497
33612009
33612521
33613033
33608426
33608938
33609450
33609962
33610474
33610986
33611498
33612010
33612522
33613034
33608427
33608939
33609451
33609963
33610475
33610987
33611499
33612011
33612523
33613035
32362698
32363210
32363722
32364234
32364746
32365258
32365770
32366282
32366794
32367306
32362699
32363211
32363723
32364235
32364747
32365259
32365771
32366283
32366795
32367307
32362700
32363212
32363724
32364236
32364748
32365260
32365772
32366284
32366796
32367308
32362701
32363213
32363725
32364237
32364749
32365261
32365773
32366285
32366797
32367309
32362702
32363214
32363726
32364238
32364750
32365262
32365774
32366286
32366798
32367310
32362703
32363215
32363727
32364239
32364751
32365263
32365775
32366287
32366799
32367311
32362704
32363216
32363728
32364240
32364752
32365264
32365776
32366288
32366800
32367312
32362705
32363217
32363729
32364241
32364753
32365265
32365777
32366289
32366801
32367313
32362706
32363218
32363730
32364242
32364754
32365266
32365778
32366290
32366802
32367314
32362707
32363219
32363731
32364243
32364755
32365267
32365779
32366291
32366803
32367315
29953341
29953853
29954365
29954877
29955389
29955901
29956413
29956925
29957437
29957949
29953342
29953854
29954366
29954878
29955390
29955902
29956414
29956926
29957438
29957950
29953343
29953855
29954367
29954879
29955391
29955903
29956415
29956927
29957439
29957951
29953344
29953856
29954368
29954880
29955392
29955904
29956416
29956928
29957440
29957952
29953345
29953857
29954369
29954881
29955393
29955905
29956417
29956929
29957441
29957953
29953346
29953858
29954370
29954882
29955394
29955906
29956418
29956930
29957442
29957954
29953347
29953859
29954371
29954883
29955395
29955907
29956419
29956931
29957443
29957955
29953348
29953860
29954372
29954884
29955396
29955908
29956420
29956932
29957444
29957956
29953349
29953861
29954373
29954885
29955397
29955909
29956421
29956933
29957445
29957957
29953350
29953862
29954374
29954886
29955398
29955910
29956422
29956934
29957446
29957958
31308505
31309017
31309529
31310041
31310553
31311065
31311577
31312089
31312601
31313113
31308506
31309018
31309530
31310042
31310554
31311066
31311578
31312090
31312602
31313114
31308507
31309019
31309531
31310043
31310555
31311067
31311579
31312091
31312603
31313115
31308508
31309020
31309532
31310044
31310556
31311068
31311580
31312092
31312604
31313116
31308509
31309021
31309533
31310045
31310557
31311069
31311581
31312093
31312605
31313117
31308510
31309022
31309534
31310046
31310558
31311070
31311582
31312094
31312606
31313118
31308511
31309023
31309535
31310047
31310559
31311071
31311583
31312095
31312607
31313119
31308512
31309024
31309536
31310048
31310560
31311072
31311584
31312096
31312608
31313120
31308513
31309025
31309537
31310049
31310561
31311073
31311585
31312097
31312609
31313121
31308514
31309026
31309538
31310050
31310562
31311074
31311586
31312098
31312610
31313122
30491407
30491919
30492431
30492943
30493455
30493967
30494479
30494991
30495503
30496015
30491408
30491920
30492432
30492944
30493456
30493968
30494480
30494992
30495504
30496016
30491409
30491921
30492433
30492945
30493457
30493969
30494481
30494993
30495505
30496017
30491410
30491922
30492434
30492946
30493458
30493970
30494482
30494994
30495506
30496018
30491411
30491923
30492435
30492947
30493459
30493971
30494483
30494995
30495507
30496019
30491412
30491924
30492436
30492948
30493460
30493972
30494484
30494996
30495508
30496020
30491413
30491925
30492437
30492949
30493461
30493973
30494485
30494997
30495509
30496021
30491414
30491926
30492438
30492950
30493462
30493974
30494486
30494998
30495510
30496022
30491415
30491927
30492439
30492951
30493463
30493975
30494487
30494999
30495511
30496023
30491416
30491928
30492440
30492952
30493464
30493976
30494488
30495000
30495512
30496024
30501675
30502187
30502699
30503211
30503723
30504235
30504747
30505259
30505771
30506283
30501676
30502188
30502700
30503212
30503724
30504236
30504748
30505260
30505772
30506284
30501677
30502189
30502701
30503213
30503725
30504237
30504749
30505261
30505773
30506285
30501678
30502190
30502702
30503214
30503726
30504238
30504750
30505262
30505774
30506286
30501679
30502191
30502703
30503215
30503727
30504239
30504751
30505263
30505775
30506287
30501680
30502192
30502704
30503216
30503728
30504240
30504752
30505264
30505776
30506288
30501681
30502193
30502705
30503217
30503729
30504241
30504753
30505265
30505777
30506289
30501682
30502194
30502706
30503218
30503730
30504242
30504754
30505266
30505778
30506290
30501683
30502195
30502707
30503219
30503731
30504243
30504755
30505267
30505779
30506291
30501684
30502196
30502708
30503220
30503732
30504244
30504756
30505268
30505780
30506292
33603303
33603815
33604327
33604839
33605351
33605863
33606375
33606887
33607399
33607911
33603304
33603816
33604328
33604840
33605352
33605864
33606376
33606888
33607400
33607912
33603305
33603817
33604329
33604841
33605353
33605865
33606377
33606889
33607401
33607913
33603306
33603818
33604330
33604842
33605354
33605866
33606378
33606890
33607402
33607914
33603307
33603819
33604331
33604843
33605355
33605867
33606379
33606891
33607403
33607915
33603308
33603820
33604332
33604844
33605356
33605868
33606380
33606892
33607404
33607916
33603309
33603821
33604333
33604845
33605357
33605869
33606381
33606893
33607405
33607917
33603310
33603822
33604334
33604846
33605358
33605870
33606382
33606894
33607406
33607918
33603311
33603823
33604335
33604847
33605359
33605871
33606383
33606895
33607407
33607919
33603312
33603824
33604336
33604848
33605360
33605872
33606384
33606896
33607408
33607920
32622756
32623268
32623780
32624292
32624804
32625316
32625828
32626340
32626852
32627364
32622757
32623269
32623781
32624293
32624805
32625317
32625829
32626341
32626853
32627365
32622758
32623270
32623782
32624294
32624806
32625318
32625830
32626342
32626854
32627366
32622759
32623271
32623783
32624295
32624807
32625319
32625831
32626343
32626855
32627367
32622760
32623272
32623784
32624296
32624808
32625320
32625832
32626344
32626856
32627368
32622761
32623273
32623785
32624297
32624809
32625321
32625833
32626345
32626857
32627369
32622762
32623274
32623786
32624298
32624810
32625322
32625834
32626346
32626858
32627370
32622763
32623275
32623787
32624299
32624811
32625323
32625835
32626347
32626859
32627371
32622764
32623276
32623788
32624300
32624812
32625324
32625836
32626348
32626860
32627372
32622765
32623277
32623789
32624301
32624813
32625325
32625837
32626349
32626861
32627373
28352316
28352828
28353340
28353852
28354364
28354876
28355388
28355900
28356412
28356924
28352317
28352829
28353341
28353853
28354365
28354877
28355389
28355901
28356413
28356925
28352318
28352830
28353342
28353854
28354366
28354878
28355390
28355902
28356414
28356926
28352319
28352831
28353343
28353855
28354367
28354879
28355391
28355903
28356415
28356927
28352320
28352832
28353344
28353856
28354368
28354880
28355392
28355904
28356416
28356928
28352321
28352833
28353345
28353857
28354369
28354881
28355393
28355905
28356417
28356929
28352322
28352834
28353346
28353858
28354370
28354882
28355394
28355906
28356418
28356930
28352323
28352835
28353347
28353859
28354371
28354883
28355395
28355907
28356419
28356931
28352324
28352836
28353348
28353860
28354372
28354884
28355396
28355908
28356420
28356932
28352325
28352837
28353349
28353861
28354373
28354885
28355397
28355909
28356421
28356933
29468905
29469417
29469929
29470441
29470953
29471465
29471977
29472489
29473001
29473513
29468906
29469418
29469930
29470442
29470954
29471466
29471978
29472490
29473002
29473514
29468907
29469419
29469931
29470443
29470955
29471467
29471979
29472491
29473003
29473515
29468908
29469420
29469932
29470444
29470956
29471468
29471980
29472492
29473004
29473516
29468909
29469421
29469933
29470445
29470957
29471469
29471981
29472493
29473005
29473517
29468910
29469422
29469934
29470446
29470958
29471470
29471982
29472494
29473006
29473518
29468911
29469423
29469935
29470447
29470959
29471471
29471983
29472495
29473007
29473519
29468912
29469424
29469936
29470448
29470960
29471472
29471984
29472496
29473008
29473520
29468913
29469425
29469937
29470449
29470961
29471473
29471985
29472497
29473009
29473521
29468914
29469426
29469938
29470450
29470962
29471474
29471986
29472498
29473010
29473522
31272698
31273210
31273722
31274234
31274746
31275258
31275770
31276282
31276794
31277306
31272699
31273211
31273723
31274235
31274747
31275259
31275771
31276283
31276795
31277307
31272700
31273212
31273724
31274236
31274748
31275260
31275772
31276284
31276796
31277308
31272701
31273213
31273725
31274237
31274749
31275261
31275773
31276285
31276797
31277309
31272702
31273214
31273726
31274238
31274750
31275262
31275774
31276286
31276798
31277310
31272703
31273215
31273727
31274239
31274751
31275263
31275775
31276287
31276799
31277311
31272704
31273216
31273728
31274240
31274752
31275264
31275776
31276288
31276800
31277312
31272705
31273217
31273729
31274241
31274753
31275265
31275777
31276289
31276801
31277313
31272706
31273218
31273730
31274242
31274754
31275266
31275778
31276290
31276802
31277314
31272707
31273219
31273731
31274243
31274755
31275267
31275779
31276291
31276803
31277315
31826213
31826725
31827237
31827749
31828261
31828773
31829285
31829797
31830309
31830821
31826214
31826726
31827238
31827750
31828262
31828774
31829286
31829798
31830310
31830822
31826215
31826727
31827239
31827751
31828263
31828775
31829287
31829799
31830311
31830823
31826216
31826728
31827240
31827752
31828264
31828776
31829288
31829800
31830312
31830824
31826217
31826729
31827241
31827753
31828265
31828777
31829289
31829801
31830313
31830825
31826218
31826730
31827242
31827754
31828266
31828778
31829290
31829802
31830314
31830826
31826219
31826731
31827243
31827755
31828267
31828779
31829291
31829803
31830315
31830827
31826220
31826732
31827244
31827756
31828268
31828780
31829292
31829804
31830316
31830828
31826221
31826733
31827245
31827757
31828269
31828781
31829293
31829805
31830317
31830829
31826222
31826734
31827246
31827758
31828270
31828782
31829294
31829806
31830318
31830830
25499890
25500402
25500914
25501426
25501938
25502450
25502962
25503474
25503986
25504498
25499891
25500403
25500915
25501427
25501939
25502451
25502963
25503475
25503987
25504499
25499892
25500404
25500916
25501428
25501940
25502452
25502964
25503476
25503988
25504500
25499893
25500405
25500917
25501429
25501941
25502453
25502965
25503477
25503989
25504501
25499894
25500406
25500918
25501430
25501942
25502454
25502966
25503478
25503990
25504502
25499895
25500407
25500919
25501431
25501943
25502455
25502967
25503479
25503991
25504503
25499896
25500408
25500920
25501432
25501944
25502456
25502968
25503480
25503992
25504504
25499897
25500409
25500921
25501433
25501945
25502457
25502969
25503481
25503993
25504505
25499898
25500410
25500922
25501434
25501946
25502458
25502970
25503482
25503994
25504506
25499899
25500411
25500923
25501435
25501947
25502459
25502971
25503483
25503995
25504507
18662617
18663129
18663641
18664153
18664665
18665177
18665689
18666201
18666713
18667225
18662618
18663130
18663642
18664154
18664666
18665178
18665690
18666202
18666714
18667226
18662619
18663131
18663643
18664155
18664667
18665179
18665691
18666203
18666715
18667227
18662620
18663132
18663644
18664156
18664668
18665180
18665692
18666204
18666716
18667228
18662621
18663133
18663645
18664157
18664669
18665181
18665693
18666205
18666717
18667229
18662622
18663134
18663646
18664158
18664670
18665182
18665694
18666206
18666718
18667230
18662623
18663135
18663647
18664159
18664671
18665183
18665695
18666207
18666719
18667231
18662624
18663136
18663648
18664160
18664672
18665184
18665696
18666208
18666720
18667232
18662625
18663137
18663649
18664161
18664673
18665185
18665697
18666209
18666721
18667233
18662626
18663138
18663650
18664162
18664674
18665186
18665698
18666210
18666722
18667234
32029922
32030434
32030946
32031458
32031970
32032482
32032994
32033506
32034018
32034530
32029923
32030435
32030947
32031459
32031971
32032483
32032995
32033507
32034019
32034531
32029924
32030436
32030948
32031460
32031972
32032484
32032996
32033508
32034020
32034532
32029925
32030437
32030949
32031461
32031973
32032485
32032997
32033509
32034021
32034533
32029926
32030438
32030950
32031462
32031974
32032486
32032998
32033510
32034022
32034534
32029927
32030439
32030951
32031463
32031975
32032487
32032999
32033511
32034023
32034535
32029928
32030440
32030952
32031464
32031976
32032488
32033000
32033512
32034024
32034536
32029929
32030441
32030953
32031465
32031977
32032489
32033001
32033513
32034025
32034537
32029930
32030442
32030954
32031466
32031978
32032490
32033002
32033514
32034026
32034538
32029931
32030443
32030955
32031467
32031979
32032491
32033003
32033515
32034027
32034539
