24550919
24551431
24551943
24552455
24552967
24553479
24553991
24554503
24555015
24555527
24550920
24551432
24551944
24552456
24552968
24553480
24553992
24554504
24555016
24555528
24550921
24551433
24551945
24552457
24552969
24553481
24553993
24554505
24555017
24555529
24550922
24551434
24551946
24552458
24552970
24553482
24553994
24554506
24555018
24555530
24550923
24551435
24551947
24552459
24552971
24553483
24553995
24554507
24555019
24555531
24550924
24551436
24551948
24552460
24552972
24553484
24553996
24554508
24555020
24555532
24550925
24551437
24551949
24552461
24552973
24553485
24553997
24554509
24555021
24555533
24550926
24551438
24551950
24552462
24552974
24553486
24553998
24554510
24555022
24555534
24550927
24551439
24551951
24552463
24552975
24553487
24553999
24554511
24555023
24555535
24550928
24551440
24551952
24552464
24552976
24553488
24554000
24554512
24555024
24555536
19706728
19707240
19707752
19708264
19708776
19709288
19709800
19710312
19710824
19711336
19706729
19707241
19707753
19708265
19708777
19709289
19709801
19710313
19710825
19711337
19706730
19707242
19707754
19708266
19708778
19709290
19709802
19710314
19710826
19711338
19706731
19707243
19707755
19708267
19708779
19709291
19709803
19710315
19710827
19711339
19706732
19707244
19707756
19708268
19708780
19709292
19709804
19710316
19710828
19711340
19706733
19707245
19707757
19708269
19708781
19709293
19709805
19710317
19710829
19711341
19706734
19707246
19707758
19708270
19708782
19709294
19709806
19710318
19710830
19711342
19706735
19707247
19707759
19708271
19708783
19709295
19709807
19710319
19710831
19711343
19706736
19707248
19707760
19708272
19708784
19709296
19709808
19710320
19710832
19711344
19706737
19707249
19707761
19708273
19708785
19709297
19709809
19710321
19710833
19711345
10874252
10874764
10875276
10875788
10876300
10876812
10877324
10877836
10878348
10878860
10874253
10874765
10875277
10875789
10876301
10876813
10877325
10877837
10878349
10878861
10874254
10874766
10875278
10875790
10876302
10876814
10877326
10877838
10878350
10878862
10874255
10874767
10875279
10875791
10876303
10876815
10877327
10877839
10878351
10878863
10874256
10874768
10875280
10875792
10876304
10876816
10877328
10877840
10878352
10878864
10874257
10874769
10875281
10875793
10876305
10876817
10877329
10877841
10878353
10878865
10874258
10874770
10875282
10875794
10876306
10876818
10877330
10877842
10878354
10878866
10874259
10874771
10875283
10875795
10876307
10876819
10877331
10877843
10878355
10878867
10874260
10874772
10875284
10875796
10876308
10876820
10877332
10877844
10878356
10878868
10874261
10874773
10875285
10875797
10876309
10876821
10877333
10877845
10878357
10878869
20186657
20187169
20187681
20188193
20188705
20189217
20189729
20190241
20190753
20191265
20186658
20187170
20187682
20188194
20188706
20189218
20189730
20190242
20190754
20191266
20186659
20187171
20187683
20188195
20188707
20189219
20189731
20190243
20190755
20191267
20186660
20187172
20187684
20188196
20188708
20189220
20189732
20190244
20190756
20191268
20186661
20187173
20187685
20188197
20188709
20189221
20189733
20190245
20190757
20191269
20186662
20187174
20187686
20188198
20188710
20189222
20189734
20190246
20190758
20191270
20186663
20187175
20187687
20188199
20188711
20189223
20189735
20190247
20190759
20191271
20186664
20187176
20187688
20188200
20188712
20189224
20189736
20190248
20190760
20191272
20186665
20187177
20187689
20188201
20188713
20189225
20189737
20190249
20190761
20191273
20186666
20187178
20187690
20188202
20188714
20189226
20189738
20190250
20190762
20191274
22237304
22237816
22238328
22238840
22239352
22239864
22240376
22240888
22241400
22241912
22237305
22237817
22238329
22238841
22239353
22239865
22240377
22240889
22241401
22241913
22237306
22237818
22238330
22238842
22239354
22239866
22240378
22240890
22241402
22241914
22237307
22237819
22238331
22238843
22239355
22239867
22240379
22240891
22241403
22241915
22237308
22237820
22238332
22238844
22239356
22239868
22240380
22240892
22241404
22241916
22237309
22237821
22238333
22238845
22239357
22239869
22240381
22240893
22241405
22241917
22237310
22237822
22238334
22238846
22239358
22239870
22240382
22240894
22241406
22241918
22237311
22237823
22238335
22238847
22239359
22239871
22240383
22240895
22241407
22241919
22237312
22237824
22238336
22238848
22239360
22239872
22240384
22240896
22241408
22241920
22237313
22237825
22238337
22238849
22239361
22239873
22240385
22240897
22241409
22241921
21464236
21464748
21465260
21465772
21466284
21466796
21467308
21467820
21468332
21468844
21464237
21464749
21465261
21465773
21466285
21466797
21467309
21467821
21468333
21468845
21464238
21464750
21465262
21465774
21466286
21466798
21467310
21467822
21468334
21468846
21464239
21464751
21465263
21465775
21466287
21466799
21467311
21467823
21468335
21468847
21464240
21464752
21465264
21465776
21466288
21466800
21467312
21467824
21468336
21468848
21464241
21464753
21465265
21465777
21466289
21466801
21467313
21467825
21468337
21468849
21464242
21464754
21465266
21465778
21466290
21466802
21467314
21467826
21468338
21468850
21464243
21464755
21465267
21465779
21466291
21466803
21467315
21467827
21468339
21468851
21464244
21464756
21465268
21465780
21466292
21466804
21467316
21467828
21468340
21468852
21464245
21464757
21465269
21465781
21466293
21466805
21467317
21467829
21468341
21468853
3132667
3133179
3133691
3134203
3134715
3135227
3135739
3136251
3136763
3137275
3132668
3133180
3133692
3134204
3134716
3135228
3135740
3136252
3136764
3137276
3132669
3133181
3133693
3134205
3134717
3135229
3135741
3136253
3136765
3137277
3132670
3133182
3133694
3134206
3134718
3135230
3135742
3136254
3136766
3137278
3132671
3133183
3133695
3134207
3134719
3135231
3135743
3136255
3136767
3137279
3132672
3133184
3133696
3134208
3134720
3135232
3135744
3136256
3136768
3137280
3132673
3133185
3133697
3134209
3134721
3135233
3135745
3136257
3136769
3137281
3132674
3133186
3133698
3134210
3134722
3135234
3135746
3136258
3136770
3137282
3132675
3133187
3133699
3134211
3134723
3135235
3135747
3136259
3136771
3137283
3132676
3133188
3133700
3134212
3134724
3135236
3135748
3136260
3136772
3137284
21179705
21180217
21180729
21181241
21181753
21182265
21182777
21183289
21183801
21184313
21179706
21180218
21180730
21181242
21181754
21182266
21182778
21183290
21183802
21184314
21179707
21180219
21180731
21181243
21181755
21182267
21182779
21183291
21183803
21184315
21179708
21180220
21180732
21181244
21181756
21182268
21182780
21183292
21183804
21184316
21179709
21180221
21180733
21181245
21181757
21182269
21182781
21183293
21183805
21184317
21179710
21180222
21180734
21181246
21181758
21182270
21182782
21183294
21183806
21184318
21179711
21180223
21180735
21181247
21181759
21182271
21182783
21183295
21183807
21184319
21179712
21180224
21180736
21181248
21181760
21182272
21182784
21183296
21183808
21184320
21179713
21180225
21180737
21181249
21181761
21182273
21182785
21183297
21183809
21184321
21179714
21180226
21180738
21181250
21181762
21182274
21182786
21183298
21183810
21184322
3101130
3101642
3102154
3102666
3103178
3103690
3104202
3104714
3105226
3105738
3101131
3101643
3102155
3102667
3103179
3103691
3104203
3104715
3105227
3105739
3101132
3101644
3102156
3102668
3103180
3103692
3104204
3104716
3105228
3105740
3101133
3101645
3102157
3102669
3103181
3103693
3104205
3104717
3105229
3105741
3101134
3101646
3102158
3102670
3103182
3103694
3104206
3104718
3105230
3105742
3101135
3101647
3102159
3102671
3103183
3103695
3104207
3104719
3105231
3105743
3101136
3101648
3102160
3102672
3103184
3103696
3104208
3104720
3105232
3105744
3101137
3101649
3102161
3102673
3103185
3103697
3104209
3104721
3105233
3105745
3101138
3101650
3102162
3102674
3103186
3103698
3104210
3104722
3105234
3105746
3101139
3101651
3102163
3102675
3103187
3103699
3104211
3104723
3105235
3105747
27689570
27690082
27690594
27691106
27691618
27692130
27692642
27693154
27693666
27694178
27689571
27690083
27690595
27691107
27691619
27692131
27692643
27693155
27693667
27694179
27689572
27690084
27690596
27691108
27691620
27692132
27692644
27693156
27693668
27694180
27689573
27690085
27690597
27691109
27691621
27692133
27692645
27693157
27693669
27694181
27689574
27690086
27690598
27691110
27691622
27692134
27692646
27693158
27693670
27694182
27689575
27690087
27690599
27691111
27691623
27692135
27692647
27693159
27693671
27694183
27689576
27690088
27690600
27691112
27691624
27692136
27692648
27693160
27693672
27694184
27689577
27690089
27690601
27691113
27691625
27692137
27692649
27693161
27693673
27694185
27689578
27690090
27690602
27691114
27691626
27692138
27692650
27693162
27693674
27694186
27689579
27690091
27690603
27691115
27691627
27692139
27692651
27693163
27693675
27694187
5962151
5962663
5963175
5963687
5964199
5964711
5965223
5965735
5966247
5966759
5962152
5962664
5963176
5963688
5964200
5964712
5965224
5965736
5966248
5966760
5962153
5962665
5963177
5963689
5964201
5964713
5965225
5965737
5966249
5966761
5962154
5962666
5963178
5963690
5964202
5964714
5965226
5965738
5966250
5966762
5962155
5962667
5963179
5963691
5964203
5964715
5965227
5965739
5966251
5966763
5962156
5962668
5963180
5963692
5964204
5964716
5965228
5965740
5966252
5966764
5962157
5962669
5963181
5963693
5964205
5964717
5965229
5965741
5966253
5966765
5962158
5962670
5963182
5963694
5964206
5964718
5965230
5965742
5966254
5966766
5962159
5962671
5963183
5963695
5964207
5964719
5965231
5965743
5966255
5966767
5962160
5962672
5963184
5963696
5964208
5964720
5965232
5965744
5966256
5966768
19872398
19872910
19873422
19873934
19874446
19874958
19875470
19875982
19876494
19877006
19872399
19872911
19873423
19873935
19874447
19874959
19875471
19875983
19876495
19877007
19872400
19872912
19873424
19873936
19874448
19874960
19875472
19875984
19876496
19877008
19872401
19872913
19873425
19873937
19874449
19874961
19875473
19875985
19876497
19877009
19872402
19872914
19873426
19873938
19874450
19874962
19875474
19875986
19876498
19877010
19872403
19872915
19873427
19873939
19874451
19874963
19875475
19875987
19876499
19877011
19872404
19872916
19873428
19873940
19874452
19874964
19875476
19875988
19876500
19877012
19872405
19872917
19873429
19873941
19874453
19874965
19875477
19875989
19876501
19877013
19872406
19872918
19873430
19873942
19874454
19874966
19875478
19875990
19876502
19877014
19872407
19872919
19873431
19873943
19874455
19874967
19875479
19875991
19876503
19877015
21465841
21466353
21466865
21467377
21467889
21468401
21468913
21469425
21469937
21470449
21465842
21466354
21466866
21467378
21467890
21468402
21468914
21469426
21469938
21470450
21465843
21466355
21466867
21467379
21467891
21468403
21468915
21469427
21469939
21470451
21465844
21466356
21466868
21467380
21467892
21468404
21468916
21469428
21469940
21470452
21465845
21466357
21466869
21467381
21467893
21468405
21468917
21469429
21469941
21470453
21465846
21466358
21466870
21467382
21467894
21468406
21468918
21469430
21469942
21470454
21465847
21466359
21466871
21467383
21467895
21468407
21468919
21469431
21469943
21470455
21465848
21466360
21466872
21467384
21467896
21468408
21468920
21469432
21469944
21470456
21465849
21466361
21466873
21467385
21467897
21468409
21468921
21469433
21469945
21470457
21465850
21466362
21466874
21467386
21467898
21468410
21468922
21469434
21469946
21470458
2007995
2008507
2009019
2009531
2010043
2010555
2011067
2011579
2012091
2012603
2007996
2008508
2009020
2009532
2010044
2010556
2011068
2011580
2012092
2012604
2007997
2008509
2009021
2009533
2010045
2010557
2011069
2011581
2012093
2012605
2007998
2008510
2009022
2009534
2010046
2010558
2011070
2011582
2012094
2012606
2007999
2008511
2009023
2009535
2010047
2010559
2011071
2011583
2012095
2012607
2008000
2008512
2009024
2009536
2010048
2010560
2011072
2011584
2012096
2012608
2008001
2008513
2009025
2009537
2010049
2010561
2011073
2011585
2012097
2012609
2008002
2008514
2009026
2009538
2010050
2010562
2011074
2011586
2012098
2012610
2008003
2008515
2009027
2009539
2010051
2010563
2011075
2011587
2012099
2012611
2008004
2008516
2009028
2009540
2010052
2010564
2011076
2011588
2012100
2012612
37129057
37129569
37130081
37130593
37131105
37131617
37132129
37132641
37133153
37133665
37129058
37129570
37130082
37130594
37131106
37131618
37132130
37132642
37133154
37133666
37129059
37129571
37130083
37130595
37131107
37131619
37132131
37132643
37133155
37133667
37129060
37129572
37130084
37130596
37131108
37131620
37132132
37132644
37133156
37133668
37129061
37129573
37130085
37130597
37131109
37131621
37132133
37132645
37133157
37133669
37129062
37129574
37130086
37130598
37131110
37131622
37132134
37132646
37133158
37133670
37129063
37129575
37130087
37130599
37131111
37131623
37132135
37132647
37133159
37133671
37129064
37129576
37130088
37130600
37131112
37131624
37132136
37132648
37133160
37133672
37129065
37129577
37130089
37130601
37131113
37131625
37132137
37132649
37133161
37133673
37129066
37129578
37130090
37130602
37131114
37131626
37132138
37132650
37133162
37133674
17434446
17434958
17435470
17435982
17436494
17437006
17437518
17438030
17438542
17439054
17434447
17434959
17435471
17435983
17436495
17437007
17437519
17438031
17438543
17439055
17434448
17434960
17435472
17435984
17436496
17437008
17437520
17438032
17438544
17439056
17434449
17434961
17435473
17435985
17436497
17437009
17437521
17438033
17438545
17439057
17434450
17434962
17435474
17435986
17436498
17437010
17437522
17438034
17438546
17439058
17434451
17434963
17435475
17435987
17436499
17437011
17437523
17438035
17438547
17439059
17434452
17434964
17435476
17435988
17436500
17437012
17437524
17438036
17438548
17439060
17434453
17434965
17435477
17435989
17436501
17437013
17437525
17438037
17438549
17439061
17434454
17434966
17435478
17435990
17436502
17437014
17437526
17438038
17438550
17439062
17434455
17434967
17435479
17435991
17436503
17437015
17437527
17438039
17438551
17439063
1219965
1220477
1220989
1221501
1222013
1222525
1223037
1223549
1224061
1224573
1219966
1220478
1220990
1221502
1222014
1222526
1223038
1223550
1224062
1224574
1219967
1220479
1220991
1221503
1222015
1222527
1223039
1223551
1224063
1224575
1219968
1220480
1220992
1221504
1222016
1222528
1223040
1223552
1224064
1224576
1219969
1220481
1220993
1221505
1222017
1222529
1223041
1223553
1224065
1224577
1219970
1220482
1220994
1221506
1222018
1222530
1223042
1223554
1224066
1224578
1219971
1220483
1220995
1221507
1222019
1222531
1223043
1223555
1224067
1224579
1219972
1220484
1220996
1221508
1222020
1222532
1223044
1223556
1224068
1224580
1219973
1220485
1220997
1221509
1222021
1222533
1223045
1223557
1224069
1224581
1219974
1220486
1220998
1221510
1222022
1222534
1223046
1223558
1224070
1224582
24152947
24153459
24153971
24154483
24154995
24155507
24156019
24156531
24157043
24157555
24152948
24153460
24153972
24154484
24154996
24155508
24156020
24156532
24157044
24157556
24152949
24153461
24153973
24154485
24154997
24155509
24156021
24156533
24157045
24157557
24152950
24153462
24153974
24154486
24154998
24155510
24156022
24156534
24157046
24157558
24152951
24153463
24153975
24154487
24154999
24155511
24156023
24156535
24157047
24157559
24152952
24153464
24153976
24154488
24155000
24155512
24156024
24156536
24157048
24157560
24152953
24153465
24153977
24154489
24155001
24155513
24156025
24156537
24157049
24157561
24152954
24153466
24153978
24154490
24155002
24155514
24156026
24156538
24157050
24157562
24152955
24153467
24153979
24154491
24155003
24155515
24156027
24156539
24157051
24157563
24152956
24153468
24153980
24154492
24155004
24155516
24156028
24156540
24157052
24157564
37312412
37312924
37313436
37313948
37314460
37314972
37315484
37315996
37316508
37317020
37312413
37312925
37313437
37313949
37314461
37314973
37315485
37315997
37316509
37317021
37312414
37312926
37313438
37313950
37314462
37314974
37315486
37315998
37316510
37317022
37312415
37312927
37313439
37313951
37314463
37314975
37315487
37315999
37316511
37317023
37312416
37312928
37313440
37313952
37314464
37314976
37315488
37316000
37316512
37317024
37312417
37312929
37313441
37313953
37314465
37314977
37315489
37316001
37316513
37317025
37312418
37312930
37313442
37313954
37314466
37314978
37315490
37316002
37316514
37317026
37312419
37312931
37313443
37313955
37314467
37314979
37315491
37316003
37316515
37317027
37312420
37312932
37313444
37313956
37314468
37314980
37315492
37316004
37316516
37317028
37312421
37312933
37313445
37313957
37314469
37314981
37315493
37316005
37316517
37317029
31330177
31330689
31331201
31331713
31332225
31332737
31333249
31333761
31334273
31334785
31330178
31330690
31331202
31331714
31332226
31332738
31333250
31333762
31334274
31334786
31330179
31330691
31331203
31331715
31332227
31332739
31333251
31333763
31334275
31334787
31330180
31330692
31331204
31331716
31332228
31332740
31333252
31333764
31334276
31334788
31330181
31330693
31331205
31331717
31332229
31332741
31333253
31333765
31334277
31334789
31330182
31330694
31331206
31331718
31332230
31332742
31333254
31333766
31334278
31334790
31330183
31330695
31331207
31331719
31332231
31332743
31333255
31333767
31334279
31334791
31330184
31330696
31331208
31331720
31332232
31332744
31333256
31333768
31334280
31334792
31330185
31330697
31331209
31331721
31332233
31332745
31333257
31333769
31334281
31334793
31330186
31330698
31331210
31331722
31332234
31332746
31333258
31333770
31334282
31334794
2627357
2627869
2628381
2628893
2629405
2629917
2630429
2630941
2631453
2631965
2627358
2627870
2628382
2628894
2629406
2629918
2630430
2630942
2631454
2631966
2627359
2627871
2628383
2628895
2629407
2629919
2630431
2630943
2631455
2631967
2627360
2627872
2628384
2628896
2629408
2629920
2630432
2630944
2631456
2631968
2627361
2627873
2628385
2628897
2629409
2629921
2630433
2630945
2631457
2631969
2627362
2627874
2628386
2628898
2629410
2629922
2630434
2630946
2631458
2631970
2627363
2627875
2628387
2628899
2629411
2629923
2630435
2630947
2631459
2631971
2627364
2627876
2628388
2628900
2629412
2629924
2630436
2630948
2631460
2631972
2627365
2627877
2628389
2628901
2629413
2629925
2630437
2630949
2631461
2631973
2627366
2627878
2628390
2628902
2629414
2629926
2630438
2630950
2631462
2631974
8045856
8046368
8046880
8047392
8047904
8048416
8048928
8049440
8049952
8050464
8045857
8046369
8046881
8047393
8047905
8048417
8048929
8049441
8049953
8050465
8045858
8046370
8046882
8047394
8047906
8048418
8048930
8049442
8049954
8050466
8045859
8046371
8046883
8047395
8047907
8048419
8048931
8049443
8049955
8050467
8045860
8046372
8046884
8047396
8047908
8048420
8048932
8049444
8049956
8050468
8045861
8046373
8046885
8047397
8047909
8048421
8048933
8049445
8049957
8050469
8045862
8046374
8046886
8047398
8047910
8048422
8048934
8049446
8049958
8050470
8045863
8046375
8046887
8047399
8047911
8048423
8048935
8049447
8049959
8050471
8045864
8046376
8046888
8047400
8047912
8048424
8048936
8049448
8049960
8050472
8045865
8046377
8046889
8047401
8047913
8048425
8048937
8049449
8049961
8050473
13286528
13287040
13287552
13288064
13288576
13289088
13289600
13290112
13290624
13291136
13286529
13287041
13287553
13288065
13288577
13289089
13289601
13290113
13290625
13291137
13286530
13287042
13287554
13288066
13288578
13289090
13289602
13290114
13290626
13291138
13286531
13287043
13287555
13288067
13288579
13289091
13289603
13290115
13290627
13291139
13286532
13287044
13287556
13288068
13288580
13289092
13289604
13290116
13290628
13291140
13286533
13287045
13287557
13288069
13288581
13289093
13289605
13290117
13290629
13291141
13286534
13287046
13287558
13288070
13288582
13289094
13289606
13290118
13290630
13291142
13286535
13287047
13287559
13288071
13288583
13289095
13289607
13290119
13290631
13291143
13286536
13287048
13287560
13288072
13288584
13289096
13289608
13290120
13290632
13291144
13286537
13287049
13287561
13288073
13288585
13289097
13289609
13290121
13290633
13291145
14427002
14427514
14428026
14428538
14429050
14429562
14430074
14430586
14431098
14431610
14427003
14427515
14428027
14428539
14429051
14429563
14430075
14430587
14431099
14431611
14427004
14427516
14428028
14428540
14429052
14429564
14430076
14430588
14431100
14431612
14427005
14427517
14428029
14428541
14429053
14429565
14430077
14430589
14431101
14431613
14427006
14427518
14428030
14428542
14429054
14429566
14430078
14430590
14431102
14431614
14427007
14427519
14428031
14428543
14429055
14429567
14430079
14430591
14431103
14431615
14427008
14427520
14428032
14428544
14429056
14429568
14430080
14430592
14431104
14431616
14427009
14427521
14428033
14428545
14429057
14429569
14430081
14430593
14431105
14431617
14427010
14427522
14428034
14428546
14429058
14429570
14430082
14430594
14431106
14431618
14427011
14427523
14428035
14428547
14429059
14429571
14430083
14430595
14431107
14431619
25768529
25769041
25769553
25770065
25770577
25771089
25771601
25772113
25772625
25773137
25768530
25769042
25769554
25770066
25770578
25771090
25771602
25772114
25772626
25773138
25768531
25769043
25769555
25770067
25770579
25771091
25771603
25772115
25772627
25773139
25768532
25769044
25769556
25770068
25770580
25771092
25771604
25772116
25772628
25773140
25768533
25769045
25769557
25770069
25770581
25771093
25771605
25772117
25772629
25773141
25768534
25769046
25769558
25770070
25770582
25771094
25771606
25772118
25772630
25773142
25768535
25769047
25769559
25770071
25770583
25771095
25771607
25772119
25772631
25773143
25768536
25769048
25769560
25770072
25770584
25771096
25771608
25772120
25772632
25773144
25768537
25769049
25769561
25770073
25770585
25771097
25771609
25772121
25772633
25773145
25768538
25769050
25769562
25770074
25770586
25771098
25771610
25772122
25772634
25773146
22128226
22128738
22129250
22129762
22130274
22130786
22131298
22131810
22132322
22132834
22128227
22128739
22129251
22129763
22130275
22130787
22131299
22131811
22132323
22132835
22128228
22128740
22129252
22129764
22130276
22130788
22131300
22131812
22132324
22132836
22128229
22128741
22129253
22129765
22130277
22130789
22131301
22131813
22132325
22132837
22128230
22128742
22129254
22129766
22130278
22130790
22131302
22131814
22132326
22132838
22128231
22128743
22129255
22129767
22130279
22130791
22131303
22131815
22132327
22132839
22128232
22128744
22129256
22129768
22130280
22130792
22131304
22131816
22132328
22132840
22128233
22128745
22129257
22129769
22130281
22130793
22131305
22131817
22132329
22132841
22128234
22128746
22129258
22129770
22130282
22130794
22131306
22131818
22132330
22132842
22128235
22128747
22129259
22129771
22130283
22130795
22131307
22131819
22132331
22132843
8643614
8644126
8644638
8645150
8645662
8646174
8646686
8647198
8647710
8648222
8643615
8644127
8644639
8645151
8645663
8646175
8646687
8647199
8647711
8648223
8643616
8644128
8644640
8645152
8645664
8646176
8646688
8647200
8647712
8648224
8643617
8644129
8644641
8645153
8645665
8646177
8646689
8647201
8647713
8648225
8643618
8644130
8644642
8645154
8645666
8646178
8646690
8647202
8647714
8648226
8643619
8644131
8644643
8645155
8645667
8646179
8646691
8647203
8647715
8648227
8643620
8644132
8644644
8645156
8645668
8646180
8646692
8647204
8647716
8648228
8643621
8644133
8644645
8645157
8645669
8646181
8646693
8647205
8647717
8648229
8643622
8644134
8644646
8645158
8645670
8646182
8646694
8647206
8647718
8648230
8643623
8644135
8644647
8645159
8645671
8646183
8646695
8647207
8647719
8648231
26446236
26446748
26447260
26447772
26448284
26448796
26449308
26449820
26450332
26450844
26446237
26446749
26447261
26447773
26448285
26448797
26449309
26449821
26450333
26450845
26446238
26446750
26447262
26447774
26448286
26448798
26449310
26449822
26450334
26450846
26446239
26446751
26447263
26447775
26448287
26448799
26449311
26449823
26450335
26450847
26446240
26446752
26447264
26447776
26448288
26448800
26449312
26449824
26450336
26450848
26446241
26446753
26447265
26447777
26448289
26448801
26449313
26449825
26450337
26450849
26446242
26446754
26447266
26447778
26448290
26448802
26449314
26449826
26450338
26450850
26446243
26446755
26447267
26447779
26448291
26448803
26449315
26449827
26450339
26450851
26446244
26446756
26447268
26447780
26448292
26448804
26449316
26449828
26450340
26450852
26446245
26446757
26447269
26447781
26448293
26448805
26449317
26449829
26450341
26450853
272950
273462
273974
274486
274998
275510
276022
276534
277046
277558
272951
273463
273975
274487
274999
275511
276023
276535
277047
277559
272952
273464
273976
274488
275000
275512
276024
276536
277048
277560
272953
273465
273977
274489
275001
275513
276025
276537
277049
277561
272954
273466
273978
274490
275002
275514
276026
276538
277050
277562
272955
273467
273979
274491
275003
275515
276027
276539
277051
277563
272956
273468
273980
274492
275004
275516
276028
276540
277052
277564
272957
273469
273981
274493
275005
275517
276029
276541
277053
277565
272958
273470
273982
274494
275006
275518
276030
276542
277054
277566
272959
273471
273983
274495
275007
275519
276031
276543
277055
277567
38555515
38556027
38556539
38557051
38557563
38558075
38558587
38559099
38559611
38560123
38555516
38556028
38556540
38557052
38557564
38558076
38558588
38559100
38559612
38560124
38555517
38556029
38556541
38557053
38557565
38558077
38558589
38559101
38559613
38560125
38555518
38556030
38556542
38557054
38557566
38558078
38558590
38559102
38559614
38560126
38555519
38556031
38556543
38557055
38557567
38558079
38558591
38559103
38559615
38560127
38555520
38556032
38556544
38557056
38557568
38558080
38558592
38559104
38559616
38560128
38555521
38556033
38556545
38557057
38557569
38558081
38558593
38559105
38559617
38560129
38555522
38556034
38556546
38557058
38557570
38558082
38558594
38559106
38559618
38560130
38555523
38556035
38556547
38557059
38557571
38558083
38558595
38559107
38559619
38560131
38555524
38556036
38556548
38557060
38557572
38558084
38558596
38559108
38559620
38560132
