36260929
36261441
36261953
36262465
36262977
36263489
36264001
36264513
36265025
36265537
36260930
36261442
36261954
36262466
36262978
36263490
36264002
36264514
36265026
36265538
36260931
36261443
36261955
36262467
36262979
36263491
36264003
36264515
36265027
36265539
36260932
36261444
36261956
36262468
36262980
36263492
36264004
36264516
36265028
36265540
36260933
36261445
36261957
36262469
36262981
36263493
36264005
36264517
36265029
36265541
36260934
36261446
36261958
36262470
36262982
36263494
36264006
36264518
36265030
36265542
36260935
36261447
36261959
36262471
36262983
36263495
36264007
36264519
36265031
36265543
36260936
36261448
36261960
36262472
36262984
36263496
36264008
36264520
36265032
36265544
36260937
36261449
36261961
36262473
36262985
36263497
36264009
36264521
36265033
36265545
36260938
36261450
36261962
36262474
36262986
36263498
36264010
36264522
36265034
36265546
35697171
35697683
35698195
35698707
35699219
35699731
35700243
35700755
35701267
35701779
35697172
35697684
35698196
35698708
35699220
35699732
35700244
35700756
35701268
35701780
35697173
35697685
35698197
35698709
35699221
35699733
35700245
35700757
35701269
35701781
35697174
35697686
35698198
35698710
35699222
35699734
35700246
35700758
35701270
35701782
35697175
35697687
35698199
35698711
35699223
35699735
35700247
35700759
35701271
35701783
35697176
35697688
35698200
35698712
35699224
35699736
35700248
35700760
35701272
35701784
35697177
35697689
35698201
35698713
35699225
35699737
35700249
35700761
35701273
35701785
35697178
35697690
35698202
35698714
35699226
35699738
35700250
35700762
35701274
35701786
35697179
35697691
35698203
35698715
35699227
35699739
35700251
35700763
35701275
35701787
35697180
35697692
35698204
35698716
35699228
35699740
35700252
35700764
35701276
35701788
30442297
30442809
30443321
30443833
30444345
30444857
30445369
30445881
30446393
30446905
30442298
30442810
30443322
30443834
30444346
30444858
30445370
30445882
30446394
30446906
30442299
30442811
30443323
30443835
30444347
30444859
30445371
30445883
30446395
30446907
30442300
30442812
30443324
30443836
30444348
30444860
30445372
30445884
30446396
30446908
30442301
30442813
30443325
30443837
30444349
30444861
30445373
30445885
30446397
30446909
30442302
30442814
30443326
30443838
30444350
30444862
30445374
30445886
30446398
30446910
30442303
30442815
30443327
30443839
30444351
30444863
30445375
30445887
30446399
30446911
30442304
30442816
30443328
30443840
30444352
30444864
30445376
30445888
30446400
30446912
30442305
30442817
30443329
30443841
30444353
30444865
30445377
30445889
30446401
30446913
30442306
30442818
30443330
30443842
30444354
30444866
30445378
30445890
30446402
30446914
33472456
33472968
33473480
33473992
33474504
33475016
33475528
33476040
33476552
33477064
33472457
33472969
33473481
33473993
33474505
33475017
33475529
33476041
33476553
33477065
33472458
33472970
33473482
33473994
33474506
33475018
33475530
33476042
33476554
33477066
33472459
33472971
33473483
33473995
33474507
33475019
33475531
33476043
33476555
33477067
33472460
33472972
33473484
33473996
33474508
33475020
33475532
33476044
33476556
33477068
33472461
33472973
33473485
33473997
33474509
33475021
33475533
33476045
33476557
33477069
33472462
33472974
33473486
33473998
33474510
33475022
33475534
33476046
33476558
33477070
33472463
33472975
33473487
33473999
33474511
33475023
33475535
33476047
33476559
33477071
33472464
33472976
33473488
33474000
33474512
33475024
33475536
33476048
33476560
33477072
33472465
33472977
33473489
33474001
33474513
33475025
33475537
33476049
33476561
33477073
10958660
10959172
10959684
10960196
10960708
10961220
10961732
10962244
10962756
10963268
10958661
10959173
10959685
10960197
10960709
10961221
10961733
10962245
10962757
10963269
10958662
10959174
10959686
10960198
10960710
10961222
10961734
10962246
10962758
10963270
10958663
10959175
10959687
10960199
10960711
10961223
10961735
10962247
10962759
10963271
10958664
10959176
10959688
10960200
10960712
10961224
10961736
10962248
10962760
10963272
10958665
10959177
10959689
10960201
10960713
10961225
10961737
10962249
10962761
10963273
10958666
10959178
10959690
10960202
10960714
10961226
10961738
10962250
10962762
10963274
10958667
10959179
10959691
10960203
10960715
10961227
10961739
10962251
10962763
10963275
10958668
10959180
10959692
10960204
10960716
10961228
10961740
10962252
10962764
10963276
10958669
10959181
10959693
10960205
10960717
10961229
10961741
10962253
10962765
10963277
38812851
38813363
38813875
38814387
38814899
38815411
38815923
38816435
38816947
38817459
38812852
38813364
38813876
38814388
38814900
38815412
38815924
38816436
38816948
38817460
38812853
38813365
38813877
38814389
38814901
38815413
38815925
38816437
38816949
38817461
38812854
38813366
38813878
38814390
38814902
38815414
38815926
38816438
38816950
38817462
38812855
38813367
38813879
38814391
38814903
38815415
38815927
38816439
38816951
38817463
38812856
38813368
38813880
38814392
38814904
38815416
38815928
38816440
38816952
38817464
38812857
38813369
38813881
38814393
38814905
38815417
38815929
38816441
38816953
38817465
38812858
38813370
38813882
38814394
38814906
38815418
38815930
38816442
38816954
38817466
38812859
38813371
38813883
38814395
38814907
38815419
38815931
38816443
38816955
38817467
38812860
38813372
38813884
38814396
38814908
38815420
38815932
38816444
38816956
38817468
23034594
23035106
23035618
23036130
23036642
23037154
23037666
23038178
23038690
23039202
23034595
23035107
23035619
23036131
23036643
23037155
23037667
23038179
23038691
23039203
23034596
23035108
23035620
23036132
23036644
23037156
23037668
23038180
23038692
23039204
23034597
23035109
23035621
23036133
23036645
23037157
23037669
23038181
23038693
23039205
23034598
23035110
23035622
23036134
23036646
23037158
23037670
23038182
23038694
23039206
23034599
23035111
23035623
23036135
23036647
23037159
23037671
23038183
23038695
23039207
23034600
23035112
23035624
23036136
23036648
23037160
23037672
23038184
23038696
23039208
23034601
23035113
23035625
23036137
23036649
23037161
23037673
23038185
23038697
23039209
23034602
23035114
23035626
23036138
23036650
23037162
23037674
23038186
23038698
23039210
23034603
23035115
23035627
23036139
23036651
23037163
23037675
23038187
23038699
23039211
37793393
37793905
37794417
37794929
37795441
37795953
37796465
37796977
37797489
37798001
37793394
37793906
37794418
37794930
37795442
37795954
37796466
37796978
37797490
37798002
37793395
37793907
37794419
37794931
37795443
37795955
37796467
37796979
37797491
37798003
37793396
37793908
37794420
37794932
37795444
37795956
37796468
37796980
37797492
37798004
37793397
37793909
37794421
37794933
37795445
37795957
37796469
37796981
37797493
37798005
37793398
37793910
37794422
37794934
37795446
37795958
37796470
37796982
37797494
37798006
37793399
37793911
37794423
37794935
37795447
37795959
37796471
37796983
37797495
37798007
37793400
37793912
37794424
37794936
37795448
37795960
37796472
37796984
37797496
37798008
37793401
37793913
37794425
37794937
37795449
37795961
37796473
37796985
37797497
37798009
37793402
37793914
37794426
37794938
37795450
37795962
37796474
37796986
37797498
37798010
36137815
36138327
36138839
36139351
36139863
36140375
36140887
36141399
36141911
36142423
36137816
36138328
36138840
36139352
36139864
36140376
36140888
36141400
36141912
36142424
36137817
36138329
36138841
36139353
36139865
36140377
36140889
36141401
36141913
36142425
36137818
36138330
36138842
36139354
36139866
36140378
36140890
36141402
36141914
36142426
36137819
36138331
36138843
36139355
36139867
36140379
36140891
36141403
36141915
36142427
36137820
36138332
36138844
36139356
36139868
36140380
36140892
36141404
36141916
36142428
36137821
36138333
36138845
36139357
36139869
36140381
36140893
36141405
36141917
36142429
36137822
36138334
36138846
36139358
36139870
36140382
36140894
36141406
36141918
36142430
36137823
36138335
36138847
36139359
36139871
36140383
36140895
36141407
36141919
36142431
36137824
36138336
36138848
36139360
36139872
36140384
36140896
36141408
36141920
36142432
25062216
25062728
25063240
25063752
25064264
25064776
25065288
25065800
25066312
25066824
25062217
25062729
25063241
25063753
25064265
25064777
25065289
25065801
25066313
25066825
25062218
25062730
25063242
25063754
25064266
25064778
25065290
25065802
25066314
25066826
25062219
25062731
25063243
25063755
25064267
25064779
25065291
25065803
25066315
25066827
25062220
25062732
25063244
25063756
25064268
25064780
25065292
25065804
25066316
25066828
25062221
25062733
25063245
25063757
25064269
25064781
25065293
25065805
25066317
25066829
25062222
25062734
25063246
25063758
25064270
25064782
25065294
25065806
25066318
25066830
25062223
25062735
25063247
25063759
25064271
25064783
25065295
25065807
25066319
25066831
25062224
25062736
25063248
25063760
25064272
25064784
25065296
25065808
25066320
25066832
25062225
25062737
25063249
25063761
25064273
25064785
25065297
25065809
25066321
25066833
22765276
22765788
22766300
22766812
22767324
22767836
22768348
22768860
22769372
22769884
22765277
22765789
22766301
22766813
22767325
22767837
22768349
22768861
22769373
22769885
22765278
22765790
22766302
22766814
22767326
22767838
22768350
22768862
22769374
22769886
22765279
22765791
22766303
22766815
22767327
22767839
22768351
22768863
22769375
22769887
22765280
22765792
22766304
22766816
22767328
22767840
22768352
22768864
22769376
22769888
22765281
22765793
22766305
22766817
22767329
22767841
22768353
22768865
22769377
22769889
22765282
22765794
22766306
22766818
22767330
22767842
22768354
22768866
22769378
22769890
22765283
22765795
22766307
22766819
22767331
22767843
22768355
22768867
22769379
22769891
22765284
22765796
22766308
22766820
22767332
22767844
22768356
22768868
22769380
22769892
22765285
22765797
22766309
22766821
22767333
22767845
22768357
22768869
22769381
22769893
37207573
37208085
37208597
37209109
37209621
37210133
37210645
37211157
37211669
37212181
37207574
37208086
37208598
37209110
37209622
37210134
37210646
37211158
37211670
37212182
37207575
37208087
37208599
37209111
37209623
37210135
37210647
37211159
37211671
37212183
37207576
37208088
37208600
37209112
37209624
37210136
37210648
37211160
37211672
37212184
37207577
37208089
37208601
37209113
37209625
37210137
37210649
37211161
37211673
37212185
37207578
37208090
37208602
37209114
37209626
37210138
37210650
37211162
37211674
37212186
37207579
37208091
37208603
37209115
37209627
37210139
37210651
37211163
37211675
37212187
37207580
37208092
37208604
37209116
37209628
37210140
37210652
37211164
37211676
37212188
37207581
37208093
37208605
37209117
37209629
37210141
37210653
37211165
37211677
37212189
37207582
37208094
37208606
37209118
37209630
37210142
37210654
37211166
37211678
37212190
7168200
7168712
7169224
7169736
7170248
7170760
7171272
7171784
7172296
7172808
7168201
7168713
7169225
7169737
7170249
7170761
7171273
7171785
7172297
7172809
7168202
7168714
7169226
7169738
7170250
7170762
7171274
7171786
7172298
7172810
7168203
7168715
7169227
7169739
7170251
7170763
7171275
7171787
7172299
7172811
7168204
7168716
7169228
7169740
7170252
7170764
7171276
7171788
7172300
7172812
7168205
7168717
7169229
7169741
7170253
7170765
7171277
7171789
7172301
7172813
7168206
7168718
7169230
7169742
7170254
7170766
7171278
7171790
7172302
7172814
7168207
7168719
7169231
7169743
7170255
7170767
7171279
7171791
7172303
7172815
7168208
7168720
7169232
7169744
7170256
7170768
7171280
7171792
7172304
7172816
7168209
7168721
7169233
7169745
7170257
7170769
7171281
7171793
7172305
7172817
38381665
38382177
38382689
38383201
38383713
38384225
38384737
38385249
38385761
38386273
38381666
38382178
38382690
38383202
38383714
38384226
38384738
38385250
38385762
38386274
38381667
38382179
38382691
38383203
38383715
38384227
38384739
38385251
38385763
38386275
38381668
38382180
38382692
38383204
38383716
38384228
38384740
38385252
38385764
38386276
38381669
38382181
38382693
38383205
38383717
38384229
38384741
38385253
38385765
38386277
38381670
38382182
38382694
38383206
38383718
38384230
38384742
38385254
38385766
38386278
38381671
38382183
38382695
38383207
38383719
38384231
38384743
38385255
38385767
38386279
38381672
38382184
38382696
38383208
38383720
38384232
38384744
38385256
38385768
38386280
38381673
38382185
38382697
38383209
38383721
38384233
38384745
38385257
38385769
38386281
38381674
38382186
38382698
38383210
38383722
38384234
38384746
38385258
38385770
38386282
27955634
27956146
27956658
27957170
27957682
27958194
27958706
27959218
27959730
27960242
27955635
27956147
27956659
27957171
27957683
27958195
27958707
27959219
27959731
27960243
27955636
27956148
27956660
27957172
27957684
27958196
27958708
27959220
27959732
27960244
27955637
27956149
27956661
27957173
27957685
27958197
27958709
27959221
27959733
27960245
27955638
27956150
27956662
27957174
27957686
27958198
27958710
27959222
27959734
27960246
27955639
27956151
27956663
27957175
27957687
27958199
27958711
27959223
27959735
27960247
27955640
27956152
27956664
27957176
27957688
27958200
27958712
27959224
27959736
27960248
27955641
27956153
27956665
27957177
27957689
27958201
27958713
27959225
27959737
27960249
27955642
27956154
27956666
27957178
27957690
27958202
27958714
27959226
27959738
27960250
27955643
27956155
27956667
27957179
27957691
27958203
27958715
27959227
27959739
27960251
17328170
17328682
17329194
17329706
17330218
17330730
17331242
17331754
17332266
17332778
17328171
17328683
17329195
17329707
17330219
17330731
17331243
17331755
17332267
17332779
17328172
17328684
17329196
17329708
17330220
17330732
17331244
17331756
17332268
17332780
17328173
17328685
17329197
17329709
17330221
17330733
17331245
17331757
17332269
17332781
17328174
17328686
17329198
17329710
17330222
17330734
17331246
17331758
17332270
17332782
17328175
17328687
17329199
17329711
17330223
17330735
17331247
17331759
17332271
17332783
17328176
17328688
17329200
17329712
17330224
17330736
17331248
17331760
17332272
17332784
17328177
17328689
17329201
17329713
17330225
17330737
17331249
17331761
17332273
17332785
17328178
17328690
17329202
17329714
17330226
17330738
17331250
17331762
17332274
17332786
17328179
17328691
17329203
17329715
17330227
17330739
17331251
17331763
17332275
17332787
19681215
19681727
19682239
19682751
19683263
19683775
19684287
19684799
19685311
19685823
19681216
19681728
19682240
19682752
19683264
19683776
19684288
19684800
19685312
19685824
19681217
19681729
19682241
19682753
19683265
19683777
19684289
19684801
19685313
19685825
19681218
19681730
19682242
19682754
19683266
19683778
19684290
19684802
19685314
19685826
19681219
19681731
19682243
19682755
19683267
19683779
19684291
19684803
19685315
19685827
19681220
19681732
19682244
19682756
19683268
19683780
19684292
19684804
19685316
19685828
19681221
19681733
19682245
19682757
19683269
19683781
19684293
19684805
19685317
19685829
19681222
19681734
19682246
19682758
19683270
19683782
19684294
19684806
19685318
19685830
19681223
19681735
19682247
19682759
19683271
19683783
19684295
19684807
19685319
19685831
19681224
19681736
19682248
19682760
19683272
19683784
19684296
19684808
19685320
19685832
17858514
17859026
17859538
17860050
17860562
17861074
17861586
17862098
17862610
17863122
17858515
17859027
17859539
17860051
17860563
17861075
17861587
17862099
17862611
17863123
17858516
17859028
17859540
17860052
17860564
17861076
17861588
17862100
17862612
17863124
17858517
17859029
17859541
17860053
17860565
17861077
17861589
17862101
17862613
17863125
17858518
17859030
17859542
17860054
17860566
17861078
17861590
17862102
17862614
17863126
17858519
17859031
17859543
17860055
17860567
17861079
17861591
17862103
17862615
17863127
17858520
17859032
17859544
17860056
17860568
17861080
17861592
17862104
17862616
17863128
17858521
17859033
17859545
17860057
17860569
17861081
17861593
17862105
17862617
17863129
17858522
17859034
17859546
17860058
17860570
17861082
17861594
17862106
17862618
17863130
17858523
17859035
17859547
17860059
17860571
17861083
17861595
17862107
17862619
17863131
39098141
39098653
39099165
39099677
39100189
39100701
39101213
39101725
39102237
39102749
39098142
39098654
39099166
39099678
39100190
39100702
39101214
39101726
39102238
39102750
39098143
39098655
39099167
39099679
39100191
39100703
39101215
39101727
39102239
39102751
39098144
39098656
39099168
39099680
39100192
39100704
39101216
39101728
39102240
39102752
39098145
39098657
39099169
39099681
39100193
39100705
39101217
39101729
39102241
39102753
39098146
39098658
39099170
39099682
39100194
39100706
39101218
39101730
39102242
39102754
39098147
39098659
39099171
39099683
39100195
39100707
39101219
39101731
39102243
39102755
39098148
39098660
39099172
39099684
39100196
39100708
39101220
39101732
39102244
39102756
39098149
39098661
39099173
39099685
39100197
39100709
39101221
39101733
39102245
39102757
39098150
39098662
39099174
39099686
39100198
39100710
39101222
39101734
39102246
39102758
1760212
1760724
1761236
1761748
1762260
1762772
1763284
1763796
1764308
1764820
1760213
1760725
1761237
1761749
1762261
1762773
1763285
1763797
1764309
1764821
1760214
1760726
1761238
1761750
1762262
1762774
1763286
1763798
1764310
1764822
1760215
1760727
1761239
1761751
1762263
1762775
1763287
1763799
1764311
1764823
1760216
1760728
1761240
1761752
1762264
1762776
1763288
1763800
1764312
1764824
1760217
1760729
1761241
1761753
1762265
1762777
1763289
1763801
1764313
1764825
1760218
1760730
1761242
1761754
1762266
1762778
1763290
1763802
1764314
1764826
1760219
1760731
1761243
1761755
1762267
1762779
1763291
1763803
1764315
1764827
1760220
1760732
1761244
1761756
1762268
1762780
1763292
1763804
1764316
1764828
1760221
1760733
1761245
1761757
1762269
1762781
1763293
1763805
1764317
1764829
30274182
30274694
30275206
30275718
30276230
30276742
30277254
30277766
30278278
30278790
30274183
30274695
30275207
30275719
30276231
30276743
30277255
30277767
30278279
30278791
30274184
30274696
30275208
30275720
30276232
30276744
30277256
30277768
30278280
30278792
30274185
30274697
30275209
30275721
30276233
30276745
30277257
30277769
30278281
30278793
30274186
30274698
30275210
30275722
30276234
30276746
30277258
30277770
30278282
30278794
30274187
30274699
30275211
30275723
30276235
30276747
30277259
30277771
30278283
30278795
30274188
30274700
30275212
30275724
30276236
30276748
30277260
30277772
30278284
30278796
30274189
30274701
30275213
30275725
30276237
30276749
30277261
30277773
30278285
30278797
30274190
30274702
30275214
30275726
30276238
30276750
30277262
30277774
30278286
30278798
30274191
30274703
30275215
30275727
30276239
30276751
30277263
30277775
30278287
30278799
909215
909727
910239
910751
911263
911775
912287
912799
913311
913823
909216
909728
910240
910752
911264
911776
912288
912800
913312
913824
909217
909729
910241
910753
911265
911777
912289
912801
913313
913825
909218
909730
910242
910754
911266
911778
912290
912802
913314
913826
909219
909731
910243
910755
911267
911779
912291
912803
913315
913827
909220
909732
910244
910756
911268
911780
912292
912804
913316
913828
909221
909733
910245
910757
911269
911781
912293
912805
913317
913829
909222
909734
910246
910758
911270
911782
912294
912806
913318
913830
909223
909735
910247
910759
911271
911783
912295
912807
913319
913831
909224
909736
910248
910760
911272
911784
912296
912808
913320
913832
5712079
5712591
5713103
5713615
5714127
5714639
5715151
5715663
5716175
5716687
5712080
5712592
5713104
5713616
5714128
5714640
5715152
5715664
5716176
5716688
5712081
5712593
5713105
5713617
5714129
5714641
5715153
5715665
5716177
5716689
5712082
5712594
5713106
5713618
5714130
5714642
5715154
5715666
5716178
5716690
5712083
5712595
5713107
5713619
5714131
5714643
5715155
5715667
5716179
5716691
5712084
5712596
5713108
5713620
5714132
5714644
5715156
5715668
5716180
5716692
5712085
5712597
5713109
5713621
5714133
5714645
5715157
5715669
5716181
5716693
5712086
5712598
5713110
5713622
5714134
5714646
5715158
5715670
5716182
5716694
5712087
5712599
5713111
5713623
5714135
5714647
5715159
5715671
5716183
5716695
5712088
5712600
5713112
5713624
5714136
5714648
5715160
5715672
5716184
5716696
11976152
11976664
11977176
11977688
11978200
11978712
11979224
11979736
11980248
11980760
11976153
11976665
11977177
11977689
11978201
11978713
11979225
11979737
11980249
11980761
11976154
11976666
11977178
11977690
11978202
11978714
11979226
11979738
11980250
11980762
11976155
11976667
11977179
11977691
11978203
11978715
11979227
11979739
11980251
11980763
11976156
11976668
11977180
11977692
11978204
11978716
11979228
11979740
11980252
11980764
11976157
11976669
11977181
11977693
11978205
11978717
11979229
11979741
11980253
11980765
11976158
11976670
11977182
11977694
11978206
11978718
11979230
11979742
11980254
11980766
11976159
11976671
11977183
11977695
11978207
11978719
11979231
11979743
11980255
11980767
11976160
11976672
11977184
11977696
11978208
11978720
11979232
11979744
11980256
11980768
11976161
11976673
11977185
11977697
11978209
11978721
11979233
11979745
11980257
11980769
19341463
19341975
19342487
19342999
19343511
19344023
19344535
19345047
19345559
19346071
19341464
19341976
19342488
19343000
19343512
19344024
19344536
19345048
19345560
19346072
19341465
19341977
19342489
19343001
19343513
19344025
19344537
19345049
19345561
19346073
19341466
19341978
19342490
19343002
19343514
19344026
19344538
19345050
19345562
19346074
19341467
19341979
19342491
19343003
19343515
19344027
19344539
19345051
19345563
19346075
19341468
19341980
19342492
19343004
19343516
19344028
19344540
19345052
19345564
19346076
19341469
19341981
19342493
19343005
19343517
19344029
19344541
19345053
19345565
19346077
19341470
19341982
19342494
19343006
19343518
19344030
19344542
19345054
19345566
19346078
19341471
19341983
19342495
19343007
19343519
19344031
19344543
19345055
19345567
19346079
19341472
19341984
19342496
19343008
19343520
19344032
19344544
19345056
19345568
19346080
4993185
4993697
4994209
4994721
4995233
4995745
4996257
4996769
4997281
4997793
4993186
4993698
4994210
4994722
4995234
4995746
4996258
4996770
4997282
4997794
4993187
4993699
4994211
4994723
4995235
4995747
4996259
4996771
4997283
4997795
4993188
4993700
4994212
4994724
4995236
4995748
4996260
4996772
4997284
4997796
4993189
4993701
4994213
4994725
4995237
4995749
4996261
4996773
4997285
4997797
4993190
4993702
4994214
4994726
4995238
4995750
4996262
4996774
4997286
4997798
4993191
4993703
4994215
4994727
4995239
4995751
4996263
4996775
4997287
4997799
4993192
4993704
4994216
4994728
4995240
4995752
4996264
4996776
4997288
4997800
4993193
4993705
4994217
4994729
4995241
4995753
4996265
4996777
4997289
4997801
4993194
4993706
4994218
4994730
4995242
4995754
4996266
4996778
4997290
4997802
37913953
37914465
37914977
37915489
37916001
37916513
37917025
37917537
37918049
37918561
37913954
37914466
37914978
37915490
37916002
37916514
37917026
37917538
37918050
37918562
37913955
37914467
37914979
37915491
37916003
37916515
37917027
37917539
37918051
37918563
37913956
37914468
37914980
37915492
37916004
37916516
37917028
37917540
37918052
37918564
37913957
37914469
37914981
37915493
37916005
37916517
37917029
37917541
37918053
37918565
37913958
37914470
37914982
37915494
37916006
37916518
37917030
37917542
37918054
37918566
37913959
37914471
37914983
37915495
37916007
37916519
37917031
37917543
37918055
37918567
37913960
37914472
37914984
37915496
37916008
37916520
37917032
37917544
37918056
37918568
37913961
37914473
37914985
37915497
37916009
37916521
37917033
37917545
37918057
37918569
37913962
37914474
37914986
37915498
37916010
37916522
37917034
37917546
37918058
37918570
35198916
35199428
35199940
35200452
35200964
35201476
35201988
35202500
35203012
35203524
35198917
35199429
35199941
35200453
35200965
35201477
35201989
35202501
35203013
35203525
35198918
35199430
35199942
35200454
35200966
35201478
35201990
35202502
35203014
35203526
35198919
35199431
35199943
35200455
35200967
35201479
35201991
35202503
35203015
35203527
35198920
35199432
35199944
35200456
35200968
35201480
35201992
35202504
35203016
35203528
35198921
35199433
35199945
35200457
35200969
35201481
35201993
35202505
35203017
35203529
35198922
35199434
35199946
35200458
35200970
35201482
35201994
35202506
35203018
35203530
35198923
35199435
35199947
35200459
35200971
35201483
35201995
35202507
35203019
35203531
35198924
35199436
35199948
35200460
35200972
35201484
35201996
35202508
35203020
35203532
35198925
35199437
35199949
35200461
35200973
35201485
35201997
35202509
35203021
35203533
27517859
27518371
27518883
27519395
27519907
27520419
27520931
27521443
27521955
27522467
27517860
27518372
27518884
27519396
27519908
27520420
27520932
27521444
27521956
27522468
27517861
27518373
27518885
27519397
27519909
27520421
27520933
27521445
27521957
27522469
27517862
27518374
27518886
27519398
27519910
27520422
27520934
27521446
27521958
27522470
27517863
27518375
27518887
27519399
27519911
27520423
27520935
27521447
27521959
27522471
27517864
27518376
27518888
27519400
27519912
27520424
27520936
27521448
27521960
27522472
27517865
27518377
27518889
27519401
27519913
27520425
27520937
27521449
27521961
27522473
27517866
27518378
27518890
27519402
27519914
27520426
27520938
27521450
27521962
27522474
27517867
27518379
27518891
27519403
27519915
27520427
27520939
27521451
27521963
27522475
27517868
27518380
27518892
27519404
27519916
27520428
27520940
27521452
27521964
27522476
13463608
13464120
13464632
13465144
13465656
13466168
13466680
13467192
13467704
13468216
13463609
13464121
13464633
13465145
13465657
13466169
13466681
13467193
13467705
13468217
13463610
13464122
13464634
13465146
13465658
13466170
13466682
13467194
13467706
13468218
13463611
13464123
13464635
13465147
13465659
13466171
13466683
13467195
13467707
13468219
13463612
13464124
13464636
13465148
13465660
13466172
13466684
13467196
13467708
13468220
13463613
13464125
13464637
13465149
13465661
13466173
13466685
13467197
13467709
13468221
13463614
13464126
13464638
13465150
13465662
13466174
13466686
13467198
13467710
13468222
13463615
13464127
13464639
13465151
13465663
13466175
13466687
13467199
13467711
13468223
13463616
13464128
13464640
13465152
13465664
13466176
13466688
13467200
13467712
13468224
13463617
13464129
13464641
13465153
13465665
13466177
13466689
13467201
13467713
13468225
