31579327
31579839
31580351
31580863
31581375
31581887
31582399
31582911
31583423
31583935
31579328
31579840
31580352
31580864
31581376
31581888
31582400
31582912
31583424
31583936
31579329
31579841
31580353
31580865
31581377
31581889
31582401
31582913
31583425
31583937
31579330
31579842
31580354
31580866
31581378
31581890
31582402
31582914
31583426
31583938
31579331
31579843
31580355
31580867
31581379
31581891
31582403
31582915
31583427
31583939
31579332
31579844
31580356
31580868
31581380
31581892
31582404
31582916
31583428
31583940
31579333
31579845
31580357
31580869
31581381
31581893
31582405
31582917
31583429
31583941
31579334
31579846
31580358
31580870
31581382
31581894
31582406
31582918
31583430
31583942
31579335
31579847
31580359
31580871
31581383
31581895
31582407
31582919
31583431
31583943
31579336
31579848
31580360
31580872
31581384
31581896
31582408
31582920
31583432
31583944
31265605
31266117
31266629
31267141
31267653
31268165
31268677
31269189
31269701
31270213
31265606
31266118
31266630
31267142
31267654
31268166
31268678
31269190
31269702
31270214
31265607
31266119
31266631
31267143
31267655
31268167
31268679
31269191
31269703
31270215
31265608
31266120
31266632
31267144
31267656
31268168
31268680
31269192
31269704
31270216
31265609
31266121
31266633
31267145
31267657
31268169
31268681
31269193
31269705
31270217
31265610
31266122
31266634
31267146
31267658
31268170
31268682
31269194
31269706
31270218
31265611
31266123
31266635
31267147
31267659
31268171
31268683
31269195
31269707
31270219
31265612
31266124
31266636
31267148
31267660
31268172
31268684
31269196
31269708
31270220
31265613
31266125
31266637
31267149
31267661
31268173
31268685
31269197
31269709
31270221
31265614
31266126
31266638
31267150
31267662
31268174
31268686
31269198
31269710
31270222
19697958
19698470
19698982
19699494
19700006
19700518
19701030
19701542
19702054
19702566
19697959
19698471
19698983
19699495
19700007
19700519
19701031
19701543
19702055
19702567
19697960
19698472
19698984
19699496
19700008
19700520
19701032
19701544
19702056
19702568
19697961
19698473
19698985
19699497
19700009
19700521
19701033
19701545
19702057
19702569
19697962
19698474
19698986
19699498
19700010
19700522
19701034
19701546
19702058
19702570
19697963
19698475
19698987
19699499
19700011
19700523
19701035
19701547
19702059
19702571
19697964
19698476
19698988
19699500
19700012
19700524
19701036
19701548
19702060
19702572
19697965
19698477
19698989
19699501
19700013
19700525
19701037
19701549
19702061
19702573
19697966
19698478
19698990
19699502
19700014
19700526
19701038
19701550
19702062
19702574
19697967
19698479
19698991
19699503
19700015
19700527
19701039
19701551
19702063
19702575
30317849
30318361
30318873
30319385
30319897
30320409
30320921
30321433
30321945
30322457
30317850
30318362
30318874
30319386
30319898
30320410
30320922
30321434
30321946
30322458
30317851
30318363
30318875
30319387
30319899
30320411
30320923
30321435
30321947
30322459
30317852
30318364
30318876
30319388
30319900
30320412
30320924
30321436
30321948
30322460
30317853
30318365
30318877
30319389
30319901
30320413
30320925
30321437
30321949
30322461
30317854
30318366
30318878
30319390
30319902
30320414
30320926
30321438
30321950
30322462
30317855
30318367
30318879
30319391
30319903
30320415
30320927
30321439
30321951
30322463
30317856
30318368
30318880
30319392
30319904
30320416
30320928
30321440
30321952
30322464
30317857
30318369
30318881
30319393
30319905
30320417
30320929
30321441
30321953
30322465
30317858
30318370
30318882
30319394
30319906
30320418
30320930
30321442
30321954
30322466
29414684
29415196
29415708
29416220
29416732
29417244
29417756
29418268
29418780
29419292
29414685
29415197
29415709
29416221
29416733
29417245
29417757
29418269
29418781
29419293
29414686
29415198
29415710
29416222
29416734
29417246
29417758
29418270
29418782
29419294
29414687
29415199
29415711
29416223
29416735
29417247
29417759
29418271
29418783
29419295
29414688
29415200
29415712
29416224
29416736
29417248
29417760
29418272
29418784
29419296
29414689
29415201
29415713
29416225
29416737
29417249
29417761
29418273
29418785
29419297
29414690
29415202
29415714
29416226
29416738
29417250
29417762
29418274
29418786
29419298
29414691
29415203
29415715
29416227
29416739
29417251
29417763
29418275
29418787
29419299
29414692
29415204
29415716
29416228
29416740
29417252
29417764
29418276
29418788
29419300
29414693
29415205
29415717
29416229
29416741
29417253
29417765
29418277
29418789
29419301
31367455
31367967
31368479
31368991
31369503
31370015
31370527
31371039
31371551
31372063
31367456
31367968
31368480
31368992
31369504
31370016
31370528
31371040
31371552
31372064
31367457
31367969
31368481
31368993
31369505
31370017
31370529
31371041
31371553
31372065
31367458
31367970
31368482
31368994
31369506
31370018
31370530
31371042
31371554
31372066
31367459
31367971
31368483
31368995
31369507
31370019
31370531
31371043
31371555
31372067
31367460
31367972
31368484
31368996
31369508
31370020
31370532
31371044
31371556
31372068
31367461
31367973
31368485
31368997
31369509
31370021
31370533
31371045
31371557
31372069
31367462
31367974
31368486
31368998
31369510
31370022
31370534
31371046
31371558
31372070
31367463
31367975
31368487
31368999
31369511
31370023
31370535
31371047
31371559
31372071
31367464
31367976
31368488
31369000
31369512
31370024
31370536
31371048
31371560
31372072
29778198
29778710
29779222
29779734
29780246
29780758
29781270
29781782
29782294
29782806
29778199
29778711
29779223
29779735
29780247
29780759
29781271
29781783
29782295
29782807
29778200
29778712
29779224
29779736
29780248
29780760
29781272
29781784
29782296
29782808
29778201
29778713
29779225
29779737
29780249
29780761
29781273
29781785
29782297
29782809
29778202
29778714
29779226
29779738
29780250
29780762
29781274
29781786
29782298
29782810
29778203
29778715
29779227
29779739
29780251
29780763
29781275
29781787
29782299
29782811
29778204
29778716
29779228
29779740
29780252
29780764
29781276
29781788
29782300
29782812
29778205
29778717
29779229
29779741
29780253
29780765
29781277
29781789
29782301
29782813
29778206
29778718
29779230
29779742
29780254
29780766
29781278
29781790
29782302
29782814
29778207
29778719
29779231
29779743
29780255
29780767
29781279
29781791
29782303
29782815
28897011
28897523
28898035
28898547
28899059
28899571
28900083
28900595
28901107
28901619
28897012
28897524
28898036
28898548
28899060
28899572
28900084
28900596
28901108
28901620
28897013
28897525
28898037
28898549
28899061
28899573
28900085
28900597
28901109
28901621
28897014
28897526
28898038
28898550
28899062
28899574
28900086
28900598
28901110
28901622
28897015
28897527
28898039
28898551
28899063
28899575
28900087
28900599
28901111
28901623
28897016
28897528
28898040
28898552
28899064
28899576
28900088
28900600
28901112
28901624
28897017
28897529
28898041
28898553
28899065
28899577
28900089
28900601
28901113
28901625
28897018
28897530
28898042
28898554
28899066
28899578
28900090
28900602
28901114
28901626
28897019
28897531
28898043
28898555
28899067
28899579
28900091
28900603
28901115
28901627
28897020
28897532
28898044
28898556
28899068
28899580
28900092
28900604
28901116
28901628
27857126
27857638
27858150
27858662
27859174
27859686
27860198
27860710
27861222
27861734
27857127
27857639
27858151
27858663
27859175
27859687
27860199
27860711
27861223
27861735
27857128
27857640
27858152
27858664
27859176
27859688
27860200
27860712
27861224
27861736
27857129
27857641
27858153
27858665
27859177
27859689
27860201
27860713
27861225
27861737
27857130
27857642
27858154
27858666
27859178
27859690
27860202
27860714
27861226
27861738
27857131
27857643
27858155
27858667
27859179
27859691
27860203
27860715
27861227
27861739
27857132
27857644
27858156
27858668
27859180
27859692
27860204
27860716
27861228
27861740
27857133
27857645
27858157
27858669
27859181
27859693
27860205
27860717
27861229
27861741
27857134
27857646
27858158
27858670
27859182
27859694
27860206
27860718
27861230
27861742
27857135
27857647
27858159
27858671
27859183
27859695
27860207
27860719
27861231
27861743
32155386
32155898
32156410
32156922
32157434
32157946
32158458
32158970
32159482
32159994
32155387
32155899
32156411
32156923
32157435
32157947
32158459
32158971
32159483
32159995
32155388
32155900
32156412
32156924
32157436
32157948
32158460
32158972
32159484
32159996
32155389
32155901
32156413
32156925
32157437
32157949
32158461
32158973
32159485
32159997
32155390
32155902
32156414
32156926
32157438
32157950
32158462
32158974
32159486
32159998
32155391
32155903
32156415
32156927
32157439
32157951
32158463
32158975
32159487
32159999
32155392
32155904
32156416
32156928
32157440
32157952
32158464
32158976
32159488
32160000
32155393
32155905
32156417
32156929
32157441
32157953
32158465
32158977
32159489
32160001
32155394
32155906
32156418
32156930
32157442
32157954
32158466
32158978
32159490
32160002
32155395
32155907
32156419
32156931
32157443
32157955
32158467
32158979
32159491
32160003
17866503
17867015
17867527
17868039
17868551
17869063
17869575
17870087
17870599
17871111
17866504
17867016
17867528
17868040
17868552
17869064
17869576
17870088
17870600
17871112
17866505
17867017
17867529
17868041
17868553
17869065
17869577
17870089
17870601
17871113
17866506
17867018
17867530
17868042
17868554
17869066
17869578
17870090
17870602
17871114
17866507
17867019
17867531
17868043
17868555
17869067
17869579
17870091
17870603
17871115
17866508
17867020
17867532
17868044
17868556
17869068
17869580
17870092
17870604
17871116
17866509
17867021
17867533
17868045
17868557
17869069
17869581
17870093
17870605
17871117
17866510
17867022
17867534
17868046
17868558
17869070
17869582
17870094
17870606
17871118
17866511
17867023
17867535
17868047
17868559
17869071
17869583
17870095
17870607
17871119
17866512
17867024
17867536
17868048
17868560
17869072
17869584
17870096
17870608
17871120
30185726
30186238
30186750
30187262
30187774
30188286
30188798
30189310
30189822
30190334
30185727
30186239
30186751
30187263
30187775
30188287
30188799
30189311
30189823
30190335
30185728
30186240
30186752
30187264
30187776
30188288
30188800
30189312
30189824
30190336
30185729
30186241
30186753
30187265
30187777
30188289
30188801
30189313
30189825
30190337
30185730
30186242
30186754
30187266
30187778
30188290
30188802
30189314
30189826
30190338
30185731
30186243
30186755
30187267
30187779
30188291
30188803
30189315
30189827
30190339
30185732
30186244
30186756
30187268
30187780
30188292
30188804
30189316
30189828
30190340
30185733
30186245
30186757
30187269
30187781
30188293
30188805
30189317
30189829
30190341
30185734
30186246
30186758
30187270
30187782
30188294
30188806
30189318
30189830
30190342
30185735
30186247
30186759
30187271
30187783
30188295
30188807
30189319
30189831
30190343
26856162
26856674
26857186
26857698
26858210
26858722
26859234
26859746
26860258
26860770
26856163
26856675
26857187
26857699
26858211
26858723
26859235
26859747
26860259
26860771
26856164
26856676
26857188
26857700
26858212
26858724
26859236
26859748
26860260
26860772
26856165
26856677
26857189
26857701
26858213
26858725
26859237
26859749
26860261
26860773
26856166
26856678
26857190
26857702
26858214
26858726
26859238
26859750
26860262
26860774
26856167
26856679
26857191
26857703
26858215
26858727
26859239
26859751
26860263
26860775
26856168
26856680
26857192
26857704
26858216
26858728
26859240
26859752
26860264
26860776
26856169
26856681
26857193
26857705
26858217
26858729
26859241
26859753
26860265
26860777
26856170
26856682
26857194
26857706
26858218
26858730
26859242
26859754
26860266
26860778
26856171
26856683
26857195
26857707
26858219
26858731
26859243
26859755
26860267
26860779
27986698
27987210
27987722
27988234
27988746
27989258
27989770
27990282
27990794
27991306
27986699
27987211
27987723
27988235
27988747
27989259
27989771
27990283
27990795
27991307
27986700
27987212
27987724
27988236
27988748
27989260
27989772
27990284
27990796
27991308
27986701
27987213
27987725
27988237
27988749
27989261
27989773
27990285
27990797
27991309
27986702
27987214
27987726
27988238
27988750
27989262
27989774
27990286
27990798
27991310
27986703
27987215
27987727
27988239
27988751
27989263
27989775
27990287
27990799
27991311
27986704
27987216
27987728
27988240
27988752
27989264
27989776
27990288
27990800
27991312
27986705
27987217
27987729
27988241
27988753
27989265
27989777
27990289
27990801
27991313
27986706
27987218
27987730
27988242
27988754
27989266
27989778
27990290
27990802
27991314
27986707
27987219
27987731
27988243
27988755
27989267
27989779
27990291
27990803
27991315
28430039
28430551
28431063
28431575
28432087
28432599
28433111
28433623
28434135
28434647
28430040
28430552
28431064
28431576
28432088
28432600
28433112
28433624
28434136
28434648
28430041
28430553
28431065
28431577
28432089
28432601
28433113
28433625
28434137
28434649
28430042
28430554
28431066
28431578
28432090
28432602
28433114
28433626
28434138
28434650
28430043
28430555
28431067
28431579
28432091
28432603
28433115
28433627
28434139
28434651
28430044
28430556
28431068
28431580
28432092
28432604
28433116
28433628
28434140
28434652
28430045
28430557
28431069
28431581
28432093
28432605
28433117
28433629
28434141
28434653
28430046
28430558
28431070
28431582
28432094
28432606
28433118
28433630
28434142
28434654
28430047
28430559
28431071
28431583
28432095
28432607
28433119
28433631
28434143
28434655
28430048
28430560
28431072
28431584
28432096
28432608
28433120
28433632
28434144
28434656
33920723
33921235
33921747
33922259
33922771
33923283
33923795
33924307
33924819
33925331
33920724
33921236
33921748
33922260
33922772
33923284
33923796
33924308
33924820
33925332
33920725
33921237
33921749
33922261
33922773
33923285
33923797
33924309
33924821
33925333
33920726
33921238
33921750
33922262
33922774
33923286
33923798
33924310
33924822
33925334
33920727
33921239
33921751
33922263
33922775
33923287
33923799
33924311
33924823
33925335
33920728
33921240
33921752
33922264
33922776
33923288
33923800
33924312
33924824
33925336
33920729
33921241
33921753
33922265
33922777
33923289
33923801
33924313
33924825
33925337
33920730
33921242
33921754
33922266
33922778
33923290
33923802
33924314
33924826
33925338
33920731
33921243
33921755
33922267
33922779
33923291
33923803
33924315
33924827
33925339
33920732
33921244
33921756
33922268
33922780
33923292
33923804
33924316
33924828
33925340
20229910
20230422
20230934
20231446
20231958
20232470
20232982
20233494
20234006
20234518
20229911
20230423
20230935
20231447
20231959
20232471
20232983
20233495
20234007
20234519
20229912
20230424
20230936
20231448
20231960
20232472
20232984
20233496
20234008
20234520
20229913
20230425
20230937
20231449
20231961
20232473
20232985
20233497
20234009
20234521
20229914
20230426
20230938
20231450
20231962
20232474
20232986
20233498
20234010
20234522
20229915
20230427
20230939
20231451
20231963
20232475
20232987
20233499
20234011
20234523
20229916
20230428
20230940
20231452
20231964
20232476
20232988
20233500
20234012
20234524
20229917
20230429
20230941
20231453
20231965
20232477
20232989
20233501
20234013
20234525
20229918
20230430
20230942
20231454
20231966
20232478
20232990
20233502
20234014
20234526
20229919
20230431
20230943
20231455
20231967
20232479
20232991
20233503
20234015
20234527
28637016
28637528
28638040
28638552
28639064
28639576
28640088
28640600
28641112
28641624
28637017
28637529
28638041
28638553
28639065
28639577
28640089
28640601
28641113
28641625
28637018
28637530
28638042
28638554
28639066
28639578
28640090
28640602
28641114
28641626
28637019
28637531
28638043
28638555
28639067
28639579
28640091
28640603
28641115
28641627
28637020
28637532
28638044
28638556
28639068
28639580
28640092
28640604
28641116
28641628
28637021
28637533
28638045
28638557
28639069
28639581
28640093
28640605
28641117
28641629
28637022
28637534
28638046
28638558
28639070
28639582
28640094
28640606
28641118
28641630
28637023
28637535
28638047
28638559
28639071
28639583
28640095
28640607
28641119
28641631
28637024
28637536
28638048
28638560
28639072
28639584
28640096
28640608
28641120
28641632
28637025
28637537
28638049
28638561
28639073
28639585
28640097
28640609
28641121
28641633
31318264
31318776
31319288
31319800
31320312
31320824
31321336
31321848
31322360
31322872
31318265
31318777
31319289
31319801
31320313
31320825
31321337
31321849
31322361
31322873
31318266
31318778
31319290
31319802
31320314
31320826
31321338
31321850
31322362
31322874
31318267
31318779
31319291
31319803
31320315
31320827
31321339
31321851
31322363
31322875
31318268
31318780
31319292
31319804
31320316
31320828
31321340
31321852
31322364
31322876
31318269
31318781
31319293
31319805
31320317
31320829
31321341
31321853
31322365
31322877
31318270
31318782
31319294
31319806
31320318
31320830
31321342
31321854
31322366
31322878
31318271
31318783
31319295
31319807
31320319
31320831
31321343
31321855
31322367
31322879
31318272
31318784
31319296
31319808
31320320
31320832
31321344
31321856
31322368
31322880
31318273
31318785
31319297
31319809
31320321
31320833
31321345
31321857
31322369
31322881
29744393
29744905
29745417
29745929
29746441
29746953
29747465
29747977
29748489
29749001
29744394
29744906
29745418
29745930
29746442
29746954
29747466
29747978
29748490
29749002
29744395
29744907
29745419
29745931
29746443
29746955
29747467
29747979
29748491
29749003
29744396
29744908
29745420
29745932
29746444
29746956
29747468
29747980
29748492
29749004
29744397
29744909
29745421
29745933
29746445
29746957
29747469
29747981
29748493
29749005
29744398
29744910
29745422
29745934
29746446
29746958
29747470
29747982
29748494
29749006
29744399
29744911
29745423
29745935
29746447
29746959
29747471
29747983
29748495
29749007
29744400
29744912
29745424
29745936
29746448
29746960
29747472
29747984
29748496
29749008
29744401
29744913
29745425
29745937
29746449
29746961
29747473
29747985
29748497
29749009
29744402
29744914
29745426
29745938
29746450
29746962
29747474
29747986
29748498
29749010
34417438
34417950
34418462
34418974
34419486
34419998
34420510
34421022
34421534
34422046
34417439
34417951
34418463
34418975
34419487
34419999
34420511
34421023
34421535
34422047
34417440
34417952
34418464
34418976
34419488
34420000
34420512
34421024
34421536
34422048
34417441
34417953
34418465
34418977
34419489
34420001
34420513
34421025
34421537
34422049
34417442
34417954
34418466
34418978
34419490
34420002
34420514
34421026
34421538
34422050
34417443
34417955
34418467
34418979
34419491
34420003
34420515
34421027
34421539
34422051
34417444
34417956
34418468
34418980
34419492
34420004
34420516
34421028
34421540
34422052
34417445
34417957
34418469
34418981
34419493
34420005
34420517
34421029
34421541
34422053
34417446
34417958
34418470
34418982
34419494
34420006
34420518
34421030
34421542
34422054
34417447
34417959
34418471
34418983
34419495
34420007
34420519
34421031
34421543
34422055
27621582
27622094
27622606
27623118
27623630
27624142
27624654
27625166
27625678
27626190
27621583
27622095
27622607
27623119
27623631
27624143
27624655
27625167
27625679
27626191
27621584
27622096
27622608
27623120
27623632
27624144
27624656
27625168
27625680
27626192
27621585
27622097
27622609
27623121
27623633
27624145
27624657
27625169
27625681
27626193
27621586
27622098
27622610
27623122
27623634
27624146
27624658
27625170
27625682
27626194
27621587
27622099
27622611
27623123
27623635
27624147
27624659
27625171
27625683
27626195
27621588
27622100
27622612
27623124
27623636
27624148
27624660
27625172
27625684
27626196
27621589
27622101
27622613
27623125
27623637
27624149
27624661
27625173
27625685
27626197
27621590
27622102
27622614
27623126
27623638
27624150
27624662
27625174
27625686
27626198
27621591
27622103
27622615
27623127
27623639
27624151
27624663
27625175
27625687
27626199
23897426
23897938
23898450
23898962
23899474
23899986
23900498
23901010
23901522
23902034
23897427
23897939
23898451
23898963
23899475
23899987
23900499
23901011
23901523
23902035
23897428
23897940
23898452
23898964
23899476
23899988
23900500
23901012
23901524
23902036
23897429
23897941
23898453
23898965
23899477
23899989
23900501
23901013
23901525
23902037
23897430
23897942
23898454
23898966
23899478
23899990
23900502
23901014
23901526
23902038
23897431
23897943
23898455
23898967
23899479
23899991
23900503
23901015
23901527
23902039
23897432
23897944
23898456
23898968
23899480
23899992
23900504
23901016
23901528
23902040
23897433
23897945
23898457
23898969
23899481
23899993
23900505
23901017
23901529
23902041
23897434
23897946
23898458
23898970
23899482
23899994
23900506
23901018
23901530
23902042
23897435
23897947
23898459
23898971
23899483
23899995
23900507
23901019
23901531
23902043
23654597
23655109
23655621
23656133
23656645
23657157
23657669
23658181
23658693
23659205
23654598
23655110
23655622
23656134
23656646
23657158
23657670
23658182
23658694
23659206
23654599
23655111
23655623
23656135
23656647
23657159
23657671
23658183
23658695
23659207
23654600
23655112
23655624
23656136
23656648
23657160
23657672
23658184
23658696
23659208
23654601
23655113
23655625
23656137
23656649
23657161
23657673
23658185
23658697
23659209
23654602
23655114
23655626
23656138
23656650
23657162
23657674
23658186
23658698
23659210
23654603
23655115
23655627
23656139
23656651
23657163
23657675
23658187
23658699
23659211
23654604
23655116
23655628
23656140
23656652
23657164
23657676
23658188
23658700
23659212
23654605
23655117
23655629
23656141
23656653
23657165
23657677
23658189
23658701
23659213
23654606
23655118
23655630
23656142
23656654
23657166
23657678
23658190
23658702
23659214
26803012
26803524
26804036
26804548
26805060
26805572
26806084
26806596
26807108
26807620
26803013
26803525
26804037
26804549
26805061
26805573
26806085
26806597
26807109
26807621
26803014
26803526
26804038
26804550
26805062
26805574
26806086
26806598
26807110
26807622
26803015
26803527
26804039
26804551
26805063
26805575
26806087
26806599
26807111
26807623
26803016
26803528
26804040
26804552
26805064
26805576
26806088
26806600
26807112
26807624
26803017
26803529
26804041
26804553
26805065
26805577
26806089
26806601
26807113
26807625
26803018
26803530
26804042
26804554
26805066
26805578
26806090
26806602
26807114
26807626
26803019
26803531
26804043
26804555
26805067
26805579
26806091
26806603
26807115
26807627
26803020
26803532
26804044
26804556
26805068
26805580
26806092
26806604
26807116
26807628
26803021
26803533
26804045
26804557
26805069
26805581
26806093
26806605
26807117
26807629
15783127
15783639
15784151
15784663
15785175
15785687
15786199
15786711
15787223
15787735
15783128
15783640
15784152
15784664
15785176
15785688
15786200
15786712
15787224
15787736
15783129
15783641
15784153
15784665
15785177
15785689
15786201
15786713
15787225
15787737
15783130
15783642
15784154
15784666
15785178
15785690
15786202
15786714
15787226
15787738
15783131
15783643
15784155
15784667
15785179
15785691
15786203
15786715
15787227
15787739
15783132
15783644
15784156
15784668
15785180
15785692
15786204
15786716
15787228
15787740
15783133
15783645
15784157
15784669
15785181
15785693
15786205
15786717
15787229
15787741
15783134
15783646
15784158
15784670
15785182
15785694
15786206
15786718
15787230
15787742
15783135
15783647
15784159
15784671
15785183
15785695
15786207
15786719
15787231
15787743
15783136
15783648
15784160
15784672
15785184
15785696
15786208
15786720
15787232
15787744
32902892
32903404
32903916
32904428
32904940
32905452
32905964
32906476
32906988
32907500
32902893
32903405
32903917
32904429
32904941
32905453
32905965
32906477
32906989
32907501
32902894
32903406
32903918
32904430
32904942
32905454
32905966
32906478
32906990
32907502
32902895
32903407
32903919
32904431
32904943
32905455
32905967
32906479
32906991
32907503
32902896
32903408
32903920
32904432
32904944
32905456
32905968
32906480
32906992
32907504
32902897
32903409
32903921
32904433
32904945
32905457
32905969
32906481
32906993
32907505
32902898
32903410
32903922
32904434
32904946
32905458
32905970
32906482
32906994
32907506
32902899
32903411
32903923
32904435
32904947
32905459
32905971
32906483
32906995
32907507
32902900
32903412
32903924
32904436
32904948
32905460
32905972
32906484
32906996
32907508
32902901
32903413
32903925
32904437
32904949
32905461
32905973
32906485
32906997
32907509
30043940
30044452
30044964
30045476
30045988
30046500
30047012
30047524
30048036
30048548
30043941
30044453
30044965
30045477
30045989
30046501
30047013
30047525
30048037
30048549
30043942
30044454
30044966
30045478
30045990
30046502
30047014
30047526
30048038
30048550
30043943
30044455
30044967
30045479
30045991
30046503
30047015
30047527
30048039
30048551
30043944
30044456
30044968
30045480
30045992
30046504
30047016
30047528
30048040
30048552
30043945
30044457
30044969
30045481
30045993
30046505
30047017
30047529
30048041
30048553
30043946
30044458
30044970
30045482
30045994
30046506
30047018
30047530
30048042
30048554
30043947
30044459
30044971
30045483
30045995
30046507
30047019
30047531
30048043
30048555
30043948
30044460
30044972
30045484
30045996
30046508
30047020
30047532
30048044
30048556
30043949
30044461
30044973
30045485
30045997
30046509
30047021
30047533
30048045
30048557
30510360
30510872
30511384
30511896
30512408
30512920
30513432
30513944
30514456
30514968
30510361
30510873
30511385
30511897
30512409
30512921
30513433
30513945
30514457
30514969
30510362
30510874
30511386
30511898
30512410
30512922
30513434
30513946
30514458
30514970
30510363
30510875
30511387
30511899
30512411
30512923
30513435
30513947
30514459
30514971
30510364
30510876
30511388
30511900
30512412
30512924
30513436
30513948
30514460
30514972
30510365
30510877
30511389
30511901
30512413
30512925
30513437
30513949
30514461
30514973
30510366
30510878
30511390
30511902
30512414
30512926
30513438
30513950
30514462
30514974
30510367
30510879
30511391
30511903
30512415
30512927
30513439
30513951
30514463
30514975
30510368
30510880
30511392
30511904
30512416
30512928
30513440
30513952
30514464
30514976
30510369
30510881
30511393
30511905
30512417
30512929
30513441
30513953
30514465
30514977
30856997
30857509
30858021
30858533
30859045
30859557
30860069
30860581
30861093
30861605
30856998
30857510
30858022
30858534
30859046
30859558
30860070
30860582
30861094
30861606
30856999
30857511
30858023
30858535
30859047
30859559
30860071
30860583
30861095
30861607
30857000
30857512
30858024
30858536
30859048
30859560
30860072
30860584
30861096
30861608
30857001
30857513
30858025
30858537
30859049
30859561
30860073
30860585
30861097
30861609
30857002
30857514
30858026
30858538
30859050
30859562
30860074
30860586
30861098
30861610
30857003
30857515
30858027
30858539
30859051
30859563
30860075
30860587
30861099
30861611
30857004
30857516
30858028
30858540
30859052
30859564
30860076
30860588
30861100
30861612
30857005
30857517
30858029
30858541
30859053
30859565
30860077
30860589
30861101
30861613
30857006
30857518
30858030
30858542
30859054
30859566
30860078
30860590
30861102
30861614
