28142323
28142835
28143347
28143859
28144371
28144883
28145395
28145907
28146419
28146931
28142324
28142836
28143348
28143860
28144372
28144884
28145396
28145908
28146420
28146932
28142325
28142837
28143349
28143861
28144373
28144885
28145397
28145909
28146421
28146933
28142326
28142838
28143350
28143862
28144374
28144886
28145398
28145910
28146422
28146934
28142327
28142839
28143351
28143863
28144375
28144887
28145399
28145911
28146423
28146935
28142328
28142840
28143352
28143864
28144376
28144888
28145400
28145912
28146424
28146936
28142329
28142841
28143353
28143865
28144377
28144889
28145401
28145913
28146425
28146937
28142330
28142842
28143354
28143866
28144378
28144890
28145402
28145914
28146426
28146938
28142331
28142843
28143355
28143867
28144379
28144891
28145403
28145915
28146427
28146939
28142332
28142844
28143356
28143868
28144380
28144892
28145404
28145916
28146428
28146940
34715352
34715864
34716376
34716888
34717400
34717912
34718424
34718936
34719448
34719960
34715353
34715865
34716377
34716889
34717401
34717913
34718425
34718937
34719449
34719961
34715354
34715866
34716378
34716890
34717402
34717914
34718426
34718938
34719450
34719962
34715355
34715867
34716379
34716891
34717403
34717915
34718427
34718939
34719451
34719963
34715356
34715868
34716380
34716892
34717404
34717916
34718428
34718940
34719452
34719964
34715357
34715869
34716381
34716893
34717405
34717917
34718429
34718941
34719453
34719965
34715358
34715870
34716382
34716894
34717406
34717918
34718430
34718942
34719454
34719966
34715359
34715871
34716383
34716895
34717407
34717919
34718431
34718943
34719455
34719967
34715360
34715872
34716384
34716896
34717408
34717920
34718432
34718944
34719456
34719968
34715361
34715873
34716385
34716897
34717409
34717921
34718433
34718945
34719457
34719969
32568056
32568568
32569080
32569592
32570104
32570616
32571128
32571640
32572152
32572664
32568057
32568569
32569081
32569593
32570105
32570617
32571129
32571641
32572153
32572665
32568058
32568570
32569082
32569594
32570106
32570618
32571130
32571642
32572154
32572666
32568059
32568571
32569083
32569595
32570107
32570619
32571131
32571643
32572155
32572667
32568060
32568572
32569084
32569596
32570108
32570620
32571132
32571644
32572156
32572668
32568061
32568573
32569085
32569597
32570109
32570621
32571133
32571645
32572157
32572669
32568062
32568574
32569086
32569598
32570110
32570622
32571134
32571646
32572158
32572670
32568063
32568575
32569087
32569599
32570111
32570623
32571135
32571647
32572159
32572671
32568064
32568576
32569088
32569600
32570112
32570624
32571136
32571648
32572160
32572672
32568065
32568577
32569089
32569601
32570113
32570625
32571137
32571649
32572161
32572673
23380311
23380823
23381335
23381847
23382359
23382871
23383383
23383895
23384407
23384919
23380312
23380824
23381336
23381848
23382360
23382872
23383384
23383896
23384408
23384920
23380313
23380825
23381337
23381849
23382361
23382873
23383385
23383897
23384409
23384921
23380314
23380826
23381338
23381850
23382362
23382874
23383386
23383898
23384410
23384922
23380315
23380827
23381339
23381851
23382363
23382875
23383387
23383899
23384411
23384923
23380316
23380828
23381340
23381852
23382364
23382876
23383388
23383900
23384412
23384924
23380317
23380829
23381341
23381853
23382365
23382877
23383389
23383901
23384413
23384925
23380318
23380830
23381342
23381854
23382366
23382878
23383390
23383902
23384414
23384926
23380319
23380831
23381343
23381855
23382367
23382879
23383391
23383903
23384415
23384927
23380320
23380832
23381344
23381856
23382368
23382880
23383392
23383904
23384416
23384928
35208448
35208960
35209472
35209984
35210496
35211008
35211520
35212032
35212544
35213056
35208449
35208961
35209473
35209985
35210497
35211009
35211521
35212033
35212545
35213057
35208450
35208962
35209474
35209986
35210498
35211010
35211522
35212034
35212546
35213058
35208451
35208963
35209475
35209987
35210499
35211011
35211523
35212035
35212547
35213059
35208452
35208964
35209476
35209988
35210500
35211012
35211524
35212036
35212548
35213060
35208453
35208965
35209477
35209989
35210501
35211013
35211525
35212037
35212549
35213061
35208454
35208966
35209478
35209990
35210502
35211014
35211526
35212038
35212550
35213062
35208455
35208967
35209479
35209991
35210503
35211015
35211527
35212039
35212551
35213063
35208456
35208968
35209480
35209992
35210504
35211016
35211528
35212040
35212552
35213064
35208457
35208969
35209481
35209993
35210505
35211017
35211529
35212041
35212553
35213065
29941944
29942456
29942968
29943480
29943992
29944504
29945016
29945528
29946040
29946552
29941945
29942457
29942969
29943481
29943993
29944505
29945017
29945529
29946041
29946553
29941946
29942458
29942970
29943482
29943994
29944506
29945018
29945530
29946042
29946554
29941947
29942459
29942971
29943483
29943995
29944507
29945019
29945531
29946043
29946555
29941948
29942460
29942972
29943484
29943996
29944508
29945020
29945532
29946044
29946556
29941949
29942461
29942973
29943485
29943997
29944509
29945021
29945533
29946045
29946557
29941950
29942462
29942974
29943486
29943998
29944510
29945022
29945534
29946046
29946558
29941951
29942463
29942975
29943487
29943999
29944511
29945023
29945535
29946047
29946559
29941952
29942464
29942976
29943488
29944000
29944512
29945024
29945536
29946048
29946560
29941953
29942465
29942977
29943489
29944001
29944513
29945025
29945537
29946049
29946561
30997327
30997839
30998351
30998863
30999375
30999887
31000399
31000911
31001423
31001935
30997328
30997840
30998352
30998864
30999376
30999888
31000400
31000912
31001424
31001936
30997329
30997841
30998353
30998865
30999377
30999889
31000401
31000913
31001425
31001937
30997330
30997842
30998354
30998866
30999378
30999890
31000402
31000914
31001426
31001938
30997331
30997843
30998355
30998867
30999379
30999891
31000403
31000915
31001427
31001939
30997332
30997844
30998356
30998868
30999380
30999892
31000404
31000916
31001428
31001940
30997333
30997845
30998357
30998869
30999381
30999893
31000405
31000917
31001429
31001941
30997334
30997846
30998358
30998870
30999382
30999894
31000406
31000918
31001430
31001942
30997335
30997847
30998359
30998871
30999383
30999895
31000407
31000919
31001431
31001943
30997336
30997848
30998360
30998872
30999384
30999896
31000408
31000920
31001432
31001944
28876552
28877064
28877576
28878088
28878600
28879112
28879624
28880136
28880648
28881160
28876553
28877065
28877577
28878089
28878601
28879113
28879625
28880137
28880649
28881161
28876554
28877066
28877578
28878090
28878602
28879114
28879626
28880138
28880650
28881162
28876555
28877067
28877579
28878091
28878603
28879115
28879627
28880139
28880651
28881163
28876556
28877068
28877580
28878092
28878604
28879116
28879628
28880140
28880652
28881164
28876557
28877069
28877581
28878093
28878605
28879117
28879629
28880141
28880653
28881165
28876558
28877070
28877582
28878094
28878606
28879118
28879630
28880142
28880654
28881166
28876559
28877071
28877583
28878095
28878607
28879119
28879631
28880143
28880655
28881167
28876560
28877072
28877584
28878096
28878608
28879120
28879632
28880144
28880656
28881168
28876561
28877073
28877585
28878097
28878609
28879121
28879633
28880145
28880657
28881169
30067454
30067966
30068478
30068990
30069502
30070014
30070526
30071038
30071550
30072062
30067455
30067967
30068479
30068991
30069503
30070015
30070527
30071039
30071551
30072063
30067456
30067968
30068480
30068992
30069504
30070016
30070528
30071040
30071552
30072064
30067457
30067969
30068481
30068993
30069505
30070017
30070529
30071041
30071553
30072065
30067458
30067970
30068482
30068994
30069506
30070018
30070530
30071042
30071554
30072066
30067459
30067971
30068483
30068995
30069507
30070019
30070531
30071043
30071555
30072067
30067460
30067972
30068484
30068996
30069508
30070020
30070532
30071044
30071556
30072068
30067461
30067973
30068485
30068997
30069509
30070021
30070533
30071045
30071557
30072069
30067462
30067974
30068486
30068998
30069510
30070022
30070534
30071046
30071558
30072070
30067463
30067975
30068487
30068999
30069511
30070023
30070535
30071047
30071559
30072071
31503110
31503622
31504134
31504646
31505158
31505670
31506182
31506694
31507206
31507718
31503111
31503623
31504135
31504647
31505159
31505671
31506183
31506695
31507207
31507719
31503112
31503624
31504136
31504648
31505160
31505672
31506184
31506696
31507208
31507720
31503113
31503625
31504137
31504649
31505161
31505673
31506185
31506697
31507209
31507721
31503114
31503626
31504138
31504650
31505162
31505674
31506186
31506698
31507210
31507722
31503115
31503627
31504139
31504651
31505163
31505675
31506187
31506699
31507211
31507723
31503116
31503628
31504140
31504652
31505164
31505676
31506188
31506700
31507212
31507724
31503117
31503629
31504141
31504653
31505165
31505677
31506189
31506701
31507213
31507725
31503118
31503630
31504142
31504654
31505166
31505678
31506190
31506702
31507214
31507726
31503119
31503631
31504143
31504655
31505167
31505679
31506191
31506703
31507215
31507727
27313966
27314478
27314990
27315502
27316014
27316526
27317038
27317550
27318062
27318574
27313967
27314479
27314991
27315503
27316015
27316527
27317039
27317551
27318063
27318575
27313968
27314480
27314992
27315504
27316016
27316528
27317040
27317552
27318064
27318576
27313969
27314481
27314993
27315505
27316017
27316529
27317041
27317553
27318065
27318577
27313970
27314482
27314994
27315506
27316018
27316530
27317042
27317554
27318066
27318578
27313971
27314483
27314995
27315507
27316019
27316531
27317043
27317555
27318067
27318579
27313972
27314484
27314996
27315508
27316020
27316532
27317044
27317556
27318068
27318580
27313973
27314485
27314997
27315509
27316021
27316533
27317045
27317557
27318069
27318581
27313974
27314486
27314998
27315510
27316022
27316534
27317046
27317558
27318070
27318582
27313975
27314487
27314999
27315511
27316023
27316535
27317047
27317559
27318071
27318583
31582916
31583428
31583940
31584452
31584964
31585476
31585988
31586500
31587012
31587524
31582917
31583429
31583941
31584453
31584965
31585477
31585989
31586501
31587013
31587525
31582918
31583430
31583942
31584454
31584966
31585478
31585990
31586502
31587014
31587526
31582919
31583431
31583943
31584455
31584967
31585479
31585991
31586503
31587015
31587527
31582920
31583432
31583944
31584456
31584968
31585480
31585992
31586504
31587016
31587528
31582921
31583433
31583945
31584457
31584969
31585481
31585993
31586505
31587017
31587529
31582922
31583434
31583946
31584458
31584970
31585482
31585994
31586506
31587018
31587530
31582923
31583435
31583947
31584459
31584971
31585483
31585995
31586507
31587019
31587531
31582924
31583436
31583948
31584460
31584972
31585484
31585996
31586508
31587020
31587532
31582925
31583437
31583949
31584461
31584973
31585485
31585997
31586509
31587021
31587533
27878587
27879099
27879611
27880123
27880635
27881147
27881659
27882171
27882683
27883195
27878588
27879100
27879612
27880124
27880636
27881148
27881660
27882172
27882684
27883196
27878589
27879101
27879613
27880125
27880637
27881149
27881661
27882173
27882685
27883197
27878590
27879102
27879614
27880126
27880638
27881150
27881662
27882174
27882686
27883198
27878591
27879103
27879615
27880127
27880639
27881151
27881663
27882175
27882687
27883199
27878592
27879104
27879616
27880128
27880640
27881152
27881664
27882176
27882688
27883200
27878593
27879105
27879617
27880129
27880641
27881153
27881665
27882177
27882689
27883201
27878594
27879106
27879618
27880130
27880642
27881154
27881666
27882178
27882690
27883202
27878595
27879107
27879619
27880131
27880643
27881155
27881667
27882179
27882691
27883203
27878596
27879108
27879620
27880132
27880644
27881156
27881668
27882180
27882692
27883204
36494072
36494584
36495096
36495608
36496120
36496632
36497144
36497656
36498168
36498680
36494073
36494585
36495097
36495609
36496121
36496633
36497145
36497657
36498169
36498681
36494074
36494586
36495098
36495610
36496122
36496634
36497146
36497658
36498170
36498682
36494075
36494587
36495099
36495611
36496123
36496635
36497147
36497659
36498171
36498683
36494076
36494588
36495100
36495612
36496124
36496636
36497148
36497660
36498172
36498684
36494077
36494589
36495101
36495613
36496125
36496637
36497149
36497661
36498173
36498685
36494078
36494590
36495102
36495614
36496126
36496638
36497150
36497662
36498174
36498686
36494079
36494591
36495103
36495615
36496127
36496639
36497151
36497663
36498175
36498687
36494080
36494592
36495104
36495616
36496128
36496640
36497152
36497664
36498176
36498688
36494081
36494593
36495105
36495617
36496129
36496641
36497153
36497665
36498177
36498689
30590750
30591262
30591774
30592286
30592798
30593310
30593822
30594334
30594846
30595358
30590751
30591263
30591775
30592287
30592799
30593311
30593823
30594335
30594847
30595359
30590752
30591264
30591776
30592288
30592800
30593312
30593824
30594336
30594848
30595360
30590753
30591265
30591777
30592289
30592801
30593313
30593825
30594337
30594849
30595361
30590754
30591266
30591778
30592290
30592802
30593314
30593826
30594338
30594850
30595362
30590755
30591267
30591779
30592291
30592803
30593315
30593827
30594339
30594851
30595363
30590756
30591268
30591780
30592292
30592804
30593316
30593828
30594340
30594852
30595364
30590757
30591269
30591781
30592293
30592805
30593317
30593829
30594341
30594853
30595365
30590758
30591270
30591782
30592294
30592806
30593318
30593830
30594342
30594854
30595366
30590759
30591271
30591783
30592295
30592807
30593319
30593831
30594343
30594855
30595367
29741789
29742301
29742813
29743325
29743837
29744349
29744861
29745373
29745885
29746397
29741790
29742302
29742814
29743326
29743838
29744350
29744862
29745374
29745886
29746398
29741791
29742303
29742815
29743327
29743839
29744351
29744863
29745375
29745887
29746399
29741792
29742304
29742816
29743328
29743840
29744352
29744864
29745376
29745888
29746400
29741793
29742305
29742817
29743329
29743841
29744353
29744865
29745377
29745889
29746401
29741794
29742306
29742818
29743330
29743842
29744354
29744866
29745378
29745890
29746402
29741795
29742307
29742819
29743331
29743843
29744355
29744867
29745379
29745891
29746403
29741796
29742308
29742820
29743332
29743844
29744356
29744868
29745380
29745892
29746404
29741797
29742309
29742821
29743333
29743845
29744357
29744869
29745381
29745893
29746405
29741798
29742310
29742822
29743334
29743846
29744358
29744870
29745382
29745894
29746406
34727133
34727645
34728157
34728669
34729181
34729693
34730205
34730717
34731229
34731741
34727134
34727646
34728158
34728670
34729182
34729694
34730206
34730718
34731230
34731742
34727135
34727647
34728159
34728671
34729183
34729695
34730207
34730719
34731231
34731743
34727136
34727648
34728160
34728672
34729184
34729696
34730208
34730720
34731232
34731744
34727137
34727649
34728161
34728673
34729185
34729697
34730209
34730721
34731233
34731745
34727138
34727650
34728162
34728674
34729186
34729698
34730210
34730722
34731234
34731746
34727139
34727651
34728163
34728675
34729187
34729699
34730211
34730723
34731235
34731747
34727140
34727652
34728164
34728676
34729188
34729700
34730212
34730724
34731236
34731748
34727141
34727653
34728165
34728677
34729189
34729701
34730213
34730725
34731237
34731749
34727142
34727654
34728166
34728678
34729190
34729702
34730214
34730726
34731238
34731750
33700589
33701101
33701613
33702125
33702637
33703149
33703661
33704173
33704685
33705197
33700590
33701102
33701614
33702126
33702638
33703150
33703662
33704174
33704686
33705198
33700591
33701103
33701615
33702127
33702639
33703151
33703663
33704175
33704687
33705199
33700592
33701104
33701616
33702128
33702640
33703152
33703664
33704176
33704688
33705200
33700593
33701105
33701617
33702129
33702641
33703153
33703665
33704177
33704689
33705201
33700594
33701106
33701618
33702130
33702642
33703154
33703666
33704178
33704690
33705202
33700595
33701107
33701619
33702131
33702643
33703155
33703667
33704179
33704691
33705203
33700596
33701108
33701620
33702132
33702644
33703156
33703668
33704180
33704692
33705204
33700597
33701109
33701621
33702133
33702645
33703157
33703669
33704181
33704693
33705205
33700598
33701110
33701622
33702134
33702646
33703158
33703670
33704182
33704694
33705206
28359490
28360002
28360514
28361026
28361538
28362050
28362562
28363074
28363586
28364098
28359491
28360003
28360515
28361027
28361539
28362051
28362563
28363075
28363587
28364099
28359492
28360004
28360516
28361028
28361540
28362052
28362564
28363076
28363588
28364100
28359493
28360005
28360517
28361029
28361541
28362053
28362565
28363077
28363589
28364101
28359494
28360006
28360518
28361030
28361542
28362054
28362566
28363078
28363590
28364102
28359495
28360007
28360519
28361031
28361543
28362055
28362567
28363079
28363591
28364103
28359496
28360008
28360520
28361032
28361544
28362056
28362568
28363080
28363592
28364104
28359497
28360009
28360521
28361033
28361545
28362057
28362569
28363081
28363593
28364105
28359498
28360010
28360522
28361034
28361546
28362058
28362570
28363082
28363594
28364106
28359499
28360011
28360523
28361035
28361547
28362059
28362571
28363083
28363595
28364107
31838378
31838890
31839402
31839914
31840426
31840938
31841450
31841962
31842474
31842986
31838379
31838891
31839403
31839915
31840427
31840939
31841451
31841963
31842475
31842987
31838380
31838892
31839404
31839916
31840428
31840940
31841452
31841964
31842476
31842988
31838381
31838893
31839405
31839917
31840429
31840941
31841453
31841965
31842477
31842989
31838382
31838894
31839406
31839918
31840430
31840942
31841454
31841966
31842478
31842990
31838383
31838895
31839407
31839919
31840431
31840943
31841455
31841967
31842479
31842991
31838384
31838896
31839408
31839920
31840432
31840944
31841456
31841968
31842480
31842992
31838385
31838897
31839409
31839921
31840433
31840945
31841457
31841969
31842481
31842993
31838386
31838898
31839410
31839922
31840434
31840946
31841458
31841970
31842482
31842994
31838387
31838899
31839411
31839923
31840435
31840947
31841459
31841971
31842483
31842995
29978902
29979414
29979926
29980438
29980950
29981462
29981974
29982486
29982998
29983510
29978903
29979415
29979927
29980439
29980951
29981463
29981975
29982487
29982999
29983511
29978904
29979416
29979928
29980440
29980952
29981464
29981976
29982488
29983000
29983512
29978905
29979417
29979929
29980441
29980953
29981465
29981977
29982489
29983001
29983513
29978906
29979418
29979930
29980442
29980954
29981466
29981978
29982490
29983002
29983514
29978907
29979419
29979931
29980443
29980955
29981467
29981979
29982491
29983003
29983515
29978908
29979420
29979932
29980444
29980956
29981468
29981980
29982492
29983004
29983516
29978909
29979421
29979933
29980445
29980957
29981469
29981981
29982493
29983005
29983517
29978910
29979422
29979934
29980446
29980958
29981470
29981982
29982494
29983006
29983518
29978911
29979423
29979935
29980447
29980959
29981471
29981983
29982495
29983007
29983519
31296767
31297279
31297791
31298303
31298815
31299327
31299839
31300351
31300863
31301375
31296768
31297280
31297792
31298304
31298816
31299328
31299840
31300352
31300864
31301376
31296769
31297281
31297793
31298305
31298817
31299329
31299841
31300353
31300865
31301377
31296770
31297282
31297794
31298306
31298818
31299330
31299842
31300354
31300866
31301378
31296771
31297283
31297795
31298307
31298819
31299331
31299843
31300355
31300867
31301379
31296772
31297284
31297796
31298308
31298820
31299332
31299844
31300356
31300868
31301380
31296773
31297285
31297797
31298309
31298821
31299333
31299845
31300357
31300869
31301381
31296774
31297286
31297798
31298310
31298822
31299334
31299846
31300358
31300870
31301382
31296775
31297287
31297799
31298311
31298823
31299335
31299847
31300359
31300871
31301383
31296776
31297288
31297800
31298312
31298824
31299336
31299848
31300360
31300872
31301384
31377653
31378165
31378677
31379189
31379701
31380213
31380725
31381237
31381749
31382261
31377654
31378166
31378678
31379190
31379702
31380214
31380726
31381238
31381750
31382262
31377655
31378167
31378679
31379191
31379703
31380215
31380727
31381239
31381751
31382263
31377656
31378168
31378680
31379192
31379704
31380216
31380728
31381240
31381752
31382264
31377657
31378169
31378681
31379193
31379705
31380217
31380729
31381241
31381753
31382265
31377658
31378170
31378682
31379194
31379706
31380218
31380730
31381242
31381754
31382266
31377659
31378171
31378683
31379195
31379707
31380219
31380731
31381243
31381755
31382267
31377660
31378172
31378684
31379196
31379708
31380220
31380732
31381244
31381756
31382268
31377661
31378173
31378685
31379197
31379709
31380221
31380733
31381245
31381757
31382269
31377662
31378174
31378686
31379198
31379710
31380222
31380734
31381246
31381758
31382270
31773472
31773984
31774496
31775008
31775520
31776032
31776544
31777056
31777568
31778080
31773473
31773985
31774497
31775009
31775521
31776033
31776545
31777057
31777569
31778081
31773474
31773986
31774498
31775010
31775522
31776034
31776546
31777058
31777570
31778082
31773475
31773987
31774499
31775011
31775523
31776035
31776547
31777059
31777571
31778083
31773476
31773988
31774500
31775012
31775524
31776036
31776548
31777060
31777572
31778084
31773477
31773989
31774501
31775013
31775525
31776037
31776549
31777061
31777573
31778085
31773478
31773990
31774502
31775014
31775526
31776038
31776550
31777062
31777574
31778086
31773479
31773991
31774503
31775015
31775527
31776039
31776551
31777063
31777575
31778087
31773480
31773992
31774504
31775016
31775528
31776040
31776552
31777064
31777576
31778088
31773481
31773993
31774505
31775017
31775529
31776041
31776553
31777065
31777577
31778089
26001720
26002232
26002744
26003256
26003768
26004280
26004792
26005304
26005816
26006328
26001721
26002233
26002745
26003257
26003769
26004281
26004793
26005305
26005817
26006329
26001722
26002234
26002746
26003258
26003770
26004282
26004794
26005306
26005818
26006330
26001723
26002235
26002747
26003259
26003771
26004283
26004795
26005307
26005819
26006331
26001724
26002236
26002748
26003260
26003772
26004284
26004796
26005308
26005820
26006332
26001725
26002237
26002749
26003261
26003773
26004285
26004797
26005309
26005821
26006333
26001726
26002238
26002750
26003262
26003774
26004286
26004798
26005310
26005822
26006334
26001727
26002239
26002751
26003263
26003775
26004287
26004799
26005311
26005823
26006335
26001728
26002240
26002752
26003264
26003776
26004288
26004800
26005312
26005824
26006336
26001729
26002241
26002753
26003265
26003777
26004289
26004801
26005313
26005825
26006337
34473668
34474180
34474692
34475204
34475716
34476228
34476740
34477252
34477764
34478276
34473669
34474181
34474693
34475205
34475717
34476229
34476741
34477253
34477765
34478277
34473670
34474182
34474694
34475206
34475718
34476230
34476742
34477254
34477766
34478278
34473671
34474183
34474695
34475207
34475719
34476231
34476743
34477255
34477767
34478279
34473672
34474184
34474696
34475208
34475720
34476232
34476744
34477256
34477768
34478280
34473673
34474185
34474697
34475209
34475721
34476233
34476745
34477257
34477769
34478281
34473674
34474186
34474698
34475210
34475722
34476234
34476746
34477258
34477770
34478282
34473675
34474187
34474699
34475211
34475723
34476235
34476747
34477259
34477771
34478283
34473676
34474188
34474700
34475212
34475724
34476236
34476748
34477260
34477772
34478284
34473677
34474189
34474701
34475213
34475725
34476237
34476749
34477261
34477773
34478285
34135799
34136311
34136823
34137335
34137847
34138359
34138871
34139383
34139895
34140407
34135800
34136312
34136824
34137336
34137848
34138360
34138872
34139384
34139896
34140408
34135801
34136313
34136825
34137337
34137849
34138361
34138873
34139385
34139897
34140409
34135802
34136314
34136826
34137338
34137850
34138362
34138874
34139386
34139898
34140410
34135803
34136315
34136827
34137339
34137851
34138363
34138875
34139387
34139899
34140411
34135804
34136316
34136828
34137340
34137852
34138364
34138876
34139388
34139900
34140412
34135805
34136317
34136829
34137341
34137853
34138365
34138877
34139389
34139901
34140413
34135806
34136318
34136830
34137342
34137854
34138366
34138878
34139390
34139902
34140414
34135807
34136319
34136831
34137343
34137855
34138367
34138879
34139391
34139903
34140415
34135808
34136320
34136832
34137344
34137856
34138368
34138880
34139392
34139904
34140416
30023921
30024433
30024945
30025457
30025969
30026481
30026993
30027505
30028017
30028529
30023922
30024434
30024946
30025458
30025970
30026482
30026994
30027506
30028018
30028530
30023923
30024435
30024947
30025459
30025971
30026483
30026995
30027507
30028019
30028531
30023924
30024436
30024948
30025460
30025972
30026484
30026996
30027508
30028020
30028532
30023925
30024437
30024949
30025461
30025973
30026485
30026997
30027509
30028021
30028533
30023926
30024438
30024950
30025462
30025974
30026486
30026998
30027510
30028022
30028534
30023927
30024439
30024951
30025463
30025975
30026487
30026999
30027511
30028023
30028535
30023928
30024440
30024952
30025464
30025976
30026488
30027000
30027512
30028024
30028536
30023929
30024441
30024953
30025465
30025977
30026489
30027001
30027513
30028025
30028537
30023930
30024442
30024954
30025466
30025978
30026490
30027002
30027514
30028026
30028538
26532191
26532703
26533215
26533727
26534239
26534751
26535263
26535775
26536287
26536799
26532192
26532704
26533216
26533728
26534240
26534752
26535264
26535776
26536288
26536800
26532193
26532705
26533217
26533729
26534241
26534753
26535265
26535777
26536289
26536801
26532194
26532706
26533218
26533730
26534242
26534754
26535266
26535778
26536290
26536802
26532195
26532707
26533219
26533731
26534243
26534755
26535267
26535779
26536291
26536803
26532196
26532708
26533220
26533732
26534244
26534756
26535268
26535780
26536292
26536804
26532197
26532709
26533221
26533733
26534245
26534757
26535269
26535781
26536293
26536805
26532198
26532710
26533222
26533734
26534246
26534758
26535270
26535782
26536294
26536806
26532199
26532711
26533223
26533735
26534247
26534759
26535271
26535783
26536295
26536807
26532200
26532712
26533224
26533736
26534248
26534760
26535272
26535784
26536296
26536808
34218702
34219214
34219726
34220238
34220750
34221262
34221774
34222286
34222798
34223310
34218703
34219215
34219727
34220239
34220751
34221263
34221775
34222287
34222799
34223311
34218704
34219216
34219728
34220240
34220752
34221264
34221776
34222288
34222800
34223312
34218705
34219217
34219729
34220241
34220753
34221265
34221777
34222289
34222801
34223313
34218706
34219218
34219730
34220242
34220754
34221266
34221778
34222290
34222802
34223314
34218707
34219219
34219731
34220243
34220755
34221267
34221779
34222291
34222803
34223315
34218708
34219220
34219732
34220244
34220756
34221268
34221780
34222292
34222804
34223316
34218709
34219221
34219733
34220245
34220757
34221269
34221781
34222293
34222805
34223317
34218710
34219222
34219734
34220246
34220758
34221270
34221782
34222294
34222806
34223318
34218711
34219223
34219735
34220247
34220759
34221271
34221783
34222295
34222807
34223319
