24710383
24710895
24711407
24711919
24712431
24712943
24713455
24713967
24714479
24714991
24710384
24710896
24711408
24711920
24712432
24712944
24713456
24713968
24714480
24714992
24710385
24710897
24711409
24711921
24712433
24712945
24713457
24713969
24714481
24714993
24710386
24710898
24711410
24711922
24712434
24712946
24713458
24713970
24714482
24714994
24710387
24710899
24711411
24711923
24712435
24712947
24713459
24713971
24714483
24714995
24710388
24710900
24711412
24711924
24712436
24712948
24713460
24713972
24714484
24714996
24710389
24710901
24711413
24711925
24712437
24712949
24713461
24713973
24714485
24714997
24710390
24710902
24711414
24711926
24712438
24712950
24713462
24713974
24714486
24714998
24710391
24710903
24711415
24711927
24712439
24712951
24713463
24713975
24714487
24714999
24710392
24710904
24711416
24711928
24712440
24712952
24713464
24713976
24714488
24715000
30794968
30795480
30795992
30796504
30797016
30797528
30798040
30798552
30799064
30799576
30794969
30795481
30795993
30796505
30797017
30797529
30798041
30798553
30799065
30799577
30794970
30795482
30795994
30796506
30797018
30797530
30798042
30798554
30799066
30799578
30794971
30795483
30795995
30796507
30797019
30797531
30798043
30798555
30799067
30799579
30794972
30795484
30795996
30796508
30797020
30797532
30798044
30798556
30799068
30799580
30794973
30795485
30795997
30796509
30797021
30797533
30798045
30798557
30799069
30799581
30794974
30795486
30795998
30796510
30797022
30797534
30798046
30798558
30799070
30799582
30794975
30795487
30795999
30796511
30797023
30797535
30798047
30798559
30799071
30799583
30794976
30795488
30796000
30796512
30797024
30797536
30798048
30798560
30799072
30799584
30794977
30795489
30796001
30796513
30797025
30797537
30798049
30798561
30799073
30799585
32300249
32300761
32301273
32301785
32302297
32302809
32303321
32303833
32304345
32304857
32300250
32300762
32301274
32301786
32302298
32302810
32303322
32303834
32304346
32304858
32300251
32300763
32301275
32301787
32302299
32302811
32303323
32303835
32304347
32304859
32300252
32300764
32301276
32301788
32302300
32302812
32303324
32303836
32304348
32304860
32300253
32300765
32301277
32301789
32302301
32302813
32303325
32303837
32304349
32304861
32300254
32300766
32301278
32301790
32302302
32302814
32303326
32303838
32304350
32304862
32300255
32300767
32301279
32301791
32302303
32302815
32303327
32303839
32304351
32304863
32300256
32300768
32301280
32301792
32302304
32302816
32303328
32303840
32304352
32304864
32300257
32300769
32301281
32301793
32302305
32302817
32303329
32303841
32304353
32304865
32300258
32300770
32301282
32301794
32302306
32302818
32303330
32303842
32304354
32304866
22331128
22331640
22332152
22332664
22333176
22333688
22334200
22334712
22335224
22335736
22331129
22331641
22332153
22332665
22333177
22333689
22334201
22334713
22335225
22335737
22331130
22331642
22332154
22332666
22333178
22333690
22334202
22334714
22335226
22335738
22331131
22331643
22332155
22332667
22333179
22333691
22334203
22334715
22335227
22335739
22331132
22331644
22332156
22332668
22333180
22333692
22334204
22334716
22335228
22335740
22331133
22331645
22332157
22332669
22333181
22333693
22334205
22334717
22335229
22335741
22331134
22331646
22332158
22332670
22333182
22333694
22334206
22334718
22335230
22335742
22331135
22331647
22332159
22332671
22333183
22333695
22334207
22334719
22335231
22335743
22331136
22331648
22332160
22332672
22333184
22333696
22334208
22334720
22335232
22335744
22331137
22331649
22332161
22332673
22333185
22333697
22334209
22334721
22335233
22335745
33431778
33432290
33432802
33433314
33433826
33434338
33434850
33435362
33435874
33436386
33431779
33432291
33432803
33433315
33433827
33434339
33434851
33435363
33435875
33436387
33431780
33432292
33432804
33433316
33433828
33434340
33434852
33435364
33435876
33436388
33431781
33432293
33432805
33433317
33433829
33434341
33434853
33435365
33435877
33436389
33431782
33432294
33432806
33433318
33433830
33434342
33434854
33435366
33435878
33436390
33431783
33432295
33432807
33433319
33433831
33434343
33434855
33435367
33435879
33436391
33431784
33432296
33432808
33433320
33433832
33434344
33434856
33435368
33435880
33436392
33431785
33432297
33432809
33433321
33433833
33434345
33434857
33435369
33435881
33436393
33431786
33432298
33432810
33433322
33433834
33434346
33434858
33435370
33435882
33436394
33431787
33432299
33432811
33433323
33433835
33434347
33434859
33435371
33435883
33436395
32833298
32833810
32834322
32834834
32835346
32835858
32836370
32836882
32837394
32837906
32833299
32833811
32834323
32834835
32835347
32835859
32836371
32836883
32837395
32837907
32833300
32833812
32834324
32834836
32835348
32835860
32836372
32836884
32837396
32837908
32833301
32833813
32834325
32834837
32835349
32835861
32836373
32836885
32837397
32837909
32833302
32833814
32834326
32834838
32835350
32835862
32836374
32836886
32837398
32837910
32833303
32833815
32834327
32834839
32835351
32835863
32836375
32836887
32837399
32837911
32833304
32833816
32834328
32834840
32835352
32835864
32836376
32836888
32837400
32837912
32833305
32833817
32834329
32834841
32835353
32835865
32836377
32836889
32837401
32837913
32833306
32833818
32834330
32834842
32835354
32835866
32836378
32836890
32837402
32837914
32833307
32833819
32834331
32834843
32835355
32835867
32836379
32836891
32837403
32837915
24688388
24688900
24689412
24689924
24690436
24690948
24691460
24691972
24692484
24692996
24688389
24688901
24689413
24689925
24690437
24690949
24691461
24691973
24692485
24692997
24688390
24688902
24689414
24689926
24690438
24690950
24691462
24691974
24692486
24692998
24688391
24688903
24689415
24689927
24690439
24690951
24691463
24691975
24692487
24692999
24688392
24688904
24689416
24689928
24690440
24690952
24691464
24691976
24692488
24693000
24688393
24688905
24689417
24689929
24690441
24690953
24691465
24691977
24692489
24693001
24688394
24688906
24689418
24689930
24690442
24690954
24691466
24691978
24692490
24693002
24688395
24688907
24689419
24689931
24690443
24690955
24691467
24691979
24692491
24693003
24688396
24688908
24689420
24689932
24690444
24690956
24691468
24691980
24692492
24693004
24688397
24688909
24689421
24689933
24690445
24690957
24691469
24691981
24692493
24693005
31772907
31773419
31773931
31774443
31774955
31775467
31775979
31776491
31777003
31777515
31772908
31773420
31773932
31774444
31774956
31775468
31775980
31776492
31777004
31777516
31772909
31773421
31773933
31774445
31774957
31775469
31775981
31776493
31777005
31777517
31772910
31773422
31773934
31774446
31774958
31775470
31775982
31776494
31777006
31777518
31772911
31773423
31773935
31774447
31774959
31775471
31775983
31776495
31777007
31777519
31772912
31773424
31773936
31774448
31774960
31775472
31775984
31776496
31777008
31777520
31772913
31773425
31773937
31774449
31774961
31775473
31775985
31776497
31777009
31777521
31772914
31773426
31773938
31774450
31774962
31775474
31775986
31776498
31777010
31777522
31772915
31773427
31773939
31774451
31774963
31775475
31775987
31776499
31777011
31777523
31772916
31773428
31773940
31774452
31774964
31775476
31775988
31776500
31777012
31777524
34673875
34674387
34674899
34675411
34675923
34676435
34676947
34677459
34677971
34678483
34673876
34674388
34674900
34675412
34675924
34676436
34676948
34677460
34677972
34678484
34673877
34674389
34674901
34675413
34675925
34676437
34676949
34677461
34677973
34678485
34673878
34674390
34674902
34675414
34675926
34676438
34676950
34677462
34677974
34678486
34673879
34674391
34674903
34675415
34675927
34676439
34676951
34677463
34677975
34678487
34673880
34674392
34674904
34675416
34675928
34676440
34676952
34677464
34677976
34678488
34673881
34674393
34674905
34675417
34675929
34676441
34676953
34677465
34677977
34678489
34673882
34674394
34674906
34675418
34675930
34676442
34676954
34677466
34677978
34678490
34673883
34674395
34674907
34675419
34675931
34676443
34676955
34677467
34677979
34678491
34673884
34674396
34674908
34675420
34675932
34676444
34676956
34677468
34677980
34678492
27599628
27600140
27600652
27601164
27601676
27602188
27602700
27603212
27603724
27604236
27599629
27600141
27600653
27601165
27601677
27602189
27602701
27603213
27603725
27604237
27599630
27600142
27600654
27601166
27601678
27602190
27602702
27603214
27603726
27604238
27599631
27600143
27600655
27601167
27601679
27602191
27602703
27603215
27603727
27604239
27599632
27600144
27600656
27601168
27601680
27602192
27602704
27603216
27603728
27604240
27599633
27600145
27600657
27601169
27601681
27602193
27602705
27603217
27603729
27604241
27599634
27600146
27600658
27601170
27601682
27602194
27602706
27603218
27603730
27604242
27599635
27600147
27600659
27601171
27601683
27602195
27602707
27603219
27603731
27604243
27599636
27600148
27600660
27601172
27601684
27602196
27602708
27603220
27603732
27604244
27599637
27600149
27600661
27601173
27601685
27602197
27602709
27603221
27603733
27604245
27323708
27324220
27324732
27325244
27325756
27326268
27326780
27327292
27327804
27328316
27323709
27324221
27324733
27325245
27325757
27326269
27326781
27327293
27327805
27328317
27323710
27324222
27324734
27325246
27325758
27326270
27326782
27327294
27327806
27328318
27323711
27324223
27324735
27325247
27325759
27326271
27326783
27327295
27327807
27328319
27323712
27324224
27324736
27325248
27325760
27326272
27326784
27327296
27327808
27328320
27323713
27324225
27324737
27325249
27325761
27326273
27326785
27327297
27327809
27328321
27323714
27324226
27324738
27325250
27325762
27326274
27326786
27327298
27327810
27328322
27323715
27324227
27324739
27325251
27325763
27326275
27326787
27327299
27327811
27328323
27323716
27324228
27324740
27325252
27325764
27326276
27326788
27327300
27327812
27328324
27323717
27324229
27324741
27325253
27325765
27326277
27326789
27327301
27327813
27328325
27043648
27044160
27044672
27045184
27045696
27046208
27046720
27047232
27047744
27048256
27043649
27044161
27044673
27045185
27045697
27046209
27046721
27047233
27047745
27048257
27043650
27044162
27044674
27045186
27045698
27046210
27046722
27047234
27047746
27048258
27043651
27044163
27044675
27045187
27045699
27046211
27046723
27047235
27047747
27048259
27043652
27044164
27044676
27045188
27045700
27046212
27046724
27047236
27047748
27048260
27043653
27044165
27044677
27045189
27045701
27046213
27046725
27047237
27047749
27048261
27043654
27044166
27044678
27045190
27045702
27046214
27046726
27047238
27047750
27048262
27043655
27044167
27044679
27045191
27045703
27046215
27046727
27047239
27047751
27048263
27043656
27044168
27044680
27045192
27045704
27046216
27046728
27047240
27047752
27048264
27043657
27044169
27044681
27045193
27045705
27046217
27046729
27047241
27047753
27048265
37288699
37289211
37289723
37290235
37290747
37291259
37291771
37292283
37292795
37293307
37288700
37289212
37289724
37290236
37290748
37291260
37291772
37292284
37292796
37293308
37288701
37289213
37289725
37290237
37290749
37291261
37291773
37292285
37292797
37293309
37288702
37289214
37289726
37290238
37290750
37291262
37291774
37292286
37292798
37293310
37288703
37289215
37289727
37290239
37290751
37291263
37291775
37292287
37292799
37293311
37288704
37289216
37289728
37290240
37290752
37291264
37291776
37292288
37292800
37293312
37288705
37289217
37289729
37290241
37290753
37291265
37291777
37292289
37292801
37293313
37288706
37289218
37289730
37290242
37290754
37291266
37291778
37292290
37292802
37293314
37288707
37289219
37289731
37290243
37290755
37291267
37291779
37292291
37292803
37293315
37288708
37289220
37289732
37290244
37290756
37291268
37291780
37292292
37292804
37293316
26281300
26281812
26282324
26282836
26283348
26283860
26284372
26284884
26285396
26285908
26281301
26281813
26282325
26282837
26283349
26283861
26284373
26284885
26285397
26285909
26281302
26281814
26282326
26282838
26283350
26283862
26284374
26284886
26285398
26285910
26281303
26281815
26282327
26282839
26283351
26283863
26284375
26284887
26285399
26285911
26281304
26281816
26282328
26282840
26283352
26283864
26284376
26284888
26285400
26285912
26281305
26281817
26282329
26282841
26283353
26283865
26284377
26284889
26285401
26285913
26281306
26281818
26282330
26282842
26283354
26283866
26284378
26284890
26285402
26285914
26281307
26281819
26282331
26282843
26283355
26283867
26284379
26284891
26285403
26285915
26281308
26281820
26282332
26282844
26283356
26283868
26284380
26284892
26285404
26285916
26281309
26281821
26282333
26282845
26283357
26283869
26284381
26284893
26285405
26285917
25807649
25808161
25808673
25809185
25809697
25810209
25810721
25811233
25811745
25812257
25807650
25808162
25808674
25809186
25809698
25810210
25810722
25811234
25811746
25812258
25807651
25808163
25808675
25809187
25809699
25810211
25810723
25811235
25811747
25812259
25807652
25808164
25808676
25809188
25809700
25810212
25810724
25811236
25811748
25812260
25807653
25808165
25808677
25809189
25809701
25810213
25810725
25811237
25811749
25812261
25807654
25808166
25808678
25809190
25809702
25810214
25810726
25811238
25811750
25812262
25807655
25808167
25808679
25809191
25809703
25810215
25810727
25811239
25811751
25812263
25807656
25808168
25808680
25809192
25809704
25810216
25810728
25811240
25811752
25812264
25807657
25808169
25808681
25809193
25809705
25810217
25810729
25811241
25811753
25812265
25807658
25808170
25808682
25809194
25809706
25810218
25810730
25811242
25811754
25812266
35711754
35712266
35712778
35713290
35713802
35714314
35714826
35715338
35715850
35716362
35711755
35712267
35712779
35713291
35713803
35714315
35714827
35715339
35715851
35716363
35711756
35712268
35712780
35713292
35713804
35714316
35714828
35715340
35715852
35716364
35711757
35712269
35712781
35713293
35713805
35714317
35714829
35715341
35715853
35716365
35711758
35712270
35712782
35713294
35713806
35714318
35714830
35715342
35715854
35716366
35711759
35712271
35712783
35713295
35713807
35714319
35714831
35715343
35715855
35716367
35711760
35712272
35712784
35713296
35713808
35714320
35714832
35715344
35715856
35716368
35711761
35712273
35712785
35713297
35713809
35714321
35714833
35715345
35715857
35716369
35711762
35712274
35712786
35713298
35713810
35714322
35714834
35715346
35715858
35716370
35711763
35712275
35712787
35713299
35713811
35714323
35714835
35715347
35715859
35716371
35248326
35248838
35249350
35249862
35250374
35250886
35251398
35251910
35252422
35252934
35248327
35248839
35249351
35249863
35250375
35250887
35251399
35251911
35252423
35252935
35248328
35248840
35249352
35249864
35250376
35250888
35251400
35251912
35252424
35252936
35248329
35248841
35249353
35249865
35250377
35250889
35251401
35251913
35252425
35252937
35248330
35248842
35249354
35249866
35250378
35250890
35251402
35251914
35252426
35252938
35248331
35248843
35249355
35249867
35250379
35250891
35251403
35251915
35252427
35252939
35248332
35248844
35249356
35249868
35250380
35250892
35251404
35251916
35252428
35252940
35248333
35248845
35249357
35249869
35250381
35250893
35251405
35251917
35252429
35252941
35248334
35248846
35249358
35249870
35250382
35250894
35251406
35251918
35252430
35252942
35248335
35248847
35249359
35249871
35250383
35250895
35251407
35251919
35252431
35252943
31325915
31326427
31326939
31327451
31327963
31328475
31328987
31329499
31330011
31330523
31325916
31326428
31326940
31327452
31327964
31328476
31328988
31329500
31330012
31330524
31325917
31326429
31326941
31327453
31327965
31328477
31328989
31329501
31330013
31330525
31325918
31326430
31326942
31327454
31327966
31328478
31328990
31329502
31330014
31330526
31325919
31326431
31326943
31327455
31327967
31328479
31328991
31329503
31330015
31330527
31325920
31326432
31326944
31327456
31327968
31328480
31328992
31329504
31330016
31330528
31325921
31326433
31326945
31327457
31327969
31328481
31328993
31329505
31330017
31330529
31325922
31326434
31326946
31327458
31327970
31328482
31328994
31329506
31330018
31330530
31325923
31326435
31326947
31327459
31327971
31328483
31328995
31329507
31330019
31330531
31325924
31326436
31326948
31327460
31327972
31328484
31328996
31329508
31330020
31330532
25478978
25479490
25480002
25480514
25481026
25481538
25482050
25482562
25483074
25483586
25478979
25479491
25480003
25480515
25481027
25481539
25482051
25482563
25483075
25483587
25478980
25479492
25480004
25480516
25481028
25481540
25482052
25482564
25483076
25483588
25478981
25479493
25480005
25480517
25481029
25481541
25482053
25482565
25483077
25483589
25478982
25479494
25480006
25480518
25481030
25481542
25482054
25482566
25483078
25483590
25478983
25479495
25480007
25480519
25481031
25481543
25482055
25482567
25483079
25483591
25478984
25479496
25480008
25480520
25481032
25481544
25482056
25482568
25483080
25483592
25478985
25479497
25480009
25480521
25481033
25481545
25482057
25482569
25483081
25483593
25478986
25479498
25480010
25480522
25481034
25481546
25482058
25482570
25483082
25483594
25478987
25479499
25480011
25480523
25481035
25481547
25482059
25482571
25483083
25483595
24429322
24429834
24430346
24430858
24431370
24431882
24432394
24432906
24433418
24433930
24429323
24429835
24430347
24430859
24431371
24431883
24432395
24432907
24433419
24433931
24429324
24429836
24430348
24430860
24431372
24431884
24432396
24432908
24433420
24433932
24429325
24429837
24430349
24430861
24431373
24431885
24432397
24432909
24433421
24433933
24429326
24429838
24430350
24430862
24431374
24431886
24432398
24432910
24433422
24433934
24429327
24429839
24430351
24430863
24431375
24431887
24432399
24432911
24433423
24433935
24429328
24429840
24430352
24430864
24431376
24431888
24432400
24432912
24433424
24433936
24429329
24429841
24430353
24430865
24431377
24431889
24432401
24432913
24433425
24433937
24429330
24429842
24430354
24430866
24431378
24431890
24432402
24432914
24433426
24433938
24429331
24429843
24430355
24430867
24431379
24431891
24432403
24432915
24433427
24433939
27360074
27360586
27361098
27361610
27362122
27362634
27363146
27363658
27364170
27364682
27360075
27360587
27361099
27361611
27362123
27362635
27363147
27363659
27364171
27364683
27360076
27360588
27361100
27361612
27362124
27362636
27363148
27363660
27364172
27364684
27360077
27360589
27361101
27361613
27362125
27362637
27363149
27363661
27364173
27364685
27360078
27360590
27361102
27361614
27362126
27362638
27363150
27363662
27364174
27364686
27360079
27360591
27361103
27361615
27362127
27362639
27363151
27363663
27364175
27364687
27360080
27360592
27361104
27361616
27362128
27362640
27363152
27363664
27364176
27364688
27360081
27360593
27361105
27361617
27362129
27362641
27363153
27363665
27364177
27364689
27360082
27360594
27361106
27361618
27362130
27362642
27363154
27363666
27364178
27364690
27360083
27360595
27361107
27361619
27362131
27362643
27363155
27363667
27364179
27364691
30229176
30229688
30230200
30230712
30231224
30231736
30232248
30232760
30233272
30233784
30229177
30229689
30230201
30230713
30231225
30231737
30232249
30232761
30233273
30233785
30229178
30229690
30230202
30230714
30231226
30231738
30232250
30232762
30233274
30233786
30229179
30229691
30230203
30230715
30231227
30231739
30232251
30232763
30233275
30233787
30229180
30229692
30230204
30230716
30231228
30231740
30232252
30232764
30233276
30233788
30229181
30229693
30230205
30230717
30231229
30231741
30232253
30232765
30233277
30233789
30229182
30229694
30230206
30230718
30231230
30231742
30232254
30232766
30233278
30233790
30229183
30229695
30230207
30230719
30231231
30231743
30232255
30232767
30233279
30233791
30229184
30229696
30230208
30230720
30231232
30231744
30232256
30232768
30233280
30233792
30229185
30229697
30230209
30230721
30231233
30231745
30232257
30232769
30233281
30233793
34466017
34466529
34467041
34467553
34468065
34468577
34469089
34469601
34470113
34470625
34466018
34466530
34467042
34467554
34468066
34468578
34469090
34469602
34470114
34470626
34466019
34466531
34467043
34467555
34468067
34468579
34469091
34469603
34470115
34470627
34466020
34466532
34467044
34467556
34468068
34468580
34469092
34469604
34470116
34470628
34466021
34466533
34467045
34467557
34468069
34468581
34469093
34469605
34470117
34470629
34466022
34466534
34467046
34467558
34468070
34468582
34469094
34469606
34470118
34470630
34466023
34466535
34467047
34467559
34468071
34468583
34469095
34469607
34470119
34470631
34466024
34466536
34467048
34467560
34468072
34468584
34469096
34469608
34470120
34470632
34466025
34466537
34467049
34467561
34468073
34468585
34469097
34469609
34470121
34470633
34466026
34466538
34467050
34467562
34468074
34468586
34469098
34469610
34470122
34470634
28664646
28665158
28665670
28666182
28666694
28667206
28667718
28668230
28668742
28669254
28664647
28665159
28665671
28666183
28666695
28667207
28667719
28668231
28668743
28669255
28664648
28665160
28665672
28666184
28666696
28667208
28667720
28668232
28668744
28669256
28664649
28665161
28665673
28666185
28666697
28667209
28667721
28668233
28668745
28669257
28664650
28665162
28665674
28666186
28666698
28667210
28667722
28668234
28668746
28669258
28664651
28665163
28665675
28666187
28666699
28667211
28667723
28668235
28668747
28669259
28664652
28665164
28665676
28666188
28666700
28667212
28667724
28668236
28668748
28669260
28664653
28665165
28665677
28666189
28666701
28667213
28667725
28668237
28668749
28669261
28664654
28665166
28665678
28666190
28666702
28667214
28667726
28668238
28668750
28669262
28664655
28665167
28665679
28666191
28666703
28667215
28667727
28668239
28668751
28669263
22328142
22328654
22329166
22329678
22330190
22330702
22331214
22331726
22332238
22332750
22328143
22328655
22329167
22329679
22330191
22330703
22331215
22331727
22332239
22332751
22328144
22328656
22329168
22329680
22330192
22330704
22331216
22331728
22332240
22332752
22328145
22328657
22329169
22329681
22330193
22330705
22331217
22331729
22332241
22332753
22328146
22328658
22329170
22329682
22330194
22330706
22331218
22331730
22332242
22332754
22328147
22328659
22329171
22329683
22330195
22330707
22331219
22331731
22332243
22332755
22328148
22328660
22329172
22329684
22330196
22330708
22331220
22331732
22332244
22332756
22328149
22328661
22329173
22329685
22330197
22330709
22331221
22331733
22332245
22332757
22328150
22328662
22329174
22329686
22330198
22330710
22331222
22331734
22332246
22332758
22328151
22328663
22329175
22329687
22330199
22330711
22331223
22331735
22332247
22332759
30212436
30212948
30213460
30213972
30214484
30214996
30215508
30216020
30216532
30217044
30212437
30212949
30213461
30213973
30214485
30214997
30215509
30216021
30216533
30217045
30212438
30212950
30213462
30213974
30214486
30214998
30215510
30216022
30216534
30217046
30212439
30212951
30213463
30213975
30214487
30214999
30215511
30216023
30216535
30217047
30212440
30212952
30213464
30213976
30214488
30215000
30215512
30216024
30216536
30217048
30212441
30212953
30213465
30213977
30214489
30215001
30215513
30216025
30216537
30217049
30212442
30212954
30213466
30213978
30214490
30215002
30215514
30216026
30216538
30217050
30212443
30212955
30213467
30213979
30214491
30215003
30215515
30216027
30216539
30217051
30212444
30212956
30213468
30213980
30214492
30215004
30215516
30216028
30216540
30217052
30212445
30212957
30213469
30213981
30214493
30215005
30215517
30216029
30216541
30217053
28630797
28631309
28631821
28632333
28632845
28633357
28633869
28634381
28634893
28635405
28630798
28631310
28631822
28632334
28632846
28633358
28633870
28634382
28634894
28635406
28630799
28631311
28631823
28632335
28632847
28633359
28633871
28634383
28634895
28635407
28630800
28631312
28631824
28632336
28632848
28633360
28633872
28634384
28634896
28635408
28630801
28631313
28631825
28632337
28632849
28633361
28633873
28634385
28634897
28635409
28630802
28631314
28631826
28632338
28632850
28633362
28633874
28634386
28634898
28635410
28630803
28631315
28631827
28632339
28632851
28633363
28633875
28634387
28634899
28635411
28630804
28631316
28631828
28632340
28632852
28633364
28633876
28634388
28634900
28635412
28630805
28631317
28631829
28632341
28632853
28633365
28633877
28634389
28634901
28635413
28630806
28631318
28631830
28632342
28632854
28633366
28633878
28634390
28634902
28635414
34971865
34972377
34972889
34973401
34973913
34974425
34974937
34975449
34975961
34976473
34971866
34972378
34972890
34973402
34973914
34974426
34974938
34975450
34975962
34976474
34971867
34972379
34972891
34973403
34973915
34974427
34974939
34975451
34975963
34976475
34971868
34972380
34972892
34973404
34973916
34974428
34974940
34975452
34975964
34976476
34971869
34972381
34972893
34973405
34973917
34974429
34974941
34975453
34975965
34976477
34971870
34972382
34972894
34973406
34973918
34974430
34974942
34975454
34975966
34976478
34971871
34972383
34972895
34973407
34973919
34974431
34974943
34975455
34975967
34976479
34971872
34972384
34972896
34973408
34973920
34974432
34974944
34975456
34975968
34976480
34971873
34972385
34972897
34973409
34973921
34974433
34974945
34975457
34975969
34976481
34971874
34972386
34972898
34973410
34973922
34974434
34974946
34975458
34975970
34976482
32069435
32069947
32070459
32070971
32071483
32071995
32072507
32073019
32073531
32074043
32069436
32069948
32070460
32070972
32071484
32071996
32072508
32073020
32073532
32074044
32069437
32069949
32070461
32070973
32071485
32071997
32072509
32073021
32073533
32074045
32069438
32069950
32070462
32070974
32071486
32071998
32072510
32073022
32073534
32074046
32069439
32069951
32070463
32070975
32071487
32071999
32072511
32073023
32073535
32074047
32069440
32069952
32070464
32070976
32071488
32072000
32072512
32073024
32073536
32074048
32069441
32069953
32070465
32070977
32071489
32072001
32072513
32073025
32073537
32074049
32069442
32069954
32070466
32070978
32071490
32072002
32072514
32073026
32073538
32074050
32069443
32069955
32070467
32070979
32071491
32072003
32072515
32073027
32073539
32074051
32069444
32069956
32070468
32070980
32071492
32072004
32072516
32073028
32073540
32074052
28923177
28923689
28924201
28924713
28925225
28925737
28926249
28926761
28927273
28927785
28923178
28923690
28924202
28924714
28925226
28925738
28926250
28926762
28927274
28927786
28923179
28923691
28924203
28924715
28925227
28925739
28926251
28926763
28927275
28927787
28923180
28923692
28924204
28924716
28925228
28925740
28926252
28926764
28927276
28927788
28923181
28923693
28924205
28924717
28925229
28925741
28926253
28926765
28927277
28927789
28923182
28923694
28924206
28924718
28925230
28925742
28926254
28926766
28927278
28927790
28923183
28923695
28924207
28924719
28925231
28925743
28926255
28926767
28927279
28927791
28923184
28923696
28924208
28924720
28925232
28925744
28926256
28926768
28927280
28927792
28923185
28923697
28924209
28924721
28925233
28925745
28926257
28926769
28927281
28927793
28923186
28923698
28924210
28924722
28925234
28925746
28926258
28926770
28927282
28927794
