30465347
30465859
30466371
30466883
30467395
30467907
30468419
30468931
30469443
30469955
30465348
30465860
30466372
30466884
30467396
30467908
30468420
30468932
30469444
30469956
30465349
30465861
30466373
30466885
30467397
30467909
30468421
30468933
30469445
30469957
30465350
30465862
30466374
30466886
30467398
30467910
30468422
30468934
30469446
30469958
30465351
30465863
30466375
30466887
30467399
30467911
30468423
30468935
30469447
30469959
30465352
30465864
30466376
30466888
30467400
30467912
30468424
30468936
30469448
30469960
30465353
30465865
30466377
30466889
30467401
30467913
30468425
30468937
30469449
30469961
30465354
30465866
30466378
30466890
30467402
30467914
30468426
30468938
30469450
30469962
30465355
30465867
30466379
30466891
30467403
30467915
30468427
30468939
30469451
30469963
30465356
30465868
30466380
30466892
30467404
30467916
30468428
30468940
30469452
30469964
31889148
31889660
31890172
31890684
31891196
31891708
31892220
31892732
31893244
31893756
31889149
31889661
31890173
31890685
31891197
31891709
31892221
31892733
31893245
31893757
31889150
31889662
31890174
31890686
31891198
31891710
31892222
31892734
31893246
31893758
31889151
31889663
31890175
31890687
31891199
31891711
31892223
31892735
31893247
31893759
31889152
31889664
31890176
31890688
31891200
31891712
31892224
31892736
31893248
31893760
31889153
31889665
31890177
31890689
31891201
31891713
31892225
31892737
31893249
31893761
31889154
31889666
31890178
31890690
31891202
31891714
31892226
31892738
31893250
31893762
31889155
31889667
31890179
31890691
31891203
31891715
31892227
31892739
31893251
31893763
31889156
31889668
31890180
31890692
31891204
31891716
31892228
31892740
31893252
31893764
31889157
31889669
31890181
31890693
31891205
31891717
31892229
31892741
31893253
31893765
31003401
31003913
31004425
31004937
31005449
31005961
31006473
31006985
31007497
31008009
31003402
31003914
31004426
31004938
31005450
31005962
31006474
31006986
31007498
31008010
31003403
31003915
31004427
31004939
31005451
31005963
31006475
31006987
31007499
31008011
31003404
31003916
31004428
31004940
31005452
31005964
31006476
31006988
31007500
31008012
31003405
31003917
31004429
31004941
31005453
31005965
31006477
31006989
31007501
31008013
31003406
31003918
31004430
31004942
31005454
31005966
31006478
31006990
31007502
31008014
31003407
31003919
31004431
31004943
31005455
31005967
31006479
31006991
31007503
31008015
31003408
31003920
31004432
31004944
31005456
31005968
31006480
31006992
31007504
31008016
31003409
31003921
31004433
31004945
31005457
31005969
31006481
31006993
31007505
31008017
31003410
31003922
31004434
31004946
31005458
31005970
31006482
31006994
31007506
31008018
34979538
34980050
34980562
34981074
34981586
34982098
34982610
34983122
34983634
34984146
34979539
34980051
34980563
34981075
34981587
34982099
34982611
34983123
34983635
34984147
34979540
34980052
34980564
34981076
34981588
34982100
34982612
34983124
34983636
34984148
34979541
34980053
34980565
34981077
34981589
34982101
34982613
34983125
34983637
34984149
34979542
34980054
34980566
34981078
34981590
34982102
34982614
34983126
34983638
34984150
34979543
34980055
34980567
34981079
34981591
34982103
34982615
34983127
34983639
34984151
34979544
34980056
34980568
34981080
34981592
34982104
34982616
34983128
34983640
34984152
34979545
34980057
34980569
34981081
34981593
34982105
34982617
34983129
34983641
34984153
34979546
34980058
34980570
34981082
34981594
34982106
34982618
34983130
34983642
34984154
34979547
34980059
34980571
34981083
34981595
34982107
34982619
34983131
34983643
34984155
35765954
35766466
35766978
35767490
35768002
35768514
35769026
35769538
35770050
35770562
35765955
35766467
35766979
35767491
35768003
35768515
35769027
35769539
35770051
35770563
35765956
35766468
35766980
35767492
35768004
35768516
35769028
35769540
35770052
35770564
35765957
35766469
35766981
35767493
35768005
35768517
35769029
35769541
35770053
35770565
35765958
35766470
35766982
35767494
35768006
35768518
35769030
35769542
35770054
35770566
35765959
35766471
35766983
35767495
35768007
35768519
35769031
35769543
35770055
35770567
35765960
35766472
35766984
35767496
35768008
35768520
35769032
35769544
35770056
35770568
35765961
35766473
35766985
35767497
35768009
35768521
35769033
35769545
35770057
35770569
35765962
35766474
35766986
35767498
35768010
35768522
35769034
35769546
35770058
35770570
35765963
35766475
35766987
35767499
35768011
35768523
35769035
35769547
35770059
35770571
31547082
31547594
31548106
31548618
31549130
31549642
31550154
31550666
31551178
31551690
31547083
31547595
31548107
31548619
31549131
31549643
31550155
31550667
31551179
31551691
31547084
31547596
31548108
31548620
31549132
31549644
31550156
31550668
31551180
31551692
31547085
31547597
31548109
31548621
31549133
31549645
31550157
31550669
31551181
31551693
31547086
31547598
31548110
31548622
31549134
31549646
31550158
31550670
31551182
31551694
31547087
31547599
31548111
31548623
31549135
31549647
31550159
31550671
31551183
31551695
31547088
31547600
31548112
31548624
31549136
31549648
31550160
31550672
31551184
31551696
31547089
31547601
31548113
31548625
31549137
31549649
31550161
31550673
31551185
31551697
31547090
31547602
31548114
31548626
31549138
31549650
31550162
31550674
31551186
31551698
31547091
31547603
31548115
31548627
31549139
31549651
31550163
31550675
31551187
31551699
27071328
27071840
27072352
27072864
27073376
27073888
27074400
27074912
27075424
27075936
27071329
27071841
27072353
27072865
27073377
27073889
27074401
27074913
27075425
27075937
27071330
27071842
27072354
27072866
27073378
27073890
27074402
27074914
27075426
27075938
27071331
27071843
27072355
27072867
27073379
27073891
27074403
27074915
27075427
27075939
27071332
27071844
27072356
27072868
27073380
27073892
27074404
27074916
27075428
27075940
27071333
27071845
27072357
27072869
27073381
27073893
27074405
27074917
27075429
27075941
27071334
27071846
27072358
27072870
27073382
27073894
27074406
27074918
27075430
27075942
27071335
27071847
27072359
27072871
27073383
27073895
27074407
27074919
27075431
27075943
27071336
27071848
27072360
27072872
27073384
27073896
27074408
27074920
27075432
27075944
27071337
27071849
27072361
27072873
27073385
27073897
27074409
27074921
27075433
27075945
28632871
28633383
28633895
28634407
28634919
28635431
28635943
28636455
28636967
28637479
28632872
28633384
28633896
28634408
28634920
28635432
28635944
28636456
28636968
28637480
28632873
28633385
28633897
28634409
28634921
28635433
28635945
28636457
28636969
28637481
28632874
28633386
28633898
28634410
28634922
28635434
28635946
28636458
28636970
28637482
28632875
28633387
28633899
28634411
28634923
28635435
28635947
28636459
28636971
28637483
28632876
28633388
28633900
28634412
28634924
28635436
28635948
28636460
28636972
28637484
28632877
28633389
28633901
28634413
28634925
28635437
28635949
28636461
28636973
28637485
28632878
28633390
28633902
28634414
28634926
28635438
28635950
28636462
28636974
28637486
28632879
28633391
28633903
28634415
28634927
28635439
28635951
28636463
28636975
28637487
28632880
28633392
28633904
28634416
28634928
28635440
28635952
28636464
28636976
28637488
33408704
33409216
33409728
33410240
33410752
33411264
33411776
33412288
33412800
33413312
33408705
33409217
33409729
33410241
33410753
33411265
33411777
33412289
33412801
33413313
33408706
33409218
33409730
33410242
33410754
33411266
33411778
33412290
33412802
33413314
33408707
33409219
33409731
33410243
33410755
33411267
33411779
33412291
33412803
33413315
33408708
33409220
33409732
33410244
33410756
33411268
33411780
33412292
33412804
33413316
33408709
33409221
33409733
33410245
33410757
33411269
33411781
33412293
33412805
33413317
33408710
33409222
33409734
33410246
33410758
33411270
33411782
33412294
33412806
33413318
33408711
33409223
33409735
33410247
33410759
33411271
33411783
33412295
33412807
33413319
33408712
33409224
33409736
33410248
33410760
33411272
33411784
33412296
33412808
33413320
33408713
33409225
33409737
33410249
33410761
33411273
33411785
33412297
33412809
33413321
23915300
23915812
23916324
23916836
23917348
23917860
23918372
23918884
23919396
23919908
23915301
23915813
23916325
23916837
23917349
23917861
23918373
23918885
23919397
23919909
23915302
23915814
23916326
23916838
23917350
23917862
23918374
23918886
23919398
23919910
23915303
23915815
23916327
23916839
23917351
23917863
23918375
23918887
23919399
23919911
23915304
23915816
23916328
23916840
23917352
23917864
23918376
23918888
23919400
23919912
23915305
23915817
23916329
23916841
23917353
23917865
23918377
23918889
23919401
23919913
23915306
23915818
23916330
23916842
23917354
23917866
23918378
23918890
23919402
23919914
23915307
23915819
23916331
23916843
23917355
23917867
23918379
23918891
23919403
23919915
23915308
23915820
23916332
23916844
23917356
23917868
23918380
23918892
23919404
23919916
23915309
23915821
23916333
23916845
23917357
23917869
23918381
23918893
23919405
23919917
28974329
28974841
28975353
28975865
28976377
28976889
28977401
28977913
28978425
28978937
28974330
28974842
28975354
28975866
28976378
28976890
28977402
28977914
28978426
28978938
28974331
28974843
28975355
28975867
28976379
28976891
28977403
28977915
28978427
28978939
28974332
28974844
28975356
28975868
28976380
28976892
28977404
28977916
28978428
28978940
28974333
28974845
28975357
28975869
28976381
28976893
28977405
28977917
28978429
28978941
28974334
28974846
28975358
28975870
28976382
28976894
28977406
28977918
28978430
28978942
28974335
28974847
28975359
28975871
28976383
28976895
28977407
28977919
28978431
28978943
28974336
28974848
28975360
28975872
28976384
28976896
28977408
28977920
28978432
28978944
28974337
28974849
28975361
28975873
28976385
28976897
28977409
28977921
28978433
28978945
28974338
28974850
28975362
28975874
28976386
28976898
28977410
28977922
28978434
28978946
23109425
23109937
23110449
23110961
23111473
23111985
23112497
23113009
23113521
23114033
23109426
23109938
23110450
23110962
23111474
23111986
23112498
23113010
23113522
23114034
23109427
23109939
23110451
23110963
23111475
23111987
23112499
23113011
23113523
23114035
23109428
23109940
23110452
23110964
23111476
23111988
23112500
23113012
23113524
23114036
23109429
23109941
23110453
23110965
23111477
23111989
23112501
23113013
23113525
23114037
23109430
23109942
23110454
23110966
23111478
23111990
23112502
23113014
23113526
23114038
23109431
23109943
23110455
23110967
23111479
23111991
23112503
23113015
23113527
23114039
23109432
23109944
23110456
23110968
23111480
23111992
23112504
23113016
23113528
23114040
23109433
23109945
23110457
23110969
23111481
23111993
23112505
23113017
23113529
23114041
23109434
23109946
23110458
23110970
23111482
23111994
23112506
23113018
23113530
23114042
33133238
33133750
33134262
33134774
33135286
33135798
33136310
33136822
33137334
33137846
33133239
33133751
33134263
33134775
33135287
33135799
33136311
33136823
33137335
33137847
33133240
33133752
33134264
33134776
33135288
33135800
33136312
33136824
33137336
33137848
33133241
33133753
33134265
33134777
33135289
33135801
33136313
33136825
33137337
33137849
33133242
33133754
33134266
33134778
33135290
33135802
33136314
33136826
33137338
33137850
33133243
33133755
33134267
33134779
33135291
33135803
33136315
33136827
33137339
33137851
33133244
33133756
33134268
33134780
33135292
33135804
33136316
33136828
33137340
33137852
33133245
33133757
33134269
33134781
33135293
33135805
33136317
33136829
33137341
33137853
33133246
33133758
33134270
33134782
33135294
33135806
33136318
33136830
33137342
33137854
33133247
33133759
33134271
33134783
33135295
33135807
33136319
33136831
33137343
33137855
27588847
27589359
27589871
27590383
27590895
27591407
27591919
27592431
27592943
27593455
27588848
27589360
27589872
27590384
27590896
27591408
27591920
27592432
27592944
27593456
27588849
27589361
27589873
27590385
27590897
27591409
27591921
27592433
27592945
27593457
27588850
27589362
27589874
27590386
27590898
27591410
27591922
27592434
27592946
27593458
27588851
27589363
27589875
27590387
27590899
27591411
27591923
27592435
27592947
27593459
27588852
27589364
27589876
27590388
27590900
27591412
27591924
27592436
27592948
27593460
27588853
27589365
27589877
27590389
27590901
27591413
27591925
27592437
27592949
27593461
27588854
27589366
27589878
27590390
27590902
27591414
27591926
27592438
27592950
27593462
27588855
27589367
27589879
27590391
27590903
27591415
27591927
27592439
27592951
27593463
27588856
27589368
27589880
27590392
27590904
27591416
27591928
27592440
27592952
27593464
24440009
24440521
24441033
24441545
24442057
24442569
24443081
24443593
24444105
24444617
24440010
24440522
24441034
24441546
24442058
24442570
24443082
24443594
24444106
24444618
24440011
24440523
24441035
24441547
24442059
24442571
24443083
24443595
24444107
24444619
24440012
24440524
24441036
24441548
24442060
24442572
24443084
24443596
24444108
24444620
24440013
24440525
24441037
24441549
24442061
24442573
24443085
24443597
24444109
24444621
24440014
24440526
24441038
24441550
24442062
24442574
24443086
24443598
24444110
24444622
24440015
24440527
24441039
24441551
24442063
24442575
24443087
24443599
24444111
24444623
24440016
24440528
24441040
24441552
24442064
24442576
24443088
24443600
24444112
24444624
24440017
24440529
24441041
24441553
24442065
24442577
24443089
24443601
24444113
24444625
24440018
24440530
24441042
24441554
24442066
24442578
24443090
24443602
24444114
24444626
28168917
28169429
28169941
28170453
28170965
28171477
28171989
28172501
28173013
28173525
28168918
28169430
28169942
28170454
28170966
28171478
28171990
28172502
28173014
28173526
28168919
28169431
28169943
28170455
28170967
28171479
28171991
28172503
28173015
28173527
28168920
28169432
28169944
28170456
28170968
28171480
28171992
28172504
28173016
28173528
28168921
28169433
28169945
28170457
28170969
28171481
28171993
28172505
28173017
28173529
28168922
28169434
28169946
28170458
28170970
28171482
28171994
28172506
28173018
28173530
28168923
28169435
28169947
28170459
28170971
28171483
28171995
28172507
28173019
28173531
28168924
28169436
28169948
28170460
28170972
28171484
28171996
28172508
28173020
28173532
28168925
28169437
28169949
28170461
28170973
28171485
28171997
28172509
28173021
28173533
28168926
28169438
28169950
28170462
28170974
28171486
28171998
28172510
28173022
28173534
30573355
30573867
30574379
30574891
30575403
30575915
30576427
30576939
30577451
30577963
30573356
30573868
30574380
30574892
30575404
30575916
30576428
30576940
30577452
30577964
30573357
30573869
30574381
30574893
30575405
30575917
30576429
30576941
30577453
30577965
30573358
30573870
30574382
30574894
30575406
30575918
30576430
30576942
30577454
30577966
30573359
30573871
30574383
30574895
30575407
30575919
30576431
30576943
30577455
30577967
30573360
30573872
30574384
30574896
30575408
30575920
30576432
30576944
30577456
30577968
30573361
30573873
30574385
30574897
30575409
30575921
30576433
30576945
30577457
30577969
30573362
30573874
30574386
30574898
30575410
30575922
30576434
30576946
30577458
30577970
30573363
30573875
30574387
30574899
30575411
30575923
30576435
30576947
30577459
30577971
30573364
30573876
30574388
30574900
30575412
30575924
30576436
30576948
30577460
30577972
36247321
36247833
36248345
36248857
36249369
36249881
36250393
36250905
36251417
36251929
36247322
36247834
36248346
36248858
36249370
36249882
36250394
36250906
36251418
36251930
36247323
36247835
36248347
36248859
36249371
36249883
36250395
36250907
36251419
36251931
36247324
36247836
36248348
36248860
36249372
36249884
36250396
36250908
36251420
36251932
36247325
36247837
36248349
36248861
36249373
36249885
36250397
36250909
36251421
36251933
36247326
36247838
36248350
36248862
36249374
36249886
36250398
36250910
36251422
36251934
36247327
36247839
36248351
36248863
36249375
36249887
36250399
36250911
36251423
36251935
36247328
36247840
36248352
36248864
36249376
36249888
36250400
36250912
36251424
36251936
36247329
36247841
36248353
36248865
36249377
36249889
36250401
36250913
36251425
36251937
36247330
36247842
36248354
36248866
36249378
36249890
36250402
36250914
36251426
36251938
30593800
30594312
30594824
30595336
30595848
30596360
30596872
30597384
30597896
30598408
30593801
30594313
30594825
30595337
30595849
30596361
30596873
30597385
30597897
30598409
30593802
30594314
30594826
30595338
30595850
30596362
30596874
30597386
30597898
30598410
30593803
30594315
30594827
30595339
30595851
30596363
30596875
30597387
30597899
30598411
30593804
30594316
30594828
30595340
30595852
30596364
30596876
30597388
30597900
30598412
30593805
30594317
30594829
30595341
30595853
30596365
30596877
30597389
30597901
30598413
30593806
30594318
30594830
30595342
30595854
30596366
30596878
30597390
30597902
30598414
30593807
30594319
30594831
30595343
30595855
30596367
30596879
30597391
30597903
30598415
30593808
30594320
30594832
30595344
30595856
30596368
30596880
30597392
30597904
30598416
30593809
30594321
30594833
30595345
30595857
30596369
30596881
30597393
30597905
30598417
29989593
29990105
29990617
29991129
29991641
29992153
29992665
29993177
29993689
29994201
29989594
29990106
29990618
29991130
29991642
29992154
29992666
29993178
29993690
29994202
29989595
29990107
29990619
29991131
29991643
29992155
29992667
29993179
29993691
29994203
29989596
29990108
29990620
29991132
29991644
29992156
29992668
29993180
29993692
29994204
29989597
29990109
29990621
29991133
29991645
29992157
29992669
29993181
29993693
29994205
29989598
29990110
29990622
29991134
29991646
29992158
29992670
29993182
29993694
29994206
29989599
29990111
29990623
29991135
29991647
29992159
29992671
29993183
29993695
29994207
29989600
29990112
29990624
29991136
29991648
29992160
29992672
29993184
29993696
29994208
29989601
29990113
29990625
29991137
29991649
29992161
29992673
29993185
29993697
29994209
29989602
29990114
29990626
29991138
29991650
29992162
29992674
29993186
29993698
29994210
14197012
14197524
14198036
14198548
14199060
14199572
14200084
14200596
14201108
14201620
14197013
14197525
14198037
14198549
14199061
14199573
14200085
14200597
14201109
14201621
14197014
14197526
14198038
14198550
14199062
14199574
14200086
14200598
14201110
14201622
14197015
14197527
14198039
14198551
14199063
14199575
14200087
14200599
14201111
14201623
14197016
14197528
14198040
14198552
14199064
14199576
14200088
14200600
14201112
14201624
14197017
14197529
14198041
14198553
14199065
14199577
14200089
14200601
14201113
14201625
14197018
14197530
14198042
14198554
14199066
14199578
14200090
14200602
14201114
14201626
14197019
14197531
14198043
14198555
14199067
14199579
14200091
14200603
14201115
14201627
14197020
14197532
14198044
14198556
14199068
14199580
14200092
14200604
14201116
14201628
14197021
14197533
14198045
14198557
14199069
14199581
14200093
14200605
14201117
14201629
26269399
26269911
26270423
26270935
26271447
26271959
26272471
26272983
26273495
26274007
26269400
26269912
26270424
26270936
26271448
26271960
26272472
26272984
26273496
26274008
26269401
26269913
26270425
26270937
26271449
26271961
26272473
26272985
26273497
26274009
26269402
26269914
26270426
26270938
26271450
26271962
26272474
26272986
26273498
26274010
26269403
26269915
26270427
26270939
26271451
26271963
26272475
26272987
26273499
26274011
26269404
26269916
26270428
26270940
26271452
26271964
26272476
26272988
26273500
26274012
26269405
26269917
26270429
26270941
26271453
26271965
26272477
26272989
26273501
26274013
26269406
26269918
26270430
26270942
26271454
26271966
26272478
26272990
26273502
26274014
26269407
26269919
26270431
26270943
26271455
26271967
26272479
26272991
26273503
26274015
26269408
26269920
26270432
26270944
26271456
26271968
26272480
26272992
26273504
26274016
27605703
27606215
27606727
27607239
27607751
27608263
27608775
27609287
27609799
27610311
27605704
27606216
27606728
27607240
27607752
27608264
27608776
27609288
27609800
27610312
27605705
27606217
27606729
27607241
27607753
27608265
27608777
27609289
27609801
27610313
27605706
27606218
27606730
27607242
27607754
27608266
27608778
27609290
27609802
27610314
27605707
27606219
27606731
27607243
27607755
27608267
27608779
27609291
27609803
27610315
27605708
27606220
27606732
27607244
27607756
27608268
27608780
27609292
27609804
27610316
27605709
27606221
27606733
27607245
27607757
27608269
27608781
27609293
27609805
27610317
27605710
27606222
27606734
27607246
27607758
27608270
27608782
27609294
27609806
27610318
27605711
27606223
27606735
27607247
27607759
27608271
27608783
27609295
27609807
27610319
27605712
27606224
27606736
27607248
27607760
27608272
27608784
27609296
27609808
27610320
30196996
30197508
30198020
30198532
30199044
30199556
30200068
30200580
30201092
30201604
30196997
30197509
30198021
30198533
30199045
30199557
30200069
30200581
30201093
30201605
30196998
30197510
30198022
30198534
30199046
30199558
30200070
30200582
30201094
30201606
30196999
30197511
30198023
30198535
30199047
30199559
30200071
30200583
30201095
30201607
30197000
30197512
30198024
30198536
30199048
30199560
30200072
30200584
30201096
30201608
30197001
30197513
30198025
30198537
30199049
30199561
30200073
30200585
30201097
30201609
30197002
30197514
30198026
30198538
30199050
30199562
30200074
30200586
30201098
30201610
30197003
30197515
30198027
30198539
30199051
30199563
30200075
30200587
30201099
30201611
30197004
30197516
30198028
30198540
30199052
30199564
30200076
30200588
30201100
30201612
30197005
30197517
30198029
30198541
30199053
30199565
30200077
30200589
30201101
30201613
32858369
32858881
32859393
32859905
32860417
32860929
32861441
32861953
32862465
32862977
32858370
32858882
32859394
32859906
32860418
32860930
32861442
32861954
32862466
32862978
32858371
32858883
32859395
32859907
32860419
32860931
32861443
32861955
32862467
32862979
32858372
32858884
32859396
32859908
32860420
32860932
32861444
32861956
32862468
32862980
32858373
32858885
32859397
32859909
32860421
32860933
32861445
32861957
32862469
32862981
32858374
32858886
32859398
32859910
32860422
32860934
32861446
32861958
32862470
32862982
32858375
32858887
32859399
32859911
32860423
32860935
32861447
32861959
32862471
32862983
32858376
32858888
32859400
32859912
32860424
32860936
32861448
32861960
32862472
32862984
32858377
32858889
32859401
32859913
32860425
32860937
32861449
32861961
32862473
32862985
32858378
32858890
32859402
32859914
32860426
32860938
32861450
32861962
32862474
32862986
29983027
29983539
29984051
29984563
29985075
29985587
29986099
29986611
29987123
29987635
29983028
29983540
29984052
29984564
29985076
29985588
29986100
29986612
29987124
29987636
29983029
29983541
29984053
29984565
29985077
29985589
29986101
29986613
29987125
29987637
29983030
29983542
29984054
29984566
29985078
29985590
29986102
29986614
29987126
29987638
29983031
29983543
29984055
29984567
29985079
29985591
29986103
29986615
29987127
29987639
29983032
29983544
29984056
29984568
29985080
29985592
29986104
29986616
29987128
29987640
29983033
29983545
29984057
29984569
29985081
29985593
29986105
29986617
29987129
29987641
29983034
29983546
29984058
29984570
29985082
29985594
29986106
29986618
29987130
29987642
29983035
29983547
29984059
29984571
29985083
29985595
29986107
29986619
29987131
29987643
29983036
29983548
29984060
29984572
29985084
29985596
29986108
29986620
29987132
29987644
30221114
30221626
30222138
30222650
30223162
30223674
30224186
30224698
30225210
30225722
30221115
30221627
30222139
30222651
30223163
30223675
30224187
30224699
30225211
30225723
30221116
30221628
30222140
30222652
30223164
30223676
30224188
30224700
30225212
30225724
30221117
30221629
30222141
30222653
30223165
30223677
30224189
30224701
30225213
30225725
30221118
30221630
30222142
30222654
30223166
30223678
30224190
30224702
30225214
30225726
30221119
30221631
30222143
30222655
30223167
30223679
30224191
30224703
30225215
30225727
30221120
30221632
30222144
30222656
30223168
30223680
30224192
30224704
30225216
30225728
30221121
30221633
30222145
30222657
30223169
30223681
30224193
30224705
30225217
30225729
30221122
30221634
30222146
30222658
30223170
30223682
30224194
30224706
30225218
30225730
30221123
30221635
30222147
30222659
30223171
30223683
30224195
30224707
30225219
30225731
32051518
32052030
32052542
32053054
32053566
32054078
32054590
32055102
32055614
32056126
32051519
32052031
32052543
32053055
32053567
32054079
32054591
32055103
32055615
32056127
32051520
32052032
32052544
32053056
32053568
32054080
32054592
32055104
32055616
32056128
32051521
32052033
32052545
32053057
32053569
32054081
32054593
32055105
32055617
32056129
32051522
32052034
32052546
32053058
32053570
32054082
32054594
32055106
32055618
32056130
32051523
32052035
32052547
32053059
32053571
32054083
32054595
32055107
32055619
32056131
32051524
32052036
32052548
32053060
32053572
32054084
32054596
32055108
32055620
32056132
32051525
32052037
32052549
32053061
32053573
32054085
32054597
32055109
32055621
32056133
32051526
32052038
32052550
32053062
32053574
32054086
32054598
32055110
32055622
32056134
32051527
32052039
32052551
32053063
32053575
32054087
32054599
32055111
32055623
32056135
27593574
27594086
27594598
27595110
27595622
27596134
27596646
27597158
27597670
27598182
27593575
27594087
27594599
27595111
27595623
27596135
27596647
27597159
27597671
27598183
27593576
27594088
27594600
27595112
27595624
27596136
27596648
27597160
27597672
27598184
27593577
27594089
27594601
27595113
27595625
27596137
27596649
27597161
27597673
27598185
27593578
27594090
27594602
27595114
27595626
27596138
27596650
27597162
27597674
27598186
27593579
27594091
27594603
27595115
27595627
27596139
27596651
27597163
27597675
27598187
27593580
27594092
27594604
27595116
27595628
27596140
27596652
27597164
27597676
27598188
27593581
27594093
27594605
27595117
27595629
27596141
27596653
27597165
27597677
27598189
27593582
27594094
27594606
27595118
27595630
27596142
27596654
27597166
27597678
27598190
27593583
27594095
27594607
27595119
27595631
27596143
27596655
27597167
27597679
27598191
33966279
33966791
33967303
33967815
33968327
33968839
33969351
33969863
33970375
33970887
33966280
33966792
33967304
33967816
33968328
33968840
33969352
33969864
33970376
33970888
33966281
33966793
33967305
33967817
33968329
33968841
33969353
33969865
33970377
33970889
33966282
33966794
33967306
33967818
33968330
33968842
33969354
33969866
33970378
33970890
33966283
33966795
33967307
33967819
33968331
33968843
33969355
33969867
33970379
33970891
33966284
33966796
33967308
33967820
33968332
33968844
33969356
33969868
33970380
33970892
33966285
33966797
33967309
33967821
33968333
33968845
33969357
33969869
33970381
33970893
33966286
33966798
33967310
33967822
33968334
33968846
33969358
33969870
33970382
33970894
33966287
33966799
33967311
33967823
33968335
33968847
33969359
33969871
33970383
33970895
33966288
33966800
33967312
33967824
33968336
33968848
33969360
33969872
33970384
33970896
