13051376
13051888
13052400
13052912
13053424
13053936
13054448
13054960
13055472
13055984
13051377
13051889
13052401
13052913
13053425
13053937
13054449
13054961
13055473
13055985
13051378
13051890
13052402
13052914
13053426
13053938
13054450
13054962
13055474
13055986
13051379
13051891
13052403
13052915
13053427
13053939
13054451
13054963
13055475
13055987
13051380
13051892
13052404
13052916
13053428
13053940
13054452
13054964
13055476
13055988
13051381
13051893
13052405
13052917
13053429
13053941
13054453
13054965
13055477
13055989
13051382
13051894
13052406
13052918
13053430
13053942
13054454
13054966
13055478
13055990
13051383
13051895
13052407
13052919
13053431
13053943
13054455
13054967
13055479
13055991
13051384
13051896
13052408
13052920
13053432
13053944
13054456
13054968
13055480
13055992
13051385
13051897
13052409
13052921
13053433
13053945
13054457
13054969
13055481
13055993
37480927
37481439
37481951
37482463
37482975
37483487
37483999
37484511
37485023
37485535
37480928
37481440
37481952
37482464
37482976
37483488
37484000
37484512
37485024
37485536
37480929
37481441
37481953
37482465
37482977
37483489
37484001
37484513
37485025
37485537
37480930
37481442
37481954
37482466
37482978
37483490
37484002
37484514
37485026
37485538
37480931
37481443
37481955
37482467
37482979
37483491
37484003
37484515
37485027
37485539
37480932
37481444
37481956
37482468
37482980
37483492
37484004
37484516
37485028
37485540
37480933
37481445
37481957
37482469
37482981
37483493
37484005
37484517
37485029
37485541
37480934
37481446
37481958
37482470
37482982
37483494
37484006
37484518
37485030
37485542
37480935
37481447
37481959
37482471
37482983
37483495
37484007
37484519
37485031
37485543
37480936
37481448
37481960
37482472
37482984
37483496
37484008
37484520
37485032
37485544
5141933
5142445
5142957
5143469
5143981
5144493
5145005
5145517
5146029
5146541
5141934
5142446
5142958
5143470
5143982
5144494
5145006
5145518
5146030
5146542
5141935
5142447
5142959
5143471
5143983
5144495
5145007
5145519
5146031
5146543
5141936
5142448
5142960
5143472
5143984
5144496
5145008
5145520
5146032
5146544
5141937
5142449
5142961
5143473
5143985
5144497
5145009
5145521
5146033
5146545
5141938
5142450
5142962
5143474
5143986
5144498
5145010
5145522
5146034
5146546
5141939
5142451
5142963
5143475
5143987
5144499
5145011
5145523
5146035
5146547
5141940
5142452
5142964
5143476
5143988
5144500
5145012
5145524
5146036
5146548
5141941
5142453
5142965
5143477
5143989
5144501
5145013
5145525
5146037
5146549
5141942
5142454
5142966
5143478
5143990
5144502
5145014
5145526
5146038
5146550
12142948
12143460
12143972
12144484
12144996
12145508
12146020
12146532
12147044
12147556
12142949
12143461
12143973
12144485
12144997
12145509
12146021
12146533
12147045
12147557
12142950
12143462
12143974
12144486
12144998
12145510
12146022
12146534
12147046
12147558
12142951
12143463
12143975
12144487
12144999
12145511
12146023
12146535
12147047
12147559
12142952
12143464
12143976
12144488
12145000
12145512
12146024
12146536
12147048
12147560
12142953
12143465
12143977
12144489
12145001
12145513
12146025
12146537
12147049
12147561
12142954
12143466
12143978
12144490
12145002
12145514
12146026
12146538
12147050
12147562
12142955
12143467
12143979
12144491
12145003
12145515
12146027
12146539
12147051
12147563
12142956
12143468
12143980
12144492
12145004
12145516
12146028
12146540
12147052
12147564
12142957
12143469
12143981
12144493
12145005
12145517
12146029
12146541
12147053
12147565
4935257
4935769
4936281
4936793
4937305
4937817
4938329
4938841
4939353
4939865
4935258
4935770
4936282
4936794
4937306
4937818
4938330
4938842
4939354
4939866
4935259
4935771
4936283
4936795
4937307
4937819
4938331
4938843
4939355
4939867
4935260
4935772
4936284
4936796
4937308
4937820
4938332
4938844
4939356
4939868
4935261
4935773
4936285
4936797
4937309
4937821
4938333
4938845
4939357
4939869
4935262
4935774
4936286
4936798
4937310
4937822
4938334
4938846
4939358
4939870
4935263
4935775
4936287
4936799
4937311
4937823
4938335
4938847
4939359
4939871
4935264
4935776
4936288
4936800
4937312
4937824
4938336
4938848
4939360
4939872
4935265
4935777
4936289
4936801
4937313
4937825
4938337
4938849
4939361
4939873
4935266
4935778
4936290
4936802
4937314
4937826
4938338
4938850
4939362
4939874
7486056
7486568
7487080
7487592
7488104
7488616
7489128
7489640
7490152
7490664
7486057
7486569
7487081
7487593
7488105
7488617
7489129
7489641
7490153
7490665
7486058
7486570
7487082
7487594
7488106
7488618
7489130
7489642
7490154
7490666
7486059
7486571
7487083
7487595
7488107
7488619
7489131
7489643
7490155
7490667
7486060
7486572
7487084
7487596
7488108
7488620
7489132
7489644
7490156
7490668
7486061
7486573
7487085
7487597
7488109
7488621
7489133
7489645
7490157
7490669
7486062
7486574
7487086
7487598
7488110
7488622
7489134
7489646
7490158
7490670
7486063
7486575
7487087
7487599
7488111
7488623
7489135
7489647
7490159
7490671
7486064
7486576
7487088
7487600
7488112
7488624
7489136
7489648
7490160
7490672
7486065
7486577
7487089
7487601
7488113
7488625
7489137
7489649
7490161
7490673
21498687
21499199
21499711
21500223
21500735
21501247
21501759
21502271
21502783
21503295
21498688
21499200
21499712
21500224
21500736
21501248
21501760
21502272
21502784
21503296
21498689
21499201
21499713
21500225
21500737
21501249
21501761
21502273
21502785
21503297
21498690
21499202
21499714
21500226
21500738
21501250
21501762
21502274
21502786
21503298
21498691
21499203
21499715
21500227
21500739
21501251
21501763
21502275
21502787
21503299
21498692
21499204
21499716
21500228
21500740
21501252
21501764
21502276
21502788
21503300
21498693
21499205
21499717
21500229
21500741
21501253
21501765
21502277
21502789
21503301
21498694
21499206
21499718
21500230
21500742
21501254
21501766
21502278
21502790
21503302
21498695
21499207
21499719
21500231
21500743
21501255
21501767
21502279
21502791
21503303
21498696
21499208
21499720
21500232
21500744
21501256
21501768
21502280
21502792
21503304
15150939
15151451
15151963
15152475
15152987
15153499
15154011
15154523
15155035
15155547
15150940
15151452
15151964
15152476
15152988
15153500
15154012
15154524
15155036
15155548
15150941
15151453
15151965
15152477
15152989
15153501
15154013
15154525
15155037
15155549
15150942
15151454
15151966
15152478
15152990
15153502
15154014
15154526
15155038
15155550
15150943
15151455
15151967
15152479
15152991
15153503
15154015
15154527
15155039
15155551
15150944
15151456
15151968
15152480
15152992
15153504
15154016
15154528
15155040
15155552
15150945
15151457
15151969
15152481
15152993
15153505
15154017
15154529
15155041
15155553
15150946
15151458
15151970
15152482
15152994
15153506
15154018
15154530
15155042
15155554
15150947
15151459
15151971
15152483
15152995
15153507
15154019
15154531
15155043
15155555
15150948
15151460
15151972
15152484
15152996
15153508
15154020
15154532
15155044
15155556
32051765
32052277
32052789
32053301
32053813
32054325
32054837
32055349
32055861
32056373
32051766
32052278
32052790
32053302
32053814
32054326
32054838
32055350
32055862
32056374
32051767
32052279
32052791
32053303
32053815
32054327
32054839
32055351
32055863
32056375
32051768
32052280
32052792
32053304
32053816
32054328
32054840
32055352
32055864
32056376
32051769
32052281
32052793
32053305
32053817
32054329
32054841
32055353
32055865
32056377
32051770
32052282
32052794
32053306
32053818
32054330
32054842
32055354
32055866
32056378
32051771
32052283
32052795
32053307
32053819
32054331
32054843
32055355
32055867
32056379
32051772
32052284
32052796
32053308
32053820
32054332
32054844
32055356
32055868
32056380
32051773
32052285
32052797
32053309
32053821
32054333
32054845
32055357
32055869
32056381
32051774
32052286
32052798
32053310
32053822
32054334
32054846
32055358
32055870
32056382
20483974
20484486
20484998
20485510
20486022
20486534
20487046
20487558
20488070
20488582
20483975
20484487
20484999
20485511
20486023
20486535
20487047
20487559
20488071
20488583
20483976
20484488
20485000
20485512
20486024
20486536
20487048
20487560
20488072
20488584
20483977
20484489
20485001
20485513
20486025
20486537
20487049
20487561
20488073
20488585
20483978
20484490
20485002
20485514
20486026
20486538
20487050
20487562
20488074
20488586
20483979
20484491
20485003
20485515
20486027
20486539
20487051
20487563
20488075
20488587
20483980
20484492
20485004
20485516
20486028
20486540
20487052
20487564
20488076
20488588
20483981
20484493
20485005
20485517
20486029
20486541
20487053
20487565
20488077
20488589
20483982
20484494
20485006
20485518
20486030
20486542
20487054
20487566
20488078
20488590
20483983
20484495
20485007
20485519
20486031
20486543
20487055
20487567
20488079
20488591
27361297
27361809
27362321
27362833
27363345
27363857
27364369
27364881
27365393
27365905
27361298
27361810
27362322
27362834
27363346
27363858
27364370
27364882
27365394
27365906
27361299
27361811
27362323
27362835
27363347
27363859
27364371
27364883
27365395
27365907
27361300
27361812
27362324
27362836
27363348
27363860
27364372
27364884
27365396
27365908
27361301
27361813
27362325
27362837
27363349
27363861
27364373
27364885
27365397
27365909
27361302
27361814
27362326
27362838
27363350
27363862
27364374
27364886
27365398
27365910
27361303
27361815
27362327
27362839
27363351
27363863
27364375
27364887
27365399
27365911
27361304
27361816
27362328
27362840
27363352
27363864
27364376
27364888
27365400
27365912
27361305
27361817
27362329
27362841
27363353
27363865
27364377
27364889
27365401
27365913
27361306
27361818
27362330
27362842
27363354
27363866
27364378
27364890
27365402
27365914
19786176
19786688
19787200
19787712
19788224
19788736
19789248
19789760
19790272
19790784
19786177
19786689
19787201
19787713
19788225
19788737
19789249
19789761
19790273
19790785
19786178
19786690
19787202
19787714
19788226
19788738
19789250
19789762
19790274
19790786
19786179
19786691
19787203
19787715
19788227
19788739
19789251
19789763
19790275
19790787
19786180
19786692
19787204
19787716
19788228
19788740
19789252
19789764
19790276
19790788
19786181
19786693
19787205
19787717
19788229
19788741
19789253
19789765
19790277
19790789
19786182
19786694
19787206
19787718
19788230
19788742
19789254
19789766
19790278
19790790
19786183
19786695
19787207
19787719
19788231
19788743
19789255
19789767
19790279
19790791
19786184
19786696
19787208
19787720
19788232
19788744
19789256
19789768
19790280
19790792
19786185
19786697
19787209
19787721
19788233
19788745
19789257
19789769
19790281
19790793
26876466
26876978
26877490
26878002
26878514
26879026
26879538
26880050
26880562
26881074
26876467
26876979
26877491
26878003
26878515
26879027
26879539
26880051
26880563
26881075
26876468
26876980
26877492
26878004
26878516
26879028
26879540
26880052
26880564
26881076
26876469
26876981
26877493
26878005
26878517
26879029
26879541
26880053
26880565
26881077
26876470
26876982
26877494
26878006
26878518
26879030
26879542
26880054
26880566
26881078
26876471
26876983
26877495
26878007
26878519
26879031
26879543
26880055
26880567
26881079
26876472
26876984
26877496
26878008
26878520
26879032
26879544
26880056
26880568
26881080
26876473
26876985
26877497
26878009
26878521
26879033
26879545
26880057
26880569
26881081
26876474
26876986
26877498
26878010
26878522
26879034
26879546
26880058
26880570
26881082
26876475
26876987
26877499
26878011
26878523
26879035
26879547
26880059
26880571
26881083
28540205
28540717
28541229
28541741
28542253
28542765
28543277
28543789
28544301
28544813
28540206
28540718
28541230
28541742
28542254
28542766
28543278
28543790
28544302
28544814
28540207
28540719
28541231
28541743
28542255
28542767
28543279
28543791
28544303
28544815
28540208
28540720
28541232
28541744
28542256
28542768
28543280
28543792
28544304
28544816
28540209
28540721
28541233
28541745
28542257
28542769
28543281
28543793
28544305
28544817
28540210
28540722
28541234
28541746
28542258
28542770
28543282
28543794
28544306
28544818
28540211
28540723
28541235
28541747
28542259
28542771
28543283
28543795
28544307
28544819
28540212
28540724
28541236
28541748
28542260
28542772
28543284
28543796
28544308
28544820
28540213
28540725
28541237
28541749
28542261
28542773
28543285
28543797
28544309
28544821
28540214
28540726
28541238
28541750
28542262
28542774
28543286
28543798
28544310
28544822
25271074
25271586
25272098
25272610
25273122
25273634
25274146
25274658
25275170
25275682
25271075
25271587
25272099
25272611
25273123
25273635
25274147
25274659
25275171
25275683
25271076
25271588
25272100
25272612
25273124
25273636
25274148
25274660
25275172
25275684
25271077
25271589
25272101
25272613
25273125
25273637
25274149
25274661
25275173
25275685
25271078
25271590
25272102
25272614
25273126
25273638
25274150
25274662
25275174
25275686
25271079
25271591
25272103
25272615
25273127
25273639
25274151
25274663
25275175
25275687
25271080
25271592
25272104
25272616
25273128
25273640
25274152
25274664
25275176
25275688
25271081
25271593
25272105
25272617
25273129
25273641
25274153
25274665
25275177
25275689
25271082
25271594
25272106
25272618
25273130
25273642
25274154
25274666
25275178
25275690
25271083
25271595
25272107
25272619
25273131
25273643
25274155
25274667
25275179
25275691
6545732
6546244
6546756
6547268
6547780
6548292
6548804
6549316
6549828
6550340
6545733
6546245
6546757
6547269
6547781
6548293
6548805
6549317
6549829
6550341
6545734
6546246
6546758
6547270
6547782
6548294
6548806
6549318
6549830
6550342
6545735
6546247
6546759
6547271
6547783
6548295
6548807
6549319
6549831
6550343
6545736
6546248
6546760
6547272
6547784
6548296
6548808
6549320
6549832
6550344
6545737
6546249
6546761
6547273
6547785
6548297
6548809
6549321
6549833
6550345
6545738
6546250
6546762
6547274
6547786
6548298
6548810
6549322
6549834
6550346
6545739
6546251
6546763
6547275
6547787
6548299
6548811
6549323
6549835
6550347
6545740
6546252
6546764
6547276
6547788
6548300
6548812
6549324
6549836
6550348
6545741
6546253
6546765
6547277
6547789
6548301
6548813
6549325
6549837
6550349
14665997
14666509
14667021
14667533
14668045
14668557
14669069
14669581
14670093
14670605
14665998
14666510
14667022
14667534
14668046
14668558
14669070
14669582
14670094
14670606
14665999
14666511
14667023
14667535
14668047
14668559
14669071
14669583
14670095
14670607
14666000
14666512
14667024
14667536
14668048
14668560
14669072
14669584
14670096
14670608
14666001
14666513
14667025
14667537
14668049
14668561
14669073
14669585
14670097
14670609
14666002
14666514
14667026
14667538
14668050
14668562
14669074
14669586
14670098
14670610
14666003
14666515
14667027
14667539
14668051
14668563
14669075
14669587
14670099
14670611
14666004
14666516
14667028
14667540
14668052
14668564
14669076
14669588
14670100
14670612
14666005
14666517
14667029
14667541
14668053
14668565
14669077
14669589
14670101
14670613
14666006
14666518
14667030
14667542
14668054
14668566
14669078
14669590
14670102
14670614
35942892
35943404
35943916
35944428
35944940
35945452
35945964
35946476
35946988
35947500
35942893
35943405
35943917
35944429
35944941
35945453
35945965
35946477
35946989
35947501
35942894
35943406
35943918
35944430
35944942
35945454
35945966
35946478
35946990
35947502
35942895
35943407
35943919
35944431
35944943
35945455
35945967
35946479
35946991
35947503
35942896
35943408
35943920
35944432
35944944
35945456
35945968
35946480
35946992
35947504
35942897
35943409
35943921
35944433
35944945
35945457
35945969
35946481
35946993
35947505
35942898
35943410
35943922
35944434
35944946
35945458
35945970
35946482
35946994
35947506
35942899
35943411
35943923
35944435
35944947
35945459
35945971
35946483
35946995
35947507
35942900
35943412
35943924
35944436
35944948
35945460
35945972
35946484
35946996
35947508
35942901
35943413
35943925
35944437
35944949
35945461
35945973
35946485
35946997
35947509
6578449
6578961
6579473
6579985
6580497
6581009
6581521
6582033
6582545
6583057
6578450
6578962
6579474
6579986
6580498
6581010
6581522
6582034
6582546
6583058
6578451
6578963
6579475
6579987
6580499
6581011
6581523
6582035
6582547
6583059
6578452
6578964
6579476
6579988
6580500
6581012
6581524
6582036
6582548
6583060
6578453
6578965
6579477
6579989
6580501
6581013
6581525
6582037
6582549
6583061
6578454
6578966
6579478
6579990
6580502
6581014
6581526
6582038
6582550
6583062
6578455
6578967
6579479
6579991
6580503
6581015
6581527
6582039
6582551
6583063
6578456
6578968
6579480
6579992
6580504
6581016
6581528
6582040
6582552
6583064
6578457
6578969
6579481
6579993
6580505
6581017
6581529
6582041
6582553
6583065
6578458
6578970
6579482
6579994
6580506
6581018
6581530
6582042
6582554
6583066
21901486
21901998
21902510
21903022
21903534
21904046
21904558
21905070
21905582
21906094
21901487
21901999
21902511
21903023
21903535
21904047
21904559
21905071
21905583
21906095
21901488
21902000
21902512
21903024
21903536
21904048
21904560
21905072
21905584
21906096
21901489
21902001
21902513
21903025
21903537
21904049
21904561
21905073
21905585
21906097
21901490
21902002
21902514
21903026
21903538
21904050
21904562
21905074
21905586
21906098
21901491
21902003
21902515
21903027
21903539
21904051
21904563
21905075
21905587
21906099
21901492
21902004
21902516
21903028
21903540
21904052
21904564
21905076
21905588
21906100
21901493
21902005
21902517
21903029
21903541
21904053
21904565
21905077
21905589
21906101
21901494
21902006
21902518
21903030
21903542
21904054
21904566
21905078
21905590
21906102
21901495
21902007
21902519
21903031
21903543
21904055
21904567
21905079
21905591
21906103
5687898
5688410
5688922
5689434
5689946
5690458
5690970
5691482
5691994
5692506
5687899
5688411
5688923
5689435
5689947
5690459
5690971
5691483
5691995
5692507
5687900
5688412
5688924
5689436
5689948
5690460
5690972
5691484
5691996
5692508
5687901
5688413
5688925
5689437
5689949
5690461
5690973
5691485
5691997
5692509
5687902
5688414
5688926
5689438
5689950
5690462
5690974
5691486
5691998
5692510
5687903
5688415
5688927
5689439
5689951
5690463
5690975
5691487
5691999
5692511
5687904
5688416
5688928
5689440
5689952
5690464
5690976
5691488
5692000
5692512
5687905
5688417
5688929
5689441
5689953
5690465
5690977
5691489
5692001
5692513
5687906
5688418
5688930
5689442
5689954
5690466
5690978
5691490
5692002
5692514
5687907
5688419
5688931
5689443
5689955
5690467
5690979
5691491
5692003
5692515
19884104
19884616
19885128
19885640
19886152
19886664
19887176
19887688
19888200
19888712
19884105
19884617
19885129
19885641
19886153
19886665
19887177
19887689
19888201
19888713
19884106
19884618
19885130
19885642
19886154
19886666
19887178
19887690
19888202
19888714
19884107
19884619
19885131
19885643
19886155
19886667
19887179
19887691
19888203
19888715
19884108
19884620
19885132
19885644
19886156
19886668
19887180
19887692
19888204
19888716
19884109
19884621
19885133
19885645
19886157
19886669
19887181
19887693
19888205
19888717
19884110
19884622
19885134
19885646
19886158
19886670
19887182
19887694
19888206
19888718
19884111
19884623
19885135
19885647
19886159
19886671
19887183
19887695
19888207
19888719
19884112
19884624
19885136
19885648
19886160
19886672
19887184
19887696
19888208
19888720
19884113
19884625
19885137
19885649
19886161
19886673
19887185
19887697
19888209
19888721
15659847
15660359
15660871
15661383
15661895
15662407
15662919
15663431
15663943
15664455
15659848
15660360
15660872
15661384
15661896
15662408
15662920
15663432
15663944
15664456
15659849
15660361
15660873
15661385
15661897
15662409
15662921
15663433
15663945
15664457
15659850
15660362
15660874
15661386
15661898
15662410
15662922
15663434
15663946
15664458
15659851
15660363
15660875
15661387
15661899
15662411
15662923
15663435
15663947
15664459
15659852
15660364
15660876
15661388
15661900
15662412
15662924
15663436
15663948
15664460
15659853
15660365
15660877
15661389
15661901
15662413
15662925
15663437
15663949
15664461
15659854
15660366
15660878
15661390
15661902
15662414
15662926
15663438
15663950
15664462
15659855
15660367
15660879
15661391
15661903
15662415
15662927
15663439
15663951
15664463
15659856
15660368
15660880
15661392
15661904
15662416
15662928
15663440
15663952
15664464
34522643
34523155
34523667
34524179
34524691
34525203
34525715
34526227
34526739
34527251
34522644
34523156
34523668
34524180
34524692
34525204
34525716
34526228
34526740
34527252
34522645
34523157
34523669
34524181
34524693
34525205
34525717
34526229
34526741
34527253
34522646
34523158
34523670
34524182
34524694
34525206
34525718
34526230
34526742
34527254
34522647
34523159
34523671
34524183
34524695
34525207
34525719
34526231
34526743
34527255
34522648
34523160
34523672
34524184
34524696
34525208
34525720
34526232
34526744
34527256
34522649
34523161
34523673
34524185
34524697
34525209
34525721
34526233
34526745
34527257
34522650
34523162
34523674
34524186
34524698
34525210
34525722
34526234
34526746
34527258
34522651
34523163
34523675
34524187
34524699
34525211
34525723
34526235
34526747
34527259
34522652
34523164
34523676
34524188
34524700
34525212
34525724
34526236
34526748
34527260
17393168
17393680
17394192
17394704
17395216
17395728
17396240
17396752
17397264
17397776
17393169
17393681
17394193
17394705
17395217
17395729
17396241
17396753
17397265
17397777
17393170
17393682
17394194
17394706
17395218
17395730
17396242
17396754
17397266
17397778
17393171
17393683
17394195
17394707
17395219
17395731
17396243
17396755
17397267
17397779
17393172
17393684
17394196
17394708
17395220
17395732
17396244
17396756
17397268
17397780
17393173
17393685
17394197
17394709
17395221
17395733
17396245
17396757
17397269
17397781
17393174
17393686
17394198
17394710
17395222
17395734
17396246
17396758
17397270
17397782
17393175
17393687
17394199
17394711
17395223
17395735
17396247
17396759
17397271
17397783
17393176
17393688
17394200
17394712
17395224
17395736
17396248
17396760
17397272
17397784
17393177
17393689
17394201
17394713
17395225
17395737
17396249
17396761
17397273
17397785
3172281
3172793
3173305
3173817
3174329
3174841
3175353
3175865
3176377
3176889
3172282
3172794
3173306
3173818
3174330
3174842
3175354
3175866
3176378
3176890
3172283
3172795
3173307
3173819
3174331
3174843
3175355
3175867
3176379
3176891
3172284
3172796
3173308
3173820
3174332
3174844
3175356
3175868
3176380
3176892
3172285
3172797
3173309
3173821
3174333
3174845
3175357
3175869
3176381
3176893
3172286
3172798
3173310
3173822
3174334
3174846
3175358
3175870
3176382
3176894
3172287
3172799
3173311
3173823
3174335
3174847
3175359
3175871
3176383
3176895
3172288
3172800
3173312
3173824
3174336
3174848
3175360
3175872
3176384
3176896
3172289
3172801
3173313
3173825
3174337
3174849
3175361
3175873
3176385
3176897
3172290
3172802
3173314
3173826
3174338
3174850
3175362
3175874
3176386
3176898
33572514
33573026
33573538
33574050
33574562
33575074
33575586
33576098
33576610
33577122
33572515
33573027
33573539
33574051
33574563
33575075
33575587
33576099
33576611
33577123
33572516
33573028
33573540
33574052
33574564
33575076
33575588
33576100
33576612
33577124
33572517
33573029
33573541
33574053
33574565
33575077
33575589
33576101
33576613
33577125
33572518
33573030
33573542
33574054
33574566
33575078
33575590
33576102
33576614
33577126
33572519
33573031
33573543
33574055
33574567
33575079
33575591
33576103
33576615
33577127
33572520
33573032
33573544
33574056
33574568
33575080
33575592
33576104
33576616
33577128
33572521
33573033
33573545
33574057
33574569
33575081
33575593
33576105
33576617
33577129
33572522
33573034
33573546
33574058
33574570
33575082
33575594
33576106
33576618
33577130
33572523
33573035
33573547
33574059
33574571
33575083
33575595
33576107
33576619
33577131
20187719
20188231
20188743
20189255
20189767
20190279
20190791
20191303
20191815
20192327
20187720
20188232
20188744
20189256
20189768
20190280
20190792
20191304
20191816
20192328
20187721
20188233
20188745
20189257
20189769
20190281
20190793
20191305
20191817
20192329
20187722
20188234
20188746
20189258
20189770
20190282
20190794
20191306
20191818
20192330
20187723
20188235
20188747
20189259
20189771
20190283
20190795
20191307
20191819
20192331
20187724
20188236
20188748
20189260
20189772
20190284
20190796
20191308
20191820
20192332
20187725
20188237
20188749
20189261
20189773
20190285
20190797
20191309
20191821
20192333
20187726
20188238
20188750
20189262
20189774
20190286
20190798
20191310
20191822
20192334
20187727
20188239
20188751
20189263
20189775
20190287
20190799
20191311
20191823
20192335
20187728
20188240
20188752
20189264
20189776
20190288
20190800
20191312
20191824
20192336
17845485
17845997
17846509
17847021
17847533
17848045
17848557
17849069
17849581
17850093
17845486
17845998
17846510
17847022
17847534
17848046
17848558
17849070
17849582
17850094
17845487
17845999
17846511
17847023
17847535
17848047
17848559
17849071
17849583
17850095
17845488
17846000
17846512
17847024
17847536
17848048
17848560
17849072
17849584
17850096
17845489
17846001
17846513
17847025
17847537
17848049
17848561
17849073
17849585
17850097
17845490
17846002
17846514
17847026
17847538
17848050
17848562
17849074
17849586
17850098
17845491
17846003
17846515
17847027
17847539
17848051
17848563
17849075
17849587
17850099
17845492
17846004
17846516
17847028
17847540
17848052
17848564
17849076
17849588
17850100
17845493
17846005
17846517
17847029
17847541
17848053
17848565
17849077
17849589
17850101
17845494
17846006
17846518
17847030
17847542
17848054
17848566
17849078
17849590
17850102
19687076
19687588
19688100
19688612
19689124
19689636
19690148
19690660
19691172
19691684
19687077
19687589
19688101
19688613
19689125
19689637
19690149
19690661
19691173
19691685
19687078
19687590
19688102
19688614
19689126
19689638
19690150
19690662
19691174
19691686
19687079
19687591
19688103
19688615
19689127
19689639
19690151
19690663
19691175
19691687
19687080
19687592
19688104
19688616
19689128
19689640
19690152
19690664
19691176
19691688
19687081
19687593
19688105
19688617
19689129
19689641
19690153
19690665
19691177
19691689
19687082
19687594
19688106
19688618
19689130
19689642
19690154
19690666
19691178
19691690
19687083
19687595
19688107
19688619
19689131
19689643
19690155
19690667
19691179
19691691
19687084
19687596
19688108
19688620
19689132
19689644
19690156
19690668
19691180
19691692
19687085
19687597
19688109
19688621
19689133
19689645
19690157
19690669
19691181
19691693
