27167794
27168306
27168818
27169330
27169842
27170354
27170866
27171378
27171890
27172402
27167795
27168307
27168819
27169331
27169843
27170355
27170867
27171379
27171891
27172403
27167796
27168308
27168820
27169332
27169844
27170356
27170868
27171380
27171892
27172404
27167797
27168309
27168821
27169333
27169845
27170357
27170869
27171381
27171893
27172405
27167798
27168310
27168822
27169334
27169846
27170358
27170870
27171382
27171894
27172406
27167799
27168311
27168823
27169335
27169847
27170359
27170871
27171383
27171895
27172407
27167800
27168312
27168824
27169336
27169848
27170360
27170872
27171384
27171896
27172408
27167801
27168313
27168825
27169337
27169849
27170361
27170873
27171385
27171897
27172409
27167802
27168314
27168826
27169338
27169850
27170362
27170874
27171386
27171898
27172410
27167803
27168315
27168827
27169339
27169851
27170363
27170875
27171387
27171899
27172411
13063723
13064235
13064747
13065259
13065771
13066283
13066795
13067307
13067819
13068331
13063724
13064236
13064748
13065260
13065772
13066284
13066796
13067308
13067820
13068332
13063725
13064237
13064749
13065261
13065773
13066285
13066797
13067309
13067821
13068333
13063726
13064238
13064750
13065262
13065774
13066286
13066798
13067310
13067822
13068334
13063727
13064239
13064751
13065263
13065775
13066287
13066799
13067311
13067823
13068335
13063728
13064240
13064752
13065264
13065776
13066288
13066800
13067312
13067824
13068336
13063729
13064241
13064753
13065265
13065777
13066289
13066801
13067313
13067825
13068337
13063730
13064242
13064754
13065266
13065778
13066290
13066802
13067314
13067826
13068338
13063731
13064243
13064755
13065267
13065779
13066291
13066803
13067315
13067827
13068339
13063732
13064244
13064756
13065268
13065780
13066292
13066804
13067316
13067828
13068340
6478420
6478932
6479444
6479956
6480468
6480980
6481492
6482004
6482516
6483028
6478421
6478933
6479445
6479957
6480469
6480981
6481493
6482005
6482517
6483029
6478422
6478934
6479446
6479958
6480470
6480982
6481494
6482006
6482518
6483030
6478423
6478935
6479447
6479959
6480471
6480983
6481495
6482007
6482519
6483031
6478424
6478936
6479448
6479960
6480472
6480984
6481496
6482008
6482520
6483032
6478425
6478937
6479449
6479961
6480473
6480985
6481497
6482009
6482521
6483033
6478426
6478938
6479450
6479962
6480474
6480986
6481498
6482010
6482522
6483034
6478427
6478939
6479451
6479963
6480475
6480987
6481499
6482011
6482523
6483035
6478428
6478940
6479452
6479964
6480476
6480988
6481500
6482012
6482524
6483036
6478429
6478941
6479453
6479965
6480477
6480989
6481501
6482013
6482525
6483037
4889655
4890167
4890679
4891191
4891703
4892215
4892727
4893239
4893751
4894263
4889656
4890168
4890680
4891192
4891704
4892216
4892728
4893240
4893752
4894264
4889657
4890169
4890681
4891193
4891705
4892217
4892729
4893241
4893753
4894265
4889658
4890170
4890682
4891194
4891706
4892218
4892730
4893242
4893754
4894266
4889659
4890171
4890683
4891195
4891707
4892219
4892731
4893243
4893755
4894267
4889660
4890172
4890684
4891196
4891708
4892220
4892732
4893244
4893756
4894268
4889661
4890173
4890685
4891197
4891709
4892221
4892733
4893245
4893757
4894269
4889662
4890174
4890686
4891198
4891710
4892222
4892734
4893246
4893758
4894270
4889663
4890175
4890687
4891199
4891711
4892223
4892735
4893247
4893759
4894271
4889664
4890176
4890688
4891200
4891712
4892224
4892736
4893248
4893760
4894272
18458983
18459495
18460007
18460519
18461031
18461543
18462055
18462567
18463079
18463591
18458984
18459496
18460008
18460520
18461032
18461544
18462056
18462568
18463080
18463592
18458985
18459497
18460009
18460521
18461033
18461545
18462057
18462569
18463081
18463593
18458986
18459498
18460010
18460522
18461034
18461546
18462058
18462570
18463082
18463594
18458987
18459499
18460011
18460523
18461035
18461547
18462059
18462571
18463083
18463595
18458988
18459500
18460012
18460524
18461036
18461548
18462060
18462572
18463084
18463596
18458989
18459501
18460013
18460525
18461037
18461549
18462061
18462573
18463085
18463597
18458990
18459502
18460014
18460526
18461038
18461550
18462062
18462574
18463086
18463598
18458991
18459503
18460015
18460527
18461039
18461551
18462063
18462575
18463087
18463599
18458992
18459504
18460016
18460528
18461040
18461552
18462064
18462576
18463088
18463600
8596619
8597131
8597643
8598155
8598667
8599179
8599691
8600203
8600715
8601227
8596620
8597132
8597644
8598156
8598668
8599180
8599692
8600204
8600716
8601228
8596621
8597133
8597645
8598157
8598669
8599181
8599693
8600205
8600717
8601229
8596622
8597134
8597646
8598158
8598670
8599182
8599694
8600206
8600718
8601230
8596623
8597135
8597647
8598159
8598671
8599183
8599695
8600207
8600719
8601231
8596624
8597136
8597648
8598160
8598672
8599184
8599696
8600208
8600720
8601232
8596625
8597137
8597649
8598161
8598673
8599185
8599697
8600209
8600721
8601233
8596626
8597138
8597650
8598162
8598674
8599186
8599698
8600210
8600722
8601234
8596627
8597139
8597651
8598163
8598675
8599187
8599699
8600211
8600723
8601235
8596628
8597140
8597652
8598164
8598676
8599188
8599700
8600212
8600724
8601236
38146149
38146661
38147173
38147685
38148197
38148709
38149221
38149733
38150245
38150757
38146150
38146662
38147174
38147686
38148198
38148710
38149222
38149734
38150246
38150758
38146151
38146663
38147175
38147687
38148199
38148711
38149223
38149735
38150247
38150759
38146152
38146664
38147176
38147688
38148200
38148712
38149224
38149736
38150248
38150760
38146153
38146665
38147177
38147689
38148201
38148713
38149225
38149737
38150249
38150761
38146154
38146666
38147178
38147690
38148202
38148714
38149226
38149738
38150250
38150762
38146155
38146667
38147179
38147691
38148203
38148715
38149227
38149739
38150251
38150763
38146156
38146668
38147180
38147692
38148204
38148716
38149228
38149740
38150252
38150764
38146157
38146669
38147181
38147693
38148205
38148717
38149229
38149741
38150253
38150765
38146158
38146670
38147182
38147694
38148206
38148718
38149230
38149742
38150254
38150766
18570496
18571008
18571520
18572032
18572544
18573056
18573568
18574080
18574592
18575104
18570497
18571009
18571521
18572033
18572545
18573057
18573569
18574081
18574593
18575105
18570498
18571010
18571522
18572034
18572546
18573058
18573570
18574082
18574594
18575106
18570499
18571011
18571523
18572035
18572547
18573059
18573571
18574083
18574595
18575107
18570500
18571012
18571524
18572036
18572548
18573060
18573572
18574084
18574596
18575108
18570501
18571013
18571525
18572037
18572549
18573061
18573573
18574085
18574597
18575109
18570502
18571014
18571526
18572038
18572550
18573062
18573574
18574086
18574598
18575110
18570503
18571015
18571527
18572039
18572551
18573063
18573575
18574087
18574599
18575111
18570504
18571016
18571528
18572040
18572552
18573064
18573576
18574088
18574600
18575112
18570505
18571017
18571529
18572041
18572553
18573065
18573577
18574089
18574601
18575113
5125769
5126281
5126793
5127305
5127817
5128329
5128841
5129353
5129865
5130377
5125770
5126282
5126794
5127306
5127818
5128330
5128842
5129354
5129866
5130378
5125771
5126283
5126795
5127307
5127819
5128331
5128843
5129355
5129867
5130379
5125772
5126284
5126796
5127308
5127820
5128332
5128844
5129356
5129868
5130380
5125773
5126285
5126797
5127309
5127821
5128333
5128845
5129357
5129869
5130381
5125774
5126286
5126798
5127310
5127822
5128334
5128846
5129358
5129870
5130382
5125775
5126287
5126799
5127311
5127823
5128335
5128847
5129359
5129871
5130383
5125776
5126288
5126800
5127312
5127824
5128336
5128848
5129360
5129872
5130384
5125777
5126289
5126801
5127313
5127825
5128337
5128849
5129361
5129873
5130385
5125778
5126290
5126802
5127314
5127826
5128338
5128850
5129362
5129874
5130386
10368593
10369105
10369617
10370129
10370641
10371153
10371665
10372177
10372689
10373201
10368594
10369106
10369618
10370130
10370642
10371154
10371666
10372178
10372690
10373202
10368595
10369107
10369619
10370131
10370643
10371155
10371667
10372179
10372691
10373203
10368596
10369108
10369620
10370132
10370644
10371156
10371668
10372180
10372692
10373204
10368597
10369109
10369621
10370133
10370645
10371157
10371669
10372181
10372693
10373205
10368598
10369110
10369622
10370134
10370646
10371158
10371670
10372182
10372694
10373206
10368599
10369111
10369623
10370135
10370647
10371159
10371671
10372183
10372695
10373207
10368600
10369112
10369624
10370136
10370648
10371160
10371672
10372184
10372696
10373208
10368601
10369113
10369625
10370137
10370649
10371161
10371673
10372185
10372697
10373209
10368602
10369114
10369626
10370138
10370650
10371162
10371674
10372186
10372698
10373210
5326568
5327080
5327592
5328104
5328616
5329128
5329640
5330152
5330664
5331176
5326569
5327081
5327593
5328105
5328617
5329129
5329641
5330153
5330665
5331177
5326570
5327082
5327594
5328106
5328618
5329130
5329642
5330154
5330666
5331178
5326571
5327083
5327595
5328107
5328619
5329131
5329643
5330155
5330667
5331179
5326572
5327084
5327596
5328108
5328620
5329132
5329644
5330156
5330668
5331180
5326573
5327085
5327597
5328109
5328621
5329133
5329645
5330157
5330669
5331181
5326574
5327086
5327598
5328110
5328622
5329134
5329646
5330158
5330670
5331182
5326575
5327087
5327599
5328111
5328623
5329135
5329647
5330159
5330671
5331183
5326576
5327088
5327600
5328112
5328624
5329136
5329648
5330160
5330672
5331184
5326577
5327089
5327601
5328113
5328625
5329137
5329649
5330161
5330673
5331185
9310110
9310622
9311134
9311646
9312158
9312670
9313182
9313694
9314206
9314718
9310111
9310623
9311135
9311647
9312159
9312671
9313183
9313695
9314207
9314719
9310112
9310624
9311136
9311648
9312160
9312672
9313184
9313696
9314208
9314720
9310113
9310625
9311137
9311649
9312161
9312673
9313185
9313697
9314209
9314721
9310114
9310626
9311138
9311650
9312162
9312674
9313186
9313698
9314210
9314722
9310115
9310627
9311139
9311651
9312163
9312675
9313187
9313699
9314211
9314723
9310116
9310628
9311140
9311652
9312164
9312676
9313188
9313700
9314212
9314724
9310117
9310629
9311141
9311653
9312165
9312677
9313189
9313701
9314213
9314725
9310118
9310630
9311142
9311654
9312166
9312678
9313190
9313702
9314214
9314726
9310119
9310631
9311143
9311655
9312167
9312679
9313191
9313703
9314215
9314727
13160200
13160712
13161224
13161736
13162248
13162760
13163272
13163784
13164296
13164808
13160201
13160713
13161225
13161737
13162249
13162761
13163273
13163785
13164297
13164809
13160202
13160714
13161226
13161738
13162250
13162762
13163274
13163786
13164298
13164810
13160203
13160715
13161227
13161739
13162251
13162763
13163275
13163787
13164299
13164811
13160204
13160716
13161228
13161740
13162252
13162764
13163276
13163788
13164300
13164812
13160205
13160717
13161229
13161741
13162253
13162765
13163277
13163789
13164301
13164813
13160206
13160718
13161230
13161742
13162254
13162766
13163278
13163790
13164302
13164814
13160207
13160719
13161231
13161743
13162255
13162767
13163279
13163791
13164303
13164815
13160208
13160720
13161232
13161744
13162256
13162768
13163280
13163792
13164304
13164816
13160209
13160721
13161233
13161745
13162257
13162769
13163281
13163793
13164305
13164817
6788971
6789483
6789995
6790507
6791019
6791531
6792043
6792555
6793067
6793579
6788972
6789484
6789996
6790508
6791020
6791532
6792044
6792556
6793068
6793580
6788973
6789485
6789997
6790509
6791021
6791533
6792045
6792557
6793069
6793581
6788974
6789486
6789998
6790510
6791022
6791534
6792046
6792558
6793070
6793582
6788975
6789487
6789999
6790511
6791023
6791535
6792047
6792559
6793071
6793583
6788976
6789488
6790000
6790512
6791024
6791536
6792048
6792560
6793072
6793584
6788977
6789489
6790001
6790513
6791025
6791537
6792049
6792561
6793073
6793585
6788978
6789490
6790002
6790514
6791026
6791538
6792050
6792562
6793074
6793586
6788979
6789491
6790003
6790515
6791027
6791539
6792051
6792563
6793075
6793587
6788980
6789492
6790004
6790516
6791028
6791540
6792052
6792564
6793076
6793588
36679922
36680434
36680946
36681458
36681970
36682482
36682994
36683506
36684018
36684530
36679923
36680435
36680947
36681459
36681971
36682483
36682995
36683507
36684019
36684531
36679924
36680436
36680948
36681460
36681972
36682484
36682996
36683508
36684020
36684532
36679925
36680437
36680949
36681461
36681973
36682485
36682997
36683509
36684021
36684533
36679926
36680438
36680950
36681462
36681974
36682486
36682998
36683510
36684022
36684534
36679927
36680439
36680951
36681463
36681975
36682487
36682999
36683511
36684023
36684535
36679928
36680440
36680952
36681464
36681976
36682488
36683000
36683512
36684024
36684536
36679929
36680441
36680953
36681465
36681977
36682489
36683001
36683513
36684025
36684537
36679930
36680442
36680954
36681466
36681978
36682490
36683002
36683514
36684026
36684538
36679931
36680443
36680955
36681467
36681979
36682491
36683003
36683515
36684027
36684539
11046747
11047259
11047771
11048283
11048795
11049307
11049819
11050331
11050843
11051355
11046748
11047260
11047772
11048284
11048796
11049308
11049820
11050332
11050844
11051356
11046749
11047261
11047773
11048285
11048797
11049309
11049821
11050333
11050845
11051357
11046750
11047262
11047774
11048286
11048798
11049310
11049822
11050334
11050846
11051358
11046751
11047263
11047775
11048287
11048799
11049311
11049823
11050335
11050847
11051359
11046752
11047264
11047776
11048288
11048800
11049312
11049824
11050336
11050848
11051360
11046753
11047265
11047777
11048289
11048801
11049313
11049825
11050337
11050849
11051361
11046754
11047266
11047778
11048290
11048802
11049314
11049826
11050338
11050850
11051362
11046755
11047267
11047779
11048291
11048803
11049315
11049827
11050339
11050851
11051363
11046756
11047268
11047780
11048292
11048804
11049316
11049828
11050340
11050852
11051364
29716469
29716981
29717493
29718005
29718517
29719029
29719541
29720053
29720565
29721077
29716470
29716982
29717494
29718006
29718518
29719030
29719542
29720054
29720566
29721078
29716471
29716983
29717495
29718007
29718519
29719031
29719543
29720055
29720567
29721079
29716472
29716984
29717496
29718008
29718520
29719032
29719544
29720056
29720568
29721080
29716473
29716985
29717497
29718009
29718521
29719033
29719545
29720057
29720569
29721081
29716474
29716986
29717498
29718010
29718522
29719034
29719546
29720058
29720570
29721082
29716475
29716987
29717499
29718011
29718523
29719035
29719547
29720059
29720571
29721083
29716476
29716988
29717500
29718012
29718524
29719036
29719548
29720060
29720572
29721084
29716477
29716989
29717501
29718013
29718525
29719037
29719549
29720061
29720573
29721085
29716478
29716990
29717502
29718014
29718526
29719038
29719550
29720062
29720574
29721086
39359645
39360157
39360669
39361181
39361693
39362205
39362717
39363229
39363741
39364253
39359646
39360158
39360670
39361182
39361694
39362206
39362718
39363230
39363742
39364254
39359647
39360159
39360671
39361183
39361695
39362207
39362719
39363231
39363743
39364255
39359648
39360160
39360672
39361184
39361696
39362208
39362720
39363232
39363744
39364256
39359649
39360161
39360673
39361185
39361697
39362209
39362721
39363233
39363745
39364257
39359650
39360162
39360674
39361186
39361698
39362210
39362722
39363234
39363746
39364258
39359651
39360163
39360675
39361187
39361699
39362211
39362723
39363235
39363747
39364259
39359652
39360164
39360676
39361188
39361700
39362212
39362724
39363236
39363748
39364260
39359653
39360165
39360677
39361189
39361701
39362213
39362725
39363237
39363749
39364261
39359654
39360166
39360678
39361190
39361702
39362214
39362726
39363238
39363750
39364262
10759919
10760431
10760943
10761455
10761967
10762479
10762991
10763503
10764015
10764527
10759920
10760432
10760944
10761456
10761968
10762480
10762992
10763504
10764016
10764528
10759921
10760433
10760945
10761457
10761969
10762481
10762993
10763505
10764017
10764529
10759922
10760434
10760946
10761458
10761970
10762482
10762994
10763506
10764018
10764530
10759923
10760435
10760947
10761459
10761971
10762483
10762995
10763507
10764019
10764531
10759924
10760436
10760948
10761460
10761972
10762484
10762996
10763508
10764020
10764532
10759925
10760437
10760949
10761461
10761973
10762485
10762997
10763509
10764021
10764533
10759926
10760438
10760950
10761462
10761974
10762486
10762998
10763510
10764022
10764534
10759927
10760439
10760951
10761463
10761975
10762487
10762999
10763511
10764023
10764535
10759928
10760440
10760952
10761464
10761976
10762488
10763000
10763512
10764024
10764536
14118586
14119098
14119610
14120122
14120634
14121146
14121658
14122170
14122682
14123194
14118587
14119099
14119611
14120123
14120635
14121147
14121659
14122171
14122683
14123195
14118588
14119100
14119612
14120124
14120636
14121148
14121660
14122172
14122684
14123196
14118589
14119101
14119613
14120125
14120637
14121149
14121661
14122173
14122685
14123197
14118590
14119102
14119614
14120126
14120638
14121150
14121662
14122174
14122686
14123198
14118591
14119103
14119615
14120127
14120639
14121151
14121663
14122175
14122687
14123199
14118592
14119104
14119616
14120128
14120640
14121152
14121664
14122176
14122688
14123200
14118593
14119105
14119617
14120129
14120641
14121153
14121665
14122177
14122689
14123201
14118594
14119106
14119618
14120130
14120642
14121154
14121666
14122178
14122690
14123202
14118595
14119107
14119619
14120131
14120643
14121155
14121667
14122179
14122691
14123203
12377750
12378262
12378774
12379286
12379798
12380310
12380822
12381334
12381846
12382358
12377751
12378263
12378775
12379287
12379799
12380311
12380823
12381335
12381847
12382359
12377752
12378264
12378776
12379288
12379800
12380312
12380824
12381336
12381848
12382360
12377753
12378265
12378777
12379289
12379801
12380313
12380825
12381337
12381849
12382361
12377754
12378266
12378778
12379290
12379802
12380314
12380826
12381338
12381850
12382362
12377755
12378267
12378779
12379291
12379803
12380315
12380827
12381339
12381851
12382363
12377756
12378268
12378780
12379292
12379804
12380316
12380828
12381340
12381852
12382364
12377757
12378269
12378781
12379293
12379805
12380317
12380829
12381341
12381853
12382365
12377758
12378270
12378782
12379294
12379806
12380318
12380830
12381342
12381854
12382366
12377759
12378271
12378783
12379295
12379807
12380319
12380831
12381343
12381855
12382367
38636489
38637001
38637513
38638025
38638537
38639049
38639561
38640073
38640585
38641097
38636490
38637002
38637514
38638026
38638538
38639050
38639562
38640074
38640586
38641098
38636491
38637003
38637515
38638027
38638539
38639051
38639563
38640075
38640587
38641099
38636492
38637004
38637516
38638028
38638540
38639052
38639564
38640076
38640588
38641100
38636493
38637005
38637517
38638029
38638541
38639053
38639565
38640077
38640589
38641101
38636494
38637006
38637518
38638030
38638542
38639054
38639566
38640078
38640590
38641102
38636495
38637007
38637519
38638031
38638543
38639055
38639567
38640079
38640591
38641103
38636496
38637008
38637520
38638032
38638544
38639056
38639568
38640080
38640592
38641104
38636497
38637009
38637521
38638033
38638545
38639057
38639569
38640081
38640593
38641105
38636498
38637010
38637522
38638034
38638546
38639058
38639570
38640082
38640594
38641106
34317489
34318001
34318513
34319025
34319537
34320049
34320561
34321073
34321585
34322097
34317490
34318002
34318514
34319026
34319538
34320050
34320562
34321074
34321586
34322098
34317491
34318003
34318515
34319027
34319539
34320051
34320563
34321075
34321587
34322099
34317492
34318004
34318516
34319028
34319540
34320052
34320564
34321076
34321588
34322100
34317493
34318005
34318517
34319029
34319541
34320053
34320565
34321077
34321589
34322101
34317494
34318006
34318518
34319030
34319542
34320054
34320566
34321078
34321590
34322102
34317495
34318007
34318519
34319031
34319543
34320055
34320567
34321079
34321591
34322103
34317496
34318008
34318520
34319032
34319544
34320056
34320568
34321080
34321592
34322104
34317497
34318009
34318521
34319033
34319545
34320057
34320569
34321081
34321593
34322105
34317498
34318010
34318522
34319034
34319546
34320058
34320570
34321082
34321594
34322106
39503375
39503887
39504399
39504911
39505423
39505935
39506447
39506959
39507471
39507983
39503376
39503888
39504400
39504912
39505424
39505936
39506448
39506960
39507472
39507984
39503377
39503889
39504401
39504913
39505425
39505937
39506449
39506961
39507473
39507985
39503378
39503890
39504402
39504914
39505426
39505938
39506450
39506962
39507474
39507986
39503379
39503891
39504403
39504915
39505427
39505939
39506451
39506963
39507475
39507987
39503380
39503892
39504404
39504916
39505428
39505940
39506452
39506964
39507476
39507988
39503381
39503893
39504405
39504917
39505429
39505941
39506453
39506965
39507477
39507989
39503382
39503894
39504406
39504918
39505430
39505942
39506454
39506966
39507478
39507990
39503383
39503895
39504407
39504919
39505431
39505943
39506455
39506967
39507479
39507991
39503384
39503896
39504408
39504920
39505432
39505944
39506456
39506968
39507480
39507992
28457449
28457961
28458473
28458985
28459497
28460009
28460521
28461033
28461545
28462057
28457450
28457962
28458474
28458986
28459498
28460010
28460522
28461034
28461546
28462058
28457451
28457963
28458475
28458987
28459499
28460011
28460523
28461035
28461547
28462059
28457452
28457964
28458476
28458988
28459500
28460012
28460524
28461036
28461548
28462060
28457453
28457965
28458477
28458989
28459501
28460013
28460525
28461037
28461549
28462061
28457454
28457966
28458478
28458990
28459502
28460014
28460526
28461038
28461550
28462062
28457455
28457967
28458479
28458991
28459503
28460015
28460527
28461039
28461551
28462063
28457456
28457968
28458480
28458992
28459504
28460016
28460528
28461040
28461552
28462064
28457457
28457969
28458481
28458993
28459505
28460017
28460529
28461041
28461553
28462065
28457458
28457970
28458482
28458994
28459506
28460018
28460530
28461042
28461554
28462066
16064747
16065259
16065771
16066283
16066795
16067307
16067819
16068331
16068843
16069355
16064748
16065260
16065772
16066284
16066796
16067308
16067820
16068332
16068844
16069356
16064749
16065261
16065773
16066285
16066797
16067309
16067821
16068333
16068845
16069357
16064750
16065262
16065774
16066286
16066798
16067310
16067822
16068334
16068846
16069358
16064751
16065263
16065775
16066287
16066799
16067311
16067823
16068335
16068847
16069359
16064752
16065264
16065776
16066288
16066800
16067312
16067824
16068336
16068848
16069360
16064753
16065265
16065777
16066289
16066801
16067313
16067825
16068337
16068849
16069361
16064754
16065266
16065778
16066290
16066802
16067314
16067826
16068338
16068850
16069362
16064755
16065267
16065779
16066291
16066803
16067315
16067827
16068339
16068851
16069363
16064756
16065268
16065780
16066292
16066804
16067316
16067828
16068340
16068852
16069364
37628385
37628897
37629409
37629921
37630433
37630945
37631457
37631969
37632481
37632993
37628386
37628898
37629410
37629922
37630434
37630946
37631458
37631970
37632482
37632994
37628387
37628899
37629411
37629923
37630435
37630947
37631459
37631971
37632483
37632995
37628388
37628900
37629412
37629924
37630436
37630948
37631460
37631972
37632484
37632996
37628389
37628901
37629413
37629925
37630437
37630949
37631461
37631973
37632485
37632997
37628390
37628902
37629414
37629926
37630438
37630950
37631462
37631974
37632486
37632998
37628391
37628903
37629415
37629927
37630439
37630951
37631463
37631975
37632487
37632999
37628392
37628904
37629416
37629928
37630440
37630952
37631464
37631976
37632488
37633000
37628393
37628905
37629417
37629929
37630441
37630953
37631465
37631977
37632489
37633001
37628394
37628906
37629418
37629930
37630442
37630954
37631466
37631978
37632490
37633002
5960344
5960856
5961368
5961880
5962392
5962904
5963416
5963928
5964440
5964952
5960345
5960857
5961369
5961881
5962393
5962905
5963417
5963929
5964441
5964953
5960346
5960858
5961370
5961882
5962394
5962906
5963418
5963930
5964442
5964954
5960347
5960859
5961371
5961883
5962395
5962907
5963419
5963931
5964443
5964955
5960348
5960860
5961372
5961884
5962396
5962908
5963420
5963932
5964444
5964956
5960349
5960861
5961373
5961885
5962397
5962909
5963421
5963933
5964445
5964957
5960350
5960862
5961374
5961886
5962398
5962910
5963422
5963934
5964446
5964958
5960351
5960863
5961375
5961887
5962399
5962911
5963423
5963935
5964447
5964959
5960352
5960864
5961376
5961888
5962400
5962912
5963424
5963936
5964448
5964960
5960353
5960865
5961377
5961889
5962401
5962913
5963425
5963937
5964449
5964961
22797276
22797788
22798300
22798812
22799324
22799836
22800348
22800860
22801372
22801884
22797277
22797789
22798301
22798813
22799325
22799837
22800349
22800861
22801373
22801885
22797278
22797790
22798302
22798814
22799326
22799838
22800350
22800862
22801374
22801886
22797279
22797791
22798303
22798815
22799327
22799839
22800351
22800863
22801375
22801887
22797280
22797792
22798304
22798816
22799328
22799840
22800352
22800864
22801376
22801888
22797281
22797793
22798305
22798817
22799329
22799841
22800353
22800865
22801377
22801889
22797282
22797794
22798306
22798818
22799330
22799842
22800354
22800866
22801378
22801890
22797283
22797795
22798307
22798819
22799331
22799843
22800355
22800867
22801379
22801891
22797284
22797796
22798308
22798820
22799332
22799844
22800356
22800868
22801380
22801892
22797285
22797797
22798309
22798821
22799333
22799845
22800357
22800869
22801381
22801893
17012344
17012856
17013368
17013880
17014392
17014904
17015416
17015928
17016440
17016952
17012345
17012857
17013369
17013881
17014393
17014905
17015417
17015929
17016441
17016953
17012346
17012858
17013370
17013882
17014394
17014906
17015418
17015930
17016442
17016954
17012347
17012859
17013371
17013883
17014395
17014907
17015419
17015931
17016443
17016955
17012348
17012860
17013372
17013884
17014396
17014908
17015420
17015932
17016444
17016956
17012349
17012861
17013373
17013885
17014397
17014909
17015421
17015933
17016445
17016957
17012350
17012862
17013374
17013886
17014398
17014910
17015422
17015934
17016446
17016958
17012351
17012863
17013375
17013887
17014399
17014911
17015423
17015935
17016447
17016959
17012352
17012864
17013376
17013888
17014400
17014912
17015424
17015936
17016448
17016960
17012353
17012865
17013377
17013889
17014401
17014913
17015425
17015937
17016449
17016961
