29372264
29372776
29373288
29373800
29374312
29374824
29375336
29375848
29376360
29376872
29372265
29372777
29373289
29373801
29374313
29374825
29375337
29375849
29376361
29376873
29372266
29372778
29373290
29373802
29374314
29374826
29375338
29375850
29376362
29376874
29372267
29372779
29373291
29373803
29374315
29374827
29375339
29375851
29376363
29376875
29372268
29372780
29373292
29373804
29374316
29374828
29375340
29375852
29376364
29376876
29372269
29372781
29373293
29373805
29374317
29374829
29375341
29375853
29376365
29376877
29372270
29372782
29373294
29373806
29374318
29374830
29375342
29375854
29376366
29376878
29372271
29372783
29373295
29373807
29374319
29374831
29375343
29375855
29376367
29376879
29372272
29372784
29373296
29373808
29374320
29374832
29375344
29375856
29376368
29376880
29372273
29372785
29373297
29373809
29374321
29374833
29375345
29375857
29376369
29376881
1679294
1679806
1680318
1680830
1681342
1681854
1682366
1682878
1683390
1683902
1679295
1679807
1680319
1680831
1681343
1681855
1682367
1682879
1683391
1683903
1679296
1679808
1680320
1680832
1681344
1681856
1682368
1682880
1683392
1683904
1679297
1679809
1680321
1680833
1681345
1681857
1682369
1682881
1683393
1683905
1679298
1679810
1680322
1680834
1681346
1681858
1682370
1682882
1683394
1683906
1679299
1679811
1680323
1680835
1681347
1681859
1682371
1682883
1683395
1683907
1679300
1679812
1680324
1680836
1681348
1681860
1682372
1682884
1683396
1683908
1679301
1679813
1680325
1680837
1681349
1681861
1682373
1682885
1683397
1683909
1679302
1679814
1680326
1680838
1681350
1681862
1682374
1682886
1683398
1683910
1679303
1679815
1680327
1680839
1681351
1681863
1682375
1682887
1683399
1683911
4308327
4308839
4309351
4309863
4310375
4310887
4311399
4311911
4312423
4312935
4308328
4308840
4309352
4309864
4310376
4310888
4311400
4311912
4312424
4312936
4308329
4308841
4309353
4309865
4310377
4310889
4311401
4311913
4312425
4312937
4308330
4308842
4309354
4309866
4310378
4310890
4311402
4311914
4312426
4312938
4308331
4308843
4309355
4309867
4310379
4310891
4311403
4311915
4312427
4312939
4308332
4308844
4309356
4309868
4310380
4310892
4311404
4311916
4312428
4312940
4308333
4308845
4309357
4309869
4310381
4310893
4311405
4311917
4312429
4312941
4308334
4308846
4309358
4309870
4310382
4310894
4311406
4311918
4312430
4312942
4308335
4308847
4309359
4309871
4310383
4310895
4311407
4311919
4312431
4312943
4308336
4308848
4309360
4309872
4310384
4310896
4311408
4311920
4312432
4312944
22668847
22669359
22669871
22670383
22670895
22671407
22671919
22672431
22672943
22673455
22668848
22669360
22669872
22670384
22670896
22671408
22671920
22672432
22672944
22673456
22668849
22669361
22669873
22670385
22670897
22671409
22671921
22672433
22672945
22673457
22668850
22669362
22669874
22670386
22670898
22671410
22671922
22672434
22672946
22673458
22668851
22669363
22669875
22670387
22670899
22671411
22671923
22672435
22672947
22673459
22668852
22669364
22669876
22670388
22670900
22671412
22671924
22672436
22672948
22673460
22668853
22669365
22669877
22670389
22670901
22671413
22671925
22672437
22672949
22673461
22668854
22669366
22669878
22670390
22670902
22671414
22671926
22672438
22672950
22673462
22668855
22669367
22669879
22670391
22670903
22671415
22671927
22672439
22672951
22673463
22668856
22669368
22669880
22670392
22670904
22671416
22671928
22672440
22672952
22673464
24885469
24885981
24886493
24887005
24887517
24888029
24888541
24889053
24889565
24890077
24885470
24885982
24886494
24887006
24887518
24888030
24888542
24889054
24889566
24890078
24885471
24885983
24886495
24887007
24887519
24888031
24888543
24889055
24889567
24890079
24885472
24885984
24886496
24887008
24887520
24888032
24888544
24889056
24889568
24890080
24885473
24885985
24886497
24887009
24887521
24888033
24888545
24889057
24889569
24890081
24885474
24885986
24886498
24887010
24887522
24888034
24888546
24889058
24889570
24890082
24885475
24885987
24886499
24887011
24887523
24888035
24888547
24889059
24889571
24890083
24885476
24885988
24886500
24887012
24887524
24888036
24888548
24889060
24889572
24890084
24885477
24885989
24886501
24887013
24887525
24888037
24888549
24889061
24889573
24890085
24885478
24885990
24886502
24887014
24887526
24888038
24888550
24889062
24889574
24890086
25520137
25520649
25521161
25521673
25522185
25522697
25523209
25523721
25524233
25524745
25520138
25520650
25521162
25521674
25522186
25522698
25523210
25523722
25524234
25524746
25520139
25520651
25521163
25521675
25522187
25522699
25523211
25523723
25524235
25524747
25520140
25520652
25521164
25521676
25522188
25522700
25523212
25523724
25524236
25524748
25520141
25520653
25521165
25521677
25522189
25522701
25523213
25523725
25524237
25524749
25520142
25520654
25521166
25521678
25522190
25522702
25523214
25523726
25524238
25524750
25520143
25520655
25521167
25521679
25522191
25522703
25523215
25523727
25524239
25524751
25520144
25520656
25521168
25521680
25522192
25522704
25523216
25523728
25524240
25524752
25520145
25520657
25521169
25521681
25522193
25522705
25523217
25523729
25524241
25524753
25520146
25520658
25521170
25521682
25522194
25522706
25523218
25523730
25524242
25524754
13702832
13703344
13703856
13704368
13704880
13705392
13705904
13706416
13706928
13707440
13702833
13703345
13703857
13704369
13704881
13705393
13705905
13706417
13706929
13707441
13702834
13703346
13703858
13704370
13704882
13705394
13705906
13706418
13706930
13707442
13702835
13703347
13703859
13704371
13704883
13705395
13705907
13706419
13706931
13707443
13702836
13703348
13703860
13704372
13704884
13705396
13705908
13706420
13706932
13707444
13702837
13703349
13703861
13704373
13704885
13705397
13705909
13706421
13706933
13707445
13702838
13703350
13703862
13704374
13704886
13705398
13705910
13706422
13706934
13707446
13702839
13703351
13703863
13704375
13704887
13705399
13705911
13706423
13706935
13707447
13702840
13703352
13703864
13704376
13704888
13705400
13705912
13706424
13706936
13707448
13702841
13703353
13703865
13704377
13704889
13705401
13705913
13706425
13706937
13707449
3924455
3924967
3925479
3925991
3926503
3927015
3927527
3928039
3928551
3929063
3924456
3924968
3925480
3925992
3926504
3927016
3927528
3928040
3928552
3929064
3924457
3924969
3925481
3925993
3926505
3927017
3927529
3928041
3928553
3929065
3924458
3924970
3925482
3925994
3926506
3927018
3927530
3928042
3928554
3929066
3924459
3924971
3925483
3925995
3926507
3927019
3927531
3928043
3928555
3929067
3924460
3924972
3925484
3925996
3926508
3927020
3927532
3928044
3928556
3929068
3924461
3924973
3925485
3925997
3926509
3927021
3927533
3928045
3928557
3929069
3924462
3924974
3925486
3925998
3926510
3927022
3927534
3928046
3928558
3929070
3924463
3924975
3925487
3925999
3926511
3927023
3927535
3928047
3928559
3929071
3924464
3924976
3925488
3926000
3926512
3927024
3927536
3928048
3928560
3929072
17253716
17254228
17254740
17255252
17255764
17256276
17256788
17257300
17257812
17258324
17253717
17254229
17254741
17255253
17255765
17256277
17256789
17257301
17257813
17258325
17253718
17254230
17254742
17255254
17255766
17256278
17256790
17257302
17257814
17258326
17253719
17254231
17254743
17255255
17255767
17256279
17256791
17257303
17257815
17258327
17253720
17254232
17254744
17255256
17255768
17256280
17256792
17257304
17257816
17258328
17253721
17254233
17254745
17255257
17255769
17256281
17256793
17257305
17257817
17258329
17253722
17254234
17254746
17255258
17255770
17256282
17256794
17257306
17257818
17258330
17253723
17254235
17254747
17255259
17255771
17256283
17256795
17257307
17257819
17258331
17253724
17254236
17254748
17255260
17255772
17256284
17256796
17257308
17257820
17258332
17253725
17254237
17254749
17255261
17255773
17256285
17256797
17257309
17257821
17258333
21323016
21323528
21324040
21324552
21325064
21325576
21326088
21326600
21327112
21327624
21323017
21323529
21324041
21324553
21325065
21325577
21326089
21326601
21327113
21327625
21323018
21323530
21324042
21324554
21325066
21325578
21326090
21326602
21327114
21327626
21323019
21323531
21324043
21324555
21325067
21325579
21326091
21326603
21327115
21327627
21323020
21323532
21324044
21324556
21325068
21325580
21326092
21326604
21327116
21327628
21323021
21323533
21324045
21324557
21325069
21325581
21326093
21326605
21327117
21327629
21323022
21323534
21324046
21324558
21325070
21325582
21326094
21326606
21327118
21327630
21323023
21323535
21324047
21324559
21325071
21325583
21326095
21326607
21327119
21327631
21323024
21323536
21324048
21324560
21325072
21325584
21326096
21326608
21327120
21327632
21323025
21323537
21324049
21324561
21325073
21325585
21326097
21326609
21327121
21327633
2044089
2044601
2045113
2045625
2046137
2046649
2047161
2047673
2048185
2048697
2044090
2044602
2045114
2045626
2046138
2046650
2047162
2047674
2048186
2048698
2044091
2044603
2045115
2045627
2046139
2046651
2047163
2047675
2048187
2048699
2044092
2044604
2045116
2045628
2046140
2046652
2047164
2047676
2048188
2048700
2044093
2044605
2045117
2045629
2046141
2046653
2047165
2047677
2048189
2048701
2044094
2044606
2045118
2045630
2046142
2046654
2047166
2047678
2048190
2048702
2044095
2044607
2045119
2045631
2046143
2046655
2047167
2047679
2048191
2048703
2044096
2044608
2045120
2045632
2046144
2046656
2047168
2047680
2048192
2048704
2044097
2044609
2045121
2045633
2046145
2046657
2047169
2047681
2048193
2048705
2044098
2044610
2045122
2045634
2046146
2046658
2047170
2047682
2048194
2048706
33350799
33351311
33351823
33352335
33352847
33353359
33353871
33354383
33354895
33355407
33350800
33351312
33351824
33352336
33352848
33353360
33353872
33354384
33354896
33355408
33350801
33351313
33351825
33352337
33352849
33353361
33353873
33354385
33354897
33355409
33350802
33351314
33351826
33352338
33352850
33353362
33353874
33354386
33354898
33355410
33350803
33351315
33351827
33352339
33352851
33353363
33353875
33354387
33354899
33355411
33350804
33351316
33351828
33352340
33352852
33353364
33353876
33354388
33354900
33355412
33350805
33351317
33351829
33352341
33352853
33353365
33353877
33354389
33354901
33355413
33350806
33351318
33351830
33352342
33352854
33353366
33353878
33354390
33354902
33355414
33350807
33351319
33351831
33352343
33352855
33353367
33353879
33354391
33354903
33355415
33350808
33351320
33351832
33352344
33352856
33353368
33353880
33354392
33354904
33355416
7714400
7714912
7715424
7715936
7716448
7716960
7717472
7717984
7718496
7719008
7714401
7714913
7715425
7715937
7716449
7716961
7717473
7717985
7718497
7719009
7714402
7714914
7715426
7715938
7716450
7716962
7717474
7717986
7718498
7719010
7714403
7714915
7715427
7715939
7716451
7716963
7717475
7717987
7718499
7719011
7714404
7714916
7715428
7715940
7716452
7716964
7717476
7717988
7718500
7719012
7714405
7714917
7715429
7715941
7716453
7716965
7717477
7717989
7718501
7719013
7714406
7714918
7715430
7715942
7716454
7716966
7717478
7717990
7718502
7719014
7714407
7714919
7715431
7715943
7716455
7716967
7717479
7717991
7718503
7719015
7714408
7714920
7715432
7715944
7716456
7716968
7717480
7717992
7718504
7719016
7714409
7714921
7715433
7715945
7716457
7716969
7717481
7717993
7718505
7719017
38690229
38690741
38691253
38691765
38692277
38692789
38693301
38693813
38694325
38694837
38690230
38690742
38691254
38691766
38692278
38692790
38693302
38693814
38694326
38694838
38690231
38690743
38691255
38691767
38692279
38692791
38693303
38693815
38694327
38694839
38690232
38690744
38691256
38691768
38692280
38692792
38693304
38693816
38694328
38694840
38690233
38690745
38691257
38691769
38692281
38692793
38693305
38693817
38694329
38694841
38690234
38690746
38691258
38691770
38692282
38692794
38693306
38693818
38694330
38694842
38690235
38690747
38691259
38691771
38692283
38692795
38693307
38693819
38694331
38694843
38690236
38690748
38691260
38691772
38692284
38692796
38693308
38693820
38694332
38694844
38690237
38690749
38691261
38691773
38692285
38692797
38693309
38693821
38694333
38694845
38690238
38690750
38691262
38691774
38692286
38692798
38693310
38693822
38694334
38694846
1961249
1961761
1962273
1962785
1963297
1963809
1964321
1964833
1965345
1965857
1961250
1961762
1962274
1962786
1963298
1963810
1964322
1964834
1965346
1965858
1961251
1961763
1962275
1962787
1963299
1963811
1964323
1964835
1965347
1965859
1961252
1961764
1962276
1962788
1963300
1963812
1964324
1964836
1965348
1965860
1961253
1961765
1962277
1962789
1963301
1963813
1964325
1964837
1965349
1965861
1961254
1961766
1962278
1962790
1963302
1963814
1964326
1964838
1965350
1965862
1961255
1961767
1962279
1962791
1963303
1963815
1964327
1964839
1965351
1965863
1961256
1961768
1962280
1962792
1963304
1963816
1964328
1964840
1965352
1965864
1961257
1961769
1962281
1962793
1963305
1963817
1964329
1964841
1965353
1965865
1961258
1961770
1962282
1962794
1963306
1963818
1964330
1964842
1965354
1965866
35092595
35093107
35093619
35094131
35094643
35095155
35095667
35096179
35096691
35097203
35092596
35093108
35093620
35094132
35094644
35095156
35095668
35096180
35096692
35097204
35092597
35093109
35093621
35094133
35094645
35095157
35095669
35096181
35096693
35097205
35092598
35093110
35093622
35094134
35094646
35095158
35095670
35096182
35096694
35097206
35092599
35093111
35093623
35094135
35094647
35095159
35095671
35096183
35096695
35097207
35092600
35093112
35093624
35094136
35094648
35095160
35095672
35096184
35096696
35097208
35092601
35093113
35093625
35094137
35094649
35095161
35095673
35096185
35096697
35097209
35092602
35093114
35093626
35094138
35094650
35095162
35095674
35096186
35096698
35097210
35092603
35093115
35093627
35094139
35094651
35095163
35095675
35096187
35096699
35097211
35092604
35093116
35093628
35094140
35094652
35095164
35095676
35096188
35096700
35097212
11597991
11598503
11599015
11599527
11600039
11600551
11601063
11601575
11602087
11602599
11597992
11598504
11599016
11599528
11600040
11600552
11601064
11601576
11602088
11602600
11597993
11598505
11599017
11599529
11600041
11600553
11601065
11601577
11602089
11602601
11597994
11598506
11599018
11599530
11600042
11600554
11601066
11601578
11602090
11602602
11597995
11598507
11599019
11599531
11600043
11600555
11601067
11601579
11602091
11602603
11597996
11598508
11599020
11599532
11600044
11600556
11601068
11601580
11602092
11602604
11597997
11598509
11599021
11599533
11600045
11600557
11601069
11601581
11602093
11602605
11597998
11598510
11599022
11599534
11600046
11600558
11601070
11601582
11602094
11602606
11597999
11598511
11599023
11599535
11600047
11600559
11601071
11601583
11602095
11602607
11598000
11598512
11599024
11599536
11600048
11600560
11601072
11601584
11602096
11602608
34378631
34379143
34379655
34380167
34380679
34381191
34381703
34382215
34382727
34383239
34378632
34379144
34379656
34380168
34380680
34381192
34381704
34382216
34382728
34383240
34378633
34379145
34379657
34380169
34380681
34381193
34381705
34382217
34382729
34383241
34378634
34379146
34379658
34380170
34380682
34381194
34381706
34382218
34382730
34383242
34378635
34379147
34379659
34380171
34380683
34381195
34381707
34382219
34382731
34383243
34378636
34379148
34379660
34380172
34380684
34381196
34381708
34382220
34382732
34383244
34378637
34379149
34379661
34380173
34380685
34381197
34381709
34382221
34382733
34383245
34378638
34379150
34379662
34380174
34380686
34381198
34381710
34382222
34382734
34383246
34378639
34379151
34379663
34380175
34380687
34381199
34381711
34382223
34382735
34383247
34378640
34379152
34379664
34380176
34380688
34381200
34381712
34382224
34382736
34383248
6534438
6534950
6535462
6535974
6536486
6536998
6537510
6538022
6538534
6539046
6534439
6534951
6535463
6535975
6536487
6536999
6537511
6538023
6538535
6539047
6534440
6534952
6535464
6535976
6536488
6537000
6537512
6538024
6538536
6539048
6534441
6534953
6535465
6535977
6536489
6537001
6537513
6538025
6538537
6539049
6534442
6534954
6535466
6535978
6536490
6537002
6537514
6538026
6538538
6539050
6534443
6534955
6535467
6535979
6536491
6537003
6537515
6538027
6538539
6539051
6534444
6534956
6535468
6535980
6536492
6537004
6537516
6538028
6538540
6539052
6534445
6534957
6535469
6535981
6536493
6537005
6537517
6538029
6538541
6539053
6534446
6534958
6535470
6535982
6536494
6537006
6537518
6538030
6538542
6539054
6534447
6534959
6535471
6535983
6536495
6537007
6537519
6538031
6538543
6539055
3077973
3078485
3078997
3079509
3080021
3080533
3081045
3081557
3082069
3082581
3077974
3078486
3078998
3079510
3080022
3080534
3081046
3081558
3082070
3082582
3077975
3078487
3078999
3079511
3080023
3080535
3081047
3081559
3082071
3082583
3077976
3078488
3079000
3079512
3080024
3080536
3081048
3081560
3082072
3082584
3077977
3078489
3079001
3079513
3080025
3080537
3081049
3081561
3082073
3082585
3077978
3078490
3079002
3079514
3080026
3080538
3081050
3081562
3082074
3082586
3077979
3078491
3079003
3079515
3080027
3080539
3081051
3081563
3082075
3082587
3077980
3078492
3079004
3079516
3080028
3080540
3081052
3081564
3082076
3082588
3077981
3078493
3079005
3079517
3080029
3080541
3081053
3081565
3082077
3082589
3077982
3078494
3079006
3079518
3080030
3080542
3081054
3081566
3082078
3082590
9944781
9945293
9945805
9946317
9946829
9947341
9947853
9948365
9948877
9949389
9944782
9945294
9945806
9946318
9946830
9947342
9947854
9948366
9948878
9949390
9944783
9945295
9945807
9946319
9946831
9947343
9947855
9948367
9948879
9949391
9944784
9945296
9945808
9946320
9946832
9947344
9947856
9948368
9948880
9949392
9944785
9945297
9945809
9946321
9946833
9947345
9947857
9948369
9948881
9949393
9944786
9945298
9945810
9946322
9946834
9947346
9947858
9948370
9948882
9949394
9944787
9945299
9945811
9946323
9946835
9947347
9947859
9948371
9948883
9949395
9944788
9945300
9945812
9946324
9946836
9947348
9947860
9948372
9948884
9949396
9944789
9945301
9945813
9946325
9946837
9947349
9947861
9948373
9948885
9949397
9944790
9945302
9945814
9946326
9946838
9947350
9947862
9948374
9948886
9949398
419430
419942
420454
420966
421478
421990
422502
423014
423526
424038
419431
419943
420455
420967
421479
421991
422503
423015
423527
424039
419432
419944
420456
420968
421480
421992
422504
423016
423528
424040
419433
419945
420457
420969
421481
421993
422505
423017
423529
424041
419434
419946
420458
420970
421482
421994
422506
423018
423530
424042
419435
419947
420459
420971
421483
421995
422507
423019
423531
424043
419436
419948
420460
420972
421484
421996
422508
423020
423532
424044
419437
419949
420461
420973
421485
421997
422509
423021
423533
424045
419438
419950
420462
420974
421486
421998
422510
423022
423534
424046
419439
419951
420463
420975
421487
421999
422511
423023
423535
424047
21592071
21592583
21593095
21593607
21594119
21594631
21595143
21595655
21596167
21596679
21592072
21592584
21593096
21593608
21594120
21594632
21595144
21595656
21596168
21596680
21592073
21592585
21593097
21593609
21594121
21594633
21595145
21595657
21596169
21596681
21592074
21592586
21593098
21593610
21594122
21594634
21595146
21595658
21596170
21596682
21592075
21592587
21593099
21593611
21594123
21594635
21595147
21595659
21596171
21596683
21592076
21592588
21593100
21593612
21594124
21594636
21595148
21595660
21596172
21596684
21592077
21592589
21593101
21593613
21594125
21594637
21595149
21595661
21596173
21596685
21592078
21592590
21593102
21593614
21594126
21594638
21595150
21595662
21596174
21596686
21592079
21592591
21593103
21593615
21594127
21594639
21595151
21595663
21596175
21596687
21592080
21592592
21593104
21593616
21594128
21594640
21595152
21595664
21596176
21596688
27908522
27909034
27909546
27910058
27910570
27911082
27911594
27912106
27912618
27913130
27908523
27909035
27909547
27910059
27910571
27911083
27911595
27912107
27912619
27913131
27908524
27909036
27909548
27910060
27910572
27911084
27911596
27912108
27912620
27913132
27908525
27909037
27909549
27910061
27910573
27911085
27911597
27912109
27912621
27913133
27908526
27909038
27909550
27910062
27910574
27911086
27911598
27912110
27912622
27913134
27908527
27909039
27909551
27910063
27910575
27911087
27911599
27912111
27912623
27913135
27908528
27909040
27909552
27910064
27910576
27911088
27911600
27912112
27912624
27913136
27908529
27909041
27909553
27910065
27910577
27911089
27911601
27912113
27912625
27913137
27908530
27909042
27909554
27910066
27910578
27911090
27911602
27912114
27912626
27913138
27908531
27909043
27909555
27910067
27910579
27911091
27911603
27912115
27912627
27913139
33219052
33219564
33220076
33220588
33221100
33221612
33222124
33222636
33223148
33223660
33219053
33219565
33220077
33220589
33221101
33221613
33222125
33222637
33223149
33223661
33219054
33219566
33220078
33220590
33221102
33221614
33222126
33222638
33223150
33223662
33219055
33219567
33220079
33220591
33221103
33221615
33222127
33222639
33223151
33223663
33219056
33219568
33220080
33220592
33221104
33221616
33222128
33222640
33223152
33223664
33219057
33219569
33220081
33220593
33221105
33221617
33222129
33222641
33223153
33223665
33219058
33219570
33220082
33220594
33221106
33221618
33222130
33222642
33223154
33223666
33219059
33219571
33220083
33220595
33221107
33221619
33222131
33222643
33223155
33223667
33219060
33219572
33220084
33220596
33221108
33221620
33222132
33222644
33223156
33223668
33219061
33219573
33220085
33220597
33221109
33221621
33222133
33222645
33223157
33223669
22184362
22184874
22185386
22185898
22186410
22186922
22187434
22187946
22188458
22188970
22184363
22184875
22185387
22185899
22186411
22186923
22187435
22187947
22188459
22188971
22184364
22184876
22185388
22185900
22186412
22186924
22187436
22187948
22188460
22188972
22184365
22184877
22185389
22185901
22186413
22186925
22187437
22187949
22188461
22188973
22184366
22184878
22185390
22185902
22186414
22186926
22187438
22187950
22188462
22188974
22184367
22184879
22185391
22185903
22186415
22186927
22187439
22187951
22188463
22188975
22184368
22184880
22185392
22185904
22186416
22186928
22187440
22187952
22188464
22188976
22184369
22184881
22185393
22185905
22186417
22186929
22187441
22187953
22188465
22188977
22184370
22184882
22185394
22185906
22186418
22186930
22187442
22187954
22188466
22188978
22184371
22184883
22185395
22185907
22186419
22186931
22187443
22187955
22188467
22188979
7961328
7961840
7962352
7962864
7963376
7963888
7964400
7964912
7965424
7965936
7961329
7961841
7962353
7962865
7963377
7963889
7964401
7964913
7965425
7965937
7961330
7961842
7962354
7962866
7963378
7963890
7964402
7964914
7965426
7965938
7961331
7961843
7962355
7962867
7963379
7963891
7964403
7964915
7965427
7965939
7961332
7961844
7962356
7962868
7963380
7963892
7964404
7964916
7965428
7965940
7961333
7961845
7962357
7962869
7963381
7963893
7964405
7964917
7965429
7965941
7961334
7961846
7962358
7962870
7963382
7963894
7964406
7964918
7965430
7965942
7961335
7961847
7962359
7962871
7963383
7963895
7964407
7964919
7965431
7965943
7961336
7961848
7962360
7962872
7963384
7963896
7964408
7964920
7965432
7965944
7961337
7961849
7962361
7962873
7963385
7963897
7964409
7964921
7965433
7965945
14547840
14548352
14548864
14549376
14549888
14550400
14550912
14551424
14551936
14552448
14547841
14548353
14548865
14549377
14549889
14550401
14550913
14551425
14551937
14552449
14547842
14548354
14548866
14549378
14549890
14550402
14550914
14551426
14551938
14552450
14547843
14548355
14548867
14549379
14549891
14550403
14550915
14551427
14551939
14552451
14547844
14548356
14548868
14549380
14549892
14550404
14550916
14551428
14551940
14552452
14547845
14548357
14548869
14549381
14549893
14550405
14550917
14551429
14551941
14552453
14547846
14548358
14548870
14549382
14549894
14550406
14550918
14551430
14551942
14552454
14547847
14548359
14548871
14549383
14549895
14550407
14550919
14551431
14551943
14552455
14547848
14548360
14548872
14549384
14549896
14550408
14550920
14551432
14551944
14552456
14547849
14548361
14548873
14549385
14549897
14550409
14550921
14551433
14551945
14552457
10355755
10356267
10356779
10357291
10357803
10358315
10358827
10359339
10359851
10360363
10355756
10356268
10356780
10357292
10357804
10358316
10358828
10359340
10359852
10360364
10355757
10356269
10356781
10357293
10357805
10358317
10358829
10359341
10359853
10360365
10355758
10356270
10356782
10357294
10357806
10358318
10358830
10359342
10359854
10360366
10355759
10356271
10356783
10357295
10357807
10358319
10358831
10359343
10359855
10360367
10355760
10356272
10356784
10357296
10357808
10358320
10358832
10359344
10359856
10360368
10355761
10356273
10356785
10357297
10357809
10358321
10358833
10359345
10359857
10360369
10355762
10356274
10356786
10357298
10357810
10358322
10358834
10359346
10359858
10360370
10355763
10356275
10356787
10357299
10357811
10358323
10358835
10359347
10359859
10360371
10355764
10356276
10356788
10357300
10357812
10358324
10358836
10359348
10359860
10360372
31941658
31942170
31942682
31943194
31943706
31944218
31944730
31945242
31945754
31946266
31941659
31942171
31942683
31943195
31943707
31944219
31944731
31945243
31945755
31946267
31941660
31942172
31942684
31943196
31943708
31944220
31944732
31945244
31945756
31946268
31941661
31942173
31942685
31943197
31943709
31944221
31944733
31945245
31945757
31946269
31941662
31942174
31942686
31943198
31943710
31944222
31944734
31945246
31945758
31946270
31941663
31942175
31942687
31943199
31943711
31944223
31944735
31945247
31945759
31946271
31941664
31942176
31942688
31943200
31943712
31944224
31944736
31945248
31945760
31946272
31941665
31942177
31942689
31943201
31943713
31944225
31944737
31945249
31945761
31946273
31941666
31942178
31942690
31943202
31943714
31944226
31944738
31945250
31945762
31946274
31941667
31942179
31942691
31943203
31943715
31944227
31944739
31945251
31945763
31946275
