19431926
19432438
19432950
19433462
19433974
19434486
19434998
19435510
19436022
19436534
19431927
19432439
19432951
19433463
19433975
19434487
19434999
19435511
19436023
19436535
19431928
19432440
19432952
19433464
19433976
19434488
19435000
19435512
19436024
19436536
19431929
19432441
19432953
19433465
19433977
19434489
19435001
19435513
19436025
19436537
19431930
19432442
19432954
19433466
19433978
19434490
19435002
19435514
19436026
19436538
19431931
19432443
19432955
19433467
19433979
19434491
19435003
19435515
19436027
19436539
19431932
19432444
19432956
19433468
19433980
19434492
19435004
19435516
19436028
19436540
19431933
19432445
19432957
19433469
19433981
19434493
19435005
19435517
19436029
19436541
19431934
19432446
19432958
19433470
19433982
19434494
19435006
19435518
19436030
19436542
19431935
19432447
19432959
19433471
19433983
19434495
19435007
19435519
19436031
19436543
25827666
25828178
25828690
25829202
25829714
25830226
25830738
25831250
25831762
25832274
25827667
25828179
25828691
25829203
25829715
25830227
25830739
25831251
25831763
25832275
25827668
25828180
25828692
25829204
25829716
25830228
25830740
25831252
25831764
25832276
25827669
25828181
25828693
25829205
25829717
25830229
25830741
25831253
25831765
25832277
25827670
25828182
25828694
25829206
25829718
25830230
25830742
25831254
25831766
25832278
25827671
25828183
25828695
25829207
25829719
25830231
25830743
25831255
25831767
25832279
25827672
25828184
25828696
25829208
25829720
25830232
25830744
25831256
25831768
25832280
25827673
25828185
25828697
25829209
25829721
25830233
25830745
25831257
25831769
25832281
25827674
25828186
25828698
25829210
25829722
25830234
25830746
25831258
25831770
25832282
25827675
25828187
25828699
25829211
25829723
25830235
25830747
25831259
25831771
25832283
8820643
8821155
8821667
8822179
8822691
8823203
8823715
8824227
8824739
8825251
8820644
8821156
8821668
8822180
8822692
8823204
8823716
8824228
8824740
8825252
8820645
8821157
8821669
8822181
8822693
8823205
8823717
8824229
8824741
8825253
8820646
8821158
8821670
8822182
8822694
8823206
8823718
8824230
8824742
8825254
8820647
8821159
8821671
8822183
8822695
8823207
8823719
8824231
8824743
8825255
8820648
8821160
8821672
8822184
8822696
8823208
8823720
8824232
8824744
8825256
8820649
8821161
8821673
8822185
8822697
8823209
8823721
8824233
8824745
8825257
8820650
8821162
8821674
8822186
8822698
8823210
8823722
8824234
8824746
8825258
8820651
8821163
8821675
8822187
8822699
8823211
8823723
8824235
8824747
8825259
8820652
8821164
8821676
8822188
8822700
8823212
8823724
8824236
8824748
8825260
10275886
10276398
10276910
10277422
10277934
10278446
10278958
10279470
10279982
10280494
10275887
10276399
10276911
10277423
10277935
10278447
10278959
10279471
10279983
10280495
10275888
10276400
10276912
10277424
10277936
10278448
10278960
10279472
10279984
10280496
10275889
10276401
10276913
10277425
10277937
10278449
10278961
10279473
10279985
10280497
10275890
10276402
10276914
10277426
10277938
10278450
10278962
10279474
10279986
10280498
10275891
10276403
10276915
10277427
10277939
10278451
10278963
10279475
10279987
10280499
10275892
10276404
10276916
10277428
10277940
10278452
10278964
10279476
10279988
10280500
10275893
10276405
10276917
10277429
10277941
10278453
10278965
10279477
10279989
10280501
10275894
10276406
10276918
10277430
10277942
10278454
10278966
10279478
10279990
10280502
10275895
10276407
10276919
10277431
10277943
10278455
10278967
10279479
10279991
10280503
8756610
8757122
8757634
8758146
8758658
8759170
8759682
8760194
8760706
8761218
8756611
8757123
8757635
8758147
8758659
8759171
8759683
8760195
8760707
8761219
8756612
8757124
8757636
8758148
8758660
8759172
8759684
8760196
8760708
8761220
8756613
8757125
8757637
8758149
8758661
8759173
8759685
8760197
8760709
8761221
8756614
8757126
8757638
8758150
8758662
8759174
8759686
8760198
8760710
8761222
8756615
8757127
8757639
8758151
8758663
8759175
8759687
8760199
8760711
8761223
8756616
8757128
8757640
8758152
8758664
8759176
8759688
8760200
8760712
8761224
8756617
8757129
8757641
8758153
8758665
8759177
8759689
8760201
8760713
8761225
8756618
8757130
8757642
8758154
8758666
8759178
8759690
8760202
8760714
8761226
8756619
8757131
8757643
8758155
8758667
8759179
8759691
8760203
8760715
8761227
10282727
10283239
10283751
10284263
10284775
10285287
10285799
10286311
10286823
10287335
10282728
10283240
10283752
10284264
10284776
10285288
10285800
10286312
10286824
10287336
10282729
10283241
10283753
10284265
10284777
10285289
10285801
10286313
10286825
10287337
10282730
10283242
10283754
10284266
10284778
10285290
10285802
10286314
10286826
10287338
10282731
10283243
10283755
10284267
10284779
10285291
10285803
10286315
10286827
10287339
10282732
10283244
10283756
10284268
10284780
10285292
10285804
10286316
10286828
10287340
10282733
10283245
10283757
10284269
10284781
10285293
10285805
10286317
10286829
10287341
10282734
10283246
10283758
10284270
10284782
10285294
10285806
10286318
10286830
10287342
10282735
10283247
10283759
10284271
10284783
10285295
10285807
10286319
10286831
10287343
10282736
10283248
10283760
10284272
10284784
10285296
10285808
10286320
10286832
10287344
6147725
6148237
6148749
6149261
6149773
6150285
6150797
6151309
6151821
6152333
6147726
6148238
6148750
6149262
6149774
6150286
6150798
6151310
6151822
6152334
6147727
6148239
6148751
6149263
6149775
6150287
6150799
6151311
6151823
6152335
6147728
6148240
6148752
6149264
6149776
6150288
6150800
6151312
6151824
6152336
6147729
6148241
6148753
6149265
6149777
6150289
6150801
6151313
6151825
6152337
6147730
6148242
6148754
6149266
6149778
6150290
6150802
6151314
6151826
6152338
6147731
6148243
6148755
6149267
6149779
6150291
6150803
6151315
6151827
6152339
6147732
6148244
6148756
6149268
6149780
6150292
6150804
6151316
6151828
6152340
6147733
6148245
6148757
6149269
6149781
6150293
6150805
6151317
6151829
6152341
6147734
6148246
6148758
6149270
6149782
6150294
6150806
6151318
6151830
6152342
22923882
22924394
22924906
22925418
22925930
22926442
22926954
22927466
22927978
22928490
22923883
22924395
22924907
22925419
22925931
22926443
22926955
22927467
22927979
22928491
22923884
22924396
22924908
22925420
22925932
22926444
22926956
22927468
22927980
22928492
22923885
22924397
22924909
22925421
22925933
22926445
22926957
22927469
22927981
22928493
22923886
22924398
22924910
22925422
22925934
22926446
22926958
22927470
22927982
22928494
22923887
22924399
22924911
22925423
22925935
22926447
22926959
22927471
22927983
22928495
22923888
22924400
22924912
22925424
22925936
22926448
22926960
22927472
22927984
22928496
22923889
22924401
22924913
22925425
22925937
22926449
22926961
22927473
22927985
22928497
22923890
22924402
22924914
22925426
22925938
22926450
22926962
22927474
22927986
22928498
22923891
22924403
22924915
22925427
22925939
22926451
22926963
22927475
22927987
22928499
39371656
39372168
39372680
39373192
39373704
39374216
39374728
39375240
39375752
39376264
39371657
39372169
39372681
39373193
39373705
39374217
39374729
39375241
39375753
39376265
39371658
39372170
39372682
39373194
39373706
39374218
39374730
39375242
39375754
39376266
39371659
39372171
39372683
39373195
39373707
39374219
39374731
39375243
39375755
39376267
39371660
39372172
39372684
39373196
39373708
39374220
39374732
39375244
39375756
39376268
39371661
39372173
39372685
39373197
39373709
39374221
39374733
39375245
39375757
39376269
39371662
39372174
39372686
39373198
39373710
39374222
39374734
39375246
39375758
39376270
39371663
39372175
39372687
39373199
39373711
39374223
39374735
39375247
39375759
39376271
39371664
39372176
39372688
39373200
39373712
39374224
39374736
39375248
39375760
39376272
39371665
39372177
39372689
39373201
39373713
39374225
39374737
39375249
39375761
39376273
10529302
10529814
10530326
10530838
10531350
10531862
10532374
10532886
10533398
10533910
10529303
10529815
10530327
10530839
10531351
10531863
10532375
10532887
10533399
10533911
10529304
10529816
10530328
10530840
10531352
10531864
10532376
10532888
10533400
10533912
10529305
10529817
10530329
10530841
10531353
10531865
10532377
10532889
10533401
10533913
10529306
10529818
10530330
10530842
10531354
10531866
10532378
10532890
10533402
10533914
10529307
10529819
10530331
10530843
10531355
10531867
10532379
10532891
10533403
10533915
10529308
10529820
10530332
10530844
10531356
10531868
10532380
10532892
10533404
10533916
10529309
10529821
10530333
10530845
10531357
10531869
10532381
10532893
10533405
10533917
10529310
10529822
10530334
10530846
10531358
10531870
10532382
10532894
10533406
10533918
10529311
10529823
10530335
10530847
10531359
10531871
10532383
10532895
10533407
10533919
4952310
4952822
4953334
4953846
4954358
4954870
4955382
4955894
4956406
4956918
4952311
4952823
4953335
4953847
4954359
4954871
4955383
4955895
4956407
4956919
4952312
4952824
4953336
4953848
4954360
4954872
4955384
4955896
4956408
4956920
4952313
4952825
4953337
4953849
4954361
4954873
4955385
4955897
4956409
4956921
4952314
4952826
4953338
4953850
4954362
4954874
4955386
4955898
4956410
4956922
4952315
4952827
4953339
4953851
4954363
4954875
4955387
4955899
4956411
4956923
4952316
4952828
4953340
4953852
4954364
4954876
4955388
4955900
4956412
4956924
4952317
4952829
4953341
4953853
4954365
4954877
4955389
4955901
4956413
4956925
4952318
4952830
4953342
4953854
4954366
4954878
4955390
4955902
4956414
4956926
4952319
4952831
4953343
4953855
4954367
4954879
4955391
4955903
4956415
4956927
31446489
31447001
31447513
31448025
31448537
31449049
31449561
31450073
31450585
31451097
31446490
31447002
31447514
31448026
31448538
31449050
31449562
31450074
31450586
31451098
31446491
31447003
31447515
31448027
31448539
31449051
31449563
31450075
31450587
31451099
31446492
31447004
31447516
31448028
31448540
31449052
31449564
31450076
31450588
31451100
31446493
31447005
31447517
31448029
31448541
31449053
31449565
31450077
31450589
31451101
31446494
31447006
31447518
31448030
31448542
31449054
31449566
31450078
31450590
31451102
31446495
31447007
31447519
31448031
31448543
31449055
31449567
31450079
31450591
31451103
31446496
31447008
31447520
31448032
31448544
31449056
31449568
31450080
31450592
31451104
31446497
31447009
31447521
31448033
31448545
31449057
31449569
31450081
31450593
31451105
31446498
31447010
31447522
31448034
31448546
31449058
31449570
31450082
31450594
31451106
32167511
32168023
32168535
32169047
32169559
32170071
32170583
32171095
32171607
32172119
32167512
32168024
32168536
32169048
32169560
32170072
32170584
32171096
32171608
32172120
32167513
32168025
32168537
32169049
32169561
32170073
32170585
32171097
32171609
32172121
32167514
32168026
32168538
32169050
32169562
32170074
32170586
32171098
32171610
32172122
32167515
32168027
32168539
32169051
32169563
32170075
32170587
32171099
32171611
32172123
32167516
32168028
32168540
32169052
32169564
32170076
32170588
32171100
32171612
32172124
32167517
32168029
32168541
32169053
32169565
32170077
32170589
32171101
32171613
32172125
32167518
32168030
32168542
32169054
32169566
32170078
32170590
32171102
32171614
32172126
32167519
32168031
32168543
32169055
32169567
32170079
32170591
32171103
32171615
32172127
32167520
32168032
32168544
32169056
32169568
32170080
32170592
32171104
32171616
32172128
12112570
12113082
12113594
12114106
12114618
12115130
12115642
12116154
12116666
12117178
12112571
12113083
12113595
12114107
12114619
12115131
12115643
12116155
12116667
12117179
12112572
12113084
12113596
12114108
12114620
12115132
12115644
12116156
12116668
12117180
12112573
12113085
12113597
12114109
12114621
12115133
12115645
12116157
12116669
12117181
12112574
12113086
12113598
12114110
12114622
12115134
12115646
12116158
12116670
12117182
12112575
12113087
12113599
12114111
12114623
12115135
12115647
12116159
12116671
12117183
12112576
12113088
12113600
12114112
12114624
12115136
12115648
12116160
12116672
12117184
12112577
12113089
12113601
12114113
12114625
12115137
12115649
12116161
12116673
12117185
12112578
12113090
12113602
12114114
12114626
12115138
12115650
12116162
12116674
12117186
12112579
12113091
12113603
12114115
12114627
12115139
12115651
12116163
12116675
12117187
3253396
3253908
3254420
3254932
3255444
3255956
3256468
3256980
3257492
3258004
3253397
3253909
3254421
3254933
3255445
3255957
3256469
3256981
3257493
3258005
3253398
3253910
3254422
3254934
3255446
3255958
3256470
3256982
3257494
3258006
3253399
3253911
3254423
3254935
3255447
3255959
3256471
3256983
3257495
3258007
3253400
3253912
3254424
3254936
3255448
3255960
3256472
3256984
3257496
3258008
3253401
3253913
3254425
3254937
3255449
3255961
3256473
3256985
3257497
3258009
3253402
3253914
3254426
3254938
3255450
3255962
3256474
3256986
3257498
3258010
3253403
3253915
3254427
3254939
3255451
3255963
3256475
3256987
3257499
3258011
3253404
3253916
3254428
3254940
3255452
3255964
3256476
3256988
3257500
3258012
3253405
3253917
3254429
3254941
3255453
3255965
3256477
3256989
3257501
3258013
33525493
33526005
33526517
33527029
33527541
33528053
33528565
33529077
33529589
33530101
33525494
33526006
33526518
33527030
33527542
33528054
33528566
33529078
33529590
33530102
33525495
33526007
33526519
33527031
33527543
33528055
33528567
33529079
33529591
33530103
33525496
33526008
33526520
33527032
33527544
33528056
33528568
33529080
33529592
33530104
33525497
33526009
33526521
33527033
33527545
33528057
33528569
33529081
33529593
33530105
33525498
33526010
33526522
33527034
33527546
33528058
33528570
33529082
33529594
33530106
33525499
33526011
33526523
33527035
33527547
33528059
33528571
33529083
33529595
33530107
33525500
33526012
33526524
33527036
33527548
33528060
33528572
33529084
33529596
33530108
33525501
33526013
33526525
33527037
33527549
33528061
33528573
33529085
33529597
33530109
33525502
33526014
33526526
33527038
33527550
33528062
33528574
33529086
33529598
33530110
20780065
20780577
20781089
20781601
20782113
20782625
20783137
20783649
20784161
20784673
20780066
20780578
20781090
20781602
20782114
20782626
20783138
20783650
20784162
20784674
20780067
20780579
20781091
20781603
20782115
20782627
20783139
20783651
20784163
20784675
20780068
20780580
20781092
20781604
20782116
20782628
20783140
20783652
20784164
20784676
20780069
20780581
20781093
20781605
20782117
20782629
20783141
20783653
20784165
20784677
20780070
20780582
20781094
20781606
20782118
20782630
20783142
20783654
20784166
20784678
20780071
20780583
20781095
20781607
20782119
20782631
20783143
20783655
20784167
20784679
20780072
20780584
20781096
20781608
20782120
20782632
20783144
20783656
20784168
20784680
20780073
20780585
20781097
20781609
20782121
20782633
20783145
20783657
20784169
20784681
20780074
20780586
20781098
20781610
20782122
20782634
20783146
20783658
20784170
20784682
31060774
31061286
31061798
31062310
31062822
31063334
31063846
31064358
31064870
31065382
31060775
31061287
31061799
31062311
31062823
31063335
31063847
31064359
31064871
31065383
31060776
31061288
31061800
31062312
31062824
31063336
31063848
31064360
31064872
31065384
31060777
31061289
31061801
31062313
31062825
31063337
31063849
31064361
31064873
31065385
31060778
31061290
31061802
31062314
31062826
31063338
31063850
31064362
31064874
31065386
31060779
31061291
31061803
31062315
31062827
31063339
31063851
31064363
31064875
31065387
31060780
31061292
31061804
31062316
31062828
31063340
31063852
31064364
31064876
31065388
31060781
31061293
31061805
31062317
31062829
31063341
31063853
31064365
31064877
31065389
31060782
31061294
31061806
31062318
31062830
31063342
31063854
31064366
31064878
31065390
31060783
31061295
31061807
31062319
31062831
31063343
31063855
31064367
31064879
31065391
8183080
8183592
8184104
8184616
8185128
8185640
8186152
8186664
8187176
8187688
8183081
8183593
8184105
8184617
8185129
8185641
8186153
8186665
8187177
8187689
8183082
8183594
8184106
8184618
8185130
8185642
8186154
8186666
8187178
8187690
8183083
8183595
8184107
8184619
8185131
8185643
8186155
8186667
8187179
8187691
8183084
8183596
8184108
8184620
8185132
8185644
8186156
8186668
8187180
8187692
8183085
8183597
8184109
8184621
8185133
8185645
8186157
8186669
8187181
8187693
8183086
8183598
8184110
8184622
8185134
8185646
8186158
8186670
8187182
8187694
8183087
8183599
8184111
8184623
8185135
8185647
8186159
8186671
8187183
8187695
8183088
8183600
8184112
8184624
8185136
8185648
8186160
8186672
8187184
8187696
8183089
8183601
8184113
8184625
8185137
8185649
8186161
8186673
8187185
8187697
8423712
8424224
8424736
8425248
8425760
8426272
8426784
8427296
8427808
8428320
8423713
8424225
8424737
8425249
8425761
8426273
8426785
8427297
8427809
8428321
8423714
8424226
8424738
8425250
8425762
8426274
8426786
8427298
8427810
8428322
8423715
8424227
8424739
8425251
8425763
8426275
8426787
8427299
8427811
8428323
8423716
8424228
8424740
8425252
8425764
8426276
8426788
8427300
8427812
8428324
8423717
8424229
8424741
8425253
8425765
8426277
8426789
8427301
8427813
8428325
8423718
8424230
8424742
8425254
8425766
8426278
8426790
8427302
8427814
8428326
8423719
8424231
8424743
8425255
8425767
8426279
8426791
8427303
8427815
8428327
8423720
8424232
8424744
8425256
8425768
8426280
8426792
8427304
8427816
8428328
8423721
8424233
8424745
8425257
8425769
8426281
8426793
8427305
8427817
8428329
34481713
34482225
34482737
34483249
34483761
34484273
34484785
34485297
34485809
34486321
34481714
34482226
34482738
34483250
34483762
34484274
34484786
34485298
34485810
34486322
34481715
34482227
34482739
34483251
34483763
34484275
34484787
34485299
34485811
34486323
34481716
34482228
34482740
34483252
34483764
34484276
34484788
34485300
34485812
34486324
34481717
34482229
34482741
34483253
34483765
34484277
34484789
34485301
34485813
34486325
34481718
34482230
34482742
34483254
34483766
34484278
34484790
34485302
34485814
34486326
34481719
34482231
34482743
34483255
34483767
34484279
34484791
34485303
34485815
34486327
34481720
34482232
34482744
34483256
34483768
34484280
34484792
34485304
34485816
34486328
34481721
34482233
34482745
34483257
34483769
34484281
34484793
34485305
34485817
34486329
34481722
34482234
34482746
34483258
34483770
34484282
34484794
34485306
34485818
34486330
36003260
36003772
36004284
36004796
36005308
36005820
36006332
36006844
36007356
36007868
36003261
36003773
36004285
36004797
36005309
36005821
36006333
36006845
36007357
36007869
36003262
36003774
36004286
36004798
36005310
36005822
36006334
36006846
36007358
36007870
36003263
36003775
36004287
36004799
36005311
36005823
36006335
36006847
36007359
36007871
36003264
36003776
36004288
36004800
36005312
36005824
36006336
36006848
36007360
36007872
36003265
36003777
36004289
36004801
36005313
36005825
36006337
36006849
36007361
36007873
36003266
36003778
36004290
36004802
36005314
36005826
36006338
36006850
36007362
36007874
36003267
36003779
36004291
36004803
36005315
36005827
36006339
36006851
36007363
36007875
36003268
36003780
36004292
36004804
36005316
36005828
36006340
36006852
36007364
36007876
36003269
36003781
36004293
36004805
36005317
36005829
36006341
36006853
36007365
36007877
3678569
3679081
3679593
3680105
3680617
3681129
3681641
3682153
3682665
3683177
3678570
3679082
3679594
3680106
3680618
3681130
3681642
3682154
3682666
3683178
3678571
3679083
3679595
3680107
3680619
3681131
3681643
3682155
3682667
3683179
3678572
3679084
3679596
3680108
3680620
3681132
3681644
3682156
3682668
3683180
3678573
3679085
3679597
3680109
3680621
3681133
3681645
3682157
3682669
3683181
3678574
3679086
3679598
3680110
3680622
3681134
3681646
3682158
3682670
3683182
3678575
3679087
3679599
3680111
3680623
3681135
3681647
3682159
3682671
3683183
3678576
3679088
3679600
3680112
3680624
3681136
3681648
3682160
3682672
3683184
3678577
3679089
3679601
3680113
3680625
3681137
3681649
3682161
3682673
3683185
3678578
3679090
3679602
3680114
3680626
3681138
3681650
3682162
3682674
3683186
13586763
13587275
13587787
13588299
13588811
13589323
13589835
13590347
13590859
13591371
13586764
13587276
13587788
13588300
13588812
13589324
13589836
13590348
13590860
13591372
13586765
13587277
13587789
13588301
13588813
13589325
13589837
13590349
13590861
13591373
13586766
13587278
13587790
13588302
13588814
13589326
13589838
13590350
13590862
13591374
13586767
13587279
13587791
13588303
13588815
13589327
13589839
13590351
13590863
13591375
13586768
13587280
13587792
13588304
13588816
13589328
13589840
13590352
13590864
13591376
13586769
13587281
13587793
13588305
13588817
13589329
13589841
13590353
13590865
13591377
13586770
13587282
13587794
13588306
13588818
13589330
13589842
13590354
13590866
13591378
13586771
13587283
13587795
13588307
13588819
13589331
13589843
13590355
13590867
13591379
13586772
13587284
13587796
13588308
13588820
13589332
13589844
13590356
13590868
13591380
26750372
26750884
26751396
26751908
26752420
26752932
26753444
26753956
26754468
26754980
26750373
26750885
26751397
26751909
26752421
26752933
26753445
26753957
26754469
26754981
26750374
26750886
26751398
26751910
26752422
26752934
26753446
26753958
26754470
26754982
26750375
26750887
26751399
26751911
26752423
26752935
26753447
26753959
26754471
26754983
26750376
26750888
26751400
26751912
26752424
26752936
26753448
26753960
26754472
26754984
26750377
26750889
26751401
26751913
26752425
26752937
26753449
26753961
26754473
26754985
26750378
26750890
26751402
26751914
26752426
26752938
26753450
26753962
26754474
26754986
26750379
26750891
26751403
26751915
26752427
26752939
26753451
26753963
26754475
26754987
26750380
26750892
26751404
26751916
26752428
26752940
26753452
26753964
26754476
26754988
26750381
26750893
26751405
26751917
26752429
26752941
26753453
26753965
26754477
26754989
36516879
36517391
36517903
36518415
36518927
36519439
36519951
36520463
36520975
36521487
36516880
36517392
36517904
36518416
36518928
36519440
36519952
36520464
36520976
36521488
36516881
36517393
36517905
36518417
36518929
36519441
36519953
36520465
36520977
36521489
36516882
36517394
36517906
36518418
36518930
36519442
36519954
36520466
36520978
36521490
36516883
36517395
36517907
36518419
36518931
36519443
36519955
36520467
36520979
36521491
36516884
36517396
36517908
36518420
36518932
36519444
36519956
36520468
36520980
36521492
36516885
36517397
36517909
36518421
36518933
36519445
36519957
36520469
36520981
36521493
36516886
36517398
36517910
36518422
36518934
36519446
36519958
36520470
36520982
36521494
36516887
36517399
36517911
36518423
36518935
36519447
36519959
36520471
36520983
36521495
36516888
36517400
36517912
36518424
36518936
36519448
36519960
36520472
36520984
36521496
14072532
14073044
14073556
14074068
14074580
14075092
14075604
14076116
14076628
14077140
14072533
14073045
14073557
14074069
14074581
14075093
14075605
14076117
14076629
14077141
14072534
14073046
14073558
14074070
14074582
14075094
14075606
14076118
14076630
14077142
14072535
14073047
14073559
14074071
14074583
14075095
14075607
14076119
14076631
14077143
14072536
14073048
14073560
14074072
14074584
14075096
14075608
14076120
14076632
14077144
14072537
14073049
14073561
14074073
14074585
14075097
14075609
14076121
14076633
14077145
14072538
14073050
14073562
14074074
14074586
14075098
14075610
14076122
14076634
14077146
14072539
14073051
14073563
14074075
14074587
14075099
14075611
14076123
14076635
14077147
14072540
14073052
14073564
14074076
14074588
14075100
14075612
14076124
14076636
14077148
14072541
14073053
14073565
14074077
14074589
14075101
14075613
14076125
14076637
14077149
33213909
33214421
33214933
33215445
33215957
33216469
33216981
33217493
33218005
33218517
33213910
33214422
33214934
33215446
33215958
33216470
33216982
33217494
33218006
33218518
33213911
33214423
33214935
33215447
33215959
33216471
33216983
33217495
33218007
33218519
33213912
33214424
33214936
33215448
33215960
33216472
33216984
33217496
33218008
33218520
33213913
33214425
33214937
33215449
33215961
33216473
33216985
33217497
33218009
33218521
33213914
33214426
33214938
33215450
33215962
33216474
33216986
33217498
33218010
33218522
33213915
33214427
33214939
33215451
33215963
33216475
33216987
33217499
33218011
33218523
33213916
33214428
33214940
33215452
33215964
33216476
33216988
33217500
33218012
33218524
33213917
33214429
33214941
33215453
33215965
33216477
33216989
33217501
33218013
33218525
33213918
33214430
33214942
33215454
33215966
33216478
33216990
33217502
33218014
33218526
30981164
30981676
30982188
30982700
30983212
30983724
30984236
30984748
30985260
30985772
30981165
30981677
30982189
30982701
30983213
30983725
30984237
30984749
30985261
30985773
30981166
30981678
30982190
30982702
30983214
30983726
30984238
30984750
30985262
30985774
30981167
30981679
30982191
30982703
30983215
30983727
30984239
30984751
30985263
30985775
30981168
30981680
30982192
30982704
30983216
30983728
30984240
30984752
30985264
30985776
30981169
30981681
30982193
30982705
30983217
30983729
30984241
30984753
30985265
30985777
30981170
30981682
30982194
30982706
30983218
30983730
30984242
30984754
30985266
30985778
30981171
30981683
30982195
30982707
30983219
30983731
30984243
30984755
30985267
30985779
30981172
30981684
30982196
30982708
30983220
30983732
30984244
30984756
30985268
30985780
30981173
30981685
30982197
30982709
30983221
30983733
30984245
30984757
30985269
30985781
26953595
26954107
26954619
26955131
26955643
26956155
26956667
26957179
26957691
26958203
26953596
26954108
26954620
26955132
26955644
26956156
26956668
26957180
26957692
26958204
26953597
26954109
26954621
26955133
26955645
26956157
26956669
26957181
26957693
26958205
26953598
26954110
26954622
26955134
26955646
26956158
26956670
26957182
26957694
26958206
26953599
26954111
26954623
26955135
26955647
26956159
26956671
26957183
26957695
26958207
26953600
26954112
26954624
26955136
26955648
26956160
26956672
26957184
26957696
26958208
26953601
26954113
26954625
26955137
26955649
26956161
26956673
26957185
26957697
26958209
26953602
26954114
26954626
26955138
26955650
26956162
26956674
26957186
26957698
26958210
26953603
26954115
26954627
26955139
26955651
26956163
26956675
26957187
26957699
26958211
26953604
26954116
26954628
26955140
26955652
26956164
26956676
26957188
26957700
26958212
