6318481
6318993
6319505
6320017
6320529
6321041
6321553
6322065
6322577
6323089
6318482
6318994
6319506
6320018
6320530
6321042
6321554
6322066
6322578
6323090
6318483
6318995
6319507
6320019
6320531
6321043
6321555
6322067
6322579
6323091
6318484
6318996
6319508
6320020
6320532
6321044
6321556
6322068
6322580
6323092
6318485
6318997
6319509
6320021
6320533
6321045
6321557
6322069
6322581
6323093
6318486
6318998
6319510
6320022
6320534
6321046
6321558
6322070
6322582
6323094
6318487
6318999
6319511
6320023
6320535
6321047
6321559
6322071
6322583
6323095
6318488
6319000
6319512
6320024
6320536
6321048
6321560
6322072
6322584
6323096
6318489
6319001
6319513
6320025
6320537
6321049
6321561
6322073
6322585
6323097
6318490
6319002
6319514
6320026
6320538
6321050
6321562
6322074
6322586
6323098
2680975
2681487
2681999
2682511
2683023
2683535
2684047
2684559
2685071
2685583
2680976
2681488
2682000
2682512
2683024
2683536
2684048
2684560
2685072
2685584
2680977
2681489
2682001
2682513
2683025
2683537
2684049
2684561
2685073
2685585
2680978
2681490
2682002
2682514
2683026
2683538
2684050
2684562
2685074
2685586
2680979
2681491
2682003
2682515
2683027
2683539
2684051
2684563
2685075
2685587
2680980
2681492
2682004
2682516
2683028
2683540
2684052
2684564
2685076
2685588
2680981
2681493
2682005
2682517
2683029
2683541
2684053
2684565
2685077
2685589
2680982
2681494
2682006
2682518
2683030
2683542
2684054
2684566
2685078
2685590
2680983
2681495
2682007
2682519
2683031
2683543
2684055
2684567
2685079
2685591
2680984
2681496
2682008
2682520
2683032
2683544
2684056
2684568
2685080
2685592
6961992
6962504
6963016
6963528
6964040
6964552
6965064
6965576
6966088
6966600
6961993
6962505
6963017
6963529
6964041
6964553
6965065
6965577
6966089
6966601
6961994
6962506
6963018
6963530
6964042
6964554
6965066
6965578
6966090
6966602
6961995
6962507
6963019
6963531
6964043
6964555
6965067
6965579
6966091
6966603
6961996
6962508
6963020
6963532
6964044
6964556
6965068
6965580
6966092
6966604
6961997
6962509
6963021
6963533
6964045
6964557
6965069
6965581
6966093
6966605
6961998
6962510
6963022
6963534
6964046
6964558
6965070
6965582
6966094
6966606
6961999
6962511
6963023
6963535
6964047
6964559
6965071
6965583
6966095
6966607
6962000
6962512
6963024
6963536
6964048
6964560
6965072
6965584
6966096
6966608
6962001
6962513
6963025
6963537
6964049
6964561
6965073
6965585
6966097
6966609
37905346
37905858
37906370
37906882
37907394
37907906
37908418
37908930
37909442
37909954
37905347
37905859
37906371
37906883
37907395
37907907
37908419
37908931
37909443
37909955
37905348
37905860
37906372
37906884
37907396
37907908
37908420
37908932
37909444
37909956
37905349
37905861
37906373
37906885
37907397
37907909
37908421
37908933
37909445
37909957
37905350
37905862
37906374
37906886
37907398
37907910
37908422
37908934
37909446
37909958
37905351
37905863
37906375
37906887
37907399
37907911
37908423
37908935
37909447
37909959
37905352
37905864
37906376
37906888
37907400
37907912
37908424
37908936
37909448
37909960
37905353
37905865
37906377
37906889
37907401
37907913
37908425
37908937
37909449
37909961
37905354
37905866
37906378
37906890
37907402
37907914
37908426
37908938
37909450
37909962
37905355
37905867
37906379
37906891
37907403
37907915
37908427
37908939
37909451
37909963
5462120
5462632
5463144
5463656
5464168
5464680
5465192
5465704
5466216
5466728
5462121
5462633
5463145
5463657
5464169
5464681
5465193
5465705
5466217
5466729
5462122
5462634
5463146
5463658
5464170
5464682
5465194
5465706
5466218
5466730
5462123
5462635
5463147
5463659
5464171
5464683
5465195
5465707
5466219
5466731
5462124
5462636
5463148
5463660
5464172
5464684
5465196
5465708
5466220
5466732
5462125
5462637
5463149
5463661
5464173
5464685
5465197
5465709
5466221
5466733
5462126
5462638
5463150
5463662
5464174
5464686
5465198
5465710
5466222
5466734
5462127
5462639
5463151
5463663
5464175
5464687
5465199
5465711
5466223
5466735
5462128
5462640
5463152
5463664
5464176
5464688
5465200
5465712
5466224
5466736
5462129
5462641
5463153
5463665
5464177
5464689
5465201
5465713
5466225
5466737
13375456
13375968
13376480
13376992
13377504
13378016
13378528
13379040
13379552
13380064
13375457
13375969
13376481
13376993
13377505
13378017
13378529
13379041
13379553
13380065
13375458
13375970
13376482
13376994
13377506
13378018
13378530
13379042
13379554
13380066
13375459
13375971
13376483
13376995
13377507
13378019
13378531
13379043
13379555
13380067
13375460
13375972
13376484
13376996
13377508
13378020
13378532
13379044
13379556
13380068
13375461
13375973
13376485
13376997
13377509
13378021
13378533
13379045
13379557
13380069
13375462
13375974
13376486
13376998
13377510
13378022
13378534
13379046
13379558
13380070
13375463
13375975
13376487
13376999
13377511
13378023
13378535
13379047
13379559
13380071
13375464
13375976
13376488
13377000
13377512
13378024
13378536
13379048
13379560
13380072
13375465
13375977
13376489
13377001
13377513
13378025
13378537
13379049
13379561
13380073
32319636
32320148
32320660
32321172
32321684
32322196
32322708
32323220
32323732
32324244
32319637
32320149
32320661
32321173
32321685
32322197
32322709
32323221
32323733
32324245
32319638
32320150
32320662
32321174
32321686
32322198
32322710
32323222
32323734
32324246
32319639
32320151
32320663
32321175
32321687
32322199
32322711
32323223
32323735
32324247
32319640
32320152
32320664
32321176
32321688
32322200
32322712
32323224
32323736
32324248
32319641
32320153
32320665
32321177
32321689
32322201
32322713
32323225
32323737
32324249
32319642
32320154
32320666
32321178
32321690
32322202
32322714
32323226
32323738
32324250
32319643
32320155
32320667
32321179
32321691
32322203
32322715
32323227
32323739
32324251
32319644
32320156
32320668
32321180
32321692
32322204
32322716
32323228
32323740
32324252
32319645
32320157
32320669
32321181
32321693
32322205
32322717
32323229
32323741
32324253
9718706
9719218
9719730
9720242
9720754
9721266
9721778
9722290
9722802
9723314
9718707
9719219
9719731
9720243
9720755
9721267
9721779
9722291
9722803
9723315
9718708
9719220
9719732
9720244
9720756
9721268
9721780
9722292
9722804
9723316
9718709
9719221
9719733
9720245
9720757
9721269
9721781
9722293
9722805
9723317
9718710
9719222
9719734
9720246
9720758
9721270
9721782
9722294
9722806
9723318
9718711
9719223
9719735
9720247
9720759
9721271
9721783
9722295
9722807
9723319
9718712
9719224
9719736
9720248
9720760
9721272
9721784
9722296
9722808
9723320
9718713
9719225
9719737
9720249
9720761
9721273
9721785
9722297
9722809
9723321
9718714
9719226
9719738
9720250
9720762
9721274
9721786
9722298
9722810
9723322
9718715
9719227
9719739
9720251
9720763
9721275
9721787
9722299
9722811
9723323
23664553
23665065
23665577
23666089
23666601
23667113
23667625
23668137
23668649
23669161
23664554
23665066
23665578
23666090
23666602
23667114
23667626
23668138
23668650
23669162
23664555
23665067
23665579
23666091
23666603
23667115
23667627
23668139
23668651
23669163
23664556
23665068
23665580
23666092
23666604
23667116
23667628
23668140
23668652
23669164
23664557
23665069
23665581
23666093
23666605
23667117
23667629
23668141
23668653
23669165
23664558
23665070
23665582
23666094
23666606
23667118
23667630
23668142
23668654
23669166
23664559
23665071
23665583
23666095
23666607
23667119
23667631
23668143
23668655
23669167
23664560
23665072
23665584
23666096
23666608
23667120
23667632
23668144
23668656
23669168
23664561
23665073
23665585
23666097
23666609
23667121
23667633
23668145
23668657
23669169
23664562
23665074
23665586
23666098
23666610
23667122
23667634
23668146
23668658
23669170
25132862
25133374
25133886
25134398
25134910
25135422
25135934
25136446
25136958
25137470
25132863
25133375
25133887
25134399
25134911
25135423
25135935
25136447
25136959
25137471
25132864
25133376
25133888
25134400
25134912
25135424
25135936
25136448
25136960
25137472
25132865
25133377
25133889
25134401
25134913
25135425
25135937
25136449
25136961
25137473
25132866
25133378
25133890
25134402
25134914
25135426
25135938
25136450
25136962
25137474
25132867
25133379
25133891
25134403
25134915
25135427
25135939
25136451
25136963
25137475
25132868
25133380
25133892
25134404
25134916
25135428
25135940
25136452
25136964
25137476
25132869
25133381
25133893
25134405
25134917
25135429
25135941
25136453
25136965
25137477
25132870
25133382
25133894
25134406
25134918
25135430
25135942
25136454
25136966
25137478
25132871
25133383
25133895
25134407
25134919
25135431
25135943
25136455
25136967
25137479
32437642
32438154
32438666
32439178
32439690
32440202
32440714
32441226
32441738
32442250
32437643
32438155
32438667
32439179
32439691
32440203
32440715
32441227
32441739
32442251
32437644
32438156
32438668
32439180
32439692
32440204
32440716
32441228
32441740
32442252
32437645
32438157
32438669
32439181
32439693
32440205
32440717
32441229
32441741
32442253
32437646
32438158
32438670
32439182
32439694
32440206
32440718
32441230
32441742
32442254
32437647
32438159
32438671
32439183
32439695
32440207
32440719
32441231
32441743
32442255
32437648
32438160
32438672
32439184
32439696
32440208
32440720
32441232
32441744
32442256
32437649
32438161
32438673
32439185
32439697
32440209
32440721
32441233
32441745
32442257
32437650
32438162
32438674
32439186
32439698
32440210
32440722
32441234
32441746
32442258
32437651
32438163
32438675
32439187
32439699
32440211
32440723
32441235
32441747
32442259
29774976
29775488
29776000
29776512
29777024
29777536
29778048
29778560
29779072
29779584
29774977
29775489
29776001
29776513
29777025
29777537
29778049
29778561
29779073
29779585
29774978
29775490
29776002
29776514
29777026
29777538
29778050
29778562
29779074
29779586
29774979
29775491
29776003
29776515
29777027
29777539
29778051
29778563
29779075
29779587
29774980
29775492
29776004
29776516
29777028
29777540
29778052
29778564
29779076
29779588
29774981
29775493
29776005
29776517
29777029
29777541
29778053
29778565
29779077
29779589
29774982
29775494
29776006
29776518
29777030
29777542
29778054
29778566
29779078
29779590
29774983
29775495
29776007
29776519
29777031
29777543
29778055
29778567
29779079
29779591
29774984
29775496
29776008
29776520
29777032
29777544
29778056
29778568
29779080
29779592
29774985
29775497
29776009
29776521
29777033
29777545
29778057
29778569
29779081
29779593
4726606
4727118
4727630
4728142
4728654
4729166
4729678
4730190
4730702
4731214
4726607
4727119
4727631
4728143
4728655
4729167
4729679
4730191
4730703
4731215
4726608
4727120
4727632
4728144
4728656
4729168
4729680
4730192
4730704
4731216
4726609
4727121
4727633
4728145
4728657
4729169
4729681
4730193
4730705
4731217
4726610
4727122
4727634
4728146
4728658
4729170
4729682
4730194
4730706
4731218
4726611
4727123
4727635
4728147
4728659
4729171
4729683
4730195
4730707
4731219
4726612
4727124
4727636
4728148
4728660
4729172
4729684
4730196
4730708
4731220
4726613
4727125
4727637
4728149
4728661
4729173
4729685
4730197
4730709
4731221
4726614
4727126
4727638
4728150
4728662
4729174
4729686
4730198
4730710
4731222
4726615
4727127
4727639
4728151
4728663
4729175
4729687
4730199
4730711
4731223
5803946
5804458
5804970
5805482
5805994
5806506
5807018
5807530
5808042
5808554
5803947
5804459
5804971
5805483
5805995
5806507
5807019
5807531
5808043
5808555
5803948
5804460
5804972
5805484
5805996
5806508
5807020
5807532
5808044
5808556
5803949
5804461
5804973
5805485
5805997
5806509
5807021
5807533
5808045
5808557
5803950
5804462
5804974
5805486
5805998
5806510
5807022
5807534
5808046
5808558
5803951
5804463
5804975
5805487
5805999
5806511
5807023
5807535
5808047
5808559
5803952
5804464
5804976
5805488
5806000
5806512
5807024
5807536
5808048
5808560
5803953
5804465
5804977
5805489
5806001
5806513
5807025
5807537
5808049
5808561
5803954
5804466
5804978
5805490
5806002
5806514
5807026
5807538
5808050
5808562
5803955
5804467
5804979
5805491
5806003
5806515
5807027
5807539
5808051
5808563
14836786
14837298
14837810
14838322
14838834
14839346
14839858
14840370
14840882
14841394
14836787
14837299
14837811
14838323
14838835
14839347
14839859
14840371
14840883
14841395
14836788
14837300
14837812
14838324
14838836
14839348
14839860
14840372
14840884
14841396
14836789
14837301
14837813
14838325
14838837
14839349
14839861
14840373
14840885
14841397
14836790
14837302
14837814
14838326
14838838
14839350
14839862
14840374
14840886
14841398
14836791
14837303
14837815
14838327
14838839
14839351
14839863
14840375
14840887
14841399
14836792
14837304
14837816
14838328
14838840
14839352
14839864
14840376
14840888
14841400
14836793
14837305
14837817
14838329
14838841
14839353
14839865
14840377
14840889
14841401
14836794
14837306
14837818
14838330
14838842
14839354
14839866
14840378
14840890
14841402
14836795
14837307
14837819
14838331
14838843
14839355
14839867
14840379
14840891
14841403
24737728
24738240
24738752
24739264
24739776
24740288
24740800
24741312
24741824
24742336
24737729
24738241
24738753
24739265
24739777
24740289
24740801
24741313
24741825
24742337
24737730
24738242
24738754
24739266
24739778
24740290
24740802
24741314
24741826
24742338
24737731
24738243
24738755
24739267
24739779
24740291
24740803
24741315
24741827
24742339
24737732
24738244
24738756
24739268
24739780
24740292
24740804
24741316
24741828
24742340
24737733
24738245
24738757
24739269
24739781
24740293
24740805
24741317
24741829
24742341
24737734
24738246
24738758
24739270
24739782
24740294
24740806
24741318
24741830
24742342
24737735
24738247
24738759
24739271
24739783
24740295
24740807
24741319
24741831
24742343
24737736
24738248
24738760
24739272
24739784
24740296
24740808
24741320
24741832
24742344
24737737
24738249
24738761
24739273
24739785
24740297
24740809
24741321
24741833
24742345
3522118
3522630
3523142
3523654
3524166
3524678
3525190
3525702
3526214
3526726
3522119
3522631
3523143
3523655
3524167
3524679
3525191
3525703
3526215
3526727
3522120
3522632
3523144
3523656
3524168
3524680
3525192
3525704
3526216
3526728
3522121
3522633
3523145
3523657
3524169
3524681
3525193
3525705
3526217
3526729
3522122
3522634
3523146
3523658
3524170
3524682
3525194
3525706
3526218
3526730
3522123
3522635
3523147
3523659
3524171
3524683
3525195
3525707
3526219
3526731
3522124
3522636
3523148
3523660
3524172
3524684
3525196
3525708
3526220
3526732
3522125
3522637
3523149
3523661
3524173
3524685
3525197
3525709
3526221
3526733
3522126
3522638
3523150
3523662
3524174
3524686
3525198
3525710
3526222
3526734
3522127
3522639
3523151
3523663
3524175
3524687
3525199
3525711
3526223
3526735
8220914
8221426
8221938
8222450
8222962
8223474
8223986
8224498
8225010
8225522
8220915
8221427
8221939
8222451
8222963
8223475
8223987
8224499
8225011
8225523
8220916
8221428
8221940
8222452
8222964
8223476
8223988
8224500
8225012
8225524
8220917
8221429
8221941
8222453
8222965
8223477
8223989
8224501
8225013
8225525
8220918
8221430
8221942
8222454
8222966
8223478
8223990
8224502
8225014
8225526
8220919
8221431
8221943
8222455
8222967
8223479
8223991
8224503
8225015
8225527
8220920
8221432
8221944
8222456
8222968
8223480
8223992
8224504
8225016
8225528
8220921
8221433
8221945
8222457
8222969
8223481
8223993
8224505
8225017
8225529
8220922
8221434
8221946
8222458
8222970
8223482
8223994
8224506
8225018
8225530
8220923
8221435
8221947
8222459
8222971
8223483
8223995
8224507
8225019
8225531
1326120
1326632
1327144
1327656
1328168
1328680
1329192
1329704
1330216
1330728
1326121
1326633
1327145
1327657
1328169
1328681
1329193
1329705
1330217
1330729
1326122
1326634
1327146
1327658
1328170
1328682
1329194
1329706
1330218
1330730
1326123
1326635
1327147
1327659
1328171
1328683
1329195
1329707
1330219
1330731
1326124
1326636
1327148
1327660
1328172
1328684
1329196
1329708
1330220
1330732
1326125
1326637
1327149
1327661
1328173
1328685
1329197
1329709
1330221
1330733
1326126
1326638
1327150
1327662
1328174
1328686
1329198
1329710
1330222
1330734
1326127
1326639
1327151
1327663
1328175
1328687
1329199
1329711
1330223
1330735
1326128
1326640
1327152
1327664
1328176
1328688
1329200
1329712
1330224
1330736
1326129
1326641
1327153
1327665
1328177
1328689
1329201
1329713
1330225
1330737
9552769
9553281
9553793
9554305
9554817
9555329
9555841
9556353
9556865
9557377
9552770
9553282
9553794
9554306
9554818
9555330
9555842
9556354
9556866
9557378
9552771
9553283
9553795
9554307
9554819
9555331
9555843
9556355
9556867
9557379
9552772
9553284
9553796
9554308
9554820
9555332
9555844
9556356
9556868
9557380
9552773
9553285
9553797
9554309
9554821
9555333
9555845
9556357
9556869
9557381
9552774
9553286
9553798
9554310
9554822
9555334
9555846
9556358
9556870
9557382
9552775
9553287
9553799
9554311
9554823
9555335
9555847
9556359
9556871
9557383
9552776
9553288
9553800
9554312
9554824
9555336
9555848
9556360
9556872
9557384
9552777
9553289
9553801
9554313
9554825
9555337
9555849
9556361
9556873
9557385
9552778
9553290
9553802
9554314
9554826
9555338
9555850
9556362
9556874
9557386
37880427
37880939
37881451
37881963
37882475
37882987
37883499
37884011
37884523
37885035
37880428
37880940
37881452
37881964
37882476
37882988
37883500
37884012
37884524
37885036
37880429
37880941
37881453
37881965
37882477
37882989
37883501
37884013
37884525
37885037
37880430
37880942
37881454
37881966
37882478
37882990
37883502
37884014
37884526
37885038
37880431
37880943
37881455
37881967
37882479
37882991
37883503
37884015
37884527
37885039
37880432
37880944
37881456
37881968
37882480
37882992
37883504
37884016
37884528
37885040
37880433
37880945
37881457
37881969
37882481
37882993
37883505
37884017
37884529
37885041
37880434
37880946
37881458
37881970
37882482
37882994
37883506
37884018
37884530
37885042
37880435
37880947
37881459
37881971
37882483
37882995
37883507
37884019
37884531
37885043
37880436
37880948
37881460
37881972
37882484
37882996
37883508
37884020
37884532
37885044
14433762
14434274
14434786
14435298
14435810
14436322
14436834
14437346
14437858
14438370
14433763
14434275
14434787
14435299
14435811
14436323
14436835
14437347
14437859
14438371
14433764
14434276
14434788
14435300
14435812
14436324
14436836
14437348
14437860
14438372
14433765
14434277
14434789
14435301
14435813
14436325
14436837
14437349
14437861
14438373
14433766
14434278
14434790
14435302
14435814
14436326
14436838
14437350
14437862
14438374
14433767
14434279
14434791
14435303
14435815
14436327
14436839
14437351
14437863
14438375
14433768
14434280
14434792
14435304
14435816
14436328
14436840
14437352
14437864
14438376
14433769
14434281
14434793
14435305
14435817
14436329
14436841
14437353
14437865
14438377
14433770
14434282
14434794
14435306
14435818
14436330
14436842
14437354
14437866
14438378
14433771
14434283
14434795
14435307
14435819
14436331
14436843
14437355
14437867
14438379
13319310
13319822
13320334
13320846
13321358
13321870
13322382
13322894
13323406
13323918
13319311
13319823
13320335
13320847
13321359
13321871
13322383
13322895
13323407
13323919
13319312
13319824
13320336
13320848
13321360
13321872
13322384
13322896
13323408
13323920
13319313
13319825
13320337
13320849
13321361
13321873
13322385
13322897
13323409
13323921
13319314
13319826
13320338
13320850
13321362
13321874
13322386
13322898
13323410
13323922
13319315
13319827
13320339
13320851
13321363
13321875
13322387
13322899
13323411
13323923
13319316
13319828
13320340
13320852
13321364
13321876
13322388
13322900
13323412
13323924
13319317
13319829
13320341
13320853
13321365
13321877
13322389
13322901
13323413
13323925
13319318
13319830
13320342
13320854
13321366
13321878
13322390
13322902
13323414
13323926
13319319
13319831
13320343
13320855
13321367
13321879
13322391
13322903
13323415
13323927
31417760
31418272
31418784
31419296
31419808
31420320
31420832
31421344
31421856
31422368
31417761
31418273
31418785
31419297
31419809
31420321
31420833
31421345
31421857
31422369
31417762
31418274
31418786
31419298
31419810
31420322
31420834
31421346
31421858
31422370
31417763
31418275
31418787
31419299
31419811
31420323
31420835
31421347
31421859
31422371
31417764
31418276
31418788
31419300
31419812
31420324
31420836
31421348
31421860
31422372
31417765
31418277
31418789
31419301
31419813
31420325
31420837
31421349
31421861
31422373
31417766
31418278
31418790
31419302
31419814
31420326
31420838
31421350
31421862
31422374
31417767
31418279
31418791
31419303
31419815
31420327
31420839
31421351
31421863
31422375
31417768
31418280
31418792
31419304
31419816
31420328
31420840
31421352
31421864
31422376
31417769
31418281
31418793
31419305
31419817
31420329
31420841
31421353
31421865
31422377
6775100
6775612
6776124
6776636
6777148
6777660
6778172
6778684
6779196
6779708
6775101
6775613
6776125
6776637
6777149
6777661
6778173
6778685
6779197
6779709
6775102
6775614
6776126
6776638
6777150
6777662
6778174
6778686
6779198
6779710
6775103
6775615
6776127
6776639
6777151
6777663
6778175
6778687
6779199
6779711
6775104
6775616
6776128
6776640
6777152
6777664
6778176
6778688
6779200
6779712
6775105
6775617
6776129
6776641
6777153
6777665
6778177
6778689
6779201
6779713
6775106
6775618
6776130
6776642
6777154
6777666
6778178
6778690
6779202
6779714
6775107
6775619
6776131
6776643
6777155
6777667
6778179
6778691
6779203
6779715
6775108
6775620
6776132
6776644
6777156
6777668
6778180
6778692
6779204
6779716
6775109
6775621
6776133
6776645
6777157
6777669
6778181
6778693
6779205
6779717
10631715
10632227
10632739
10633251
10633763
10634275
10634787
10635299
10635811
10636323
10631716
10632228
10632740
10633252
10633764
10634276
10634788
10635300
10635812
10636324
10631717
10632229
10632741
10633253
10633765
10634277
10634789
10635301
10635813
10636325
10631718
10632230
10632742
10633254
10633766
10634278
10634790
10635302
10635814
10636326
10631719
10632231
10632743
10633255
10633767
10634279
10634791
10635303
10635815
10636327
10631720
10632232
10632744
10633256
10633768
10634280
10634792
10635304
10635816
10636328
10631721
10632233
10632745
10633257
10633769
10634281
10634793
10635305
10635817
10636329
10631722
10632234
10632746
10633258
10633770
10634282
10634794
10635306
10635818
10636330
10631723
10632235
10632747
10633259
10633771
10634283
10634795
10635307
10635819
10636331
10631724
10632236
10632748
10633260
10633772
10634284
10634796
10635308
10635820
10636332
1773684
1774196
1774708
1775220
1775732
1776244
1776756
1777268
1777780
1778292
1773685
1774197
1774709
1775221
1775733
1776245
1776757
1777269
1777781
1778293
1773686
1774198
1774710
1775222
1775734
1776246
1776758
1777270
1777782
1778294
1773687
1774199
1774711
1775223
1775735
1776247
1776759
1777271
1777783
1778295
1773688
1774200
1774712
1775224
1775736
1776248
1776760
1777272
1777784
1778296
1773689
1774201
1774713
1775225
1775737
1776249
1776761
1777273
1777785
1778297
1773690
1774202
1774714
1775226
1775738
1776250
1776762
1777274
1777786
1778298
1773691
1774203
1774715
1775227
1775739
1776251
1776763
1777275
1777787
1778299
1773692
1774204
1774716
1775228
1775740
1776252
1776764
1777276
1777788
1778300
1773693
1774205
1774717
1775229
1775741
1776253
1776765
1777277
1777789
1778301
25475452
25475964
25476476
25476988
25477500
25478012
25478524
25479036
25479548
25480060
25475453
25475965
25476477
25476989
25477501
25478013
25478525
25479037
25479549
25480061
25475454
25475966
25476478
25476990
25477502
25478014
25478526
25479038
25479550
25480062
25475455
25475967
25476479
25476991
25477503
25478015
25478527
25479039
25479551
25480063
25475456
25475968
25476480
25476992
25477504
25478016
25478528
25479040
25479552
25480064
25475457
25475969
25476481
25476993
25477505
25478017
25478529
25479041
25479553
25480065
25475458
25475970
25476482
25476994
25477506
25478018
25478530
25479042
25479554
25480066
25475459
25475971
25476483
25476995
25477507
25478019
25478531
25479043
25479555
25480067
25475460
25475972
25476484
25476996
25477508
25478020
25478532
25479044
25479556
25480068
25475461
25475973
25476485
25476997
25477509
25478021
25478533
25479045
25479557
25480069
34007370
34007882
34008394
34008906
34009418
34009930
34010442
34010954
34011466
34011978
34007371
34007883
34008395
34008907
34009419
34009931
34010443
34010955
34011467
34011979
34007372
34007884
34008396
34008908
34009420
34009932
34010444
34010956
34011468
34011980
34007373
34007885
34008397
34008909
34009421
34009933
34010445
34010957
34011469
34011981
34007374
34007886
34008398
34008910
34009422
34009934
34010446
34010958
34011470
34011982
34007375
34007887
34008399
34008911
34009423
34009935
34010447
34010959
34011471
34011983
34007376
34007888
34008400
34008912
34009424
34009936
34010448
34010960
34011472
34011984
34007377
34007889
34008401
34008913
34009425
34009937
34010449
34010961
34011473
34011985
34007378
34007890
34008402
34008914
34009426
34009938
34010450
34010962
34011474
34011986
34007379
34007891
34008403
34008915
34009427
34009939
34010451
34010963
34011475
34011987
2514242
2514754
2515266
2515778
2516290
2516802
2517314
2517826
2518338
2518850
2514243
2514755
2515267
2515779
2516291
2516803
2517315
2517827
2518339
2518851
2514244
2514756
2515268
2515780
2516292
2516804
2517316
2517828
2518340
2518852
2514245
2514757
2515269
2515781
2516293
2516805
2517317
2517829
2518341
2518853
2514246
2514758
2515270
2515782
2516294
2516806
2517318
2517830
2518342
2518854
2514247
2514759
2515271
2515783
2516295
2516807
2517319
2517831
2518343
2518855
2514248
2514760
2515272
2515784
2516296
2516808
2517320
2517832
2518344
2518856
2514249
2514761
2515273
2515785
2516297
2516809
2517321
2517833
2518345
2518857
2514250
2514762
2515274
2515786
2516298
2516810
2517322
2517834
2518346
2518858
2514251
2514763
2515275
2515787
2516299
2516811
2517323
2517835
2518347
2518859
