29928222
29928734
29929246
29929758
29930270
29930782
29931294
29931806
29932318
29932830
29928223
29928735
29929247
29929759
29930271
29930783
29931295
29931807
29932319
29932831
29928224
29928736
29929248
29929760
29930272
29930784
29931296
29931808
29932320
29932832
29928225
29928737
29929249
29929761
29930273
29930785
29931297
29931809
29932321
29932833
29928226
29928738
29929250
29929762
29930274
29930786
29931298
29931810
29932322
29932834
29928227
29928739
29929251
29929763
29930275
29930787
29931299
29931811
29932323
29932835
29928228
29928740
29929252
29929764
29930276
29930788
29931300
29931812
29932324
29932836
29928229
29928741
29929253
29929765
29930277
29930789
29931301
29931813
29932325
29932837
29928230
29928742
29929254
29929766
29930278
29930790
29931302
29931814
29932326
29932838
29928231
29928743
29929255
29929767
29930279
29930791
29931303
29931815
29932327
29932839
32864037
32864549
32865061
32865573
32866085
32866597
32867109
32867621
32868133
32868645
32864038
32864550
32865062
32865574
32866086
32866598
32867110
32867622
32868134
32868646
32864039
32864551
32865063
32865575
32866087
32866599
32867111
32867623
32868135
32868647
32864040
32864552
32865064
32865576
32866088
32866600
32867112
32867624
32868136
32868648
32864041
32864553
32865065
32865577
32866089
32866601
32867113
32867625
32868137
32868649
32864042
32864554
32865066
32865578
32866090
32866602
32867114
32867626
32868138
32868650
32864043
32864555
32865067
32865579
32866091
32866603
32867115
32867627
32868139
32868651
32864044
32864556
32865068
32865580
32866092
32866604
32867116
32867628
32868140
32868652
32864045
32864557
32865069
32865581
32866093
32866605
32867117
32867629
32868141
32868653
32864046
32864558
32865070
32865582
32866094
32866606
32867118
32867630
32868142
32868654
23106873
23107385
23107897
23108409
23108921
23109433
23109945
23110457
23110969
23111481
23106874
23107386
23107898
23108410
23108922
23109434
23109946
23110458
23110970
23111482
23106875
23107387
23107899
23108411
23108923
23109435
23109947
23110459
23110971
23111483
23106876
23107388
23107900
23108412
23108924
23109436
23109948
23110460
23110972
23111484
23106877
23107389
23107901
23108413
23108925
23109437
23109949
23110461
23110973
23111485
23106878
23107390
23107902
23108414
23108926
23109438
23109950
23110462
23110974
23111486
23106879
23107391
23107903
23108415
23108927
23109439
23109951
23110463
23110975
23111487
23106880
23107392
23107904
23108416
23108928
23109440
23109952
23110464
23110976
23111488
23106881
23107393
23107905
23108417
23108929
23109441
23109953
23110465
23110977
23111489
23106882
23107394
23107906
23108418
23108930
23109442
23109954
23110466
23110978
23111490
35188477
35188989
35189501
35190013
35190525
35191037
35191549
35192061
35192573
35193085
35188478
35188990
35189502
35190014
35190526
35191038
35191550
35192062
35192574
35193086
35188479
35188991
35189503
35190015
35190527
35191039
35191551
35192063
35192575
35193087
35188480
35188992
35189504
35190016
35190528
35191040
35191552
35192064
35192576
35193088
35188481
35188993
35189505
35190017
35190529
35191041
35191553
35192065
35192577
35193089
35188482
35188994
35189506
35190018
35190530
35191042
35191554
35192066
35192578
35193090
35188483
35188995
35189507
35190019
35190531
35191043
35191555
35192067
35192579
35193091
35188484
35188996
35189508
35190020
35190532
35191044
35191556
35192068
35192580
35193092
35188485
35188997
35189509
35190021
35190533
35191045
35191557
35192069
35192581
35193093
35188486
35188998
35189510
35190022
35190534
35191046
35191558
35192070
35192582
35193094
24973486
24973998
24974510
24975022
24975534
24976046
24976558
24977070
24977582
24978094
24973487
24973999
24974511
24975023
24975535
24976047
24976559
24977071
24977583
24978095
24973488
24974000
24974512
24975024
24975536
24976048
24976560
24977072
24977584
24978096
24973489
24974001
24974513
24975025
24975537
24976049
24976561
24977073
24977585
24978097
24973490
24974002
24974514
24975026
24975538
24976050
24976562
24977074
24977586
24978098
24973491
24974003
24974515
24975027
24975539
24976051
24976563
24977075
24977587
24978099
24973492
24974004
24974516
24975028
24975540
24976052
24976564
24977076
24977588
24978100
24973493
24974005
24974517
24975029
24975541
24976053
24976565
24977077
24977589
24978101
24973494
24974006
24974518
24975030
24975542
24976054
24976566
24977078
24977590
24978102
24973495
24974007
24974519
24975031
24975543
24976055
24976567
24977079
24977591
24978103
20764918
20765430
20765942
20766454
20766966
20767478
20767990
20768502
20769014
20769526
20764919
20765431
20765943
20766455
20766967
20767479
20767991
20768503
20769015
20769527
20764920
20765432
20765944
20766456
20766968
20767480
20767992
20768504
20769016
20769528
20764921
20765433
20765945
20766457
20766969
20767481
20767993
20768505
20769017
20769529
20764922
20765434
20765946
20766458
20766970
20767482
20767994
20768506
20769018
20769530
20764923
20765435
20765947
20766459
20766971
20767483
20767995
20768507
20769019
20769531
20764924
20765436
20765948
20766460
20766972
20767484
20767996
20768508
20769020
20769532
20764925
20765437
20765949
20766461
20766973
20767485
20767997
20768509
20769021
20769533
20764926
20765438
20765950
20766462
20766974
20767486
20767998
20768510
20769022
20769534
20764927
20765439
20765951
20766463
20766975
20767487
20767999
20768511
20769023
20769535
30467778
30468290
30468802
30469314
30469826
30470338
30470850
30471362
30471874
30472386
30467779
30468291
30468803
30469315
30469827
30470339
30470851
30471363
30471875
30472387
30467780
30468292
30468804
30469316
30469828
30470340
30470852
30471364
30471876
30472388
30467781
30468293
30468805
30469317
30469829
30470341
30470853
30471365
30471877
30472389
30467782
30468294
30468806
30469318
30469830
30470342
30470854
30471366
30471878
30472390
30467783
30468295
30468807
30469319
30469831
30470343
30470855
30471367
30471879
30472391
30467784
30468296
30468808
30469320
30469832
30470344
30470856
30471368
30471880
30472392
30467785
30468297
30468809
30469321
30469833
30470345
30470857
30471369
30471881
30472393
30467786
30468298
30468810
30469322
30469834
30470346
30470858
30471370
30471882
30472394
30467787
30468299
30468811
30469323
30469835
30470347
30470859
30471371
30471883
30472395
31848124
31848636
31849148
31849660
31850172
31850684
31851196
31851708
31852220
31852732
31848125
31848637
31849149
31849661
31850173
31850685
31851197
31851709
31852221
31852733
31848126
31848638
31849150
31849662
31850174
31850686
31851198
31851710
31852222
31852734
31848127
31848639
31849151
31849663
31850175
31850687
31851199
31851711
31852223
31852735
31848128
31848640
31849152
31849664
31850176
31850688
31851200
31851712
31852224
31852736
31848129
31848641
31849153
31849665
31850177
31850689
31851201
31851713
31852225
31852737
31848130
31848642
31849154
31849666
31850178
31850690
31851202
31851714
31852226
31852738
31848131
31848643
31849155
31849667
31850179
31850691
31851203
31851715
31852227
31852739
31848132
31848644
31849156
31849668
31850180
31850692
31851204
31851716
31852228
31852740
31848133
31848645
31849157
31849669
31850181
31850693
31851205
31851717
31852229
31852741
26048724
26049236
26049748
26050260
26050772
26051284
26051796
26052308
26052820
26053332
26048725
26049237
26049749
26050261
26050773
26051285
26051797
26052309
26052821
26053333
26048726
26049238
26049750
26050262
26050774
26051286
26051798
26052310
26052822
26053334
26048727
26049239
26049751
26050263
26050775
26051287
26051799
26052311
26052823
26053335
26048728
26049240
26049752
26050264
26050776
26051288
26051800
26052312
26052824
26053336
26048729
26049241
26049753
26050265
26050777
26051289
26051801
26052313
26052825
26053337
26048730
26049242
26049754
26050266
26050778
26051290
26051802
26052314
26052826
26053338
26048731
26049243
26049755
26050267
26050779
26051291
26051803
26052315
26052827
26053339
26048732
26049244
26049756
26050268
26050780
26051292
26051804
26052316
26052828
26053340
26048733
26049245
26049757
26050269
26050781
26051293
26051805
26052317
26052829
26053341
31059696
31060208
31060720
31061232
31061744
31062256
31062768
31063280
31063792
31064304
31059697
31060209
31060721
31061233
31061745
31062257
31062769
31063281
31063793
31064305
31059698
31060210
31060722
31061234
31061746
31062258
31062770
31063282
31063794
31064306
31059699
31060211
31060723
31061235
31061747
31062259
31062771
31063283
31063795
31064307
31059700
31060212
31060724
31061236
31061748
31062260
31062772
31063284
31063796
31064308
31059701
31060213
31060725
31061237
31061749
31062261
31062773
31063285
31063797
31064309
31059702
31060214
31060726
31061238
31061750
31062262
31062774
31063286
31063798
31064310
31059703
31060215
31060727
31061239
31061751
31062263
31062775
31063287
31063799
31064311
31059704
31060216
31060728
31061240
31061752
31062264
31062776
31063288
31063800
31064312
31059705
31060217
31060729
31061241
31061753
31062265
31062777
31063289
31063801
31064313
33879303
33879815
33880327
33880839
33881351
33881863
33882375
33882887
33883399
33883911
33879304
33879816
33880328
33880840
33881352
33881864
33882376
33882888
33883400
33883912
33879305
33879817
33880329
33880841
33881353
33881865
33882377
33882889
33883401
33883913
33879306
33879818
33880330
33880842
33881354
33881866
33882378
33882890
33883402
33883914
33879307
33879819
33880331
33880843
33881355
33881867
33882379
33882891
33883403
33883915
33879308
33879820
33880332
33880844
33881356
33881868
33882380
33882892
33883404
33883916
33879309
33879821
33880333
33880845
33881357
33881869
33882381
33882893
33883405
33883917
33879310
33879822
33880334
33880846
33881358
33881870
33882382
33882894
33883406
33883918
33879311
33879823
33880335
33880847
33881359
33881871
33882383
33882895
33883407
33883919
33879312
33879824
33880336
33880848
33881360
33881872
33882384
33882896
33883408
33883920
28658938
28659450
28659962
28660474
28660986
28661498
28662010
28662522
28663034
28663546
28658939
28659451
28659963
28660475
28660987
28661499
28662011
28662523
28663035
28663547
28658940
28659452
28659964
28660476
28660988
28661500
28662012
28662524
28663036
28663548
28658941
28659453
28659965
28660477
28660989
28661501
28662013
28662525
28663037
28663549
28658942
28659454
28659966
28660478
28660990
28661502
28662014
28662526
28663038
28663550
28658943
28659455
28659967
28660479
28660991
28661503
28662015
28662527
28663039
28663551
28658944
28659456
28659968
28660480
28660992
28661504
28662016
28662528
28663040
28663552
28658945
28659457
28659969
28660481
28660993
28661505
28662017
28662529
28663041
28663553
28658946
28659458
28659970
28660482
28660994
28661506
28662018
28662530
28663042
28663554
28658947
28659459
28659971
28660483
28660995
28661507
28662019
28662531
28663043
28663555
17348369
17348881
17349393
17349905
17350417
17350929
17351441
17351953
17352465
17352977
17348370
17348882
17349394
17349906
17350418
17350930
17351442
17351954
17352466
17352978
17348371
17348883
17349395
17349907
17350419
17350931
17351443
17351955
17352467
17352979
17348372
17348884
17349396
17349908
17350420
17350932
17351444
17351956
17352468
17352980
17348373
17348885
17349397
17349909
17350421
17350933
17351445
17351957
17352469
17352981
17348374
17348886
17349398
17349910
17350422
17350934
17351446
17351958
17352470
17352982
17348375
17348887
17349399
17349911
17350423
17350935
17351447
17351959
17352471
17352983
17348376
17348888
17349400
17349912
17350424
17350936
17351448
17351960
17352472
17352984
17348377
17348889
17349401
17349913
17350425
17350937
17351449
17351961
17352473
17352985
17348378
17348890
17349402
17349914
17350426
17350938
17351450
17351962
17352474
17352986
15512320
15512832
15513344
15513856
15514368
15514880
15515392
15515904
15516416
15516928
15512321
15512833
15513345
15513857
15514369
15514881
15515393
15515905
15516417
15516929
15512322
15512834
15513346
15513858
15514370
15514882
15515394
15515906
15516418
15516930
15512323
15512835
15513347
15513859
15514371
15514883
15515395
15515907
15516419
15516931
15512324
15512836
15513348
15513860
15514372
15514884
15515396
15515908
15516420
15516932
15512325
15512837
15513349
15513861
15514373
15514885
15515397
15515909
15516421
15516933
15512326
15512838
15513350
15513862
15514374
15514886
15515398
15515910
15516422
15516934
15512327
15512839
15513351
15513863
15514375
15514887
15515399
15515911
15516423
15516935
15512328
15512840
15513352
15513864
15514376
15514888
15515400
15515912
15516424
15516936
15512329
15512841
15513353
15513865
15514377
15514889
15515401
15515913
15516425
15516937
25232642
25233154
25233666
25234178
25234690
25235202
25235714
25236226
25236738
25237250
25232643
25233155
25233667
25234179
25234691
25235203
25235715
25236227
25236739
25237251
25232644
25233156
25233668
25234180
25234692
25235204
25235716
25236228
25236740
25237252
25232645
25233157
25233669
25234181
25234693
25235205
25235717
25236229
25236741
25237253
25232646
25233158
25233670
25234182
25234694
25235206
25235718
25236230
25236742
25237254
25232647
25233159
25233671
25234183
25234695
25235207
25235719
25236231
25236743
25237255
25232648
25233160
25233672
25234184
25234696
25235208
25235720
25236232
25236744
25237256
25232649
25233161
25233673
25234185
25234697
25235209
25235721
25236233
25236745
25237257
25232650
25233162
25233674
25234186
25234698
25235210
25235722
25236234
25236746
25237258
25232651
25233163
25233675
25234187
25234699
25235211
25235723
25236235
25236747
25237259
27352763
27353275
27353787
27354299
27354811
27355323
27355835
27356347
27356859
27357371
27352764
27353276
27353788
27354300
27354812
27355324
27355836
27356348
27356860
27357372
27352765
27353277
27353789
27354301
27354813
27355325
27355837
27356349
27356861
27357373
27352766
27353278
27353790
27354302
27354814
27355326
27355838
27356350
27356862
27357374
27352767
27353279
27353791
27354303
27354815
27355327
27355839
27356351
27356863
27357375
27352768
27353280
27353792
27354304
27354816
27355328
27355840
27356352
27356864
27357376
27352769
27353281
27353793
27354305
27354817
27355329
27355841
27356353
27356865
27357377
27352770
27353282
27353794
27354306
27354818
27355330
27355842
27356354
27356866
27357378
27352771
27353283
27353795
27354307
27354819
27355331
27355843
27356355
27356867
27357379
27352772
27353284
27353796
27354308
27354820
27355332
27355844
27356356
27356868
27357380
26829599
26830111
26830623
26831135
26831647
26832159
26832671
26833183
26833695
26834207
26829600
26830112
26830624
26831136
26831648
26832160
26832672
26833184
26833696
26834208
26829601
26830113
26830625
26831137
26831649
26832161
26832673
26833185
26833697
26834209
26829602
26830114
26830626
26831138
26831650
26832162
26832674
26833186
26833698
26834210
26829603
26830115
26830627
26831139
26831651
26832163
26832675
26833187
26833699
26834211
26829604
26830116
26830628
26831140
26831652
26832164
26832676
26833188
26833700
26834212
26829605
26830117
26830629
26831141
26831653
26832165
26832677
26833189
26833701
26834213
26829606
26830118
26830630
26831142
26831654
26832166
26832678
26833190
26833702
26834214
26829607
26830119
26830631
26831143
26831655
26832167
26832679
26833191
26833703
26834215
26829608
26830120
26830632
26831144
26831656
26832168
26832680
26833192
26833704
26834216
32341268
32341780
32342292
32342804
32343316
32343828
32344340
32344852
32345364
32345876
32341269
32341781
32342293
32342805
32343317
32343829
32344341
32344853
32345365
32345877
32341270
32341782
32342294
32342806
32343318
32343830
32344342
32344854
32345366
32345878
32341271
32341783
32342295
32342807
32343319
32343831
32344343
32344855
32345367
32345879
32341272
32341784
32342296
32342808
32343320
32343832
32344344
32344856
32345368
32345880
32341273
32341785
32342297
32342809
32343321
32343833
32344345
32344857
32345369
32345881
32341274
32341786
32342298
32342810
32343322
32343834
32344346
32344858
32345370
32345882
32341275
32341787
32342299
32342811
32343323
32343835
32344347
32344859
32345371
32345883
32341276
32341788
32342300
32342812
32343324
32343836
32344348
32344860
32345372
32345884
32341277
32341789
32342301
32342813
32343325
32343837
32344349
32344861
32345373
32345885
26004678
26005190
26005702
26006214
26006726
26007238
26007750
26008262
26008774
26009286
26004679
26005191
26005703
26006215
26006727
26007239
26007751
26008263
26008775
26009287
26004680
26005192
26005704
26006216
26006728
26007240
26007752
26008264
26008776
26009288
26004681
26005193
26005705
26006217
26006729
26007241
26007753
26008265
26008777
26009289
26004682
26005194
26005706
26006218
26006730
26007242
26007754
26008266
26008778
26009290
26004683
26005195
26005707
26006219
26006731
26007243
26007755
26008267
26008779
26009291
26004684
26005196
26005708
26006220
26006732
26007244
26007756
26008268
26008780
26009292
26004685
26005197
26005709
26006221
26006733
26007245
26007757
26008269
26008781
26009293
26004686
26005198
26005710
26006222
26006734
26007246
26007758
26008270
26008782
26009294
26004687
26005199
26005711
26006223
26006735
26007247
26007759
26008271
26008783
26009295
31770368
31770880
31771392
31771904
31772416
31772928
31773440
31773952
31774464
31774976
31770369
31770881
31771393
31771905
31772417
31772929
31773441
31773953
31774465
31774977
31770370
31770882
31771394
31771906
31772418
31772930
31773442
31773954
31774466
31774978
31770371
31770883
31771395
31771907
31772419
31772931
31773443
31773955
31774467
31774979
31770372
31770884
31771396
31771908
31772420
31772932
31773444
31773956
31774468
31774980
31770373
31770885
31771397
31771909
31772421
31772933
31773445
31773957
31774469
31774981
31770374
31770886
31771398
31771910
31772422
31772934
31773446
31773958
31774470
31774982
31770375
31770887
31771399
31771911
31772423
31772935
31773447
31773959
31774471
31774983
31770376
31770888
31771400
31771912
31772424
31772936
31773448
31773960
31774472
31774984
31770377
31770889
31771401
31771913
31772425
31772937
31773449
31773961
31774473
31774985
28115178
28115690
28116202
28116714
28117226
28117738
28118250
28118762
28119274
28119786
28115179
28115691
28116203
28116715
28117227
28117739
28118251
28118763
28119275
28119787
28115180
28115692
28116204
28116716
28117228
28117740
28118252
28118764
28119276
28119788
28115181
28115693
28116205
28116717
28117229
28117741
28118253
28118765
28119277
28119789
28115182
28115694
28116206
28116718
28117230
28117742
28118254
28118766
28119278
28119790
28115183
28115695
28116207
28116719
28117231
28117743
28118255
28118767
28119279
28119791
28115184
28115696
28116208
28116720
28117232
28117744
28118256
28118768
28119280
28119792
28115185
28115697
28116209
28116721
28117233
28117745
28118257
28118769
28119281
28119793
28115186
28115698
28116210
28116722
28117234
28117746
28118258
28118770
28119282
28119794
28115187
28115699
28116211
28116723
28117235
28117747
28118259
28118771
28119283
28119795
34143469
34143981
34144493
34145005
34145517
34146029
34146541
34147053
34147565
34148077
34143470
34143982
34144494
34145006
34145518
34146030
34146542
34147054
34147566
34148078
34143471
34143983
34144495
34145007
34145519
34146031
34146543
34147055
34147567
34148079
34143472
34143984
34144496
34145008
34145520
34146032
34146544
34147056
34147568
34148080
34143473
34143985
34144497
34145009
34145521
34146033
34146545
34147057
34147569
34148081
34143474
34143986
34144498
34145010
34145522
34146034
34146546
34147058
34147570
34148082
34143475
34143987
34144499
34145011
34145523
34146035
34146547
34147059
34147571
34148083
34143476
34143988
34144500
34145012
34145524
34146036
34146548
34147060
34147572
34148084
34143477
34143989
34144501
34145013
34145525
34146037
34146549
34147061
34147573
34148085
34143478
34143990
34144502
34145014
34145526
34146038
34146550
34147062
34147574
34148086
31854287
31854799
31855311
31855823
31856335
31856847
31857359
31857871
31858383
31858895
31854288
31854800
31855312
31855824
31856336
31856848
31857360
31857872
31858384
31858896
31854289
31854801
31855313
31855825
31856337
31856849
31857361
31857873
31858385
31858897
31854290
31854802
31855314
31855826
31856338
31856850
31857362
31857874
31858386
31858898
31854291
31854803
31855315
31855827
31856339
31856851
31857363
31857875
31858387
31858899
31854292
31854804
31855316
31855828
31856340
31856852
31857364
31857876
31858388
31858900
31854293
31854805
31855317
31855829
31856341
31856853
31857365
31857877
31858389
31858901
31854294
31854806
31855318
31855830
31856342
31856854
31857366
31857878
31858390
31858902
31854295
31854807
31855319
31855831
31856343
31856855
31857367
31857879
31858391
31858903
31854296
31854808
31855320
31855832
31856344
31856856
31857368
31857880
31858392
31858904
27866393
27866905
27867417
27867929
27868441
27868953
27869465
27869977
27870489
27871001
27866394
27866906
27867418
27867930
27868442
27868954
27869466
27869978
27870490
27871002
27866395
27866907
27867419
27867931
27868443
27868955
27869467
27869979
27870491
27871003
27866396
27866908
27867420
27867932
27868444
27868956
27869468
27869980
27870492
27871004
27866397
27866909
27867421
27867933
27868445
27868957
27869469
27869981
27870493
27871005
27866398
27866910
27867422
27867934
27868446
27868958
27869470
27869982
27870494
27871006
27866399
27866911
27867423
27867935
27868447
27868959
27869471
27869983
27870495
27871007
27866400
27866912
27867424
27867936
27868448
27868960
27869472
27869984
27870496
27871008
27866401
27866913
27867425
27867937
27868449
27868961
27869473
27869985
27870497
27871009
27866402
27866914
27867426
27867938
27868450
27868962
27869474
27869986
27870498
27871010
30750542
30751054
30751566
30752078
30752590
30753102
30753614
30754126
30754638
30755150
30750543
30751055
30751567
30752079
30752591
30753103
30753615
30754127
30754639
30755151
30750544
30751056
30751568
30752080
30752592
30753104
30753616
30754128
30754640
30755152
30750545
30751057
30751569
30752081
30752593
30753105
30753617
30754129
30754641
30755153
30750546
30751058
30751570
30752082
30752594
30753106
30753618
30754130
30754642
30755154
30750547
30751059
30751571
30752083
30752595
30753107
30753619
30754131
30754643
30755155
30750548
30751060
30751572
30752084
30752596
30753108
30753620
30754132
30754644
30755156
30750549
30751061
30751573
30752085
30752597
30753109
30753621
30754133
30754645
30755157
30750550
30751062
30751574
30752086
30752598
30753110
30753622
30754134
30754646
30755158
30750551
30751063
30751575
30752087
30752599
30753111
30753623
30754135
30754647
30755159
24976591
24977103
24977615
24978127
24978639
24979151
24979663
24980175
24980687
24981199
24976592
24977104
24977616
24978128
24978640
24979152
24979664
24980176
24980688
24981200
24976593
24977105
24977617
24978129
24978641
24979153
24979665
24980177
24980689
24981201
24976594
24977106
24977618
24978130
24978642
24979154
24979666
24980178
24980690
24981202
24976595
24977107
24977619
24978131
24978643
24979155
24979667
24980179
24980691
24981203
24976596
24977108
24977620
24978132
24978644
24979156
24979668
24980180
24980692
24981204
24976597
24977109
24977621
24978133
24978645
24979157
24979669
24980181
24980693
24981205
24976598
24977110
24977622
24978134
24978646
24979158
24979670
24980182
24980694
24981206
24976599
24977111
24977623
24978135
24978647
24979159
24979671
24980183
24980695
24981207
24976600
24977112
24977624
24978136
24978648
24979160
24979672
24980184
24980696
24981208
34160345
34160857
34161369
34161881
34162393
34162905
34163417
34163929
34164441
34164953
34160346
34160858
34161370
34161882
34162394
34162906
34163418
34163930
34164442
34164954
34160347
34160859
34161371
34161883
34162395
34162907
34163419
34163931
34164443
34164955
34160348
34160860
34161372
34161884
34162396
34162908
34163420
34163932
34164444
34164956
34160349
34160861
34161373
34161885
34162397
34162909
34163421
34163933
34164445
34164957
34160350
34160862
34161374
34161886
34162398
34162910
34163422
34163934
34164446
34164958
34160351
34160863
34161375
34161887
34162399
34162911
34163423
34163935
34164447
34164959
34160352
34160864
34161376
34161888
34162400
34162912
34163424
34163936
34164448
34164960
34160353
34160865
34161377
34161889
34162401
34162913
34163425
34163937
34164449
34164961
34160354
34160866
34161378
34161890
34162402
34162914
34163426
34163938
34164450
34164962
34212576
34213088
34213600
34214112
34214624
34215136
34215648
34216160
34216672
34217184
34212577
34213089
34213601
34214113
34214625
34215137
34215649
34216161
34216673
34217185
34212578
34213090
34213602
34214114
34214626
34215138
34215650
34216162
34216674
34217186
34212579
34213091
34213603
34214115
34214627
34215139
34215651
34216163
34216675
34217187
34212580
34213092
34213604
34214116
34214628
34215140
34215652
34216164
34216676
34217188
34212581
34213093
34213605
34214117
34214629
34215141
34215653
34216165
34216677
34217189
34212582
34213094
34213606
34214118
34214630
34215142
34215654
34216166
34216678
34217190
34212583
34213095
34213607
34214119
34214631
34215143
34215655
34216167
34216679
34217191
34212584
34213096
34213608
34214120
34214632
34215144
34215656
34216168
34216680
34217192
34212585
34213097
34213609
34214121
34214633
34215145
34215657
34216169
34216681
34217193
32619186
32619698
32620210
32620722
32621234
32621746
32622258
32622770
32623282
32623794
32619187
32619699
32620211
32620723
32621235
32621747
32622259
32622771
32623283
32623795
32619188
32619700
32620212
32620724
32621236
32621748
32622260
32622772
32623284
32623796
32619189
32619701
32620213
32620725
32621237
32621749
32622261
32622773
32623285
32623797
32619190
32619702
32620214
32620726
32621238
32621750
32622262
32622774
32623286
32623798
32619191
32619703
32620215
32620727
32621239
32621751
32622263
32622775
32623287
32623799
32619192
32619704
32620216
32620728
32621240
32621752
32622264
32622776
32623288
32623800
32619193
32619705
32620217
32620729
32621241
32621753
32622265
32622777
32623289
32623801
32619194
32619706
32620218
32620730
32621242
32621754
32622266
32622778
32623290
32623802
32619195
32619707
32620219
32620731
32621243
32621755
32622267
32622779
32623291
32623803
25489207
25489719
25490231
25490743
25491255
25491767
25492279
25492791
25493303
25493815
25489208
25489720
25490232
25490744
25491256
25491768
25492280
25492792
25493304
25493816
25489209
25489721
25490233
25490745
25491257
25491769
25492281
25492793
25493305
25493817
25489210
25489722
25490234
25490746
25491258
25491770
25492282
25492794
25493306
25493818
25489211
25489723
25490235
25490747
25491259
25491771
25492283
25492795
25493307
25493819
25489212
25489724
25490236
25490748
25491260
25491772
25492284
25492796
25493308
25493820
25489213
25489725
25490237
25490749
25491261
25491773
25492285
25492797
25493309
25493821
25489214
25489726
25490238
25490750
25491262
25491774
25492286
25492798
25493310
25493822
25489215
25489727
25490239
25490751
25491263
25491775
25492287
25492799
25493311
25493823
25489216
25489728
25490240
25490752
25491264
25491776
25492288
25492800
25493312
25493824
