48067292
48067804
48068316
48068828
48069340
48069852
48070364
48070876
48071388
48071900
48067293
48067805
48068317
48068829
48069341
48069853
48070365
48070877
48071389
48071901
48067294
48067806
48068318
48068830
48069342
48069854
48070366
48070878
48071390
48071902
48067295
48067807
48068319
48068831
48069343
48069855
48070367
48070879
48071391
48071903
48067296
48067808
48068320
48068832
48069344
48069856
48070368
48070880
48071392
48071904
48067297
48067809
48068321
48068833
48069345
48069857
48070369
48070881
48071393
48071905
48067298
48067810
48068322
48068834
48069346
48069858
48070370
48070882
48071394
48071906
48067299
48067811
48068323
48068835
48069347
48069859
48070371
48070883
48071395
48071907
48067300
48067812
48068324
48068836
48069348
48069860
48070372
48070884
48071396
48071908
48067301
48067813
48068325
48068837
48069349
48069861
48070373
48070885
48071397
48071909
46255295
46255807
46256319
46256831
46257343
46257855
46258367
46258879
46259391
46259903
46255296
46255808
46256320
46256832
46257344
46257856
46258368
46258880
46259392
46259904
46255297
46255809
46256321
46256833
46257345
46257857
46258369
46258881
46259393
46259905
46255298
46255810
46256322
46256834
46257346
46257858
46258370
46258882
46259394
46259906
46255299
46255811
46256323
46256835
46257347
46257859
46258371
46258883
46259395
46259907
46255300
46255812
46256324
46256836
46257348
46257860
46258372
46258884
46259396
46259908
46255301
46255813
46256325
46256837
46257349
46257861
46258373
46258885
46259397
46259909
46255302
46255814
46256326
46256838
46257350
46257862
46258374
46258886
46259398
46259910
46255303
46255815
46256327
46256839
46257351
46257863
46258375
46258887
46259399
46259911
46255304
46255816
46256328
46256840
46257352
46257864
46258376
46258888
46259400
46259912
45460262
45460774
45461286
45461798
45462310
45462822
45463334
45463846
45464358
45464870
45460263
45460775
45461287
45461799
45462311
45462823
45463335
45463847
45464359
45464871
45460264
45460776
45461288
45461800
45462312
45462824
45463336
45463848
45464360
45464872
45460265
45460777
45461289
45461801
45462313
45462825
45463337
45463849
45464361
45464873
45460266
45460778
45461290
45461802
45462314
45462826
45463338
45463850
45464362
45464874
45460267
45460779
45461291
45461803
45462315
45462827
45463339
45463851
45464363
45464875
45460268
45460780
45461292
45461804
45462316
45462828
45463340
45463852
45464364
45464876
45460269
45460781
45461293
45461805
45462317
45462829
45463341
45463853
45464365
45464877
45460270
45460782
45461294
45461806
45462318
45462830
45463342
45463854
45464366
45464878
45460271
45460783
45461295
45461807
45462319
45462831
45463343
45463855
45464367
45464879
56260289
56260801
56261313
56261825
56262337
56262849
56263361
56263873
56264385
56264897
56260290
56260802
56261314
56261826
56262338
56262850
56263362
56263874
56264386
56264898
56260291
56260803
56261315
56261827
56262339
56262851
56263363
56263875
56264387
56264899
56260292
56260804
56261316
56261828
56262340
56262852
56263364
56263876
56264388
56264900
56260293
56260805
56261317
56261829
56262341
56262853
56263365
56263877
56264389
56264901
56260294
56260806
56261318
56261830
56262342
56262854
56263366
56263878
56264390
56264902
56260295
56260807
56261319
56261831
56262343
56262855
56263367
56263879
56264391
56264903
56260296
56260808
56261320
56261832
56262344
56262856
56263368
56263880
56264392
56264904
56260297
56260809
56261321
56261833
56262345
56262857
56263369
56263881
56264393
56264905
56260298
56260810
56261322
56261834
56262346
56262858
56263370
56263882
56264394
56264906
43332319
43332831
43333343
43333855
43334367
43334879
43335391
43335903
43336415
43336927
43332320
43332832
43333344
43333856
43334368
43334880
43335392
43335904
43336416
43336928
43332321
43332833
43333345
43333857
43334369
43334881
43335393
43335905
43336417
43336929
43332322
43332834
43333346
43333858
43334370
43334882
43335394
43335906
43336418
43336930
43332323
43332835
43333347
43333859
43334371
43334883
43335395
43335907
43336419
43336931
43332324
43332836
43333348
43333860
43334372
43334884
43335396
43335908
43336420
43336932
43332325
43332837
43333349
43333861
43334373
43334885
43335397
43335909
43336421
43336933
43332326
43332838
43333350
43333862
43334374
43334886
43335398
43335910
43336422
43336934
43332327
43332839
43333351
43333863
43334375
43334887
43335399
43335911
43336423
43336935
43332328
43332840
43333352
43333864
43334376
43334888
43335400
43335912
43336424
43336936
44388118
44388630
44389142
44389654
44390166
44390678
44391190
44391702
44392214
44392726
44388119
44388631
44389143
44389655
44390167
44390679
44391191
44391703
44392215
44392727
44388120
44388632
44389144
44389656
44390168
44390680
44391192
44391704
44392216
44392728
44388121
44388633
44389145
44389657
44390169
44390681
44391193
44391705
44392217
44392729
44388122
44388634
44389146
44389658
44390170
44390682
44391194
44391706
44392218
44392730
44388123
44388635
44389147
44389659
44390171
44390683
44391195
44391707
44392219
44392731
44388124
44388636
44389148
44389660
44390172
44390684
44391196
44391708
44392220
44392732
44388125
44388637
44389149
44389661
44390173
44390685
44391197
44391709
44392221
44392733
44388126
44388638
44389150
44389662
44390174
44390686
44391198
44391710
44392222
44392734
44388127
44388639
44389151
44389663
44390175
44390687
44391199
44391711
44392223
44392735
60416742
60417254
60417766
60418278
60418790
60419302
60419814
60420326
60420838
60421350
60416743
60417255
60417767
60418279
60418791
60419303
60419815
60420327
60420839
60421351
60416744
60417256
60417768
60418280
60418792
60419304
60419816
60420328
60420840
60421352
60416745
60417257
60417769
60418281
60418793
60419305
60419817
60420329
60420841
60421353
60416746
60417258
60417770
60418282
60418794
60419306
60419818
60420330
60420842
60421354
60416747
60417259
60417771
60418283
60418795
60419307
60419819
60420331
60420843
60421355
60416748
60417260
60417772
60418284
60418796
60419308
60419820
60420332
60420844
60421356
60416749
60417261
60417773
60418285
60418797
60419309
60419821
60420333
60420845
60421357
60416750
60417262
60417774
60418286
60418798
60419310
60419822
60420334
60420846
60421358
60416751
60417263
60417775
60418287
60418799
60419311
60419823
60420335
60420847
60421359
33672857
33673369
33673881
33674393
33674905
33675417
33675929
33676441
33676953
33677465
33672858
33673370
33673882
33674394
33674906
33675418
33675930
33676442
33676954
33677466
33672859
33673371
33673883
33674395
33674907
33675419
33675931
33676443
33676955
33677467
33672860
33673372
33673884
33674396
33674908
33675420
33675932
33676444
33676956
33677468
33672861
33673373
33673885
33674397
33674909
33675421
33675933
33676445
33676957
33677469
33672862
33673374
33673886
33674398
33674910
33675422
33675934
33676446
33676958
33677470
33672863
33673375
33673887
33674399
33674911
33675423
33675935
33676447
33676959
33677471
33672864
33673376
33673888
33674400
33674912
33675424
33675936
33676448
33676960
33677472
33672865
33673377
33673889
33674401
33674913
33675425
33675937
33676449
33676961
33677473
33672866
33673378
33673890
33674402
33674914
33675426
33675938
33676450
33676962
33677474
49089830
49090342
49090854
49091366
49091878
49092390
49092902
49093414
49093926
49094438
49089831
49090343
49090855
49091367
49091879
49092391
49092903
49093415
49093927
49094439
49089832
49090344
49090856
49091368
49091880
49092392
49092904
49093416
49093928
49094440
49089833
49090345
49090857
49091369
49091881
49092393
49092905
49093417
49093929
49094441
49089834
49090346
49090858
49091370
49091882
49092394
49092906
49093418
49093930
49094442
49089835
49090347
49090859
49091371
49091883
49092395
49092907
49093419
49093931
49094443
49089836
49090348
49090860
49091372
49091884
49092396
49092908
49093420
49093932
49094444
49089837
49090349
49090861
49091373
49091885
49092397
49092909
49093421
49093933
49094445
49089838
49090350
49090862
49091374
49091886
49092398
49092910
49093422
49093934
49094446
49089839
49090351
49090863
49091375
49091887
49092399
49092911
49093423
49093935
49094447
45486810
45487322
45487834
45488346
45488858
45489370
45489882
45490394
45490906
45491418
45486811
45487323
45487835
45488347
45488859
45489371
45489883
45490395
45490907
45491419
45486812
45487324
45487836
45488348
45488860
45489372
45489884
45490396
45490908
45491420
45486813
45487325
45487837
45488349
45488861
45489373
45489885
45490397
45490909
45491421
45486814
45487326
45487838
45488350
45488862
45489374
45489886
45490398
45490910
45491422
45486815
45487327
45487839
45488351
45488863
45489375
45489887
45490399
45490911
45491423
45486816
45487328
45487840
45488352
45488864
45489376
45489888
45490400
45490912
45491424
45486817
45487329
45487841
45488353
45488865
45489377
45489889
45490401
45490913
45491425
45486818
45487330
45487842
45488354
45488866
45489378
45489890
45490402
45490914
45491426
45486819
45487331
45487843
45488355
45488867
45489379
45489891
45490403
45490915
45491427
59621107
59621619
59622131
59622643
59623155
59623667
59624179
59624691
59625203
59625715
59621108
59621620
59622132
59622644
59623156
59623668
59624180
59624692
59625204
59625716
59621109
59621621
59622133
59622645
59623157
59623669
59624181
59624693
59625205
59625717
59621110
59621622
59622134
59622646
59623158
59623670
59624182
59624694
59625206
59625718
59621111
59621623
59622135
59622647
59623159
59623671
59624183
59624695
59625207
59625719
59621112
59621624
59622136
59622648
59623160
59623672
59624184
59624696
59625208
59625720
59621113
59621625
59622137
59622649
59623161
59623673
59624185
59624697
59625209
59625721
59621114
59621626
59622138
59622650
59623162
59623674
59624186
59624698
59625210
59625722
59621115
59621627
59622139
59622651
59623163
59623675
59624187
59624699
59625211
59625723
59621116
59621628
59622140
59622652
59623164
59623676
59624188
59624700
59625212
59625724
42887339
42887851
42888363
42888875
42889387
42889899
42890411
42890923
42891435
42891947
42887340
42887852
42888364
42888876
42889388
42889900
42890412
42890924
42891436
42891948
42887341
42887853
42888365
42888877
42889389
42889901
42890413
42890925
42891437
42891949
42887342
42887854
42888366
42888878
42889390
42889902
42890414
42890926
42891438
42891950
42887343
42887855
42888367
42888879
42889391
42889903
42890415
42890927
42891439
42891951
42887344
42887856
42888368
42888880
42889392
42889904
42890416
42890928
42891440
42891952
42887345
42887857
42888369
42888881
42889393
42889905
42890417
42890929
42891441
42891953
42887346
42887858
42888370
42888882
42889394
42889906
42890418
42890930
42891442
42891954
42887347
42887859
42888371
42888883
42889395
42889907
42890419
42890931
42891443
42891955
42887348
42887860
42888372
42888884
42889396
42889908
42890420
42890932
42891444
42891956
47579366
47579878
47580390
47580902
47581414
47581926
47582438
47582950
47583462
47583974
47579367
47579879
47580391
47580903
47581415
47581927
47582439
47582951
47583463
47583975
47579368
47579880
47580392
47580904
47581416
47581928
47582440
47582952
47583464
47583976
47579369
47579881
47580393
47580905
47581417
47581929
47582441
47582953
47583465
47583977
47579370
47579882
47580394
47580906
47581418
47581930
47582442
47582954
47583466
47583978
47579371
47579883
47580395
47580907
47581419
47581931
47582443
47582955
47583467
47583979
47579372
47579884
47580396
47580908
47581420
47581932
47582444
47582956
47583468
47583980
47579373
47579885
47580397
47580909
47581421
47581933
47582445
47582957
47583469
47583981
47579374
47579886
47580398
47580910
47581422
47581934
47582446
47582958
47583470
47583982
47579375
47579887
47580399
47580911
47581423
47581935
47582447
47582959
47583471
47583983
28632315
28632827
28633339
28633851
28634363
28634875
28635387
28635899
28636411
28636923
28632316
28632828
28633340
28633852
28634364
28634876
28635388
28635900
28636412
28636924
28632317
28632829
28633341
28633853
28634365
28634877
28635389
28635901
28636413
28636925
28632318
28632830
28633342
28633854
28634366
28634878
28635390
28635902
28636414
28636926
28632319
28632831
28633343
28633855
28634367
28634879
28635391
28635903
28636415
28636927
28632320
28632832
28633344
28633856
28634368
28634880
28635392
28635904
28636416
28636928
28632321
28632833
28633345
28633857
28634369
28634881
28635393
28635905
28636417
28636929
28632322
28632834
28633346
28633858
28634370
28634882
28635394
28635906
28636418
28636930
28632323
28632835
28633347
28633859
28634371
28634883
28635395
28635907
28636419
28636931
28632324
28632836
28633348
28633860
28634372
28634884
28635396
28635908
28636420
28636932
45963033
45963545
45964057
45964569
45965081
45965593
45966105
45966617
45967129
45967641
45963034
45963546
45964058
45964570
45965082
45965594
45966106
45966618
45967130
45967642
45963035
45963547
45964059
45964571
45965083
45965595
45966107
45966619
45967131
45967643
45963036
45963548
45964060
45964572
45965084
45965596
45966108
45966620
45967132
45967644
45963037
45963549
45964061
45964573
45965085
45965597
45966109
45966621
45967133
45967645
45963038
45963550
45964062
45964574
45965086
45965598
45966110
45966622
45967134
45967646
45963039
45963551
45964063
45964575
45965087
45965599
45966111
45966623
45967135
45967647
45963040
45963552
45964064
45964576
45965088
45965600
45966112
45966624
45967136
45967648
45963041
45963553
45964065
45964577
45965089
45965601
45966113
45966625
45967137
45967649
45963042
45963554
45964066
45964578
45965090
45965602
45966114
45966626
45967138
45967650
42859200
42859712
42860224
42860736
42861248
42861760
42862272
42862784
42863296
42863808
42859201
42859713
42860225
42860737
42861249
42861761
42862273
42862785
42863297
42863809
42859202
42859714
42860226
42860738
42861250
42861762
42862274
42862786
42863298
42863810
42859203
42859715
42860227
42860739
42861251
42861763
42862275
42862787
42863299
42863811
42859204
42859716
42860228
42860740
42861252
42861764
42862276
42862788
42863300
42863812
42859205
42859717
42860229
42860741
42861253
42861765
42862277
42862789
42863301
42863813
42859206
42859718
42860230
42860742
42861254
42861766
42862278
42862790
42863302
42863814
42859207
42859719
42860231
42860743
42861255
42861767
42862279
42862791
42863303
42863815
42859208
42859720
42860232
42860744
42861256
42861768
42862280
42862792
42863304
42863816
42859209
42859721
42860233
42860745
42861257
42861769
42862281
42862793
42863305
42863817
26536685
26537197
26537709
26538221
26538733
26539245
26539757
26540269
26540781
26541293
26536686
26537198
26537710
26538222
26538734
26539246
26539758
26540270
26540782
26541294
26536687
26537199
26537711
26538223
26538735
26539247
26539759
26540271
26540783
26541295
26536688
26537200
26537712
26538224
26538736
26539248
26539760
26540272
26540784
26541296
26536689
26537201
26537713
26538225
26538737
26539249
26539761
26540273
26540785
26541297
26536690
26537202
26537714
26538226
26538738
26539250
26539762
26540274
26540786
26541298
26536691
26537203
26537715
26538227
26538739
26539251
26539763
26540275
26540787
26541299
26536692
26537204
26537716
26538228
26538740
26539252
26539764
26540276
26540788
26541300
26536693
26537205
26537717
26538229
26538741
26539253
26539765
26540277
26540789
26541301
26536694
26537206
26537718
26538230
26538742
26539254
26539766
26540278
26540790
26541302
40195775
40196287
40196799
40197311
40197823
40198335
40198847
40199359
40199871
40200383
40195776
40196288
40196800
40197312
40197824
40198336
40198848
40199360
40199872
40200384
40195777
40196289
40196801
40197313
40197825
40198337
40198849
40199361
40199873
40200385
40195778
40196290
40196802
40197314
40197826
40198338
40198850
40199362
40199874
40200386
40195779
40196291
40196803
40197315
40197827
40198339
40198851
40199363
40199875
40200387
40195780
40196292
40196804
40197316
40197828
40198340
40198852
40199364
40199876
40200388
40195781
40196293
40196805
40197317
40197829
40198341
40198853
40199365
40199877
40200389
40195782
40196294
40196806
40197318
40197830
40198342
40198854
40199366
40199878
40200390
40195783
40196295
40196807
40197319
40197831
40198343
40198855
40199367
40199879
40200391
40195784
40196296
40196808
40197320
40197832
40198344
40198856
40199368
40199880
40200392
45450543
45451055
45451567
45452079
45452591
45453103
45453615
45454127
45454639
45455151
45450544
45451056
45451568
45452080
45452592
45453104
45453616
45454128
45454640
45455152
45450545
45451057
45451569
45452081
45452593
45453105
45453617
45454129
45454641
45455153
45450546
45451058
45451570
45452082
45452594
45453106
45453618
45454130
45454642
45455154
45450547
45451059
45451571
45452083
45452595
45453107
45453619
45454131
45454643
45455155
45450548
45451060
45451572
45452084
45452596
45453108
45453620
45454132
45454644
45455156
45450549
45451061
45451573
45452085
45452597
45453109
45453621
45454133
45454645
45455157
45450550
45451062
45451574
45452086
45452598
45453110
45453622
45454134
45454646
45455158
45450551
45451063
45451575
45452087
45452599
45453111
45453623
45454135
45454647
45455159
45450552
45451064
45451576
45452088
45452600
45453112
45453624
45454136
45454648
45455160
54092071
54092583
54093095
54093607
54094119
54094631
54095143
54095655
54096167
54096679
54092072
54092584
54093096
54093608
54094120
54094632
54095144
54095656
54096168
54096680
54092073
54092585
54093097
54093609
54094121
54094633
54095145
54095657
54096169
54096681
54092074
54092586
54093098
54093610
54094122
54094634
54095146
54095658
54096170
54096682
54092075
54092587
54093099
54093611
54094123
54094635
54095147
54095659
54096171
54096683
54092076
54092588
54093100
54093612
54094124
54094636
54095148
54095660
54096172
54096684
54092077
54092589
54093101
54093613
54094125
54094637
54095149
54095661
54096173
54096685
54092078
54092590
54093102
54093614
54094126
54094638
54095150
54095662
54096174
54096686
54092079
54092591
54093103
54093615
54094127
54094639
54095151
54095663
54096175
54096687
54092080
54092592
54093104
54093616
54094128
54094640
54095152
54095664
54096176
54096688
9039019
9039531
9040043
9040555
9041067
9041579
9042091
9042603
9043115
9043627
9039020
9039532
9040044
9040556
9041068
9041580
9042092
9042604
9043116
9043628
9039021
9039533
9040045
9040557
9041069
9041581
9042093
9042605
9043117
9043629
9039022
9039534
9040046
9040558
9041070
9041582
9042094
9042606
9043118
9043630
9039023
9039535
9040047
9040559
9041071
9041583
9042095
9042607
9043119
9043631
9039024
9039536
9040048
9040560
9041072
9041584
9042096
9042608
9043120
9043632
9039025
9039537
9040049
9040561
9041073
9041585
9042097
9042609
9043121
9043633
9039026
9039538
9040050
9040562
9041074
9041586
9042098
9042610
9043122
9043634
9039027
9039539
9040051
9040563
9041075
9041587
9042099
9042611
9043123
9043635
9039028
9039540
9040052
9040564
9041076
9041588
9042100
9042612
9043124
9043636
42272026
42272538
42273050
42273562
42274074
42274586
42275098
42275610
42276122
42276634
42272027
42272539
42273051
42273563
42274075
42274587
42275099
42275611
42276123
42276635
42272028
42272540
42273052
42273564
42274076
42274588
42275100
42275612
42276124
42276636
42272029
42272541
42273053
42273565
42274077
42274589
42275101
42275613
42276125
42276637
42272030
42272542
42273054
42273566
42274078
42274590
42275102
42275614
42276126
42276638
42272031
42272543
42273055
42273567
42274079
42274591
42275103
42275615
42276127
42276639
42272032
42272544
42273056
42273568
42274080
42274592
42275104
42275616
42276128
42276640
42272033
42272545
42273057
42273569
42274081
42274593
42275105
42275617
42276129
42276641
42272034
42272546
42273058
42273570
42274082
42274594
42275106
42275618
42276130
42276642
42272035
42272547
42273059
42273571
42274083
42274595
42275107
42275619
42276131
42276643
7445163
7445675
7446187
7446699
7447211
7447723
7448235
7448747
7449259
7449771
7445164
7445676
7446188
7446700
7447212
7447724
7448236
7448748
7449260
7449772
7445165
7445677
7446189
7446701
7447213
7447725
7448237
7448749
7449261
7449773
7445166
7445678
7446190
7446702
7447214
7447726
7448238
7448750
7449262
7449774
7445167
7445679
7446191
7446703
7447215
7447727
7448239
7448751
7449263
7449775
7445168
7445680
7446192
7446704
7447216
7447728
7448240
7448752
7449264
7449776
7445169
7445681
7446193
7446705
7447217
7447729
7448241
7448753
7449265
7449777
7445170
7445682
7446194
7446706
7447218
7447730
7448242
7448754
7449266
7449778
7445171
7445683
7446195
7446707
7447219
7447731
7448243
7448755
7449267
7449779
7445172
7445684
7446196
7446708
7447220
7447732
7448244
7448756
7449268
7449780
38601453
38601965
38602477
38602989
38603501
38604013
38604525
38605037
38605549
38606061
38601454
38601966
38602478
38602990
38603502
38604014
38604526
38605038
38605550
38606062
38601455
38601967
38602479
38602991
38603503
38604015
38604527
38605039
38605551
38606063
38601456
38601968
38602480
38602992
38603504
38604016
38604528
38605040
38605552
38606064
38601457
38601969
38602481
38602993
38603505
38604017
38604529
38605041
38605553
38606065
38601458
38601970
38602482
38602994
38603506
38604018
38604530
38605042
38605554
38606066
38601459
38601971
38602483
38602995
38603507
38604019
38604531
38605043
38605555
38606067
38601460
38601972
38602484
38602996
38603508
38604020
38604532
38605044
38605556
38606068
38601461
38601973
38602485
38602997
38603509
38604021
38604533
38605045
38605557
38606069
38601462
38601974
38602486
38602998
38603510
38604022
38604534
38605046
38605558
38606070
52756227
52756739
52757251
52757763
52758275
52758787
52759299
52759811
52760323
52760835
52756228
52756740
52757252
52757764
52758276
52758788
52759300
52759812
52760324
52760836
52756229
52756741
52757253
52757765
52758277
52758789
52759301
52759813
52760325
52760837
52756230
52756742
52757254
52757766
52758278
52758790
52759302
52759814
52760326
52760838
52756231
52756743
52757255
52757767
52758279
52758791
52759303
52759815
52760327
52760839
52756232
52756744
52757256
52757768
52758280
52758792
52759304
52759816
52760328
52760840
52756233
52756745
52757257
52757769
52758281
52758793
52759305
52759817
52760329
52760841
52756234
52756746
52757258
52757770
52758282
52758794
52759306
52759818
52760330
52760842
52756235
52756747
52757259
52757771
52758283
52758795
52759307
52759819
52760331
52760843
52756236
52756748
52757260
52757772
52758284
52758796
52759308
52759820
52760332
52760844
17150662
17151174
17151686
17152198
17152710
17153222
17153734
17154246
17154758
17155270
17150663
17151175
17151687
17152199
17152711
17153223
17153735
17154247
17154759
17155271
17150664
17151176
17151688
17152200
17152712
17153224
17153736
17154248
17154760
17155272
17150665
17151177
17151689
17152201
17152713
17153225
17153737
17154249
17154761
17155273
17150666
17151178
17151690
17152202
17152714
17153226
17153738
17154250
17154762
17155274
17150667
17151179
17151691
17152203
17152715
17153227
17153739
17154251
17154763
17155275
17150668
17151180
17151692
17152204
17152716
17153228
17153740
17154252
17154764
17155276
17150669
17151181
17151693
17152205
17152717
17153229
17153741
17154253
17154765
17155277
17150670
17151182
17151694
17152206
17152718
17153230
17153742
17154254
17154766
17155278
17150671
17151183
17151695
17152207
17152719
17153231
17153743
17154255
17154767
17155279
42553091
42553603
42554115
42554627
42555139
42555651
42556163
42556675
42557187
42557699
42553092
42553604
42554116
42554628
42555140
42555652
42556164
42556676
42557188
42557700
42553093
42553605
42554117
42554629
42555141
42555653
42556165
42556677
42557189
42557701
42553094
42553606
42554118
42554630
42555142
42555654
42556166
42556678
42557190
42557702
42553095
42553607
42554119
42554631
42555143
42555655
42556167
42556679
42557191
42557703
42553096
42553608
42554120
42554632
42555144
42555656
42556168
42556680
42557192
42557704
42553097
42553609
42554121
42554633
42555145
42555657
42556169
42556681
42557193
42557705
42553098
42553610
42554122
42554634
42555146
42555658
42556170
42556682
42557194
42557706
42553099
42553611
42554123
42554635
42555147
42555659
42556171
42556683
42557195
42557707
42553100
42553612
42554124
42554636
42555148
42555660
42556172
42556684
42557196
42557708
45411563
45412075
45412587
45413099
45413611
45414123
45414635
45415147
45415659
45416171
45411564
45412076
45412588
45413100
45413612
45414124
45414636
45415148
45415660
45416172
45411565
45412077
45412589
45413101
45413613
45414125
45414637
45415149
45415661
45416173
45411566
45412078
45412590
45413102
45413614
45414126
45414638
45415150
45415662
45416174
45411567
45412079
45412591
45413103
45413615
45414127
45414639
45415151
45415663
45416175
45411568
45412080
45412592
45413104
45413616
45414128
45414640
45415152
45415664
45416176
45411569
45412081
45412593
45413105
45413617
45414129
45414641
45415153
45415665
45416177
45411570
45412082
45412594
45413106
45413618
45414130
45414642
45415154
45415666
45416178
45411571
45412083
45412595
45413107
45413619
45414131
45414643
45415155
45415667
45416179
45411572
45412084
45412596
45413108
45413620
45414132
45414644
45415156
45415668
45416180
42828530
42829042
42829554
42830066
42830578
42831090
42831602
42832114
42832626
42833138
42828531
42829043
42829555
42830067
42830579
42831091
42831603
42832115
42832627
42833139
42828532
42829044
42829556
42830068
42830580
42831092
42831604
42832116
42832628
42833140
42828533
42829045
42829557
42830069
42830581
42831093
42831605
42832117
42832629
42833141
42828534
42829046
42829558
42830070
42830582
42831094
42831606
42832118
42832630
42833142
42828535
42829047
42829559
42830071
42830583
42831095
42831607
42832119
42832631
42833143
42828536
42829048
42829560
42830072
42830584
42831096
42831608
42832120
42832632
42833144
42828537
42829049
42829561
42830073
42830585
42831097
42831609
42832121
42832633
42833145
42828538
42829050
42829562
42830074
42830586
42831098
42831610
42832122
42832634
42833146
42828539
42829051
42829563
42830075
42830587
42831099
42831611
42832123
42832635
42833147
48063176
48063688
48064200
48064712
48065224
48065736
48066248
48066760
48067272
48067784
48063177
48063689
48064201
48064713
48065225
48065737
48066249
48066761
48067273
48067785
48063178
48063690
48064202
48064714
48065226
48065738
48066250
48066762
48067274
48067786
48063179
48063691
48064203
48064715
48065227
48065739
48066251
48066763
48067275
48067787
48063180
48063692
48064204
48064716
48065228
48065740
48066252
48066764
48067276
48067788
48063181
48063693
48064205
48064717
48065229
48065741
48066253
48066765
48067277
48067789
48063182
48063694
48064206
48064718
48065230
48065742
48066254
48066766
48067278
48067790
48063183
48063695
48064207
48064719
48065231
48065743
48066255
48066767
48067279
48067791
48063184
48063696
48064208
48064720
48065232
48065744
48066256
48066768
48067280
48067792
48063185
48063697
48064209
48064721
48065233
48065745
48066257
48066769
48067281
48067793
