57025730
57026242
57026754
57027266
57027778
57028290
57028802
57029314
57029826
57030338
57025731
57026243
57026755
57027267
57027779
57028291
57028803
57029315
57029827
57030339
57025732
57026244
57026756
57027268
57027780
57028292
57028804
57029316
57029828
57030340
57025733
57026245
57026757
57027269
57027781
57028293
57028805
57029317
57029829
57030341
57025734
57026246
57026758
57027270
57027782
57028294
57028806
57029318
57029830
57030342
57025735
57026247
57026759
57027271
57027783
57028295
57028807
57029319
57029831
57030343
57025736
57026248
57026760
57027272
57027784
57028296
57028808
57029320
57029832
57030344
57025737
57026249
57026761
57027273
57027785
57028297
57028809
57029321
57029833
57030345
57025738
57026250
57026762
57027274
57027786
57028298
57028810
57029322
57029834
57030346
57025739
57026251
57026763
57027275
57027787
57028299
57028811
57029323
57029835
57030347
46721330
46721842
46722354
46722866
46723378
46723890
46724402
46724914
46725426
46725938
46721331
46721843
46722355
46722867
46723379
46723891
46724403
46724915
46725427
46725939
46721332
46721844
46722356
46722868
46723380
46723892
46724404
46724916
46725428
46725940
46721333
46721845
46722357
46722869
46723381
46723893
46724405
46724917
46725429
46725941
46721334
46721846
46722358
46722870
46723382
46723894
46724406
46724918
46725430
46725942
46721335
46721847
46722359
46722871
46723383
46723895
46724407
46724919
46725431
46725943
46721336
46721848
46722360
46722872
46723384
46723896
46724408
46724920
46725432
46725944
46721337
46721849
46722361
46722873
46723385
46723897
46724409
46724921
46725433
46725945
46721338
46721850
46722362
46722874
46723386
46723898
46724410
46724922
46725434
46725946
46721339
46721851
46722363
46722875
46723387
46723899
46724411
46724923
46725435
46725947
52489934
52490446
52490958
52491470
52491982
52492494
52493006
52493518
52494030
52494542
52489935
52490447
52490959
52491471
52491983
52492495
52493007
52493519
52494031
52494543
52489936
52490448
52490960
52491472
52491984
52492496
52493008
52493520
52494032
52494544
52489937
52490449
52490961
52491473
52491985
52492497
52493009
52493521
52494033
52494545
52489938
52490450
52490962
52491474
52491986
52492498
52493010
52493522
52494034
52494546
52489939
52490451
52490963
52491475
52491987
52492499
52493011
52493523
52494035
52494547
52489940
52490452
52490964
52491476
52491988
52492500
52493012
52493524
52494036
52494548
52489941
52490453
52490965
52491477
52491989
52492501
52493013
52493525
52494037
52494549
52489942
52490454
52490966
52491478
52491990
52492502
52493014
52493526
52494038
52494550
52489943
52490455
52490967
52491479
52491991
52492503
52493015
52493527
52494039
52494551
39657250
39657762
39658274
39658786
39659298
39659810
39660322
39660834
39661346
39661858
39657251
39657763
39658275
39658787
39659299
39659811
39660323
39660835
39661347
39661859
39657252
39657764
39658276
39658788
39659300
39659812
39660324
39660836
39661348
39661860
39657253
39657765
39658277
39658789
39659301
39659813
39660325
39660837
39661349
39661861
39657254
39657766
39658278
39658790
39659302
39659814
39660326
39660838
39661350
39661862
39657255
39657767
39658279
39658791
39659303
39659815
39660327
39660839
39661351
39661863
39657256
39657768
39658280
39658792
39659304
39659816
39660328
39660840
39661352
39661864
39657257
39657769
39658281
39658793
39659305
39659817
39660329
39660841
39661353
39661865
39657258
39657770
39658282
39658794
39659306
39659818
39660330
39660842
39661354
39661866
39657259
39657771
39658283
39658795
39659307
39659819
39660331
39660843
39661355
39661867
50691887
50692399
50692911
50693423
50693935
50694447
50694959
50695471
50695983
50696495
50691888
50692400
50692912
50693424
50693936
50694448
50694960
50695472
50695984
50696496
50691889
50692401
50692913
50693425
50693937
50694449
50694961
50695473
50695985
50696497
50691890
50692402
50692914
50693426
50693938
50694450
50694962
50695474
50695986
50696498
50691891
50692403
50692915
50693427
50693939
50694451
50694963
50695475
50695987
50696499
50691892
50692404
50692916
50693428
50693940
50694452
50694964
50695476
50695988
50696500
50691893
50692405
50692917
50693429
50693941
50694453
50694965
50695477
50695989
50696501
50691894
50692406
50692918
50693430
50693942
50694454
50694966
50695478
50695990
50696502
50691895
50692407
50692919
50693431
50693943
50694455
50694967
50695479
50695991
50696503
50691896
50692408
50692920
50693432
50693944
50694456
50694968
50695480
50695992
50696504
36023460
36023972
36024484
36024996
36025508
36026020
36026532
36027044
36027556
36028068
36023461
36023973
36024485
36024997
36025509
36026021
36026533
36027045
36027557
36028069
36023462
36023974
36024486
36024998
36025510
36026022
36026534
36027046
36027558
36028070
36023463
36023975
36024487
36024999
36025511
36026023
36026535
36027047
36027559
36028071
36023464
36023976
36024488
36025000
36025512
36026024
36026536
36027048
36027560
36028072
36023465
36023977
36024489
36025001
36025513
36026025
36026537
36027049
36027561
36028073
36023466
36023978
36024490
36025002
36025514
36026026
36026538
36027050
36027562
36028074
36023467
36023979
36024491
36025003
36025515
36026027
36026539
36027051
36027563
36028075
36023468
36023980
36024492
36025004
36025516
36026028
36026540
36027052
36027564
36028076
36023469
36023981
36024493
36025005
36025517
36026029
36026541
36027053
36027565
36028077
43091667
43092179
43092691
43093203
43093715
43094227
43094739
43095251
43095763
43096275
43091668
43092180
43092692
43093204
43093716
43094228
43094740
43095252
43095764
43096276
43091669
43092181
43092693
43093205
43093717
43094229
43094741
43095253
43095765
43096277
43091670
43092182
43092694
43093206
43093718
43094230
43094742
43095254
43095766
43096278
43091671
43092183
43092695
43093207
43093719
43094231
43094743
43095255
43095767
43096279
43091672
43092184
43092696
43093208
43093720
43094232
43094744
43095256
43095768
43096280
43091673
43092185
43092697
43093209
43093721
43094233
43094745
43095257
43095769
43096281
43091674
43092186
43092698
43093210
43093722
43094234
43094746
43095258
43095770
43096282
43091675
43092187
43092699
43093211
43093723
43094235
43094747
43095259
43095771
43096283
43091676
43092188
43092700
43093212
43093724
43094236
43094748
43095260
43095772
43096284
5345959
5346471
5346983
5347495
5348007
5348519
5349031
5349543
5350055
5350567
5345960
5346472
5346984
5347496
5348008
5348520
5349032
5349544
5350056
5350568
5345961
5346473
5346985
5347497
5348009
5348521
5349033
5349545
5350057
5350569
5345962
5346474
5346986
5347498
5348010
5348522
5349034
5349546
5350058
5350570
5345963
5346475
5346987
5347499
5348011
5348523
5349035
5349547
5350059
5350571
5345964
5346476
5346988
5347500
5348012
5348524
5349036
5349548
5350060
5350572
5345965
5346477
5346989
5347501
5348013
5348525
5349037
5349549
5350061
5350573
5345966
5346478
5346990
5347502
5348014
5348526
5349038
5349550
5350062
5350574
5345967
5346479
5346991
5347503
5348015
5348527
5349039
5349551
5350063
5350575
5345968
5346480
5346992
5347504
5348016
5348528
5349040
5349552
5350064
5350576
37298439
37298951
37299463
37299975
37300487
37300999
37301511
37302023
37302535
37303047
37298440
37298952
37299464
37299976
37300488
37301000
37301512
37302024
37302536
37303048
37298441
37298953
37299465
37299977
37300489
37301001
37301513
37302025
37302537
37303049
37298442
37298954
37299466
37299978
37300490
37301002
37301514
37302026
37302538
37303050
37298443
37298955
37299467
37299979
37300491
37301003
37301515
37302027
37302539
37303051
37298444
37298956
37299468
37299980
37300492
37301004
37301516
37302028
37302540
37303052
37298445
37298957
37299469
37299981
37300493
37301005
37301517
37302029
37302541
37303053
37298446
37298958
37299470
37299982
37300494
37301006
37301518
37302030
37302542
37303054
37298447
37298959
37299471
37299983
37300495
37301007
37301519
37302031
37302543
37303055
37298448
37298960
37299472
37299984
37300496
37301008
37301520
37302032
37302544
37303056
43618987
43619499
43620011
43620523
43621035
43621547
43622059
43622571
43623083
43623595
43618988
43619500
43620012
43620524
43621036
43621548
43622060
43622572
43623084
43623596
43618989
43619501
43620013
43620525
43621037
43621549
43622061
43622573
43623085
43623597
43618990
43619502
43620014
43620526
43621038
43621550
43622062
43622574
43623086
43623598
43618991
43619503
43620015
43620527
43621039
43621551
43622063
43622575
43623087
43623599
43618992
43619504
43620016
43620528
43621040
43621552
43622064
43622576
43623088
43623600
43618993
43619505
43620017
43620529
43621041
43621553
43622065
43622577
43623089
43623601
43618994
43619506
43620018
43620530
43621042
43621554
43622066
43622578
43623090
43623602
43618995
43619507
43620019
43620531
43621043
43621555
43622067
43622579
43623091
43623603
43618996
43619508
43620020
43620532
43621044
43621556
43622068
43622580
43623092
43623604
53355178
53355690
53356202
53356714
53357226
53357738
53358250
53358762
53359274
53359786
53355179
53355691
53356203
53356715
53357227
53357739
53358251
53358763
53359275
53359787
53355180
53355692
53356204
53356716
53357228
53357740
53358252
53358764
53359276
53359788
53355181
53355693
53356205
53356717
53357229
53357741
53358253
53358765
53359277
53359789
53355182
53355694
53356206
53356718
53357230
53357742
53358254
53358766
53359278
53359790
53355183
53355695
53356207
53356719
53357231
53357743
53358255
53358767
53359279
53359791
53355184
53355696
53356208
53356720
53357232
53357744
53358256
53358768
53359280
53359792
53355185
53355697
53356209
53356721
53357233
53357745
53358257
53358769
53359281
53359793
53355186
53355698
53356210
53356722
53357234
53357746
53358258
53358770
53359282
53359794
53355187
53355699
53356211
53356723
53357235
53357747
53358259
53358771
53359283
53359795
59918056
59918568
59919080
59919592
59920104
59920616
59921128
59921640
59922152
59922664
59918057
59918569
59919081
59919593
59920105
59920617
59921129
59921641
59922153
59922665
59918058
59918570
59919082
59919594
59920106
59920618
59921130
59921642
59922154
59922666
59918059
59918571
59919083
59919595
59920107
59920619
59921131
59921643
59922155
59922667
59918060
59918572
59919084
59919596
59920108
59920620
59921132
59921644
59922156
59922668
59918061
59918573
59919085
59919597
59920109
59920621
59921133
59921645
59922157
59922669
59918062
59918574
59919086
59919598
59920110
59920622
59921134
59921646
59922158
59922670
59918063
59918575
59919087
59919599
59920111
59920623
59921135
59921647
59922159
59922671
59918064
59918576
59919088
59919600
59920112
59920624
59921136
59921648
59922160
59922672
59918065
59918577
59919089
59919601
59920113
59920625
59921137
59921649
59922161
59922673
54119630
54120142
54120654
54121166
54121678
54122190
54122702
54123214
54123726
54124238
54119631
54120143
54120655
54121167
54121679
54122191
54122703
54123215
54123727
54124239
54119632
54120144
54120656
54121168
54121680
54122192
54122704
54123216
54123728
54124240
54119633
54120145
54120657
54121169
54121681
54122193
54122705
54123217
54123729
54124241
54119634
54120146
54120658
54121170
54121682
54122194
54122706
54123218
54123730
54124242
54119635
54120147
54120659
54121171
54121683
54122195
54122707
54123219
54123731
54124243
54119636
54120148
54120660
54121172
54121684
54122196
54122708
54123220
54123732
54124244
54119637
54120149
54120661
54121173
54121685
54122197
54122709
54123221
54123733
54124245
54119638
54120150
54120662
54121174
54121686
54122198
54122710
54123222
54123734
54124246
54119639
54120151
54120663
54121175
54121687
54122199
54122711
54123223
54123735
54124247
19770035
19770547
19771059
19771571
19772083
19772595
19773107
19773619
19774131
19774643
19770036
19770548
19771060
19771572
19772084
19772596
19773108
19773620
19774132
19774644
19770037
19770549
19771061
19771573
19772085
19772597
19773109
19773621
19774133
19774645
19770038
19770550
19771062
19771574
19772086
19772598
19773110
19773622
19774134
19774646
19770039
19770551
19771063
19771575
19772087
19772599
19773111
19773623
19774135
19774647
19770040
19770552
19771064
19771576
19772088
19772600
19773112
19773624
19774136
19774648
19770041
19770553
19771065
19771577
19772089
19772601
19773113
19773625
19774137
19774649
19770042
19770554
19771066
19771578
19772090
19772602
19773114
19773626
19774138
19774650
19770043
19770555
19771067
19771579
19772091
19772603
19773115
19773627
19774139
19774651
19770044
19770556
19771068
19771580
19772092
19772604
19773116
19773628
19774140
19774652
38591256
38591768
38592280
38592792
38593304
38593816
38594328
38594840
38595352
38595864
38591257
38591769
38592281
38592793
38593305
38593817
38594329
38594841
38595353
38595865
38591258
38591770
38592282
38592794
38593306
38593818
38594330
38594842
38595354
38595866
38591259
38591771
38592283
38592795
38593307
38593819
38594331
38594843
38595355
38595867
38591260
38591772
38592284
38592796
38593308
38593820
38594332
38594844
38595356
38595868
38591261
38591773
38592285
38592797
38593309
38593821
38594333
38594845
38595357
38595869
38591262
38591774
38592286
38592798
38593310
38593822
38594334
38594846
38595358
38595870
38591263
38591775
38592287
38592799
38593311
38593823
38594335
38594847
38595359
38595871
38591264
38591776
38592288
38592800
38593312
38593824
38594336
38594848
38595360
38595872
38591265
38591777
38592289
38592801
38593313
38593825
38594337
38594849
38595361
38595873
35985629
35986141
35986653
35987165
35987677
35988189
35988701
35989213
35989725
35990237
35985630
35986142
35986654
35987166
35987678
35988190
35988702
35989214
35989726
35990238
35985631
35986143
35986655
35987167
35987679
35988191
35988703
35989215
35989727
35990239
35985632
35986144
35986656
35987168
35987680
35988192
35988704
35989216
35989728
35990240
35985633
35986145
35986657
35987169
35987681
35988193
35988705
35989217
35989729
35990241
35985634
35986146
35986658
35987170
35987682
35988194
35988706
35989218
35989730
35990242
35985635
35986147
35986659
35987171
35987683
35988195
35988707
35989219
35989731
35990243
35985636
35986148
35986660
35987172
35987684
35988196
35988708
35989220
35989732
35990244
35985637
35986149
35986661
35987173
35987685
35988197
35988709
35989221
35989733
35990245
35985638
35986150
35986662
35987174
35987686
35988198
35988710
35989222
35989734
35990246
48824127
48824639
48825151
48825663
48826175
48826687
48827199
48827711
48828223
48828735
48824128
48824640
48825152
48825664
48826176
48826688
48827200
48827712
48828224
48828736
48824129
48824641
48825153
48825665
48826177
48826689
48827201
48827713
48828225
48828737
48824130
48824642
48825154
48825666
48826178
48826690
48827202
48827714
48828226
48828738
48824131
48824643
48825155
48825667
48826179
48826691
48827203
48827715
48828227
48828739
48824132
48824644
48825156
48825668
48826180
48826692
48827204
48827716
48828228
48828740
48824133
48824645
48825157
48825669
48826181
48826693
48827205
48827717
48828229
48828741
48824134
48824646
48825158
48825670
48826182
48826694
48827206
48827718
48828230
48828742
48824135
48824647
48825159
48825671
48826183
48826695
48827207
48827719
48828231
48828743
48824136
48824648
48825160
48825672
48826184
48826696
48827208
48827720
48828232
48828744
47496482
47496994
47497506
47498018
47498530
47499042
47499554
47500066
47500578
47501090
47496483
47496995
47497507
47498019
47498531
47499043
47499555
47500067
47500579
47501091
47496484
47496996
47497508
47498020
47498532
47499044
47499556
47500068
47500580
47501092
47496485
47496997
47497509
47498021
47498533
47499045
47499557
47500069
47500581
47501093
47496486
47496998
47497510
47498022
47498534
47499046
47499558
47500070
47500582
47501094
47496487
47496999
47497511
47498023
47498535
47499047
47499559
47500071
47500583
47501095
47496488
47497000
47497512
47498024
47498536
47499048
47499560
47500072
47500584
47501096
47496489
47497001
47497513
47498025
47498537
47499049
47499561
47500073
47500585
47501097
47496490
47497002
47497514
47498026
47498538
47499050
47499562
47500074
47500586
47501098
47496491
47497003
47497515
47498027
47498539
47499051
47499563
47500075
47500587
47501099
31806156
31806668
31807180
31807692
31808204
31808716
31809228
31809740
31810252
31810764
31806157
31806669
31807181
31807693
31808205
31808717
31809229
31809741
31810253
31810765
31806158
31806670
31807182
31807694
31808206
31808718
31809230
31809742
31810254
31810766
31806159
31806671
31807183
31807695
31808207
31808719
31809231
31809743
31810255
31810767
31806160
31806672
31807184
31807696
31808208
31808720
31809232
31809744
31810256
31810768
31806161
31806673
31807185
31807697
31808209
31808721
31809233
31809745
31810257
31810769
31806162
31806674
31807186
31807698
31808210
31808722
31809234
31809746
31810258
31810770
31806163
31806675
31807187
31807699
31808211
31808723
31809235
31809747
31810259
31810771
31806164
31806676
31807188
31807700
31808212
31808724
31809236
31809748
31810260
31810772
31806165
31806677
31807189
31807701
31808213
31808725
31809237
31809749
31810261
31810773
36272843
36273355
36273867
36274379
36274891
36275403
36275915
36276427
36276939
36277451
36272844
36273356
36273868
36274380
36274892
36275404
36275916
36276428
36276940
36277452
36272845
36273357
36273869
36274381
36274893
36275405
36275917
36276429
36276941
36277453
36272846
36273358
36273870
36274382
36274894
36275406
36275918
36276430
36276942
36277454
36272847
36273359
36273871
36274383
36274895
36275407
36275919
36276431
36276943
36277455
36272848
36273360
36273872
36274384
36274896
36275408
36275920
36276432
36276944
36277456
36272849
36273361
36273873
36274385
36274897
36275409
36275921
36276433
36276945
36277457
36272850
36273362
36273874
36274386
36274898
36275410
36275922
36276434
36276946
36277458
36272851
36273363
36273875
36274387
36274899
36275411
36275923
36276435
36276947
36277459
36272852
36273364
36273876
36274388
36274900
36275412
36275924
36276436
36276948
36277460
40743595
40744107
40744619
40745131
40745643
40746155
40746667
40747179
40747691
40748203
40743596
40744108
40744620
40745132
40745644
40746156
40746668
40747180
40747692
40748204
40743597
40744109
40744621
40745133
40745645
40746157
40746669
40747181
40747693
40748205
40743598
40744110
40744622
40745134
40745646
40746158
40746670
40747182
40747694
40748206
40743599
40744111
40744623
40745135
40745647
40746159
40746671
40747183
40747695
40748207
40743600
40744112
40744624
40745136
40745648
40746160
40746672
40747184
40747696
40748208
40743601
40744113
40744625
40745137
40745649
40746161
40746673
40747185
40747697
40748209
40743602
40744114
40744626
40745138
40745650
40746162
40746674
40747186
40747698
40748210
40743603
40744115
40744627
40745139
40745651
40746163
40746675
40747187
40747699
40748211
40743604
40744116
40744628
40745140
40745652
40746164
40746676
40747188
40747700
40748212
12705993
12706505
12707017
12707529
12708041
12708553
12709065
12709577
12710089
12710601
12705994
12706506
12707018
12707530
12708042
12708554
12709066
12709578
12710090
12710602
12705995
12706507
12707019
12707531
12708043
12708555
12709067
12709579
12710091
12710603
12705996
12706508
12707020
12707532
12708044
12708556
12709068
12709580
12710092
12710604
12705997
12706509
12707021
12707533
12708045
12708557
12709069
12709581
12710093
12710605
12705998
12706510
12707022
12707534
12708046
12708558
12709070
12709582
12710094
12710606
12705999
12706511
12707023
12707535
12708047
12708559
12709071
12709583
12710095
12710607
12706000
12706512
12707024
12707536
12708048
12708560
12709072
12709584
12710096
12710608
12706001
12706513
12707025
12707537
12708049
12708561
12709073
12709585
12710097
12710609
12706002
12706514
12707026
12707538
12708050
12708562
12709074
12709586
12710098
12710610
10307264
10307776
10308288
10308800
10309312
10309824
10310336
10310848
10311360
10311872
10307265
10307777
10308289
10308801
10309313
10309825
10310337
10310849
10311361
10311873
10307266
10307778
10308290
10308802
10309314
10309826
10310338
10310850
10311362
10311874
10307267
10307779
10308291
10308803
10309315
10309827
10310339
10310851
10311363
10311875
10307268
10307780
10308292
10308804
10309316
10309828
10310340
10310852
10311364
10311876
10307269
10307781
10308293
10308805
10309317
10309829
10310341
10310853
10311365
10311877
10307270
10307782
10308294
10308806
10309318
10309830
10310342
10310854
10311366
10311878
10307271
10307783
10308295
10308807
10309319
10309831
10310343
10310855
10311367
10311879
10307272
10307784
10308296
10308808
10309320
10309832
10310344
10310856
10311368
10311880
10307273
10307785
10308297
10308809
10309321
10309833
10310345
10310857
10311369
10311881
44165298
44165810
44166322
44166834
44167346
44167858
44168370
44168882
44169394
44169906
44165299
44165811
44166323
44166835
44167347
44167859
44168371
44168883
44169395
44169907
44165300
44165812
44166324
44166836
44167348
44167860
44168372
44168884
44169396
44169908
44165301
44165813
44166325
44166837
44167349
44167861
44168373
44168885
44169397
44169909
44165302
44165814
44166326
44166838
44167350
44167862
44168374
44168886
44169398
44169910
44165303
44165815
44166327
44166839
44167351
44167863
44168375
44168887
44169399
44169911
44165304
44165816
44166328
44166840
44167352
44167864
44168376
44168888
44169400
44169912
44165305
44165817
44166329
44166841
44167353
44167865
44168377
44168889
44169401
44169913
44165306
44165818
44166330
44166842
44167354
44167866
44168378
44168890
44169402
44169914
44165307
44165819
44166331
44166843
44167355
44167867
44168379
44168891
44169403
44169915
42301646
42302158
42302670
42303182
42303694
42304206
42304718
42305230
42305742
42306254
42301647
42302159
42302671
42303183
42303695
42304207
42304719
42305231
42305743
42306255
42301648
42302160
42302672
42303184
42303696
42304208
42304720
42305232
42305744
42306256
42301649
42302161
42302673
42303185
42303697
42304209
42304721
42305233
42305745
42306257
42301650
42302162
42302674
42303186
42303698
42304210
42304722
42305234
42305746
42306258
42301651
42302163
42302675
42303187
42303699
42304211
42304723
42305235
42305747
42306259
42301652
42302164
42302676
42303188
42303700
42304212
42304724
42305236
42305748
42306260
42301653
42302165
42302677
42303189
42303701
42304213
42304725
42305237
42305749
42306261
42301654
42302166
42302678
42303190
42303702
42304214
42304726
42305238
42305750
42306262
42301655
42302167
42302679
42303191
42303703
42304215
42304727
42305239
42305751
42306263
40443608
40444120
40444632
40445144
40445656
40446168
40446680
40447192
40447704
40448216
40443609
40444121
40444633
40445145
40445657
40446169
40446681
40447193
40447705
40448217
40443610
40444122
40444634
40445146
40445658
40446170
40446682
40447194
40447706
40448218
40443611
40444123
40444635
40445147
40445659
40446171
40446683
40447195
40447707
40448219
40443612
40444124
40444636
40445148
40445660
40446172
40446684
40447196
40447708
40448220
40443613
40444125
40444637
40445149
40445661
40446173
40446685
40447197
40447709
40448221
40443614
40444126
40444638
40445150
40445662
40446174
40446686
40447198
40447710
40448222
40443615
40444127
40444639
40445151
40445663
40446175
40446687
40447199
40447711
40448223
40443616
40444128
40444640
40445152
40445664
40446176
40446688
40447200
40447712
40448224
40443617
40444129
40444641
40445153
40445665
40446177
40446689
40447201
40447713
40448225
45681977
45682489
45683001
45683513
45684025
45684537
45685049
45685561
45686073
45686585
45681978
45682490
45683002
45683514
45684026
45684538
45685050
45685562
45686074
45686586
45681979
45682491
45683003
45683515
45684027
45684539
45685051
45685563
45686075
45686587
45681980
45682492
45683004
45683516
45684028
45684540
45685052
45685564
45686076
45686588
45681981
45682493
45683005
45683517
45684029
45684541
45685053
45685565
45686077
45686589
45681982
45682494
45683006
45683518
45684030
45684542
45685054
45685566
45686078
45686590
45681983
45682495
45683007
45683519
45684031
45684543
45685055
45685567
45686079
45686591
45681984
45682496
45683008
45683520
45684032
45684544
45685056
45685568
45686080
45686592
45681985
45682497
45683009
45683521
45684033
45684545
45685057
45685569
45686081
45686593
45681986
45682498
45683010
45683522
45684034
45684546
45685058
45685570
45686082
45686594
46003903
46004415
46004927
46005439
46005951
46006463
46006975
46007487
46007999
46008511
46003904
46004416
46004928
46005440
46005952
46006464
46006976
46007488
46008000
46008512
46003905
46004417
46004929
46005441
46005953
46006465
46006977
46007489
46008001
46008513
46003906
46004418
46004930
46005442
46005954
46006466
46006978
46007490
46008002
46008514
46003907
46004419
46004931
46005443
46005955
46006467
46006979
46007491
46008003
46008515
46003908
46004420
46004932
46005444
46005956
46006468
46006980
46007492
46008004
46008516
46003909
46004421
46004933
46005445
46005957
46006469
46006981
46007493
46008005
46008517
46003910
46004422
46004934
46005446
46005958
46006470
46006982
46007494
46008006
46008518
46003911
46004423
46004935
46005447
46005959
46006471
46006983
46007495
46008007
46008519
46003912
46004424
46004936
46005448
46005960
46006472
46006984
46007496
46008008
46008520
35189978
35190490
35191002
35191514
35192026
35192538
35193050
35193562
35194074
35194586
35189979
35190491
35191003
35191515
35192027
35192539
35193051
35193563
35194075
35194587
35189980
35190492
35191004
35191516
35192028
35192540
35193052
35193564
35194076
35194588
35189981
35190493
35191005
35191517
35192029
35192541
35193053
35193565
35194077
35194589
35189982
35190494
35191006
35191518
35192030
35192542
35193054
35193566
35194078
35194590
35189983
35190495
35191007
35191519
35192031
35192543
35193055
35193567
35194079
35194591
35189984
35190496
35191008
35191520
35192032
35192544
35193056
35193568
35194080
35194592
35189985
35190497
35191009
35191521
35192033
35192545
35193057
35193569
35194081
35194593
35189986
35190498
35191010
35191522
35192034
35192546
35193058
35193570
35194082
35194594
35189987
35190499
35191011
35191523
35192035
35192547
35193059
35193571
35194083
35194595
57829048
57829560
57830072
57830584
57831096
57831608
57832120
57832632
57833144
57833656
57829049
57829561
57830073
57830585
57831097
57831609
57832121
57832633
57833145
57833657
57829050
57829562
57830074
57830586
57831098
57831610
57832122
57832634
57833146
57833658
57829051
57829563
57830075
57830587
57831099
57831611
57832123
57832635
57833147
57833659
57829052
57829564
57830076
57830588
57831100
57831612
57832124
57832636
57833148
57833660
57829053
57829565
57830077
57830589
57831101
57831613
57832125
57832637
57833149
57833661
57829054
57829566
57830078
57830590
57831102
57831614
57832126
57832638
57833150
57833662
57829055
57829567
57830079
57830591
57831103
57831615
57832127
57832639
57833151
57833663
57829056
57829568
57830080
57830592
57831104
57831616
57832128
57832640
57833152
57833664
57829057
57829569
57830081
57830593
57831105
57831617
57832129
57832641
57833153
57833665
