53589763
53590275
53590787
53591299
53591811
53592323
53592835
53593347
53593859
53594371
53589764
53590276
53590788
53591300
53591812
53592324
53592836
53593348
53593860
53594372
53589765
53590277
53590789
53591301
53591813
53592325
53592837
53593349
53593861
53594373
53589766
53590278
53590790
53591302
53591814
53592326
53592838
53593350
53593862
53594374
53589767
53590279
53590791
53591303
53591815
53592327
53592839
53593351
53593863
53594375
53589768
53590280
53590792
53591304
53591816
53592328
53592840
53593352
53593864
53594376
53589769
53590281
53590793
53591305
53591817
53592329
53592841
53593353
53593865
53594377
53589770
53590282
53590794
53591306
53591818
53592330
53592842
53593354
53593866
53594378
53589771
53590283
53590795
53591307
53591819
53592331
53592843
53593355
53593867
53594379
53589772
53590284
53590796
53591308
53591820
53592332
53592844
53593356
53593868
53594380
44358952
44359464
44359976
44360488
44361000
44361512
44362024
44362536
44363048
44363560
44358953
44359465
44359977
44360489
44361001
44361513
44362025
44362537
44363049
44363561
44358954
44359466
44359978
44360490
44361002
44361514
44362026
44362538
44363050
44363562
44358955
44359467
44359979
44360491
44361003
44361515
44362027
44362539
44363051
44363563
44358956
44359468
44359980
44360492
44361004
44361516
44362028
44362540
44363052
44363564
44358957
44359469
44359981
44360493
44361005
44361517
44362029
44362541
44363053
44363565
44358958
44359470
44359982
44360494
44361006
44361518
44362030
44362542
44363054
44363566
44358959
44359471
44359983
44360495
44361007
44361519
44362031
44362543
44363055
44363567
44358960
44359472
44359984
44360496
44361008
44361520
44362032
44362544
44363056
44363568
44358961
44359473
44359985
44360497
44361009
44361521
44362033
44362545
44363057
44363569
53337833
53338345
53338857
53339369
53339881
53340393
53340905
53341417
53341929
53342441
53337834
53338346
53338858
53339370
53339882
53340394
53340906
53341418
53341930
53342442
53337835
53338347
53338859
53339371
53339883
53340395
53340907
53341419
53341931
53342443
53337836
53338348
53338860
53339372
53339884
53340396
53340908
53341420
53341932
53342444
53337837
53338349
53338861
53339373
53339885
53340397
53340909
53341421
53341933
53342445
53337838
53338350
53338862
53339374
53339886
53340398
53340910
53341422
53341934
53342446
53337839
53338351
53338863
53339375
53339887
53340399
53340911
53341423
53341935
53342447
53337840
53338352
53338864
53339376
53339888
53340400
53340912
53341424
53341936
53342448
53337841
53338353
53338865
53339377
53339889
53340401
53340913
53341425
53341937
53342449
53337842
53338354
53338866
53339378
53339890
53340402
53340914
53341426
53341938
53342450
58249501
58250013
58250525
58251037
58251549
58252061
58252573
58253085
58253597
58254109
58249502
58250014
58250526
58251038
58251550
58252062
58252574
58253086
58253598
58254110
58249503
58250015
58250527
58251039
58251551
58252063
58252575
58253087
58253599
58254111
58249504
58250016
58250528
58251040
58251552
58252064
58252576
58253088
58253600
58254112
58249505
58250017
58250529
58251041
58251553
58252065
58252577
58253089
58253601
58254113
58249506
58250018
58250530
58251042
58251554
58252066
58252578
58253090
58253602
58254114
58249507
58250019
58250531
58251043
58251555
58252067
58252579
58253091
58253603
58254115
58249508
58250020
58250532
58251044
58251556
58252068
58252580
58253092
58253604
58254116
58249509
58250021
58250533
58251045
58251557
58252069
58252581
58253093
58253605
58254117
58249510
58250022
58250534
58251046
58251558
58252070
58252582
58253094
58253606
58254118
52232003
52232515
52233027
52233539
52234051
52234563
52235075
52235587
52236099
52236611
52232004
52232516
52233028
52233540
52234052
52234564
52235076
52235588
52236100
52236612
52232005
52232517
52233029
52233541
52234053
52234565
52235077
52235589
52236101
52236613
52232006
52232518
52233030
52233542
52234054
52234566
52235078
52235590
52236102
52236614
52232007
52232519
52233031
52233543
52234055
52234567
52235079
52235591
52236103
52236615
52232008
52232520
52233032
52233544
52234056
52234568
52235080
52235592
52236104
52236616
52232009
52232521
52233033
52233545
52234057
52234569
52235081
52235593
52236105
52236617
52232010
52232522
52233034
52233546
52234058
52234570
52235082
52235594
52236106
52236618
52232011
52232523
52233035
52233547
52234059
52234571
52235083
52235595
52236107
52236619
52232012
52232524
52233036
52233548
52234060
52234572
52235084
52235596
52236108
52236620
38093581
38094093
38094605
38095117
38095629
38096141
38096653
38097165
38097677
38098189
38093582
38094094
38094606
38095118
38095630
38096142
38096654
38097166
38097678
38098190
38093583
38094095
38094607
38095119
38095631
38096143
38096655
38097167
38097679
38098191
38093584
38094096
38094608
38095120
38095632
38096144
38096656
38097168
38097680
38098192
38093585
38094097
38094609
38095121
38095633
38096145
38096657
38097169
38097681
38098193
38093586
38094098
38094610
38095122
38095634
38096146
38096658
38097170
38097682
38098194
38093587
38094099
38094611
38095123
38095635
38096147
38096659
38097171
38097683
38098195
38093588
38094100
38094612
38095124
38095636
38096148
38096660
38097172
38097684
38098196
38093589
38094101
38094613
38095125
38095637
38096149
38096661
38097173
38097685
38098197
38093590
38094102
38094614
38095126
38095638
38096150
38096662
38097174
38097686
38098198
52519181
52519693
52520205
52520717
52521229
52521741
52522253
52522765
52523277
52523789
52519182
52519694
52520206
52520718
52521230
52521742
52522254
52522766
52523278
52523790
52519183
52519695
52520207
52520719
52521231
52521743
52522255
52522767
52523279
52523791
52519184
52519696
52520208
52520720
52521232
52521744
52522256
52522768
52523280
52523792
52519185
52519697
52520209
52520721
52521233
52521745
52522257
52522769
52523281
52523793
52519186
52519698
52520210
52520722
52521234
52521746
52522258
52522770
52523282
52523794
52519187
52519699
52520211
52520723
52521235
52521747
52522259
52522771
52523283
52523795
52519188
52519700
52520212
52520724
52521236
52521748
52522260
52522772
52523284
52523796
52519189
52519701
52520213
52520725
52521237
52521749
52522261
52522773
52523285
52523797
52519190
52519702
52520214
52520726
52521238
52521750
52522262
52522774
52523286
52523798
44111105
44111617
44112129
44112641
44113153
44113665
44114177
44114689
44115201
44115713
44111106
44111618
44112130
44112642
44113154
44113666
44114178
44114690
44115202
44115714
44111107
44111619
44112131
44112643
44113155
44113667
44114179
44114691
44115203
44115715
44111108
44111620
44112132
44112644
44113156
44113668
44114180
44114692
44115204
44115716
44111109
44111621
44112133
44112645
44113157
44113669
44114181
44114693
44115205
44115717
44111110
44111622
44112134
44112646
44113158
44113670
44114182
44114694
44115206
44115718
44111111
44111623
44112135
44112647
44113159
44113671
44114183
44114695
44115207
44115719
44111112
44111624
44112136
44112648
44113160
44113672
44114184
44114696
44115208
44115720
44111113
44111625
44112137
44112649
44113161
44113673
44114185
44114697
44115209
44115721
44111114
44111626
44112138
44112650
44113162
44113674
44114186
44114698
44115210
44115722
59126485
59126997
59127509
59128021
59128533
59129045
59129557
59130069
59130581
59131093
59126486
59126998
59127510
59128022
59128534
59129046
59129558
59130070
59130582
59131094
59126487
59126999
59127511
59128023
59128535
59129047
59129559
59130071
59130583
59131095
59126488
59127000
59127512
59128024
59128536
59129048
59129560
59130072
59130584
59131096
59126489
59127001
59127513
59128025
59128537
59129049
59129561
59130073
59130585
59131097
59126490
59127002
59127514
59128026
59128538
59129050
59129562
59130074
59130586
59131098
59126491
59127003
59127515
59128027
59128539
59129051
59129563
59130075
59130587
59131099
59126492
59127004
59127516
59128028
59128540
59129052
59129564
59130076
59130588
59131100
59126493
59127005
59127517
59128029
59128541
59129053
59129565
59130077
59130589
59131101
59126494
59127006
59127518
59128030
59128542
59129054
59129566
59130078
59130590
59131102
35982572
35983084
35983596
35984108
35984620
35985132
35985644
35986156
35986668
35987180
35982573
35983085
35983597
35984109
35984621
35985133
35985645
35986157
35986669
35987181
35982574
35983086
35983598
35984110
35984622
35985134
35985646
35986158
35986670
35987182
35982575
35983087
35983599
35984111
35984623
35985135
35985647
35986159
35986671
35987183
35982576
35983088
35983600
35984112
35984624
35985136
35985648
35986160
35986672
35987184
35982577
35983089
35983601
35984113
35984625
35985137
35985649
35986161
35986673
35987185
35982578
35983090
35983602
35984114
35984626
35985138
35985650
35986162
35986674
35987186
35982579
35983091
35983603
35984115
35984627
35985139
35985651
35986163
35986675
35987187
35982580
35983092
35983604
35984116
35984628
35985140
35985652
35986164
35986676
35987188
35982581
35983093
35983605
35984117
35984629
35985141
35985653
35986165
35986677
35987189
28119258
28119770
28120282
28120794
28121306
28121818
28122330
28122842
28123354
28123866
28119259
28119771
28120283
28120795
28121307
28121819
28122331
28122843
28123355
28123867
28119260
28119772
28120284
28120796
28121308
28121820
28122332
28122844
28123356
28123868
28119261
28119773
28120285
28120797
28121309
28121821
28122333
28122845
28123357
28123869
28119262
28119774
28120286
28120798
28121310
28121822
28122334
28122846
28123358
28123870
28119263
28119775
28120287
28120799
28121311
28121823
28122335
28122847
28123359
28123871
28119264
28119776
28120288
28120800
28121312
28121824
28122336
28122848
28123360
28123872
28119265
28119777
28120289
28120801
28121313
28121825
28122337
28122849
28123361
28123873
28119266
28119778
28120290
28120802
28121314
28121826
28122338
28122850
28123362
28123874
28119267
28119779
28120291
28120803
28121315
28121827
28122339
28122851
28123363
28123875
58008291
58008803
58009315
58009827
58010339
58010851
58011363
58011875
58012387
58012899
58008292
58008804
58009316
58009828
58010340
58010852
58011364
58011876
58012388
58012900
58008293
58008805
58009317
58009829
58010341
58010853
58011365
58011877
58012389
58012901
58008294
58008806
58009318
58009830
58010342
58010854
58011366
58011878
58012390
58012902
58008295
58008807
58009319
58009831
58010343
58010855
58011367
58011879
58012391
58012903
58008296
58008808
58009320
58009832
58010344
58010856
58011368
58011880
58012392
58012904
58008297
58008809
58009321
58009833
58010345
58010857
58011369
58011881
58012393
58012905
58008298
58008810
58009322
58009834
58010346
58010858
58011370
58011882
58012394
58012906
58008299
58008811
58009323
58009835
58010347
58010859
58011371
58011883
58012395
58012907
58008300
58008812
58009324
58009836
58010348
58010860
58011372
58011884
58012396
58012908
10329779
10330291
10330803
10331315
10331827
10332339
10332851
10333363
10333875
10334387
10329780
10330292
10330804
10331316
10331828
10332340
10332852
10333364
10333876
10334388
10329781
10330293
10330805
10331317
10331829
10332341
10332853
10333365
10333877
10334389
10329782
10330294
10330806
10331318
10331830
10332342
10332854
10333366
10333878
10334390
10329783
10330295
10330807
10331319
10331831
10332343
10332855
10333367
10333879
10334391
10329784
10330296
10330808
10331320
10331832
10332344
10332856
10333368
10333880
10334392
10329785
10330297
10330809
10331321
10331833
10332345
10332857
10333369
10333881
10334393
10329786
10330298
10330810
10331322
10331834
10332346
10332858
10333370
10333882
10334394
10329787
10330299
10330811
10331323
10331835
10332347
10332859
10333371
10333883
10334395
10329788
10330300
10330812
10331324
10331836
10332348
10332860
10333372
10333884
10334396
59639981
59640493
59641005
59641517
59642029
59642541
59643053
59643565
59644077
59644589
59639982
59640494
59641006
59641518
59642030
59642542
59643054
59643566
59644078
59644590
59639983
59640495
59641007
59641519
59642031
59642543
59643055
59643567
59644079
59644591
59639984
59640496
59641008
59641520
59642032
59642544
59643056
59643568
59644080
59644592
59639985
59640497
59641009
59641521
59642033
59642545
59643057
59643569
59644081
59644593
59639986
59640498
59641010
59641522
59642034
59642546
59643058
59643570
59644082
59644594
59639987
59640499
59641011
59641523
59642035
59642547
59643059
59643571
59644083
59644595
59639988
59640500
59641012
59641524
59642036
59642548
59643060
59643572
59644084
59644596
59639989
59640501
59641013
59641525
59642037
59642549
59643061
59643573
59644085
59644597
59639990
59640502
59641014
59641526
59642038
59642550
59643062
59643574
59644086
59644598
43914423
43914935
43915447
43915959
43916471
43916983
43917495
43918007
43918519
43919031
43914424
43914936
43915448
43915960
43916472
43916984
43917496
43918008
43918520
43919032
43914425
43914937
43915449
43915961
43916473
43916985
43917497
43918009
43918521
43919033
43914426
43914938
43915450
43915962
43916474
43916986
43917498
43918010
43918522
43919034
43914427
43914939
43915451
43915963
43916475
43916987
43917499
43918011
43918523
43919035
43914428
43914940
43915452
43915964
43916476
43916988
43917500
43918012
43918524
43919036
43914429
43914941
43915453
43915965
43916477
43916989
43917501
43918013
43918525
43919037
43914430
43914942
43915454
43915966
43916478
43916990
43917502
43918014
43918526
43919038
43914431
43914943
43915455
43915967
43916479
43916991
43917503
43918015
43918527
43919039
43914432
43914944
43915456
43915968
43916480
43916992
43917504
43918016
43918528
43919040
50686277
50686789
50687301
50687813
50688325
50688837
50689349
50689861
50690373
50690885
50686278
50686790
50687302
50687814
50688326
50688838
50689350
50689862
50690374
50690886
50686279
50686791
50687303
50687815
50688327
50688839
50689351
50689863
50690375
50690887
50686280
50686792
50687304
50687816
50688328
50688840
50689352
50689864
50690376
50690888
50686281
50686793
50687305
50687817
50688329
50688841
50689353
50689865
50690377
50690889
50686282
50686794
50687306
50687818
50688330
50688842
50689354
50689866
50690378
50690890
50686283
50686795
50687307
50687819
50688331
50688843
50689355
50689867
50690379
50690891
50686284
50686796
50687308
50687820
50688332
50688844
50689356
50689868
50690380
50690892
50686285
50686797
50687309
50687821
50688333
50688845
50689357
50689869
50690381
50690893
50686286
50686798
50687310
50687822
50688334
50688846
50689358
50689870
50690382
50690894
62228228
62228740
62229252
62229764
62230276
62230788
62231300
62231812
62232324
62232836
62228229
62228741
62229253
62229765
62230277
62230789
62231301
62231813
62232325
62232837
62228230
62228742
62229254
62229766
62230278
62230790
62231302
62231814
62232326
62232838
62228231
62228743
62229255
62229767
62230279
62230791
62231303
62231815
62232327
62232839
62228232
62228744
62229256
62229768
62230280
62230792
62231304
62231816
62232328
62232840
62228233
62228745
62229257
62229769
62230281
62230793
62231305
62231817
62232329
62232841
62228234
62228746
62229258
62229770
62230282
62230794
62231306
62231818
62232330
62232842
62228235
62228747
62229259
62229771
62230283
62230795
62231307
62231819
62232331
62232843
62228236
62228748
62229260
62229772
62230284
62230796
62231308
62231820
62232332
62232844
62228237
62228749
62229261
62229773
62230285
62230797
62231309
62231821
62232333
62232845
39141612
39142124
39142636
39143148
39143660
39144172
39144684
39145196
39145708
39146220
39141613
39142125
39142637
39143149
39143661
39144173
39144685
39145197
39145709
39146221
39141614
39142126
39142638
39143150
39143662
39144174
39144686
39145198
39145710
39146222
39141615
39142127
39142639
39143151
39143663
39144175
39144687
39145199
39145711
39146223
39141616
39142128
39142640
39143152
39143664
39144176
39144688
39145200
39145712
39146224
39141617
39142129
39142641
39143153
39143665
39144177
39144689
39145201
39145713
39146225
39141618
39142130
39142642
39143154
39143666
39144178
39144690
39145202
39145714
39146226
39141619
39142131
39142643
39143155
39143667
39144179
39144691
39145203
39145715
39146227
39141620
39142132
39142644
39143156
39143668
39144180
39144692
39145204
39145716
39146228
39141621
39142133
39142645
39143157
39143669
39144181
39144693
39145205
39145717
39146229
62517984
62518496
62519008
62519520
62520032
62520544
62521056
62521568
62522080
62522592
62517985
62518497
62519009
62519521
62520033
62520545
62521057
62521569
62522081
62522593
62517986
62518498
62519010
62519522
62520034
62520546
62521058
62521570
62522082
62522594
62517987
62518499
62519011
62519523
62520035
62520547
62521059
62521571
62522083
62522595
62517988
62518500
62519012
62519524
62520036
62520548
62521060
62521572
62522084
62522596
62517989
62518501
62519013
62519525
62520037
62520549
62521061
62521573
62522085
62522597
62517990
62518502
62519014
62519526
62520038
62520550
62521062
62521574
62522086
62522598
62517991
62518503
62519015
62519527
62520039
62520551
62521063
62521575
62522087
62522599
62517992
62518504
62519016
62519528
62520040
62520552
62521064
62521576
62522088
62522600
62517993
62518505
62519017
62519529
62520041
62520553
62521065
62521577
62522089
62522601
40237751
40238263
40238775
40239287
40239799
40240311
40240823
40241335
40241847
40242359
40237752
40238264
40238776
40239288
40239800
40240312
40240824
40241336
40241848
40242360
40237753
40238265
40238777
40239289
40239801
40240313
40240825
40241337
40241849
40242361
40237754
40238266
40238778
40239290
40239802
40240314
40240826
40241338
40241850
40242362
40237755
40238267
40238779
40239291
40239803
40240315
40240827
40241339
40241851
40242363
40237756
40238268
40238780
40239292
40239804
40240316
40240828
40241340
40241852
40242364
40237757
40238269
40238781
40239293
40239805
40240317
40240829
40241341
40241853
40242365
40237758
40238270
40238782
40239294
40239806
40240318
40240830
40241342
40241854
40242366
40237759
40238271
40238783
40239295
40239807
40240319
40240831
40241343
40241855
40242367
40237760
40238272
40238784
40239296
40239808
40240320
40240832
40241344
40241856
40242368
63047911
63048423
63048935
63049447
63049959
63050471
63050983
63051495
63052007
63052519
63047912
63048424
63048936
63049448
63049960
63050472
63050984
63051496
63052008
63052520
63047913
63048425
63048937
63049449
63049961
63050473
63050985
63051497
63052009
63052521
63047914
63048426
63048938
63049450
63049962
63050474
63050986
63051498
63052010
63052522
63047915
63048427
63048939
63049451
63049963
63050475
63050987
63051499
63052011
63052523
63047916
63048428
63048940
63049452
63049964
63050476
63050988
63051500
63052012
63052524
63047917
63048429
63048941
63049453
63049965
63050477
63050989
63051501
63052013
63052525
63047918
63048430
63048942
63049454
63049966
63050478
63050990
63051502
63052014
63052526
63047919
63048431
63048943
63049455
63049967
63050479
63050991
63051503
63052015
63052527
63047920
63048432
63048944
63049456
63049968
63050480
63050992
63051504
63052016
63052528
57266374
57266886
57267398
57267910
57268422
57268934
57269446
57269958
57270470
57270982
57266375
57266887
57267399
57267911
57268423
57268935
57269447
57269959
57270471
57270983
57266376
57266888
57267400
57267912
57268424
57268936
57269448
57269960
57270472
57270984
57266377
57266889
57267401
57267913
57268425
57268937
57269449
57269961
57270473
57270985
57266378
57266890
57267402
57267914
57268426
57268938
57269450
57269962
57270474
57270986
57266379
57266891
57267403
57267915
57268427
57268939
57269451
57269963
57270475
57270987
57266380
57266892
57267404
57267916
57268428
57268940
57269452
57269964
57270476
57270988
57266381
57266893
57267405
57267917
57268429
57268941
57269453
57269965
57270477
57270989
57266382
57266894
57267406
57267918
57268430
57268942
57269454
57269966
57270478
57270990
57266383
57266895
57267407
57267919
57268431
57268943
57269455
57269967
57270479
57270991
53836555
53837067
53837579
53838091
53838603
53839115
53839627
53840139
53840651
53841163
53836556
53837068
53837580
53838092
53838604
53839116
53839628
53840140
53840652
53841164
53836557
53837069
53837581
53838093
53838605
53839117
53839629
53840141
53840653
53841165
53836558
53837070
53837582
53838094
53838606
53839118
53839630
53840142
53840654
53841166
53836559
53837071
53837583
53838095
53838607
53839119
53839631
53840143
53840655
53841167
53836560
53837072
53837584
53838096
53838608
53839120
53839632
53840144
53840656
53841168
53836561
53837073
53837585
53838097
53838609
53839121
53839633
53840145
53840657
53841169
53836562
53837074
53837586
53838098
53838610
53839122
53839634
53840146
53840658
53841170
53836563
53837075
53837587
53838099
53838611
53839123
53839635
53840147
53840659
53841171
53836564
53837076
53837588
53838100
53838612
53839124
53839636
53840148
53840660
53841172
53589697
53590209
53590721
53591233
53591745
53592257
53592769
53593281
53593793
53594305
53589698
53590210
53590722
53591234
53591746
53592258
53592770
53593282
53593794
53594306
53589699
53590211
53590723
53591235
53591747
53592259
53592771
53593283
53593795
53594307
53589700
53590212
53590724
53591236
53591748
53592260
53592772
53593284
53593796
53594308
53589701
53590213
53590725
53591237
53591749
53592261
53592773
53593285
53593797
53594309
53589702
53590214
53590726
53591238
53591750
53592262
53592774
53593286
53593798
53594310
53589703
53590215
53590727
53591239
53591751
53592263
53592775
53593287
53593799
53594311
53589704
53590216
53590728
53591240
53591752
53592264
53592776
53593288
53593800
53594312
53589705
53590217
53590729
53591241
53591753
53592265
53592777
53593289
53593801
53594313
53589706
53590218
53590730
53591242
53591754
53592266
53592778
53593290
53593802
53594314
45162201
45162713
45163225
45163737
45164249
45164761
45165273
45165785
45166297
45166809
45162202
45162714
45163226
45163738
45164250
45164762
45165274
45165786
45166298
45166810
45162203
45162715
45163227
45163739
45164251
45164763
45165275
45165787
45166299
45166811
45162204
45162716
45163228
45163740
45164252
45164764
45165276
45165788
45166300
45166812
45162205
45162717
45163229
45163741
45164253
45164765
45165277
45165789
45166301
45166813
45162206
45162718
45163230
45163742
45164254
45164766
45165278
45165790
45166302
45166814
45162207
45162719
45163231
45163743
45164255
45164767
45165279
45165791
45166303
45166815
45162208
45162720
45163232
45163744
45164256
45164768
45165280
45165792
45166304
45166816
45162209
45162721
45163233
45163745
45164257
45164769
45165281
45165793
45166305
45166817
45162210
45162722
45163234
45163746
45164258
45164770
45165282
45165794
45166306
45166818
46824104
46824616
46825128
46825640
46826152
46826664
46827176
46827688
46828200
46828712
46824105
46824617
46825129
46825641
46826153
46826665
46827177
46827689
46828201
46828713
46824106
46824618
46825130
46825642
46826154
46826666
46827178
46827690
46828202
46828714
46824107
46824619
46825131
46825643
46826155
46826667
46827179
46827691
46828203
46828715
46824108
46824620
46825132
46825644
46826156
46826668
46827180
46827692
46828204
46828716
46824109
46824621
46825133
46825645
46826157
46826669
46827181
46827693
46828205
46828717
46824110
46824622
46825134
46825646
46826158
46826670
46827182
46827694
46828206
46828718
46824111
46824623
46825135
46825647
46826159
46826671
46827183
46827695
46828207
46828719
46824112
46824624
46825136
46825648
46826160
46826672
46827184
46827696
46828208
46828720
46824113
46824625
46825137
46825649
46826161
46826673
46827185
46827697
46828209
46828721
53009646
53010158
53010670
53011182
53011694
53012206
53012718
53013230
53013742
53014254
53009647
53010159
53010671
53011183
53011695
53012207
53012719
53013231
53013743
53014255
53009648
53010160
53010672
53011184
53011696
53012208
53012720
53013232
53013744
53014256
53009649
53010161
53010673
53011185
53011697
53012209
53012721
53013233
53013745
53014257
53009650
53010162
53010674
53011186
53011698
53012210
53012722
53013234
53013746
53014258
53009651
53010163
53010675
53011187
53011699
53012211
53012723
53013235
53013747
53014259
53009652
53010164
53010676
53011188
53011700
53012212
53012724
53013236
53013748
53014260
53009653
53010165
53010677
53011189
53011701
53012213
53012725
53013237
53013749
53014261
53009654
53010166
53010678
53011190
53011702
53012214
53012726
53013238
53013750
53014262
53009655
53010167
53010679
53011191
53011703
53012215
53012727
53013239
53013751
53014263
8742606
8743118
8743630
8744142
8744654
8745166
8745678
8746190
8746702
8747214
8742607
8743119
8743631
8744143
8744655
8745167
8745679
8746191
8746703
8747215
8742608
8743120
8743632
8744144
8744656
8745168
8745680
8746192
8746704
8747216
8742609
8743121
8743633
8744145
8744657
8745169
8745681
8746193
8746705
8747217
8742610
8743122
8743634
8744146
8744658
8745170
8745682
8746194
8746706
8747218
8742611
8743123
8743635
8744147
8744659
8745171
8745683
8746195
8746707
8747219
8742612
8743124
8743636
8744148
8744660
8745172
8745684
8746196
8746708
8747220
8742613
8743125
8743637
8744149
8744661
8745173
8745685
8746197
8746709
8747221
8742614
8743126
8743638
8744150
8744662
8745174
8745686
8746198
8746710
8747222
8742615
8743127
8743639
8744151
8744663
8745175
8745687
8746199
8746711
8747223
32038142
32038654
32039166
32039678
32040190
32040702
32041214
32041726
32042238
32042750
32038143
32038655
32039167
32039679
32040191
32040703
32041215
32041727
32042239
32042751
32038144
32038656
32039168
32039680
32040192
32040704
32041216
32041728
32042240
32042752
32038145
32038657
32039169
32039681
32040193
32040705
32041217
32041729
32042241
32042753
32038146
32038658
32039170
32039682
32040194
32040706
32041218
32041730
32042242
32042754
32038147
32038659
32039171
32039683
32040195
32040707
32041219
32041731
32042243
32042755
32038148
32038660
32039172
32039684
32040196
32040708
32041220
32041732
32042244
32042756
32038149
32038661
32039173
32039685
32040197
32040709
32041221
32041733
32042245
32042757
32038150
32038662
32039174
32039686
32040198
32040710
32041222
32041734
32042246
32042758
32038151
32038663
32039175
32039687
32040199
32040711
32041223
32041735
32042247
32042759
53831473
53831985
53832497
53833009
53833521
53834033
53834545
53835057
53835569
53836081
53831474
53831986
53832498
53833010
53833522
53834034
53834546
53835058
53835570
53836082
53831475
53831987
53832499
53833011
53833523
53834035
53834547
53835059
53835571
53836083
53831476
53831988
53832500
53833012
53833524
53834036
53834548
53835060
53835572
53836084
53831477
53831989
53832501
53833013
53833525
53834037
53834549
53835061
53835573
53836085
53831478
53831990
53832502
53833014
53833526
53834038
53834550
53835062
53835574
53836086
53831479
53831991
53832503
53833015
53833527
53834039
53834551
53835063
53835575
53836087
53831480
53831992
53832504
53833016
53833528
53834040
53834552
53835064
53835576
53836088
53831481
53831993
53832505
53833017
53833529
53834041
53834553
53835065
53835577
53836089
53831482
53831994
53832506
53833018
53833530
53834042
53834554
53835066
53835578
53836090
