27112100
27112612
27113124
27113636
27114148
27114660
27115172
27115684
27116196
27116708
27112101
27112613
27113125
27113637
27114149
27114661
27115173
27115685
27116197
27116709
27112102
27112614
27113126
27113638
27114150
27114662
27115174
27115686
27116198
27116710
27112103
27112615
27113127
27113639
27114151
27114663
27115175
27115687
27116199
27116711
27112104
27112616
27113128
27113640
27114152
27114664
27115176
27115688
27116200
27116712
27112105
27112617
27113129
27113641
27114153
27114665
27115177
27115689
27116201
27116713
27112106
27112618
27113130
27113642
27114154
27114666
27115178
27115690
27116202
27116714
27112107
27112619
27113131
27113643
27114155
27114667
27115179
27115691
27116203
27116715
27112108
27112620
27113132
27113644
27114156
27114668
27115180
27115692
27116204
27116716
27112109
27112621
27113133
27113645
27114157
27114669
27115181
27115693
27116205
27116717
52000559
52001071
52001583
52002095
52002607
52003119
52003631
52004143
52004655
52005167
52000560
52001072
52001584
52002096
52002608
52003120
52003632
52004144
52004656
52005168
52000561
52001073
52001585
52002097
52002609
52003121
52003633
52004145
52004657
52005169
52000562
52001074
52001586
52002098
52002610
52003122
52003634
52004146
52004658
52005170
52000563
52001075
52001587
52002099
52002611
52003123
52003635
52004147
52004659
52005171
52000564
52001076
52001588
52002100
52002612
52003124
52003636
52004148
52004660
52005172
52000565
52001077
52001589
52002101
52002613
52003125
52003637
52004149
52004661
52005173
52000566
52001078
52001590
52002102
52002614
52003126
52003638
52004150
52004662
52005174
52000567
52001079
52001591
52002103
52002615
52003127
52003639
52004151
52004663
52005175
52000568
52001080
52001592
52002104
52002616
52003128
52003640
52004152
52004664
52005176
52753184
52753696
52754208
52754720
52755232
52755744
52756256
52756768
52757280
52757792
52753185
52753697
52754209
52754721
52755233
52755745
52756257
52756769
52757281
52757793
52753186
52753698
52754210
52754722
52755234
52755746
52756258
52756770
52757282
52757794
52753187
52753699
52754211
52754723
52755235
52755747
52756259
52756771
52757283
52757795
52753188
52753700
52754212
52754724
52755236
52755748
52756260
52756772
52757284
52757796
52753189
52753701
52754213
52754725
52755237
52755749
52756261
52756773
52757285
52757797
52753190
52753702
52754214
52754726
52755238
52755750
52756262
52756774
52757286
52757798
52753191
52753703
52754215
52754727
52755239
52755751
52756263
52756775
52757287
52757799
52753192
52753704
52754216
52754728
52755240
52755752
52756264
52756776
52757288
52757800
52753193
52753705
52754217
52754729
52755241
52755753
52756265
52756777
52757289
52757801
42807020
42807532
42808044
42808556
42809068
42809580
42810092
42810604
42811116
42811628
42807021
42807533
42808045
42808557
42809069
42809581
42810093
42810605
42811117
42811629
42807022
42807534
42808046
42808558
42809070
42809582
42810094
42810606
42811118
42811630
42807023
42807535
42808047
42808559
42809071
42809583
42810095
42810607
42811119
42811631
42807024
42807536
42808048
42808560
42809072
42809584
42810096
42810608
42811120
42811632
42807025
42807537
42808049
42808561
42809073
42809585
42810097
42810609
42811121
42811633
42807026
42807538
42808050
42808562
42809074
42809586
42810098
42810610
42811122
42811634
42807027
42807539
42808051
42808563
42809075
42809587
42810099
42810611
42811123
42811635
42807028
42807540
42808052
42808564
42809076
42809588
42810100
42810612
42811124
42811636
42807029
42807541
42808053
42808565
42809077
42809589
42810101
42810613
42811125
42811637
46802099
46802611
46803123
46803635
46804147
46804659
46805171
46805683
46806195
46806707
46802100
46802612
46803124
46803636
46804148
46804660
46805172
46805684
46806196
46806708
46802101
46802613
46803125
46803637
46804149
46804661
46805173
46805685
46806197
46806709
46802102
46802614
46803126
46803638
46804150
46804662
46805174
46805686
46806198
46806710
46802103
46802615
46803127
46803639
46804151
46804663
46805175
46805687
46806199
46806711
46802104
46802616
46803128
46803640
46804152
46804664
46805176
46805688
46806200
46806712
46802105
46802617
46803129
46803641
46804153
46804665
46805177
46805689
46806201
46806713
46802106
46802618
46803130
46803642
46804154
46804666
46805178
46805690
46806202
46806714
46802107
46802619
46803131
46803643
46804155
46804667
46805179
46805691
46806203
46806715
46802108
46802620
46803132
46803644
46804156
46804668
46805180
46805692
46806204
46806716
44097265
44097777
44098289
44098801
44099313
44099825
44100337
44100849
44101361
44101873
44097266
44097778
44098290
44098802
44099314
44099826
44100338
44100850
44101362
44101874
44097267
44097779
44098291
44098803
44099315
44099827
44100339
44100851
44101363
44101875
44097268
44097780
44098292
44098804
44099316
44099828
44100340
44100852
44101364
44101876
44097269
44097781
44098293
44098805
44099317
44099829
44100341
44100853
44101365
44101877
44097270
44097782
44098294
44098806
44099318
44099830
44100342
44100854
44101366
44101878
44097271
44097783
44098295
44098807
44099319
44099831
44100343
44100855
44101367
44101879
44097272
44097784
44098296
44098808
44099320
44099832
44100344
44100856
44101368
44101880
44097273
44097785
44098297
44098809
44099321
44099833
44100345
44100857
44101369
44101881
44097274
44097786
44098298
44098810
44099322
44099834
44100346
44100858
44101370
44101882
41485104
41485616
41486128
41486640
41487152
41487664
41488176
41488688
41489200
41489712
41485105
41485617
41486129
41486641
41487153
41487665
41488177
41488689
41489201
41489713
41485106
41485618
41486130
41486642
41487154
41487666
41488178
41488690
41489202
41489714
41485107
41485619
41486131
41486643
41487155
41487667
41488179
41488691
41489203
41489715
41485108
41485620
41486132
41486644
41487156
41487668
41488180
41488692
41489204
41489716
41485109
41485621
41486133
41486645
41487157
41487669
41488181
41488693
41489205
41489717
41485110
41485622
41486134
41486646
41487158
41487670
41488182
41488694
41489206
41489718
41485111
41485623
41486135
41486647
41487159
41487671
41488183
41488695
41489207
41489719
41485112
41485624
41486136
41486648
41487160
41487672
41488184
41488696
41489208
41489720
41485113
41485625
41486137
41486649
41487161
41487673
41488185
41488697
41489209
41489721
23969434
23969946
23970458
23970970
23971482
23971994
23972506
23973018
23973530
23974042
23969435
23969947
23970459
23970971
23971483
23971995
23972507
23973019
23973531
23974043
23969436
23969948
23970460
23970972
23971484
23971996
23972508
23973020
23973532
23974044
23969437
23969949
23970461
23970973
23971485
23971997
23972509
23973021
23973533
23974045
23969438
23969950
23970462
23970974
23971486
23971998
23972510
23973022
23973534
23974046
23969439
23969951
23970463
23970975
23971487
23971999
23972511
23973023
23973535
23974047
23969440
23969952
23970464
23970976
23971488
23972000
23972512
23973024
23973536
23974048
23969441
23969953
23970465
23970977
23971489
23972001
23972513
23973025
23973537
23974049
23969442
23969954
23970466
23970978
23971490
23972002
23972514
23973026
23973538
23974050
23969443
23969955
23970467
23970979
23971491
23972003
23972515
23973027
23973539
23974051
47021340
47021852
47022364
47022876
47023388
47023900
47024412
47024924
47025436
47025948
47021341
47021853
47022365
47022877
47023389
47023901
47024413
47024925
47025437
47025949
47021342
47021854
47022366
47022878
47023390
47023902
47024414
47024926
47025438
47025950
47021343
47021855
47022367
47022879
47023391
47023903
47024415
47024927
47025439
47025951
47021344
47021856
47022368
47022880
47023392
47023904
47024416
47024928
47025440
47025952
47021345
47021857
47022369
47022881
47023393
47023905
47024417
47024929
47025441
47025953
47021346
47021858
47022370
47022882
47023394
47023906
47024418
47024930
47025442
47025954
47021347
47021859
47022371
47022883
47023395
47023907
47024419
47024931
47025443
47025955
47021348
47021860
47022372
47022884
47023396
47023908
47024420
47024932
47025444
47025956
47021349
47021861
47022373
47022885
47023397
47023909
47024421
47024933
47025445
47025957
37066986
37067498
37068010
37068522
37069034
37069546
37070058
37070570
37071082
37071594
37066987
37067499
37068011
37068523
37069035
37069547
37070059
37070571
37071083
37071595
37066988
37067500
37068012
37068524
37069036
37069548
37070060
37070572
37071084
37071596
37066989
37067501
37068013
37068525
37069037
37069549
37070061
37070573
37071085
37071597
37066990
37067502
37068014
37068526
37069038
37069550
37070062
37070574
37071086
37071598
37066991
37067503
37068015
37068527
37069039
37069551
37070063
37070575
37071087
37071599
37066992
37067504
37068016
37068528
37069040
37069552
37070064
37070576
37071088
37071600
37066993
37067505
37068017
37068529
37069041
37069553
37070065
37070577
37071089
37071601
37066994
37067506
37068018
37068530
37069042
37069554
37070066
37070578
37071090
37071602
37066995
37067507
37068019
37068531
37069043
37069555
37070067
37070579
37071091
37071603
54118571
54119083
54119595
54120107
54120619
54121131
54121643
54122155
54122667
54123179
54118572
54119084
54119596
54120108
54120620
54121132
54121644
54122156
54122668
54123180
54118573
54119085
54119597
54120109
54120621
54121133
54121645
54122157
54122669
54123181
54118574
54119086
54119598
54120110
54120622
54121134
54121646
54122158
54122670
54123182
54118575
54119087
54119599
54120111
54120623
54121135
54121647
54122159
54122671
54123183
54118576
54119088
54119600
54120112
54120624
54121136
54121648
54122160
54122672
54123184
54118577
54119089
54119601
54120113
54120625
54121137
54121649
54122161
54122673
54123185
54118578
54119090
54119602
54120114
54120626
54121138
54121650
54122162
54122674
54123186
54118579
54119091
54119603
54120115
54120627
54121139
54121651
54122163
54122675
54123187
54118580
54119092
54119604
54120116
54120628
54121140
54121652
54122164
54122676
54123188
60643533
60644045
60644557
60645069
60645581
60646093
60646605
60647117
60647629
60648141
60643534
60644046
60644558
60645070
60645582
60646094
60646606
60647118
60647630
60648142
60643535
60644047
60644559
60645071
60645583
60646095
60646607
60647119
60647631
60648143
60643536
60644048
60644560
60645072
60645584
60646096
60646608
60647120
60647632
60648144
60643537
60644049
60644561
60645073
60645585
60646097
60646609
60647121
60647633
60648145
60643538
60644050
60644562
60645074
60645586
60646098
60646610
60647122
60647634
60648146
60643539
60644051
60644563
60645075
60645587
60646099
60646611
60647123
60647635
60648147
60643540
60644052
60644564
60645076
60645588
60646100
60646612
60647124
60647636
60648148
60643541
60644053
60644565
60645077
60645589
60646101
60646613
60647125
60647637
60648149
60643542
60644054
60644566
60645078
60645590
60646102
60646614
60647126
60647638
60648150
47613086
47613598
47614110
47614622
47615134
47615646
47616158
47616670
47617182
47617694
47613087
47613599
47614111
47614623
47615135
47615647
47616159
47616671
47617183
47617695
47613088
47613600
47614112
47614624
47615136
47615648
47616160
47616672
47617184
47617696
47613089
47613601
47614113
47614625
47615137
47615649
47616161
47616673
47617185
47617697
47613090
47613602
47614114
47614626
47615138
47615650
47616162
47616674
47617186
47617698
47613091
47613603
47614115
47614627
47615139
47615651
47616163
47616675
47617187
47617699
47613092
47613604
47614116
47614628
47615140
47615652
47616164
47616676
47617188
47617700
47613093
47613605
47614117
47614629
47615141
47615653
47616165
47616677
47617189
47617701
47613094
47613606
47614118
47614630
47615142
47615654
47616166
47616678
47617190
47617702
47613095
47613607
47614119
47614631
47615143
47615655
47616167
47616679
47617191
47617703
59582236
59582748
59583260
59583772
59584284
59584796
59585308
59585820
59586332
59586844
59582237
59582749
59583261
59583773
59584285
59584797
59585309
59585821
59586333
59586845
59582238
59582750
59583262
59583774
59584286
59584798
59585310
59585822
59586334
59586846
59582239
59582751
59583263
59583775
59584287
59584799
59585311
59585823
59586335
59586847
59582240
59582752
59583264
59583776
59584288
59584800
59585312
59585824
59586336
59586848
59582241
59582753
59583265
59583777
59584289
59584801
59585313
59585825
59586337
59586849
59582242
59582754
59583266
59583778
59584290
59584802
59585314
59585826
59586338
59586850
59582243
59582755
59583267
59583779
59584291
59584803
59585315
59585827
59586339
59586851
59582244
59582756
59583268
59583780
59584292
59584804
59585316
59585828
59586340
59586852
59582245
59582757
59583269
59583781
59584293
59584805
59585317
59585829
59586341
59586853
45158172
45158684
45159196
45159708
45160220
45160732
45161244
45161756
45162268
45162780
45158173
45158685
45159197
45159709
45160221
45160733
45161245
45161757
45162269
45162781
45158174
45158686
45159198
45159710
45160222
45160734
45161246
45161758
45162270
45162782
45158175
45158687
45159199
45159711
45160223
45160735
45161247
45161759
45162271
45162783
45158176
45158688
45159200
45159712
45160224
45160736
45161248
45161760
45162272
45162784
45158177
45158689
45159201
45159713
45160225
45160737
45161249
45161761
45162273
45162785
45158178
45158690
45159202
45159714
45160226
45160738
45161250
45161762
45162274
45162786
45158179
45158691
45159203
45159715
45160227
45160739
45161251
45161763
45162275
45162787
45158180
45158692
45159204
45159716
45160228
45160740
45161252
45161764
45162276
45162788
45158181
45158693
45159205
45159717
45160229
45160741
45161253
45161765
45162277
45162789
50201796
50202308
50202820
50203332
50203844
50204356
50204868
50205380
50205892
50206404
50201797
50202309
50202821
50203333
50203845
50204357
50204869
50205381
50205893
50206405
50201798
50202310
50202822
50203334
50203846
50204358
50204870
50205382
50205894
50206406
50201799
50202311
50202823
50203335
50203847
50204359
50204871
50205383
50205895
50206407
50201800
50202312
50202824
50203336
50203848
50204360
50204872
50205384
50205896
50206408
50201801
50202313
50202825
50203337
50203849
50204361
50204873
50205385
50205897
50206409
50201802
50202314
50202826
50203338
50203850
50204362
50204874
50205386
50205898
50206410
50201803
50202315
50202827
50203339
50203851
50204363
50204875
50205387
50205899
50206411
50201804
50202316
50202828
50203340
50203852
50204364
50204876
50205388
50205900
50206412
50201805
50202317
50202829
50203341
50203853
50204365
50204877
50205389
50205901
50206413
53888692
53889204
53889716
53890228
53890740
53891252
53891764
53892276
53892788
53893300
53888693
53889205
53889717
53890229
53890741
53891253
53891765
53892277
53892789
53893301
53888694
53889206
53889718
53890230
53890742
53891254
53891766
53892278
53892790
53893302
53888695
53889207
53889719
53890231
53890743
53891255
53891767
53892279
53892791
53893303
53888696
53889208
53889720
53890232
53890744
53891256
53891768
53892280
53892792
53893304
53888697
53889209
53889721
53890233
53890745
53891257
53891769
53892281
53892793
53893305
53888698
53889210
53889722
53890234
53890746
53891258
53891770
53892282
53892794
53893306
53888699
53889211
53889723
53890235
53890747
53891259
53891771
53892283
53892795
53893307
53888700
53889212
53889724
53890236
53890748
53891260
53891772
53892284
53892796
53893308
53888701
53889213
53889725
53890237
53890749
53891261
53891773
53892285
53892797
53893309
45194461
45194973
45195485
45195997
45196509
45197021
45197533
45198045
45198557
45199069
45194462
45194974
45195486
45195998
45196510
45197022
45197534
45198046
45198558
45199070
45194463
45194975
45195487
45195999
45196511
45197023
45197535
45198047
45198559
45199071
45194464
45194976
45195488
45196000
45196512
45197024
45197536
45198048
45198560
45199072
45194465
45194977
45195489
45196001
45196513
45197025
45197537
45198049
45198561
45199073
45194466
45194978
45195490
45196002
45196514
45197026
45197538
45198050
45198562
45199074
45194467
45194979
45195491
45196003
45196515
45197027
45197539
45198051
45198563
45199075
45194468
45194980
45195492
45196004
45196516
45197028
45197540
45198052
45198564
45199076
45194469
45194981
45195493
45196005
45196517
45197029
45197541
45198053
45198565
45199077
45194470
45194982
45195494
45196006
45196518
45197030
45197542
45198054
45198566
45199078
55427812
55428324
55428836
55429348
55429860
55430372
55430884
55431396
55431908
55432420
55427813
55428325
55428837
55429349
55429861
55430373
55430885
55431397
55431909
55432421
55427814
55428326
55428838
55429350
55429862
55430374
55430886
55431398
55431910
55432422
55427815
55428327
55428839
55429351
55429863
55430375
55430887
55431399
55431911
55432423
55427816
55428328
55428840
55429352
55429864
55430376
55430888
55431400
55431912
55432424
55427817
55428329
55428841
55429353
55429865
55430377
55430889
55431401
55431913
55432425
55427818
55428330
55428842
55429354
55429866
55430378
55430890
55431402
55431914
55432426
55427819
55428331
55428843
55429355
55429867
55430379
55430891
55431403
55431915
55432427
55427820
55428332
55428844
55429356
55429868
55430380
55430892
55431404
55431916
55432428
55427821
55428333
55428845
55429357
55429869
55430381
55430893
55431405
55431917
55432429
39399165
39399677
39400189
39400701
39401213
39401725
39402237
39402749
39403261
39403773
39399166
39399678
39400190
39400702
39401214
39401726
39402238
39402750
39403262
39403774
39399167
39399679
39400191
39400703
39401215
39401727
39402239
39402751
39403263
39403775
39399168
39399680
39400192
39400704
39401216
39401728
39402240
39402752
39403264
39403776
39399169
39399681
39400193
39400705
39401217
39401729
39402241
39402753
39403265
39403777
39399170
39399682
39400194
39400706
39401218
39401730
39402242
39402754
39403266
39403778
39399171
39399683
39400195
39400707
39401219
39401731
39402243
39402755
39403267
39403779
39399172
39399684
39400196
39400708
39401220
39401732
39402244
39402756
39403268
39403780
39399173
39399685
39400197
39400709
39401221
39401733
39402245
39402757
39403269
39403781
39399174
39399686
39400198
39400710
39401222
39401734
39402246
39402758
39403270
39403782
47003336
47003848
47004360
47004872
47005384
47005896
47006408
47006920
47007432
47007944
47003337
47003849
47004361
47004873
47005385
47005897
47006409
47006921
47007433
47007945
47003338
47003850
47004362
47004874
47005386
47005898
47006410
47006922
47007434
47007946
47003339
47003851
47004363
47004875
47005387
47005899
47006411
47006923
47007435
47007947
47003340
47003852
47004364
47004876
47005388
47005900
47006412
47006924
47007436
47007948
47003341
47003853
47004365
47004877
47005389
47005901
47006413
47006925
47007437
47007949
47003342
47003854
47004366
47004878
47005390
47005902
47006414
47006926
47007438
47007950
47003343
47003855
47004367
47004879
47005391
47005903
47006415
47006927
47007439
47007951
47003344
47003856
47004368
47004880
47005392
47005904
47006416
47006928
47007440
47007952
47003345
47003857
47004369
47004881
47005393
47005905
47006417
47006929
47007441
47007953
37287680
37288192
37288704
37289216
37289728
37290240
37290752
37291264
37291776
37292288
37287681
37288193
37288705
37289217
37289729
37290241
37290753
37291265
37291777
37292289
37287682
37288194
37288706
37289218
37289730
37290242
37290754
37291266
37291778
37292290
37287683
37288195
37288707
37289219
37289731
37290243
37290755
37291267
37291779
37292291
37287684
37288196
37288708
37289220
37289732
37290244
37290756
37291268
37291780
37292292
37287685
37288197
37288709
37289221
37289733
37290245
37290757
37291269
37291781
37292293
37287686
37288198
37288710
37289222
37289734
37290246
37290758
37291270
37291782
37292294
37287687
37288199
37288711
37289223
37289735
37290247
37290759
37291271
37291783
37292295
37287688
37288200
37288712
37289224
37289736
37290248
37290760
37291272
37291784
37292296
37287689
37288201
37288713
37289225
37289737
37290249
37290761
37291273
37291785
37292297
42004698
42005210
42005722
42006234
42006746
42007258
42007770
42008282
42008794
42009306
42004699
42005211
42005723
42006235
42006747
42007259
42007771
42008283
42008795
42009307
42004700
42005212
42005724
42006236
42006748
42007260
42007772
42008284
42008796
42009308
42004701
42005213
42005725
42006237
42006749
42007261
42007773
42008285
42008797
42009309
42004702
42005214
42005726
42006238
42006750
42007262
42007774
42008286
42008798
42009310
42004703
42005215
42005727
42006239
42006751
42007263
42007775
42008287
42008799
42009311
42004704
42005216
42005728
42006240
42006752
42007264
42007776
42008288
42008800
42009312
42004705
42005217
42005729
42006241
42006753
42007265
42007777
42008289
42008801
42009313
42004706
42005218
42005730
42006242
42006754
42007266
42007778
42008290
42008802
42009314
42004707
42005219
42005731
42006243
42006755
42007267
42007779
42008291
42008803
42009315
28386507
28387019
28387531
28388043
28388555
28389067
28389579
28390091
28390603
28391115
28386508
28387020
28387532
28388044
28388556
28389068
28389580
28390092
28390604
28391116
28386509
28387021
28387533
28388045
28388557
28389069
28389581
28390093
28390605
28391117
28386510
28387022
28387534
28388046
28388558
28389070
28389582
28390094
28390606
28391118
28386511
28387023
28387535
28388047
28388559
28389071
28389583
28390095
28390607
28391119
28386512
28387024
28387536
28388048
28388560
28389072
28389584
28390096
28390608
28391120
28386513
28387025
28387537
28388049
28388561
28389073
28389585
28390097
28390609
28391121
28386514
28387026
28387538
28388050
28388562
28389074
28389586
28390098
28390610
28391122
28386515
28387027
28387539
28388051
28388563
28389075
28389587
28390099
28390611
28391123
28386516
28387028
28387540
28388052
28388564
28389076
28389588
28390100
28390612
28391124
9819846
9820358
9820870
9821382
9821894
9822406
9822918
9823430
9823942
9824454
9819847
9820359
9820871
9821383
9821895
9822407
9822919
9823431
9823943
9824455
9819848
9820360
9820872
9821384
9821896
9822408
9822920
9823432
9823944
9824456
9819849
9820361
9820873
9821385
9821897
9822409
9822921
9823433
9823945
9824457
9819850
9820362
9820874
9821386
9821898
9822410
9822922
9823434
9823946
9824458
9819851
9820363
9820875
9821387
9821899
9822411
9822923
9823435
9823947
9824459
9819852
9820364
9820876
9821388
9821900
9822412
9822924
9823436
9823948
9824460
9819853
9820365
9820877
9821389
9821901
9822413
9822925
9823437
9823949
9824461
9819854
9820366
9820878
9821390
9821902
9822414
9822926
9823438
9823950
9824462
9819855
9820367
9820879
9821391
9821903
9822415
9822927
9823439
9823951
9824463
56204544
56205056
56205568
56206080
56206592
56207104
56207616
56208128
56208640
56209152
56204545
56205057
56205569
56206081
56206593
56207105
56207617
56208129
56208641
56209153
56204546
56205058
56205570
56206082
56206594
56207106
56207618
56208130
56208642
56209154
56204547
56205059
56205571
56206083
56206595
56207107
56207619
56208131
56208643
56209155
56204548
56205060
56205572
56206084
56206596
56207108
56207620
56208132
56208644
56209156
56204549
56205061
56205573
56206085
56206597
56207109
56207621
56208133
56208645
56209157
56204550
56205062
56205574
56206086
56206598
56207110
56207622
56208134
56208646
56209158
56204551
56205063
56205575
56206087
56206599
56207111
56207623
56208135
56208647
56209159
56204552
56205064
56205576
56206088
56206600
56207112
56207624
56208136
56208648
56209160
56204553
56205065
56205577
56206089
56206601
56207113
56207625
56208137
56208649
56209161
54393526
54394038
54394550
54395062
54395574
54396086
54396598
54397110
54397622
54398134
54393527
54394039
54394551
54395063
54395575
54396087
54396599
54397111
54397623
54398135
54393528
54394040
54394552
54395064
54395576
54396088
54396600
54397112
54397624
54398136
54393529
54394041
54394553
54395065
54395577
54396089
54396601
54397113
54397625
54398137
54393530
54394042
54394554
54395066
54395578
54396090
54396602
54397114
54397626
54398138
54393531
54394043
54394555
54395067
54395579
54396091
54396603
54397115
54397627
54398139
54393532
54394044
54394556
54395068
54395580
54396092
54396604
54397116
54397628
54398140
54393533
54394045
54394557
54395069
54395581
54396093
54396605
54397117
54397629
54398141
54393534
54394046
54394558
54395070
54395582
54396094
54396606
54397118
54397630
54398142
54393535
54394047
54394559
54395071
54395583
54396095
54396607
54397119
54397631
54398143
55192245
55192757
55193269
55193781
55194293
55194805
55195317
55195829
55196341
55196853
55192246
55192758
55193270
55193782
55194294
55194806
55195318
55195830
55196342
55196854
55192247
55192759
55193271
55193783
55194295
55194807
55195319
55195831
55196343
55196855
55192248
55192760
55193272
55193784
55194296
55194808
55195320
55195832
55196344
55196856
55192249
55192761
55193273
55193785
55194297
55194809
55195321
55195833
55196345
55196857
55192250
55192762
55193274
55193786
55194298
55194810
55195322
55195834
55196346
55196858
55192251
55192763
55193275
55193787
55194299
55194811
55195323
55195835
55196347
55196859
55192252
55192764
55193276
55193788
55194300
55194812
55195324
55195836
55196348
55196860
55192253
55192765
55193277
55193789
55194301
55194813
55195325
55195837
55196349
55196861
55192254
55192766
55193278
55193790
55194302
55194814
55195326
55195838
55196350
55196862
59085063
59085575
59086087
59086599
59087111
59087623
59088135
59088647
59089159
59089671
59085064
59085576
59086088
59086600
59087112
59087624
59088136
59088648
59089160
59089672
59085065
59085577
59086089
59086601
59087113
59087625
59088137
59088649
59089161
59089673
59085066
59085578
59086090
59086602
59087114
59087626
59088138
59088650
59089162
59089674
59085067
59085579
59086091
59086603
59087115
59087627
59088139
59088651
59089163
59089675
59085068
59085580
59086092
59086604
59087116
59087628
59088140
59088652
59089164
59089676
59085069
59085581
59086093
59086605
59087117
59087629
59088141
59088653
59089165
59089677
59085070
59085582
59086094
59086606
59087118
59087630
59088142
59088654
59089166
59089678
59085071
59085583
59086095
59086607
59087119
59087631
59088143
59088655
59089167
59089679
59085072
59085584
59086096
59086608
59087120
59087632
59088144
59088656
59089168
59089680
45954816
45955328
45955840
45956352
45956864
45957376
45957888
45958400
45958912
45959424
45954817
45955329
45955841
45956353
45956865
45957377
45957889
45958401
45958913
45959425
45954818
45955330
45955842
45956354
45956866
45957378
45957890
45958402
45958914
45959426
45954819
45955331
45955843
45956355
45956867
45957379
45957891
45958403
45958915
45959427
45954820
45955332
45955844
45956356
45956868
45957380
45957892
45958404
45958916
45959428
45954821
45955333
45955845
45956357
45956869
45957381
45957893
45958405
45958917
45959429
45954822
45955334
45955846
45956358
45956870
45957382
45957894
45958406
45958918
45959430
45954823
45955335
45955847
45956359
45956871
45957383
45957895
45958407
45958919
45959431
45954824
45955336
45955848
45956360
45956872
45957384
45957896
45958408
45958920
45959432
45954825
45955337
45955849
45956361
45956873
45957385
45957897
45958409
45958921
45959433
