50718467
50718979
50719491
50720003
50720515
50721027
50721539
50722051
50722563
50723075
50718468
50718980
50719492
50720004
50720516
50721028
50721540
50722052
50722564
50723076
50718469
50718981
50719493
50720005
50720517
50721029
50721541
50722053
50722565
50723077
50718470
50718982
50719494
50720006
50720518
50721030
50721542
50722054
50722566
50723078
50718471
50718983
50719495
50720007
50720519
50721031
50721543
50722055
50722567
50723079
50718472
50718984
50719496
50720008
50720520
50721032
50721544
50722056
50722568
50723080
50718473
50718985
50719497
50720009
50720521
50721033
50721545
50722057
50722569
50723081
50718474
50718986
50719498
50720010
50720522
50721034
50721546
50722058
50722570
50723082
50718475
50718987
50719499
50720011
50720523
50721035
50721547
50722059
50722571
50723083
50718476
50718988
50719500
50720012
50720524
50721036
50721548
50722060
50722572
50723084
42271952
42272464
42272976
42273488
42274000
42274512
42275024
42275536
42276048
42276560
42271953
42272465
42272977
42273489
42274001
42274513
42275025
42275537
42276049
42276561
42271954
42272466
42272978
42273490
42274002
42274514
42275026
42275538
42276050
42276562
42271955
42272467
42272979
42273491
42274003
42274515
42275027
42275539
42276051
42276563
42271956
42272468
42272980
42273492
42274004
42274516
42275028
42275540
42276052
42276564
42271957
42272469
42272981
42273493
42274005
42274517
42275029
42275541
42276053
42276565
42271958
42272470
42272982
42273494
42274006
42274518
42275030
42275542
42276054
42276566
42271959
42272471
42272983
42273495
42274007
42274519
42275031
42275543
42276055
42276567
42271960
42272472
42272984
42273496
42274008
42274520
42275032
42275544
42276056
42276568
42271961
42272473
42272985
42273497
42274009
42274521
42275033
42275545
42276057
42276569
44395243
44395755
44396267
44396779
44397291
44397803
44398315
44398827
44399339
44399851
44395244
44395756
44396268
44396780
44397292
44397804
44398316
44398828
44399340
44399852
44395245
44395757
44396269
44396781
44397293
44397805
44398317
44398829
44399341
44399853
44395246
44395758
44396270
44396782
44397294
44397806
44398318
44398830
44399342
44399854
44395247
44395759
44396271
44396783
44397295
44397807
44398319
44398831
44399343
44399855
44395248
44395760
44396272
44396784
44397296
44397808
44398320
44398832
44399344
44399856
44395249
44395761
44396273
44396785
44397297
44397809
44398321
44398833
44399345
44399857
44395250
44395762
44396274
44396786
44397298
44397810
44398322
44398834
44399346
44399858
44395251
44395763
44396275
44396787
44397299
44397811
44398323
44398835
44399347
44399859
44395252
44395764
44396276
44396788
44397300
44397812
44398324
44398836
44399348
44399860
51982038
51982550
51983062
51983574
51984086
51984598
51985110
51985622
51986134
51986646
51982039
51982551
51983063
51983575
51984087
51984599
51985111
51985623
51986135
51986647
51982040
51982552
51983064
51983576
51984088
51984600
51985112
51985624
51986136
51986648
51982041
51982553
51983065
51983577
51984089
51984601
51985113
51985625
51986137
51986649
51982042
51982554
51983066
51983578
51984090
51984602
51985114
51985626
51986138
51986650
51982043
51982555
51983067
51983579
51984091
51984603
51985115
51985627
51986139
51986651
51982044
51982556
51983068
51983580
51984092
51984604
51985116
51985628
51986140
51986652
51982045
51982557
51983069
51983581
51984093
51984605
51985117
51985629
51986141
51986653
51982046
51982558
51983070
51983582
51984094
51984606
51985118
51985630
51986142
51986654
51982047
51982559
51983071
51983583
51984095
51984607
51985119
51985631
51986143
51986655
48862384
48862896
48863408
48863920
48864432
48864944
48865456
48865968
48866480
48866992
48862385
48862897
48863409
48863921
48864433
48864945
48865457
48865969
48866481
48866993
48862386
48862898
48863410
48863922
48864434
48864946
48865458
48865970
48866482
48866994
48862387
48862899
48863411
48863923
48864435
48864947
48865459
48865971
48866483
48866995
48862388
48862900
48863412
48863924
48864436
48864948
48865460
48865972
48866484
48866996
48862389
48862901
48863413
48863925
48864437
48864949
48865461
48865973
48866485
48866997
48862390
48862902
48863414
48863926
48864438
48864950
48865462
48865974
48866486
48866998
48862391
48862903
48863415
48863927
48864439
48864951
48865463
48865975
48866487
48866999
48862392
48862904
48863416
48863928
48864440
48864952
48865464
48865976
48866488
48867000
48862393
48862905
48863417
48863929
48864441
48864953
48865465
48865977
48866489
48867001
61455097
61455609
61456121
61456633
61457145
61457657
61458169
61458681
61459193
61459705
61455098
61455610
61456122
61456634
61457146
61457658
61458170
61458682
61459194
61459706
61455099
61455611
61456123
61456635
61457147
61457659
61458171
61458683
61459195
61459707
61455100
61455612
61456124
61456636
61457148
61457660
61458172
61458684
61459196
61459708
61455101
61455613
61456125
61456637
61457149
61457661
61458173
61458685
61459197
61459709
61455102
61455614
61456126
61456638
61457150
61457662
61458174
61458686
61459198
61459710
61455103
61455615
61456127
61456639
61457151
61457663
61458175
61458687
61459199
61459711
61455104
61455616
61456128
61456640
61457152
61457664
61458176
61458688
61459200
61459712
61455105
61455617
61456129
61456641
61457153
61457665
61458177
61458689
61459201
61459713
61455106
61455618
61456130
61456642
61457154
61457666
61458178
61458690
61459202
61459714
39134420
39134932
39135444
39135956
39136468
39136980
39137492
39138004
39138516
39139028
39134421
39134933
39135445
39135957
39136469
39136981
39137493
39138005
39138517
39139029
39134422
39134934
39135446
39135958
39136470
39136982
39137494
39138006
39138518
39139030
39134423
39134935
39135447
39135959
39136471
39136983
39137495
39138007
39138519
39139031
39134424
39134936
39135448
39135960
39136472
39136984
39137496
39138008
39138520
39139032
39134425
39134937
39135449
39135961
39136473
39136985
39137497
39138009
39138521
39139033
39134426
39134938
39135450
39135962
39136474
39136986
39137498
39138010
39138522
39139034
39134427
39134939
39135451
39135963
39136475
39136987
39137499
39138011
39138523
39139035
39134428
39134940
39135452
39135964
39136476
39136988
39137500
39138012
39138524
39139036
39134429
39134941
39135453
39135965
39136477
39136989
39137501
39138013
39138525
39139037
41492184
41492696
41493208
41493720
41494232
41494744
41495256
41495768
41496280
41496792
41492185
41492697
41493209
41493721
41494233
41494745
41495257
41495769
41496281
41496793
41492186
41492698
41493210
41493722
41494234
41494746
41495258
41495770
41496282
41496794
41492187
41492699
41493211
41493723
41494235
41494747
41495259
41495771
41496283
41496795
41492188
41492700
41493212
41493724
41494236
41494748
41495260
41495772
41496284
41496796
41492189
41492701
41493213
41493725
41494237
41494749
41495261
41495773
41496285
41496797
41492190
41492702
41493214
41493726
41494238
41494750
41495262
41495774
41496286
41496798
41492191
41492703
41493215
41493727
41494239
41494751
41495263
41495775
41496287
41496799
41492192
41492704
41493216
41493728
41494240
41494752
41495264
41495776
41496288
41496800
41492193
41492705
41493217
41493729
41494241
41494753
41495265
41495777
41496289
41496801
53024983
53025495
53026007
53026519
53027031
53027543
53028055
53028567
53029079
53029591
53024984
53025496
53026008
53026520
53027032
53027544
53028056
53028568
53029080
53029592
53024985
53025497
53026009
53026521
53027033
53027545
53028057
53028569
53029081
53029593
53024986
53025498
53026010
53026522
53027034
53027546
53028058
53028570
53029082
53029594
53024987
53025499
53026011
53026523
53027035
53027547
53028059
53028571
53029083
53029595
53024988
53025500
53026012
53026524
53027036
53027548
53028060
53028572
53029084
53029596
53024989
53025501
53026013
53026525
53027037
53027549
53028061
53028573
53029085
53029597
53024990
53025502
53026014
53026526
53027038
53027550
53028062
53028574
53029086
53029598
53024991
53025503
53026015
53026527
53027039
53027551
53028063
53028575
53029087
53029599
53024992
53025504
53026016
53026528
53027040
53027552
53028064
53028576
53029088
53029600
37288173
37288685
37289197
37289709
37290221
37290733
37291245
37291757
37292269
37292781
37288174
37288686
37289198
37289710
37290222
37290734
37291246
37291758
37292270
37292782
37288175
37288687
37289199
37289711
37290223
37290735
37291247
37291759
37292271
37292783
37288176
37288688
37289200
37289712
37290224
37290736
37291248
37291760
37292272
37292784
37288177
37288689
37289201
37289713
37290225
37290737
37291249
37291761
37292273
37292785
37288178
37288690
37289202
37289714
37290226
37290738
37291250
37291762
37292274
37292786
37288179
37288691
37289203
37289715
37290227
37290739
37291251
37291763
37292275
37292787
37288180
37288692
37289204
37289716
37290228
37290740
37291252
37291764
37292276
37292788
37288181
37288693
37289205
37289717
37290229
37290741
37291253
37291765
37292277
37292789
37288182
37288694
37289206
37289718
37290230
37290742
37291254
37291766
37292278
37292790
34456247
34456759
34457271
34457783
34458295
34458807
34459319
34459831
34460343
34460855
34456248
34456760
34457272
34457784
34458296
34458808
34459320
34459832
34460344
34460856
34456249
34456761
34457273
34457785
34458297
34458809
34459321
34459833
34460345
34460857
34456250
34456762
34457274
34457786
34458298
34458810
34459322
34459834
34460346
34460858
34456251
34456763
34457275
34457787
34458299
34458811
34459323
34459835
34460347
34460859
34456252
34456764
34457276
34457788
34458300
34458812
34459324
34459836
34460348
34460860
34456253
34456765
34457277
34457789
34458301
34458813
34459325
34459837
34460349
34460861
34456254
34456766
34457278
34457790
34458302
34458814
34459326
34459838
34460350
34460862
34456255
34456767
34457279
34457791
34458303
34458815
34459327
34459839
34460351
34460863
34456256
34456768
34457280
34457792
34458304
34458816
34459328
34459840
34460352
34460864
48030951
48031463
48031975
48032487
48032999
48033511
48034023
48034535
48035047
48035559
48030952
48031464
48031976
48032488
48033000
48033512
48034024
48034536
48035048
48035560
48030953
48031465
48031977
48032489
48033001
48033513
48034025
48034537
48035049
48035561
48030954
48031466
48031978
48032490
48033002
48033514
48034026
48034538
48035050
48035562
48030955
48031467
48031979
48032491
48033003
48033515
48034027
48034539
48035051
48035563
48030956
48031468
48031980
48032492
48033004
48033516
48034028
48034540
48035052
48035564
48030957
48031469
48031981
48032493
48033005
48033517
48034029
48034541
48035053
48035565
48030958
48031470
48031982
48032494
48033006
48033518
48034030
48034542
48035054
48035566
48030959
48031471
48031983
48032495
48033007
48033519
48034031
48034543
48035055
48035567
48030960
48031472
48031984
48032496
48033008
48033520
48034032
48034544
48035056
48035568
46524090
46524602
46525114
46525626
46526138
46526650
46527162
46527674
46528186
46528698
46524091
46524603
46525115
46525627
46526139
46526651
46527163
46527675
46528187
46528699
46524092
46524604
46525116
46525628
46526140
46526652
46527164
46527676
46528188
46528700
46524093
46524605
46525117
46525629
46526141
46526653
46527165
46527677
46528189
46528701
46524094
46524606
46525118
46525630
46526142
46526654
46527166
46527678
46528190
46528702
46524095
46524607
46525119
46525631
46526143
46526655
46527167
46527679
46528191
46528703
46524096
46524608
46525120
46525632
46526144
46526656
46527168
46527680
46528192
46528704
46524097
46524609
46525121
46525633
46526145
46526657
46527169
46527681
46528193
46528705
46524098
46524610
46525122
46525634
46526146
46526658
46527170
46527682
46528194
46528706
46524099
46524611
46525123
46525635
46526147
46526659
46527171
46527683
46528195
46528707
45453010
45453522
45454034
45454546
45455058
45455570
45456082
45456594
45457106
45457618
45453011
45453523
45454035
45454547
45455059
45455571
45456083
45456595
45457107
45457619
45453012
45453524
45454036
45454548
45455060
45455572
45456084
45456596
45457108
45457620
45453013
45453525
45454037
45454549
45455061
45455573
45456085
45456597
45457109
45457621
45453014
45453526
45454038
45454550
45455062
45455574
45456086
45456598
45457110
45457622
45453015
45453527
45454039
45454551
45455063
45455575
45456087
45456599
45457111
45457623
45453016
45453528
45454040
45454552
45455064
45455576
45456088
45456600
45457112
45457624
45453017
45453529
45454041
45454553
45455065
45455577
45456089
45456601
45457113
45457625
45453018
45453530
45454042
45454554
45455066
45455578
45456090
45456602
45457114
45457626
45453019
45453531
45454043
45454555
45455067
45455579
45456091
45456603
45457115
45457627
52585125
52585637
52586149
52586661
52587173
52587685
52588197
52588709
52589221
52589733
52585126
52585638
52586150
52586662
52587174
52587686
52588198
52588710
52589222
52589734
52585127
52585639
52586151
52586663
52587175
52587687
52588199
52588711
52589223
52589735
52585128
52585640
52586152
52586664
52587176
52587688
52588200
52588712
52589224
52589736
52585129
52585641
52586153
52586665
52587177
52587689
52588201
52588713
52589225
52589737
52585130
52585642
52586154
52586666
52587178
52587690
52588202
52588714
52589226
52589738
52585131
52585643
52586155
52586667
52587179
52587691
52588203
52588715
52589227
52589739
52585132
52585644
52586156
52586668
52587180
52587692
52588204
52588716
52589228
52589740
52585133
52585645
52586157
52586669
52587181
52587693
52588205
52588717
52589229
52589741
52585134
52585646
52586158
52586670
52587182
52587694
52588206
52588718
52589230
52589742
39113462
39113974
39114486
39114998
39115510
39116022
39116534
39117046
39117558
39118070
39113463
39113975
39114487
39114999
39115511
39116023
39116535
39117047
39117559
39118071
39113464
39113976
39114488
39115000
39115512
39116024
39116536
39117048
39117560
39118072
39113465
39113977
39114489
39115001
39115513
39116025
39116537
39117049
39117561
39118073
39113466
39113978
39114490
39115002
39115514
39116026
39116538
39117050
39117562
39118074
39113467
39113979
39114491
39115003
39115515
39116027
39116539
39117051
39117563
39118075
39113468
39113980
39114492
39115004
39115516
39116028
39116540
39117052
39117564
39118076
39113469
39113981
39114493
39115005
39115517
39116029
39116541
39117053
39117565
39118077
39113470
39113982
39114494
39115006
39115518
39116030
39116542
39117054
39117566
39118078
39113471
39113983
39114495
39115007
39115519
39116031
39116543
39117055
39117567
39118079
61717738
61718250
61718762
61719274
61719786
61720298
61720810
61721322
61721834
61722346
61717739
61718251
61718763
61719275
61719787
61720299
61720811
61721323
61721835
61722347
61717740
61718252
61718764
61719276
61719788
61720300
61720812
61721324
61721836
61722348
61717741
61718253
61718765
61719277
61719789
61720301
61720813
61721325
61721837
61722349
61717742
61718254
61718766
61719278
61719790
61720302
61720814
61721326
61721838
61722350
61717743
61718255
61718767
61719279
61719791
61720303
61720815
61721327
61721839
61722351
61717744
61718256
61718768
61719280
61719792
61720304
61720816
61721328
61721840
61722352
61717745
61718257
61718769
61719281
61719793
61720305
61720817
61721329
61721841
61722353
61717746
61718258
61718770
61719282
61719794
61720306
61720818
61721330
61721842
61722354
61717747
61718259
61718771
61719283
61719795
61720307
61720819
61721331
61721843
61722355
54654692
54655204
54655716
54656228
54656740
54657252
54657764
54658276
54658788
54659300
54654693
54655205
54655717
54656229
54656741
54657253
54657765
54658277
54658789
54659301
54654694
54655206
54655718
54656230
54656742
54657254
54657766
54658278
54658790
54659302
54654695
54655207
54655719
54656231
54656743
54657255
54657767
54658279
54658791
54659303
54654696
54655208
54655720
54656232
54656744
54657256
54657768
54658280
54658792
54659304
54654697
54655209
54655721
54656233
54656745
54657257
54657769
54658281
54658793
54659305
54654698
54655210
54655722
54656234
54656746
54657258
54657770
54658282
54658794
54659306
54654699
54655211
54655723
54656235
54656747
54657259
54657771
54658283
54658795
54659307
54654700
54655212
54655724
54656236
54656748
54657260
54657772
54658284
54658796
54659308
54654701
54655213
54655725
54656237
54656749
54657261
54657773
54658285
54658797
54659309
51724507
51725019
51725531
51726043
51726555
51727067
51727579
51728091
51728603
51729115
51724508
51725020
51725532
51726044
51726556
51727068
51727580
51728092
51728604
51729116
51724509
51725021
51725533
51726045
51726557
51727069
51727581
51728093
51728605
51729117
51724510
51725022
51725534
51726046
51726558
51727070
51727582
51728094
51728606
51729118
51724511
51725023
51725535
51726047
51726559
51727071
51727583
51728095
51728607
51729119
51724512
51725024
51725536
51726048
51726560
51727072
51727584
51728096
51728608
51729120
51724513
51725025
51725537
51726049
51726561
51727073
51727585
51728097
51728609
51729121
51724514
51725026
51725538
51726050
51726562
51727074
51727586
51728098
51728610
51729122
51724515
51725027
51725539
51726051
51726563
51727075
51727587
51728099
51728611
51729123
51724516
51725028
51725540
51726052
51726564
51727076
51727588
51728100
51728612
51729124
53599423
53599935
53600447
53600959
53601471
53601983
53602495
53603007
53603519
53604031
53599424
53599936
53600448
53600960
53601472
53601984
53602496
53603008
53603520
53604032
53599425
53599937
53600449
53600961
53601473
53601985
53602497
53603009
53603521
53604033
53599426
53599938
53600450
53600962
53601474
53601986
53602498
53603010
53603522
53604034
53599427
53599939
53600451
53600963
53601475
53601987
53602499
53603011
53603523
53604035
53599428
53599940
53600452
53600964
53601476
53601988
53602500
53603012
53603524
53604036
53599429
53599941
53600453
53600965
53601477
53601989
53602501
53603013
53603525
53604037
53599430
53599942
53600454
53600966
53601478
53601990
53602502
53603014
53603526
53604038
53599431
53599943
53600455
53600967
53601479
53601991
53602503
53603015
53603527
53604039
53599432
53599944
53600456
53600968
53601480
53601992
53602504
53603016
53603528
53604040
38912686
38913198
38913710
38914222
38914734
38915246
38915758
38916270
38916782
38917294
38912687
38913199
38913711
38914223
38914735
38915247
38915759
38916271
38916783
38917295
38912688
38913200
38913712
38914224
38914736
38915248
38915760
38916272
38916784
38917296
38912689
38913201
38913713
38914225
38914737
38915249
38915761
38916273
38916785
38917297
38912690
38913202
38913714
38914226
38914738
38915250
38915762
38916274
38916786
38917298
38912691
38913203
38913715
38914227
38914739
38915251
38915763
38916275
38916787
38917299
38912692
38913204
38913716
38914228
38914740
38915252
38915764
38916276
38916788
38917300
38912693
38913205
38913717
38914229
38914741
38915253
38915765
38916277
38916789
38917301
38912694
38913206
38913718
38914230
38914742
38915254
38915766
38916278
38916790
38917302
38912695
38913207
38913719
38914231
38914743
38915255
38915767
38916279
38916791
38917303
60432101
60432613
60433125
60433637
60434149
60434661
60435173
60435685
60436197
60436709
60432102
60432614
60433126
60433638
60434150
60434662
60435174
60435686
60436198
60436710
60432103
60432615
60433127
60433639
60434151
60434663
60435175
60435687
60436199
60436711
60432104
60432616
60433128
60433640
60434152
60434664
60435176
60435688
60436200
60436712
60432105
60432617
60433129
60433641
60434153
60434665
60435177
60435689
60436201
60436713
60432106
60432618
60433130
60433642
60434154
60434666
60435178
60435690
60436202
60436714
60432107
60432619
60433131
60433643
60434155
60434667
60435179
60435691
60436203
60436715
60432108
60432620
60433132
60433644
60434156
60434668
60435180
60435692
60436204
60436716
60432109
60432621
60433133
60433645
60434157
60434669
60435181
60435693
60436205
60436717
60432110
60432622
60433134
60433646
60434158
60434670
60435182
60435694
60436206
60436718
60159185
60159697
60160209
60160721
60161233
60161745
60162257
60162769
60163281
60163793
60159186
60159698
60160210
60160722
60161234
60161746
60162258
60162770
60163282
60163794
60159187
60159699
60160211
60160723
60161235
60161747
60162259
60162771
60163283
60163795
60159188
60159700
60160212
60160724
60161236
60161748
60162260
60162772
60163284
60163796
60159189
60159701
60160213
60160725
60161237
60161749
60162261
60162773
60163285
60163797
60159190
60159702
60160214
60160726
60161238
60161750
60162262
60162774
60163286
60163798
60159191
60159703
60160215
60160727
60161239
60161751
60162263
60162775
60163287
60163799
60159192
60159704
60160216
60160728
60161240
60161752
60162264
60162776
60163288
60163800
60159193
60159705
60160217
60160729
60161241
60161753
60162265
60162777
60163289
60163801
60159194
60159706
60160218
60160730
60161242
60161754
60162266
60162778
60163290
60163802
43846915
43847427
43847939
43848451
43848963
43849475
43849987
43850499
43851011
43851523
43846916
43847428
43847940
43848452
43848964
43849476
43849988
43850500
43851012
43851524
43846917
43847429
43847941
43848453
43848965
43849477
43849989
43850501
43851013
43851525
43846918
43847430
43847942
43848454
43848966
43849478
43849990
43850502
43851014
43851526
43846919
43847431
43847943
43848455
43848967
43849479
43849991
43850503
43851015
43851527
43846920
43847432
43847944
43848456
43848968
43849480
43849992
43850504
43851016
43851528
43846921
43847433
43847945
43848457
43848969
43849481
43849993
43850505
43851017
43851529
43846922
43847434
43847946
43848458
43848970
43849482
43849994
43850506
43851018
43851530
43846923
43847435
43847947
43848459
43848971
43849483
43849995
43850507
43851019
43851531
43846924
43847436
43847948
43848460
43848972
43849484
43849996
43850508
43851020
43851532
49914070
49914582
49915094
49915606
49916118
49916630
49917142
49917654
49918166
49918678
49914071
49914583
49915095
49915607
49916119
49916631
49917143
49917655
49918167
49918679
49914072
49914584
49915096
49915608
49916120
49916632
49917144
49917656
49918168
49918680
49914073
49914585
49915097
49915609
49916121
49916633
49917145
49917657
49918169
49918681
49914074
49914586
49915098
49915610
49916122
49916634
49917146
49917658
49918170
49918682
49914075
49914587
49915099
49915611
49916123
49916635
49917147
49917659
49918171
49918683
49914076
49914588
49915100
49915612
49916124
49916636
49917148
49917660
49918172
49918684
49914077
49914589
49915101
49915613
49916125
49916637
49917149
49917661
49918173
49918685
49914078
49914590
49915102
49915614
49916126
49916638
49917150
49917662
49918174
49918686
49914079
49914591
49915103
49915615
49916127
49916639
49917151
49917663
49918175
49918687
36789493
36790005
36790517
36791029
36791541
36792053
36792565
36793077
36793589
36794101
36789494
36790006
36790518
36791030
36791542
36792054
36792566
36793078
36793590
36794102
36789495
36790007
36790519
36791031
36791543
36792055
36792567
36793079
36793591
36794103
36789496
36790008
36790520
36791032
36791544
36792056
36792568
36793080
36793592
36794104
36789497
36790009
36790521
36791033
36791545
36792057
36792569
36793081
36793593
36794105
36789498
36790010
36790522
36791034
36791546
36792058
36792570
36793082
36793594
36794106
36789499
36790011
36790523
36791035
36791547
36792059
36792571
36793083
36793595
36794107
36789500
36790012
36790524
36791036
36791548
36792060
36792572
36793084
36793596
36794108
36789501
36790013
36790525
36791037
36791549
36792061
36792573
36793085
36793597
36794109
36789502
36790014
36790526
36791038
36791550
36792062
36792574
36793086
36793598
36794110
44381001
44381513
44382025
44382537
44383049
44383561
44384073
44384585
44385097
44385609
44381002
44381514
44382026
44382538
44383050
44383562
44384074
44384586
44385098
44385610
44381003
44381515
44382027
44382539
44383051
44383563
44384075
44384587
44385099
44385611
44381004
44381516
44382028
44382540
44383052
44383564
44384076
44384588
44385100
44385612
44381005
44381517
44382029
44382541
44383053
44383565
44384077
44384589
44385101
44385613
44381006
44381518
44382030
44382542
44383054
44383566
44384078
44384590
44385102
44385614
44381007
44381519
44382031
44382543
44383055
44383567
44384079
44384591
44385103
44385615
44381008
44381520
44382032
44382544
44383056
44383568
44384080
44384592
44385104
44385616
44381009
44381521
44382033
44382545
44383057
44383569
44384081
44384593
44385105
44385617
44381010
44381522
44382034
44382546
44383058
44383570
44384082
44384594
44385106
44385618
44929257
44929769
44930281
44930793
44931305
44931817
44932329
44932841
44933353
44933865
44929258
44929770
44930282
44930794
44931306
44931818
44932330
44932842
44933354
44933866
44929259
44929771
44930283
44930795
44931307
44931819
44932331
44932843
44933355
44933867
44929260
44929772
44930284
44930796
44931308
44931820
44932332
44932844
44933356
44933868
44929261
44929773
44930285
44930797
44931309
44931821
44932333
44932845
44933357
44933869
44929262
44929774
44930286
44930798
44931310
44931822
44932334
44932846
44933358
44933870
44929263
44929775
44930287
44930799
44931311
44931823
44932335
44932847
44933359
44933871
44929264
44929776
44930288
44930800
44931312
44931824
44932336
44932848
44933360
44933872
44929265
44929777
44930289
44930801
44931313
44931825
44932337
44932849
44933361
44933873
44929266
44929778
44930290
44930802
44931314
44931826
44932338
44932850
44933362
44933874
46780120
46780632
46781144
46781656
46782168
46782680
46783192
46783704
46784216
46784728
46780121
46780633
46781145
46781657
46782169
46782681
46783193
46783705
46784217
46784729
46780122
46780634
46781146
46781658
46782170
46782682
46783194
46783706
46784218
46784730
46780123
46780635
46781147
46781659
46782171
46782683
46783195
46783707
46784219
46784731
46780124
46780636
46781148
46781660
46782172
46782684
46783196
46783708
46784220
46784732
46780125
46780637
46781149
46781661
46782173
46782685
46783197
46783709
46784221
46784733
46780126
46780638
46781150
46781662
46782174
46782686
46783198
46783710
46784222
46784734
46780127
46780639
46781151
46781663
46782175
46782687
46783199
46783711
46784223
46784735
46780128
46780640
46781152
46781664
46782176
46782688
46783200
46783712
46784224
46784736
46780129
46780641
46781153
46781665
46782177
46782689
46783201
46783713
46784225
46784737
4820665
4821177
4821689
4822201
4822713
4823225
4823737
4824249
4824761
4825273
4820666
4821178
4821690
4822202
4822714
4823226
4823738
4824250
4824762
4825274
4820667
4821179
4821691
4822203
4822715
4823227
4823739
4824251
4824763
4825275
4820668
4821180
4821692
4822204
4822716
4823228
4823740
4824252
4824764
4825276
4820669
4821181
4821693
4822205
4822717
4823229
4823741
4824253
4824765
4825277
4820670
4821182
4821694
4822206
4822718
4823230
4823742
4824254
4824766
4825278
4820671
4821183
4821695
4822207
4822719
4823231
4823743
4824255
4824767
4825279
4820672
4821184
4821696
4822208
4822720
4823232
4823744
4824256
4824768
4825280
4820673
4821185
4821697
4822209
4822721
4823233
4823745
4824257
4824769
4825281
4820674
4821186
4821698
4822210
4822722
4823234
4823746
4824258
4824770
4825282
