16125384
16125896
16126408
16126920
16127432
16127944
16128456
16128968
16129480
16129992
16125385
16125897
16126409
16126921
16127433
16127945
16128457
16128969
16129481
16129993
16125386
16125898
16126410
16126922
16127434
16127946
16128458
16128970
16129482
16129994
16125387
16125899
16126411
16126923
16127435
16127947
16128459
16128971
16129483
16129995
16125388
16125900
16126412
16126924
16127436
16127948
16128460
16128972
16129484
16129996
16125389
16125901
16126413
16126925
16127437
16127949
16128461
16128973
16129485
16129997
16125390
16125902
16126414
16126926
16127438
16127950
16128462
16128974
16129486
16129998
16125391
16125903
16126415
16126927
16127439
16127951
16128463
16128975
16129487
16129999
16125392
16125904
16126416
16126928
16127440
16127952
16128464
16128976
16129488
16130000
16125393
16125905
16126417
16126929
16127441
16127953
16128465
16128977
16129489
16130001
33502626
33503138
33503650
33504162
33504674
33505186
33505698
33506210
33506722
33507234
33502627
33503139
33503651
33504163
33504675
33505187
33505699
33506211
33506723
33507235
33502628
33503140
33503652
33504164
33504676
33505188
33505700
33506212
33506724
33507236
33502629
33503141
33503653
33504165
33504677
33505189
33505701
33506213
33506725
33507237
33502630
33503142
33503654
33504166
33504678
33505190
33505702
33506214
33506726
33507238
33502631
33503143
33503655
33504167
33504679
33505191
33505703
33506215
33506727
33507239
33502632
33503144
33503656
33504168
33504680
33505192
33505704
33506216
33506728
33507240
33502633
33503145
33503657
33504169
33504681
33505193
33505705
33506217
33506729
33507241
33502634
33503146
33503658
33504170
33504682
33505194
33505706
33506218
33506730
33507242
33502635
33503147
33503659
33504171
33504683
33505195
33505707
33506219
33506731
33507243
7641029
7641541
7642053
7642565
7643077
7643589
7644101
7644613
7645125
7645637
7641030
7641542
7642054
7642566
7643078
7643590
7644102
7644614
7645126
7645638
7641031
7641543
7642055
7642567
7643079
7643591
7644103
7644615
7645127
7645639
7641032
7641544
7642056
7642568
7643080
7643592
7644104
7644616
7645128
7645640
7641033
7641545
7642057
7642569
7643081
7643593
7644105
7644617
7645129
7645641
7641034
7641546
7642058
7642570
7643082
7643594
7644106
7644618
7645130
7645642
7641035
7641547
7642059
7642571
7643083
7643595
7644107
7644619
7645131
7645643
7641036
7641548
7642060
7642572
7643084
7643596
7644108
7644620
7645132
7645644
7641037
7641549
7642061
7642573
7643085
7643597
7644109
7644621
7645133
7645645
7641038
7641550
7642062
7642574
7643086
7643598
7644110
7644622
7645134
7645646
31595462
31595974
31596486
31596998
31597510
31598022
31598534
31599046
31599558
31600070
31595463
31595975
31596487
31596999
31597511
31598023
31598535
31599047
31599559
31600071
31595464
31595976
31596488
31597000
31597512
31598024
31598536
31599048
31599560
31600072
31595465
31595977
31596489
31597001
31597513
31598025
31598537
31599049
31599561
31600073
31595466
31595978
31596490
31597002
31597514
31598026
31598538
31599050
31599562
31600074
31595467
31595979
31596491
31597003
31597515
31598027
31598539
31599051
31599563
31600075
31595468
31595980
31596492
31597004
31597516
31598028
31598540
31599052
31599564
31600076
31595469
31595981
31596493
31597005
31597517
31598029
31598541
31599053
31599565
31600077
31595470
31595982
31596494
31597006
31597518
31598030
31598542
31599054
31599566
31600078
31595471
31595983
31596495
31597007
31597519
31598031
31598543
31599055
31599567
31600079
32992829
32993341
32993853
32994365
32994877
32995389
32995901
32996413
32996925
32997437
32992830
32993342
32993854
32994366
32994878
32995390
32995902
32996414
32996926
32997438
32992831
32993343
32993855
32994367
32994879
32995391
32995903
32996415
32996927
32997439
32992832
32993344
32993856
32994368
32994880
32995392
32995904
32996416
32996928
32997440
32992833
32993345
32993857
32994369
32994881
32995393
32995905
32996417
32996929
32997441
32992834
32993346
32993858
32994370
32994882
32995394
32995906
32996418
32996930
32997442
32992835
32993347
32993859
32994371
32994883
32995395
32995907
32996419
32996931
32997443
32992836
32993348
32993860
32994372
32994884
32995396
32995908
32996420
32996932
32997444
32992837
32993349
32993861
32994373
32994885
32995397
32995909
32996421
32996933
32997445
32992838
32993350
32993862
32994374
32994886
32995398
32995910
32996422
32996934
32997446
3258479
3258991
3259503
3260015
3260527
3261039
3261551
3262063
3262575
3263087
3258480
3258992
3259504
3260016
3260528
3261040
3261552
3262064
3262576
3263088
3258481
3258993
3259505
3260017
3260529
3261041
3261553
3262065
3262577
3263089
3258482
3258994
3259506
3260018
3260530
3261042
3261554
3262066
3262578
3263090
3258483
3258995
3259507
3260019
3260531
3261043
3261555
3262067
3262579
3263091
3258484
3258996
3259508
3260020
3260532
3261044
3261556
3262068
3262580
3263092
3258485
3258997
3259509
3260021
3260533
3261045
3261557
3262069
3262581
3263093
3258486
3258998
3259510
3260022
3260534
3261046
3261558
3262070
3262582
3263094
3258487
3258999
3259511
3260023
3260535
3261047
3261559
3262071
3262583
3263095
3258488
3259000
3259512
3260024
3260536
3261048
3261560
3262072
3262584
3263096
20238688
20239200
20239712
20240224
20240736
20241248
20241760
20242272
20242784
20243296
20238689
20239201
20239713
20240225
20240737
20241249
20241761
20242273
20242785
20243297
20238690
20239202
20239714
20240226
20240738
20241250
20241762
20242274
20242786
20243298
20238691
20239203
20239715
20240227
20240739
20241251
20241763
20242275
20242787
20243299
20238692
20239204
20239716
20240228
20240740
20241252
20241764
20242276
20242788
20243300
20238693
20239205
20239717
20240229
20240741
20241253
20241765
20242277
20242789
20243301
20238694
20239206
20239718
20240230
20240742
20241254
20241766
20242278
20242790
20243302
20238695
20239207
20239719
20240231
20240743
20241255
20241767
20242279
20242791
20243303
20238696
20239208
20239720
20240232
20240744
20241256
20241768
20242280
20242792
20243304
20238697
20239209
20239721
20240233
20240745
20241257
20241769
20242281
20242793
20243305
21593794
21594306
21594818
21595330
21595842
21596354
21596866
21597378
21597890
21598402
21593795
21594307
21594819
21595331
21595843
21596355
21596867
21597379
21597891
21598403
21593796
21594308
21594820
21595332
21595844
21596356
21596868
21597380
21597892
21598404
21593797
21594309
21594821
21595333
21595845
21596357
21596869
21597381
21597893
21598405
21593798
21594310
21594822
21595334
21595846
21596358
21596870
21597382
21597894
21598406
21593799
21594311
21594823
21595335
21595847
21596359
21596871
21597383
21597895
21598407
21593800
21594312
21594824
21595336
21595848
21596360
21596872
21597384
21597896
21598408
21593801
21594313
21594825
21595337
21595849
21596361
21596873
21597385
21597897
21598409
21593802
21594314
21594826
21595338
21595850
21596362
21596874
21597386
21597898
21598410
21593803
21594315
21594827
21595339
21595851
21596363
21596875
21597387
21597899
21598411
12892374
12892886
12893398
12893910
12894422
12894934
12895446
12895958
12896470
12896982
12892375
12892887
12893399
12893911
12894423
12894935
12895447
12895959
12896471
12896983
12892376
12892888
12893400
12893912
12894424
12894936
12895448
12895960
12896472
12896984
12892377
12892889
12893401
12893913
12894425
12894937
12895449
12895961
12896473
12896985
12892378
12892890
12893402
12893914
12894426
12894938
12895450
12895962
12896474
12896986
12892379
12892891
12893403
12893915
12894427
12894939
12895451
12895963
12896475
12896987
12892380
12892892
12893404
12893916
12894428
12894940
12895452
12895964
12896476
12896988
12892381
12892893
12893405
12893917
12894429
12894941
12895453
12895965
12896477
12896989
12892382
12892894
12893406
12893918
12894430
12894942
12895454
12895966
12896478
12896990
12892383
12892895
12893407
12893919
12894431
12894943
12895455
12895967
12896479
12896991
43501929
43502441
43502953
43503465
43503977
43504489
43505001
43505513
43506025
43506537
43501930
43502442
43502954
43503466
43503978
43504490
43505002
43505514
43506026
43506538
43501931
43502443
43502955
43503467
43503979
43504491
43505003
43505515
43506027
43506539
43501932
43502444
43502956
43503468
43503980
43504492
43505004
43505516
43506028
43506540
43501933
43502445
43502957
43503469
43503981
43504493
43505005
43505517
43506029
43506541
43501934
43502446
43502958
43503470
43503982
43504494
43505006
43505518
43506030
43506542
43501935
43502447
43502959
43503471
43503983
43504495
43505007
43505519
43506031
43506543
43501936
43502448
43502960
43503472
43503984
43504496
43505008
43505520
43506032
43506544
43501937
43502449
43502961
43503473
43503985
43504497
43505009
43505521
43506033
43506545
43501938
43502450
43502962
43503474
43503986
43504498
43505010
43505522
43506034
43506546
38214795
38215307
38215819
38216331
38216843
38217355
38217867
38218379
38218891
38219403
38214796
38215308
38215820
38216332
38216844
38217356
38217868
38218380
38218892
38219404
38214797
38215309
38215821
38216333
38216845
38217357
38217869
38218381
38218893
38219405
38214798
38215310
38215822
38216334
38216846
38217358
38217870
38218382
38218894
38219406
38214799
38215311
38215823
38216335
38216847
38217359
38217871
38218383
38218895
38219407
38214800
38215312
38215824
38216336
38216848
38217360
38217872
38218384
38218896
38219408
38214801
38215313
38215825
38216337
38216849
38217361
38217873
38218385
38218897
38219409
38214802
38215314
38215826
38216338
38216850
38217362
38217874
38218386
38218898
38219410
38214803
38215315
38215827
38216339
38216851
38217363
38217875
38218387
38218899
38219411
38214804
38215316
38215828
38216340
38216852
38217364
38217876
38218388
38218900
38219412
50041038
50041550
50042062
50042574
50043086
50043598
50044110
50044622
50045134
50045646
50041039
50041551
50042063
50042575
50043087
50043599
50044111
50044623
50045135
50045647
50041040
50041552
50042064
50042576
50043088
50043600
50044112
50044624
50045136
50045648
50041041
50041553
50042065
50042577
50043089
50043601
50044113
50044625
50045137
50045649
50041042
50041554
50042066
50042578
50043090
50043602
50044114
50044626
50045138
50045650
50041043
50041555
50042067
50042579
50043091
50043603
50044115
50044627
50045139
50045651
50041044
50041556
50042068
50042580
50043092
50043604
50044116
50044628
50045140
50045652
50041045
50041557
50042069
50042581
50043093
50043605
50044117
50044629
50045141
50045653
50041046
50041558
50042070
50042582
50043094
50043606
50044118
50044630
50045142
50045654
50041047
50041559
50042071
50042583
50043095
50043607
50044119
50044631
50045143
50045655
4379234
4379746
4380258
4380770
4381282
4381794
4382306
4382818
4383330
4383842
4379235
4379747
4380259
4380771
4381283
4381795
4382307
4382819
4383331
4383843
4379236
4379748
4380260
4380772
4381284
4381796
4382308
4382820
4383332
4383844
4379237
4379749
4380261
4380773
4381285
4381797
4382309
4382821
4383333
4383845
4379238
4379750
4380262
4380774
4381286
4381798
4382310
4382822
4383334
4383846
4379239
4379751
4380263
4380775
4381287
4381799
4382311
4382823
4383335
4383847
4379240
4379752
4380264
4380776
4381288
4381800
4382312
4382824
4383336
4383848
4379241
4379753
4380265
4380777
4381289
4381801
4382313
4382825
4383337
4383849
4379242
4379754
4380266
4380778
4381290
4381802
4382314
4382826
4383338
4383850
4379243
4379755
4380267
4380779
4381291
4381803
4382315
4382827
4383339
4383851
45644099
45644611
45645123
45645635
45646147
45646659
45647171
45647683
45648195
45648707
45644100
45644612
45645124
45645636
45646148
45646660
45647172
45647684
45648196
45648708
45644101
45644613
45645125
45645637
45646149
45646661
45647173
45647685
45648197
45648709
45644102
45644614
45645126
45645638
45646150
45646662
45647174
45647686
45648198
45648710
45644103
45644615
45645127
45645639
45646151
45646663
45647175
45647687
45648199
45648711
45644104
45644616
45645128
45645640
45646152
45646664
45647176
45647688
45648200
45648712
45644105
45644617
45645129
45645641
45646153
45646665
45647177
45647689
45648201
45648713
45644106
45644618
45645130
45645642
45646154
45646666
45647178
45647690
45648202
45648714
45644107
45644619
45645131
45645643
45646155
45646667
45647179
45647691
45648203
45648715
45644108
45644620
45645132
45645644
45646156
45646668
45647180
45647692
45648204
45648716
21311469
21311981
21312493
21313005
21313517
21314029
21314541
21315053
21315565
21316077
21311470
21311982
21312494
21313006
21313518
21314030
21314542
21315054
21315566
21316078
21311471
21311983
21312495
21313007
21313519
21314031
21314543
21315055
21315567
21316079
21311472
21311984
21312496
21313008
21313520
21314032
21314544
21315056
21315568
21316080
21311473
21311985
21312497
21313009
21313521
21314033
21314545
21315057
21315569
21316081
21311474
21311986
21312498
21313010
21313522
21314034
21314546
21315058
21315570
21316082
21311475
21311987
21312499
21313011
21313523
21314035
21314547
21315059
21315571
21316083
21311476
21311988
21312500
21313012
21313524
21314036
21314548
21315060
21315572
21316084
21311477
21311989
21312501
21313013
21313525
21314037
21314549
21315061
21315573
21316085
21311478
21311990
21312502
21313014
21313526
21314038
21314550
21315062
21315574
21316086
45477165
45477677
45478189
45478701
45479213
45479725
45480237
45480749
45481261
45481773
45477166
45477678
45478190
45478702
45479214
45479726
45480238
45480750
45481262
45481774
45477167
45477679
45478191
45478703
45479215
45479727
45480239
45480751
45481263
45481775
45477168
45477680
45478192
45478704
45479216
45479728
45480240
45480752
45481264
45481776
45477169
45477681
45478193
45478705
45479217
45479729
45480241
45480753
45481265
45481777
45477170
45477682
45478194
45478706
45479218
45479730
45480242
45480754
45481266
45481778
45477171
45477683
45478195
45478707
45479219
45479731
45480243
45480755
45481267
45481779
45477172
45477684
45478196
45478708
45479220
45479732
45480244
45480756
45481268
45481780
45477173
45477685
45478197
45478709
45479221
45479733
45480245
45480757
45481269
45481781
45477174
45477686
45478198
45478710
45479222
45479734
45480246
45480758
45481270
45481782
43935845
43936357
43936869
43937381
43937893
43938405
43938917
43939429
43939941
43940453
43935846
43936358
43936870
43937382
43937894
43938406
43938918
43939430
43939942
43940454
43935847
43936359
43936871
43937383
43937895
43938407
43938919
43939431
43939943
43940455
43935848
43936360
43936872
43937384
43937896
43938408
43938920
43939432
43939944
43940456
43935849
43936361
43936873
43937385
43937897
43938409
43938921
43939433
43939945
43940457
43935850
43936362
43936874
43937386
43937898
43938410
43938922
43939434
43939946
43940458
43935851
43936363
43936875
43937387
43937899
43938411
43938923
43939435
43939947
43940459
43935852
43936364
43936876
43937388
43937900
43938412
43938924
43939436
43939948
43940460
43935853
43936365
43936877
43937389
43937901
43938413
43938925
43939437
43939949
43940461
43935854
43936366
43936878
43937390
43937902
43938414
43938926
43939438
43939950
43940462
48686855
48687367
48687879
48688391
48688903
48689415
48689927
48690439
48690951
48691463
48686856
48687368
48687880
48688392
48688904
48689416
48689928
48690440
48690952
48691464
48686857
48687369
48687881
48688393
48688905
48689417
48689929
48690441
48690953
48691465
48686858
48687370
48687882
48688394
48688906
48689418
48689930
48690442
48690954
48691466
48686859
48687371
48687883
48688395
48688907
48689419
48689931
48690443
48690955
48691467
48686860
48687372
48687884
48688396
48688908
48689420
48689932
48690444
48690956
48691468
48686861
48687373
48687885
48688397
48688909
48689421
48689933
48690445
48690957
48691469
48686862
48687374
48687886
48688398
48688910
48689422
48689934
48690446
48690958
48691470
48686863
48687375
48687887
48688399
48688911
48689423
48689935
48690447
48690959
48691471
48686864
48687376
48687888
48688400
48688912
48689424
48689936
48690448
48690960
48691472
15578168
15578680
15579192
15579704
15580216
15580728
15581240
15581752
15582264
15582776
15578169
15578681
15579193
15579705
15580217
15580729
15581241
15581753
15582265
15582777
15578170
15578682
15579194
15579706
15580218
15580730
15581242
15581754
15582266
15582778
15578171
15578683
15579195
15579707
15580219
15580731
15581243
15581755
15582267
15582779
15578172
15578684
15579196
15579708
15580220
15580732
15581244
15581756
15582268
15582780
15578173
15578685
15579197
15579709
15580221
15580733
15581245
15581757
15582269
15582781
15578174
15578686
15579198
15579710
15580222
15580734
15581246
15581758
15582270
15582782
15578175
15578687
15579199
15579711
15580223
15580735
15581247
15581759
15582271
15582783
15578176
15578688
15579200
15579712
15580224
15580736
15581248
15581760
15582272
15582784
15578177
15578689
15579201
15579713
15580225
15580737
15581249
15581761
15582273
15582785
47497739
47498251
47498763
47499275
47499787
47500299
47500811
47501323
47501835
47502347
47497740
47498252
47498764
47499276
47499788
47500300
47500812
47501324
47501836
47502348
47497741
47498253
47498765
47499277
47499789
47500301
47500813
47501325
47501837
47502349
47497742
47498254
47498766
47499278
47499790
47500302
47500814
47501326
47501838
47502350
47497743
47498255
47498767
47499279
47499791
47500303
47500815
47501327
47501839
47502351
47497744
47498256
47498768
47499280
47499792
47500304
47500816
47501328
47501840
47502352
47497745
47498257
47498769
47499281
47499793
47500305
47500817
47501329
47501841
47502353
47497746
47498258
47498770
47499282
47499794
47500306
47500818
47501330
47501842
47502354
47497747
47498259
47498771
47499283
47499795
47500307
47500819
47501331
47501843
47502355
47497748
47498260
47498772
47499284
47499796
47500308
47500820
47501332
47501844
47502356
28618586
28619098
28619610
28620122
28620634
28621146
28621658
28622170
28622682
28623194
28618587
28619099
28619611
28620123
28620635
28621147
28621659
28622171
28622683
28623195
28618588
28619100
28619612
28620124
28620636
28621148
28621660
28622172
28622684
28623196
28618589
28619101
28619613
28620125
28620637
28621149
28621661
28622173
28622685
28623197
28618590
28619102
28619614
28620126
28620638
28621150
28621662
28622174
28622686
28623198
28618591
28619103
28619615
28620127
28620639
28621151
28621663
28622175
28622687
28623199
28618592
28619104
28619616
28620128
28620640
28621152
28621664
28622176
28622688
28623200
28618593
28619105
28619617
28620129
28620641
28621153
28621665
28622177
28622689
28623201
28618594
28619106
28619618
28620130
28620642
28621154
28621666
28622178
28622690
28623202
28618595
28619107
28619619
28620131
28620643
28621155
28621667
28622179
28622691
28623203
31488881
31489393
31489905
31490417
31490929
31491441
31491953
31492465
31492977
31493489
31488882
31489394
31489906
31490418
31490930
31491442
31491954
31492466
31492978
31493490
31488883
31489395
31489907
31490419
31490931
31491443
31491955
31492467
31492979
31493491
31488884
31489396
31489908
31490420
31490932
31491444
31491956
31492468
31492980
31493492
31488885
31489397
31489909
31490421
31490933
31491445
31491957
31492469
31492981
31493493
31488886
31489398
31489910
31490422
31490934
31491446
31491958
31492470
31492982
31493494
31488887
31489399
31489911
31490423
31490935
31491447
31491959
31492471
31492983
31493495
31488888
31489400
31489912
31490424
31490936
31491448
31491960
31492472
31492984
31493496
31488889
31489401
31489913
31490425
31490937
31491449
31491961
31492473
31492985
31493497
31488890
31489402
31489914
31490426
31490938
31491450
31491962
31492474
31492986
31493498
30196775
30197287
30197799
30198311
30198823
30199335
30199847
30200359
30200871
30201383
30196776
30197288
30197800
30198312
30198824
30199336
30199848
30200360
30200872
30201384
30196777
30197289
30197801
30198313
30198825
30199337
30199849
30200361
30200873
30201385
30196778
30197290
30197802
30198314
30198826
30199338
30199850
30200362
30200874
30201386
30196779
30197291
30197803
30198315
30198827
30199339
30199851
30200363
30200875
30201387
30196780
30197292
30197804
30198316
30198828
30199340
30199852
30200364
30200876
30201388
30196781
30197293
30197805
30198317
30198829
30199341
30199853
30200365
30200877
30201389
30196782
30197294
30197806
30198318
30198830
30199342
30199854
30200366
30200878
30201390
30196783
30197295
30197807
30198319
30198831
30199343
30199855
30200367
30200879
30201391
30196784
30197296
30197808
30198320
30198832
30199344
30199856
30200368
30200880
30201392
4239487
4239999
4240511
4241023
4241535
4242047
4242559
4243071
4243583
4244095
4239488
4240000
4240512
4241024
4241536
4242048
4242560
4243072
4243584
4244096
4239489
4240001
4240513
4241025
4241537
4242049
4242561
4243073
4243585
4244097
4239490
4240002
4240514
4241026
4241538
4242050
4242562
4243074
4243586
4244098
4239491
4240003
4240515
4241027
4241539
4242051
4242563
4243075
4243587
4244099
4239492
4240004
4240516
4241028
4241540
4242052
4242564
4243076
4243588
4244100
4239493
4240005
4240517
4241029
4241541
4242053
4242565
4243077
4243589
4244101
4239494
4240006
4240518
4241030
4241542
4242054
4242566
4243078
4243590
4244102
4239495
4240007
4240519
4241031
4241543
4242055
4242567
4243079
4243591
4244103
4239496
4240008
4240520
4241032
4241544
4242056
4242568
4243080
4243592
4244104
33987975
33988487
33988999
33989511
33990023
33990535
33991047
33991559
33992071
33992583
33987976
33988488
33989000
33989512
33990024
33990536
33991048
33991560
33992072
33992584
33987977
33988489
33989001
33989513
33990025
33990537
33991049
33991561
33992073
33992585
33987978
33988490
33989002
33989514
33990026
33990538
33991050
33991562
33992074
33992586
33987979
33988491
33989003
33989515
33990027
33990539
33991051
33991563
33992075
33992587
33987980
33988492
33989004
33989516
33990028
33990540
33991052
33991564
33992076
33992588
33987981
33988493
33989005
33989517
33990029
33990541
33991053
33991565
33992077
33992589
33987982
33988494
33989006
33989518
33990030
33990542
33991054
33991566
33992078
33992590
33987983
33988495
33989007
33989519
33990031
33990543
33991055
33991567
33992079
33992591
33987984
33988496
33989008
33989520
33990032
33990544
33991056
33991568
33992080
33992592
50323722
50324234
50324746
50325258
50325770
50326282
50326794
50327306
50327818
50328330
50323723
50324235
50324747
50325259
50325771
50326283
50326795
50327307
50327819
50328331
50323724
50324236
50324748
50325260
50325772
50326284
50326796
50327308
50327820
50328332
50323725
50324237
50324749
50325261
50325773
50326285
50326797
50327309
50327821
50328333
50323726
50324238
50324750
50325262
50325774
50326286
50326798
50327310
50327822
50328334
50323727
50324239
50324751
50325263
50325775
50326287
50326799
50327311
50327823
50328335
50323728
50324240
50324752
50325264
50325776
50326288
50326800
50327312
50327824
50328336
50323729
50324241
50324753
50325265
50325777
50326289
50326801
50327313
50327825
50328337
50323730
50324242
50324754
50325266
50325778
50326290
50326802
50327314
50327826
50328338
50323731
50324243
50324755
50325267
50325779
50326291
50326803
50327315
50327827
50328339
17204466
17204978
17205490
17206002
17206514
17207026
17207538
17208050
17208562
17209074
17204467
17204979
17205491
17206003
17206515
17207027
17207539
17208051
17208563
17209075
17204468
17204980
17205492
17206004
17206516
17207028
17207540
17208052
17208564
17209076
17204469
17204981
17205493
17206005
17206517
17207029
17207541
17208053
17208565
17209077
17204470
17204982
17205494
17206006
17206518
17207030
17207542
17208054
17208566
17209078
17204471
17204983
17205495
17206007
17206519
17207031
17207543
17208055
17208567
17209079
17204472
17204984
17205496
17206008
17206520
17207032
17207544
17208056
17208568
17209080
17204473
17204985
17205497
17206009
17206521
17207033
17207545
17208057
17208569
17209081
17204474
17204986
17205498
17206010
17206522
17207034
17207546
17208058
17208570
17209082
17204475
17204987
17205499
17206011
17206523
17207035
17207547
17208059
17208571
17209083
26922260
26922772
26923284
26923796
26924308
26924820
26925332
26925844
26926356
26926868
26922261
26922773
26923285
26923797
26924309
26924821
26925333
26925845
26926357
26926869
26922262
26922774
26923286
26923798
26924310
26924822
26925334
26925846
26926358
26926870
26922263
26922775
26923287
26923799
26924311
26924823
26925335
26925847
26926359
26926871
26922264
26922776
26923288
26923800
26924312
26924824
26925336
26925848
26926360
26926872
26922265
26922777
26923289
26923801
26924313
26924825
26925337
26925849
26926361
26926873
26922266
26922778
26923290
26923802
26924314
26924826
26925338
26925850
26926362
26926874
26922267
26922779
26923291
26923803
26924315
26924827
26925339
26925851
26926363
26926875
26922268
26922780
26923292
26923804
26924316
26924828
26925340
26925852
26926364
26926876
26922269
26922781
26923293
26923805
26924317
26924829
26925341
26925853
26926365
26926877
6604567
6605079
6605591
6606103
6606615
6607127
6607639
6608151
6608663
6609175
6604568
6605080
6605592
6606104
6606616
6607128
6607640
6608152
6608664
6609176
6604569
6605081
6605593
6606105
6606617
6607129
6607641
6608153
6608665
6609177
6604570
6605082
6605594
6606106
6606618
6607130
6607642
6608154
6608666
6609178
6604571
6605083
6605595
6606107
6606619
6607131
6607643
6608155
6608667
6609179
6604572
6605084
6605596
6606108
6606620
6607132
6607644
6608156
6608668
6609180
6604573
6605085
6605597
6606109
6606621
6607133
6607645
6608157
6608669
6609181
6604574
6605086
6605598
6606110
6606622
6607134
6607646
6608158
6608670
6609182
6604575
6605087
6605599
6606111
6606623
6607135
6607647
6608159
6608671
6609183
6604576
6605088
6605600
6606112
6606624
6607136
6607648
6608160
6608672
6609184
41037329
41037841
41038353
41038865
41039377
41039889
41040401
41040913
41041425
41041937
41037330
41037842
41038354
41038866
41039378
41039890
41040402
41040914
41041426
41041938
41037331
41037843
41038355
41038867
41039379
41039891
41040403
41040915
41041427
41041939
41037332
41037844
41038356
41038868
41039380
41039892
41040404
41040916
41041428
41041940
41037333
41037845
41038357
41038869
41039381
41039893
41040405
41040917
41041429
41041941
41037334
41037846
41038358
41038870
41039382
41039894
41040406
41040918
41041430
41041942
41037335
41037847
41038359
41038871
41039383
41039895
41040407
41040919
41041431
41041943
41037336
41037848
41038360
41038872
41039384
41039896
41040408
41040920
41041432
41041944
41037337
41037849
41038361
41038873
41039385
41039897
41040409
41040921
41041433
41041945
41037338
41037850
41038362
41038874
41039386
41039898
41040410
41040922
41041434
41041946
