44712912
44713424
44713936
44714448
44714960
44715472
44715984
44716496
44717008
44717520
44712913
44713425
44713937
44714449
44714961
44715473
44715985
44716497
44717009
44717521
44712914
44713426
44713938
44714450
44714962
44715474
44715986
44716498
44717010
44717522
44712915
44713427
44713939
44714451
44714963
44715475
44715987
44716499
44717011
44717523
44712916
44713428
44713940
44714452
44714964
44715476
44715988
44716500
44717012
44717524
44712917
44713429
44713941
44714453
44714965
44715477
44715989
44716501
44717013
44717525
44712918
44713430
44713942
44714454
44714966
44715478
44715990
44716502
44717014
44717526
44712919
44713431
44713943
44714455
44714967
44715479
44715991
44716503
44717015
44717527
44712920
44713432
44713944
44714456
44714968
44715480
44715992
44716504
44717016
44717528
44712921
44713433
44713945
44714457
44714969
44715481
44715993
44716505
44717017
44717529
50945168
50945680
50946192
50946704
50947216
50947728
50948240
50948752
50949264
50949776
50945169
50945681
50946193
50946705
50947217
50947729
50948241
50948753
50949265
50949777
50945170
50945682
50946194
50946706
50947218
50947730
50948242
50948754
50949266
50949778
50945171
50945683
50946195
50946707
50947219
50947731
50948243
50948755
50949267
50949779
50945172
50945684
50946196
50946708
50947220
50947732
50948244
50948756
50949268
50949780
50945173
50945685
50946197
50946709
50947221
50947733
50948245
50948757
50949269
50949781
50945174
50945686
50946198
50946710
50947222
50947734
50948246
50948758
50949270
50949782
50945175
50945687
50946199
50946711
50947223
50947735
50948247
50948759
50949271
50949783
50945176
50945688
50946200
50946712
50947224
50947736
50948248
50948760
50949272
50949784
50945177
50945689
50946201
50946713
50947225
50947737
50948249
50948761
50949273
50949785
9071854
9072366
9072878
9073390
9073902
9074414
9074926
9075438
9075950
9076462
9071855
9072367
9072879
9073391
9073903
9074415
9074927
9075439
9075951
9076463
9071856
9072368
9072880
9073392
9073904
9074416
9074928
9075440
9075952
9076464
9071857
9072369
9072881
9073393
9073905
9074417
9074929
9075441
9075953
9076465
9071858
9072370
9072882
9073394
9073906
9074418
9074930
9075442
9075954
9076466
9071859
9072371
9072883
9073395
9073907
9074419
9074931
9075443
9075955
9076467
9071860
9072372
9072884
9073396
9073908
9074420
9074932
9075444
9075956
9076468
9071861
9072373
9072885
9073397
9073909
9074421
9074933
9075445
9075957
9076469
9071862
9072374
9072886
9073398
9073910
9074422
9074934
9075446
9075958
9076470
9071863
9072375
9072887
9073399
9073911
9074423
9074935
9075447
9075959
9076471
61175911
61176423
61176935
61177447
61177959
61178471
61178983
61179495
61180007
61180519
61175912
61176424
61176936
61177448
61177960
61178472
61178984
61179496
61180008
61180520
61175913
61176425
61176937
61177449
61177961
61178473
61178985
61179497
61180009
61180521
61175914
61176426
61176938
61177450
61177962
61178474
61178986
61179498
61180010
61180522
61175915
61176427
61176939
61177451
61177963
61178475
61178987
61179499
61180011
61180523
61175916
61176428
61176940
61177452
61177964
61178476
61178988
61179500
61180012
61180524
61175917
61176429
61176941
61177453
61177965
61178477
61178989
61179501
61180013
61180525
61175918
61176430
61176942
61177454
61177966
61178478
61178990
61179502
61180014
61180526
61175919
61176431
61176943
61177455
61177967
61178479
61178991
61179503
61180015
61180527
61175920
61176432
61176944
61177456
61177968
61178480
61178992
61179504
61180016
61180528
51306438
51306950
51307462
51307974
51308486
51308998
51309510
51310022
51310534
51311046
51306439
51306951
51307463
51307975
51308487
51308999
51309511
51310023
51310535
51311047
51306440
51306952
51307464
51307976
51308488
51309000
51309512
51310024
51310536
51311048
51306441
51306953
51307465
51307977
51308489
51309001
51309513
51310025
51310537
51311049
51306442
51306954
51307466
51307978
51308490
51309002
51309514
51310026
51310538
51311050
51306443
51306955
51307467
51307979
51308491
51309003
51309515
51310027
51310539
51311051
51306444
51306956
51307468
51307980
51308492
51309004
51309516
51310028
51310540
51311052
51306445
51306957
51307469
51307981
51308493
51309005
51309517
51310029
51310541
51311053
51306446
51306958
51307470
51307982
51308494
51309006
51309518
51310030
51310542
51311054
51306447
51306959
51307471
51307983
51308495
51309007
51309519
51310031
51310543
51311055
5681705
5682217
5682729
5683241
5683753
5684265
5684777
5685289
5685801
5686313
5681706
5682218
5682730
5683242
5683754
5684266
5684778
5685290
5685802
5686314
5681707
5682219
5682731
5683243
5683755
5684267
5684779
5685291
5685803
5686315
5681708
5682220
5682732
5683244
5683756
5684268
5684780
5685292
5685804
5686316
5681709
5682221
5682733
5683245
5683757
5684269
5684781
5685293
5685805
5686317
5681710
5682222
5682734
5683246
5683758
5684270
5684782
5685294
5685806
5686318
5681711
5682223
5682735
5683247
5683759
5684271
5684783
5685295
5685807
5686319
5681712
5682224
5682736
5683248
5683760
5684272
5684784
5685296
5685808
5686320
5681713
5682225
5682737
5683249
5683761
5684273
5684785
5685297
5685809
5686321
5681714
5682226
5682738
5683250
5683762
5684274
5684786
5685298
5685810
5686322
55114675
55115187
55115699
55116211
55116723
55117235
55117747
55118259
55118771
55119283
55114676
55115188
55115700
55116212
55116724
55117236
55117748
55118260
55118772
55119284
55114677
55115189
55115701
55116213
55116725
55117237
55117749
55118261
55118773
55119285
55114678
55115190
55115702
55116214
55116726
55117238
55117750
55118262
55118774
55119286
55114679
55115191
55115703
55116215
55116727
55117239
55117751
55118263
55118775
55119287
55114680
55115192
55115704
55116216
55116728
55117240
55117752
55118264
55118776
55119288
55114681
55115193
55115705
55116217
55116729
55117241
55117753
55118265
55118777
55119289
55114682
55115194
55115706
55116218
55116730
55117242
55117754
55118266
55118778
55119290
55114683
55115195
55115707
55116219
55116731
55117243
55117755
55118267
55118779
55119291
55114684
55115196
55115708
55116220
55116732
55117244
55117756
55118268
55118780
55119292
62190056
62190568
62191080
62191592
62192104
62192616
62193128
62193640
62194152
62194664
62190057
62190569
62191081
62191593
62192105
62192617
62193129
62193641
62194153
62194665
62190058
62190570
62191082
62191594
62192106
62192618
62193130
62193642
62194154
62194666
62190059
62190571
62191083
62191595
62192107
62192619
62193131
62193643
62194155
62194667
62190060
62190572
62191084
62191596
62192108
62192620
62193132
62193644
62194156
62194668
62190061
62190573
62191085
62191597
62192109
62192621
62193133
62193645
62194157
62194669
62190062
62190574
62191086
62191598
62192110
62192622
62193134
62193646
62194158
62194670
62190063
62190575
62191087
62191599
62192111
62192623
62193135
62193647
62194159
62194671
62190064
62190576
62191088
62191600
62192112
62192624
62193136
62193648
62194160
62194672
62190065
62190577
62191089
62191601
62192113
62192625
62193137
62193649
62194161
62194673
12294226
12294738
12295250
12295762
12296274
12296786
12297298
12297810
12298322
12298834
12294227
12294739
12295251
12295763
12296275
12296787
12297299
12297811
12298323
12298835
12294228
12294740
12295252
12295764
12296276
12296788
12297300
12297812
12298324
12298836
12294229
12294741
12295253
12295765
12296277
12296789
12297301
12297813
12298325
12298837
12294230
12294742
12295254
12295766
12296278
12296790
12297302
12297814
12298326
12298838
12294231
12294743
12295255
12295767
12296279
12296791
12297303
12297815
12298327
12298839
12294232
12294744
12295256
12295768
12296280
12296792
12297304
12297816
12298328
12298840
12294233
12294745
12295257
12295769
12296281
12296793
12297305
12297817
12298329
12298841
12294234
12294746
12295258
12295770
12296282
12296794
12297306
12297818
12298330
12298842
12294235
12294747
12295259
12295771
12296283
12296795
12297307
12297819
12298331
12298843
16704180
16704692
16705204
16705716
16706228
16706740
16707252
16707764
16708276
16708788
16704181
16704693
16705205
16705717
16706229
16706741
16707253
16707765
16708277
16708789
16704182
16704694
16705206
16705718
16706230
16706742
16707254
16707766
16708278
16708790
16704183
16704695
16705207
16705719
16706231
16706743
16707255
16707767
16708279
16708791
16704184
16704696
16705208
16705720
16706232
16706744
16707256
16707768
16708280
16708792
16704185
16704697
16705209
16705721
16706233
16706745
16707257
16707769
16708281
16708793
16704186
16704698
16705210
16705722
16706234
16706746
16707258
16707770
16708282
16708794
16704187
16704699
16705211
16705723
16706235
16706747
16707259
16707771
16708283
16708795
16704188
16704700
16705212
16705724
16706236
16706748
16707260
16707772
16708284
16708796
16704189
16704701
16705213
16705725
16706237
16706749
16707261
16707773
16708285
16708797
44852533
44853045
44853557
44854069
44854581
44855093
44855605
44856117
44856629
44857141
44852534
44853046
44853558
44854070
44854582
44855094
44855606
44856118
44856630
44857142
44852535
44853047
44853559
44854071
44854583
44855095
44855607
44856119
44856631
44857143
44852536
44853048
44853560
44854072
44854584
44855096
44855608
44856120
44856632
44857144
44852537
44853049
44853561
44854073
44854585
44855097
44855609
44856121
44856633
44857145
44852538
44853050
44853562
44854074
44854586
44855098
44855610
44856122
44856634
44857146
44852539
44853051
44853563
44854075
44854587
44855099
44855611
44856123
44856635
44857147
44852540
44853052
44853564
44854076
44854588
44855100
44855612
44856124
44856636
44857148
44852541
44853053
44853565
44854077
44854589
44855101
44855613
44856125
44856637
44857149
44852542
44853054
44853566
44854078
44854590
44855102
44855614
44856126
44856638
44857150
63141568
63142080
63142592
63143104
63143616
63144128
63144640
63145152
63145664
63146176
63141569
63142081
63142593
63143105
63143617
63144129
63144641
63145153
63145665
63146177
63141570
63142082
63142594
63143106
63143618
63144130
63144642
63145154
63145666
63146178
63141571
63142083
63142595
63143107
63143619
63144131
63144643
63145155
63145667
63146179
63141572
63142084
63142596
63143108
63143620
63144132
63144644
63145156
63145668
63146180
63141573
63142085
63142597
63143109
63143621
63144133
63144645
63145157
63145669
63146181
63141574
63142086
63142598
63143110
63143622
63144134
63144646
63145158
63145670
63146182
63141575
63142087
63142599
63143111
63143623
63144135
63144647
63145159
63145671
63146183
63141576
63142088
63142600
63143112
63143624
63144136
63144648
63145160
63145672
63146184
63141577
63142089
63142601
63143113
63143625
63144137
63144649
63145161
63145673
63146185
31007552
31008064
31008576
31009088
31009600
31010112
31010624
31011136
31011648
31012160
31007553
31008065
31008577
31009089
31009601
31010113
31010625
31011137
31011649
31012161
31007554
31008066
31008578
31009090
31009602
31010114
31010626
31011138
31011650
31012162
31007555
31008067
31008579
31009091
31009603
31010115
31010627
31011139
31011651
31012163
31007556
31008068
31008580
31009092
31009604
31010116
31010628
31011140
31011652
31012164
31007557
31008069
31008581
31009093
31009605
31010117
31010629
31011141
31011653
31012165
31007558
31008070
31008582
31009094
31009606
31010118
31010630
31011142
31011654
31012166
31007559
31008071
31008583
31009095
31009607
31010119
31010631
31011143
31011655
31012167
31007560
31008072
31008584
31009096
31009608
31010120
31010632
31011144
31011656
31012168
31007561
31008073
31008585
31009097
31009609
31010121
31010633
31011145
31011657
31012169
16435744
16436256
16436768
16437280
16437792
16438304
16438816
16439328
16439840
16440352
16435745
16436257
16436769
16437281
16437793
16438305
16438817
16439329
16439841
16440353
16435746
16436258
16436770
16437282
16437794
16438306
16438818
16439330
16439842
16440354
16435747
16436259
16436771
16437283
16437795
16438307
16438819
16439331
16439843
16440355
16435748
16436260
16436772
16437284
16437796
16438308
16438820
16439332
16439844
16440356
16435749
16436261
16436773
16437285
16437797
16438309
16438821
16439333
16439845
16440357
16435750
16436262
16436774
16437286
16437798
16438310
16438822
16439334
16439846
16440358
16435751
16436263
16436775
16437287
16437799
16438311
16438823
16439335
16439847
16440359
16435752
16436264
16436776
16437288
16437800
16438312
16438824
16439336
16439848
16440360
16435753
16436265
16436777
16437289
16437801
16438313
16438825
16439337
16439849
16440361
12926369
12926881
12927393
12927905
12928417
12928929
12929441
12929953
12930465
12930977
12926370
12926882
12927394
12927906
12928418
12928930
12929442
12929954
12930466
12930978
12926371
12926883
12927395
12927907
12928419
12928931
12929443
12929955
12930467
12930979
12926372
12926884
12927396
12927908
12928420
12928932
12929444
12929956
12930468
12930980
12926373
12926885
12927397
12927909
12928421
12928933
12929445
12929957
12930469
12930981
12926374
12926886
12927398
12927910
12928422
12928934
12929446
12929958
12930470
12930982
12926375
12926887
12927399
12927911
12928423
12928935
12929447
12929959
12930471
12930983
12926376
12926888
12927400
12927912
12928424
12928936
12929448
12929960
12930472
12930984
12926377
12926889
12927401
12927913
12928425
12928937
12929449
12929961
12930473
12930985
12926378
12926890
12927402
12927914
12928426
12928938
12929450
12929962
12930474
12930986
53061034
53061546
53062058
53062570
53063082
53063594
53064106
53064618
53065130
53065642
53061035
53061547
53062059
53062571
53063083
53063595
53064107
53064619
53065131
53065643
53061036
53061548
53062060
53062572
53063084
53063596
53064108
53064620
53065132
53065644
53061037
53061549
53062061
53062573
53063085
53063597
53064109
53064621
53065133
53065645
53061038
53061550
53062062
53062574
53063086
53063598
53064110
53064622
53065134
53065646
53061039
53061551
53062063
53062575
53063087
53063599
53064111
53064623
53065135
53065647
53061040
53061552
53062064
53062576
53063088
53063600
53064112
53064624
53065136
53065648
53061041
53061553
53062065
53062577
53063089
53063601
53064113
53064625
53065137
53065649
53061042
53061554
53062066
53062578
53063090
53063602
53064114
53064626
53065138
53065650
53061043
53061555
53062067
53062579
53063091
53063603
53064115
53064627
53065139
53065651
12710015
12710527
12711039
12711551
12712063
12712575
12713087
12713599
12714111
12714623
12710016
12710528
12711040
12711552
12712064
12712576
12713088
12713600
12714112
12714624
12710017
12710529
12711041
12711553
12712065
12712577
12713089
12713601
12714113
12714625
12710018
12710530
12711042
12711554
12712066
12712578
12713090
12713602
12714114
12714626
12710019
12710531
12711043
12711555
12712067
12712579
12713091
12713603
12714115
12714627
12710020
12710532
12711044
12711556
12712068
12712580
12713092
12713604
12714116
12714628
12710021
12710533
12711045
12711557
12712069
12712581
12713093
12713605
12714117
12714629
12710022
12710534
12711046
12711558
12712070
12712582
12713094
12713606
12714118
12714630
12710023
12710535
12711047
12711559
12712071
12712583
12713095
12713607
12714119
12714631
12710024
12710536
12711048
12711560
12712072
12712584
12713096
12713608
12714120
12714632
66630313
66630825
66631337
66631849
66632361
66632873
66633385
66633897
66634409
66634921
66630314
66630826
66631338
66631850
66632362
66632874
66633386
66633898
66634410
66634922
66630315
66630827
66631339
66631851
66632363
66632875
66633387
66633899
66634411
66634923
66630316
66630828
66631340
66631852
66632364
66632876
66633388
66633900
66634412
66634924
66630317
66630829
66631341
66631853
66632365
66632877
66633389
66633901
66634413
66634925
66630318
66630830
66631342
66631854
66632366
66632878
66633390
66633902
66634414
66634926
66630319
66630831
66631343
66631855
66632367
66632879
66633391
66633903
66634415
66634927
66630320
66630832
66631344
66631856
66632368
66632880
66633392
66633904
66634416
66634928
66630321
66630833
66631345
66631857
66632369
66632881
66633393
66633905
66634417
66634929
66630322
66630834
66631346
66631858
66632370
66632882
66633394
66633906
66634418
66634930
30367374
30367886
30368398
30368910
30369422
30369934
30370446
30370958
30371470
30371982
30367375
30367887
30368399
30368911
30369423
30369935
30370447
30370959
30371471
30371983
30367376
30367888
30368400
30368912
30369424
30369936
30370448
30370960
30371472
30371984
30367377
30367889
30368401
30368913
30369425
30369937
30370449
30370961
30371473
30371985
30367378
30367890
30368402
30368914
30369426
30369938
30370450
30370962
30371474
30371986
30367379
30367891
30368403
30368915
30369427
30369939
30370451
30370963
30371475
30371987
30367380
30367892
30368404
30368916
30369428
30369940
30370452
30370964
30371476
30371988
30367381
30367893
30368405
30368917
30369429
30369941
30370453
30370965
30371477
30371989
30367382
30367894
30368406
30368918
30369430
30369942
30370454
30370966
30371478
30371990
30367383
30367895
30368407
30368919
30369431
30369943
30370455
30370967
30371479
30371991
25725148
25725660
25726172
25726684
25727196
25727708
25728220
25728732
25729244
25729756
25725149
25725661
25726173
25726685
25727197
25727709
25728221
25728733
25729245
25729757
25725150
25725662
25726174
25726686
25727198
25727710
25728222
25728734
25729246
25729758
25725151
25725663
25726175
25726687
25727199
25727711
25728223
25728735
25729247
25729759
25725152
25725664
25726176
25726688
25727200
25727712
25728224
25728736
25729248
25729760
25725153
25725665
25726177
25726689
25727201
25727713
25728225
25728737
25729249
25729761
25725154
25725666
25726178
25726690
25727202
25727714
25728226
25728738
25729250
25729762
25725155
25725667
25726179
25726691
25727203
25727715
25728227
25728739
25729251
25729763
25725156
25725668
25726180
25726692
25727204
25727716
25728228
25728740
25729252
25729764
25725157
25725669
25726181
25726693
25727205
25727717
25728229
25728741
25729253
25729765
10043338
10043850
10044362
10044874
10045386
10045898
10046410
10046922
10047434
10047946
10043339
10043851
10044363
10044875
10045387
10045899
10046411
10046923
10047435
10047947
10043340
10043852
10044364
10044876
10045388
10045900
10046412
10046924
10047436
10047948
10043341
10043853
10044365
10044877
10045389
10045901
10046413
10046925
10047437
10047949
10043342
10043854
10044366
10044878
10045390
10045902
10046414
10046926
10047438
10047950
10043343
10043855
10044367
10044879
10045391
10045903
10046415
10046927
10047439
10047951
10043344
10043856
10044368
10044880
10045392
10045904
10046416
10046928
10047440
10047952
10043345
10043857
10044369
10044881
10045393
10045905
10046417
10046929
10047441
10047953
10043346
10043858
10044370
10044882
10045394
10045906
10046418
10046930
10047442
10047954
10043347
10043859
10044371
10044883
10045395
10045907
10046419
10046931
10047443
10047955
5548277
5548789
5549301
5549813
5550325
5550837
5551349
5551861
5552373
5552885
5548278
5548790
5549302
5549814
5550326
5550838
5551350
5551862
5552374
5552886
5548279
5548791
5549303
5549815
5550327
5550839
5551351
5551863
5552375
5552887
5548280
5548792
5549304
5549816
5550328
5550840
5551352
5551864
5552376
5552888
5548281
5548793
5549305
5549817
5550329
5550841
5551353
5551865
5552377
5552889
5548282
5548794
5549306
5549818
5550330
5550842
5551354
5551866
5552378
5552890
5548283
5548795
5549307
5549819
5550331
5550843
5551355
5551867
5552379
5552891
5548284
5548796
5549308
5549820
5550332
5550844
5551356
5551868
5552380
5552892
5548285
5548797
5549309
5549821
5550333
5550845
5551357
5551869
5552381
5552893
5548286
5548798
5549310
5549822
5550334
5550846
5551358
5551870
5552382
5552894
63170467
63170979
63171491
63172003
63172515
63173027
63173539
63174051
63174563
63175075
63170468
63170980
63171492
63172004
63172516
63173028
63173540
63174052
63174564
63175076
63170469
63170981
63171493
63172005
63172517
63173029
63173541
63174053
63174565
63175077
63170470
63170982
63171494
63172006
63172518
63173030
63173542
63174054
63174566
63175078
63170471
63170983
63171495
63172007
63172519
63173031
63173543
63174055
63174567
63175079
63170472
63170984
63171496
63172008
63172520
63173032
63173544
63174056
63174568
63175080
63170473
63170985
63171497
63172009
63172521
63173033
63173545
63174057
63174569
63175081
63170474
63170986
63171498
63172010
63172522
63173034
63173546
63174058
63174570
63175082
63170475
63170987
63171499
63172011
63172523
63173035
63173547
63174059
63174571
63175083
63170476
63170988
63171500
63172012
63172524
63173036
63173548
63174060
63174572
63175084
49316739
49317251
49317763
49318275
49318787
49319299
49319811
49320323
49320835
49321347
49316740
49317252
49317764
49318276
49318788
49319300
49319812
49320324
49320836
49321348
49316741
49317253
49317765
49318277
49318789
49319301
49319813
49320325
49320837
49321349
49316742
49317254
49317766
49318278
49318790
49319302
49319814
49320326
49320838
49321350
49316743
49317255
49317767
49318279
49318791
49319303
49319815
49320327
49320839
49321351
49316744
49317256
49317768
49318280
49318792
49319304
49319816
49320328
49320840
49321352
49316745
49317257
49317769
49318281
49318793
49319305
49319817
49320329
49320841
49321353
49316746
49317258
49317770
49318282
49318794
49319306
49319818
49320330
49320842
49321354
49316747
49317259
49317771
49318283
49318795
49319307
49319819
49320331
49320843
49321355
49316748
49317260
49317772
49318284
49318796
49319308
49319820
49320332
49320844
49321356
19144489
19145001
19145513
19146025
19146537
19147049
19147561
19148073
19148585
19149097
19144490
19145002
19145514
19146026
19146538
19147050
19147562
19148074
19148586
19149098
19144491
19145003
19145515
19146027
19146539
19147051
19147563
19148075
19148587
19149099
19144492
19145004
19145516
19146028
19146540
19147052
19147564
19148076
19148588
19149100
19144493
19145005
19145517
19146029
19146541
19147053
19147565
19148077
19148589
19149101
19144494
19145006
19145518
19146030
19146542
19147054
19147566
19148078
19148590
19149102
19144495
19145007
19145519
19146031
19146543
19147055
19147567
19148079
19148591
19149103
19144496
19145008
19145520
19146032
19146544
19147056
19147568
19148080
19148592
19149104
19144497
19145009
19145521
19146033
19146545
19147057
19147569
19148081
19148593
19149105
19144498
19145010
19145522
19146034
19146546
19147058
19147570
19148082
19148594
19149106
20078779
20079291
20079803
20080315
20080827
20081339
20081851
20082363
20082875
20083387
20078780
20079292
20079804
20080316
20080828
20081340
20081852
20082364
20082876
20083388
20078781
20079293
20079805
20080317
20080829
20081341
20081853
20082365
20082877
20083389
20078782
20079294
20079806
20080318
20080830
20081342
20081854
20082366
20082878
20083390
20078783
20079295
20079807
20080319
20080831
20081343
20081855
20082367
20082879
20083391
20078784
20079296
20079808
20080320
20080832
20081344
20081856
20082368
20082880
20083392
20078785
20079297
20079809
20080321
20080833
20081345
20081857
20082369
20082881
20083393
20078786
20079298
20079810
20080322
20080834
20081346
20081858
20082370
20082882
20083394
20078787
20079299
20079811
20080323
20080835
20081347
20081859
20082371
20082883
20083395
20078788
20079300
20079812
20080324
20080836
20081348
20081860
20082372
20082884
20083396
59660548
59661060
59661572
59662084
59662596
59663108
59663620
59664132
59664644
59665156
59660549
59661061
59661573
59662085
59662597
59663109
59663621
59664133
59664645
59665157
59660550
59661062
59661574
59662086
59662598
59663110
59663622
59664134
59664646
59665158
59660551
59661063
59661575
59662087
59662599
59663111
59663623
59664135
59664647
59665159
59660552
59661064
59661576
59662088
59662600
59663112
59663624
59664136
59664648
59665160
59660553
59661065
59661577
59662089
59662601
59663113
59663625
59664137
59664649
59665161
59660554
59661066
59661578
59662090
59662602
59663114
59663626
59664138
59664650
59665162
59660555
59661067
59661579
59662091
59662603
59663115
59663627
59664139
59664651
59665163
59660556
59661068
59661580
59662092
59662604
59663116
59663628
59664140
59664652
59665164
59660557
59661069
59661581
59662093
59662605
59663117
59663629
59664141
59664653
59665165
45108821
45109333
45109845
45110357
45110869
45111381
45111893
45112405
45112917
45113429
45108822
45109334
45109846
45110358
45110870
45111382
45111894
45112406
45112918
45113430
45108823
45109335
45109847
45110359
45110871
45111383
45111895
45112407
45112919
45113431
45108824
45109336
45109848
45110360
45110872
45111384
45111896
45112408
45112920
45113432
45108825
45109337
45109849
45110361
45110873
45111385
45111897
45112409
45112921
45113433
45108826
45109338
45109850
45110362
45110874
45111386
45111898
45112410
45112922
45113434
45108827
45109339
45109851
45110363
45110875
45111387
45111899
45112411
45112923
45113435
45108828
45109340
45109852
45110364
45110876
45111388
45111900
45112412
45112924
45113436
45108829
45109341
45109853
45110365
45110877
45111389
45111901
45112413
45112925
45113437
45108830
45109342
45109854
45110366
45110878
45111390
45111902
45112414
45112926
45113438
11868100
11868612
11869124
11869636
11870148
11870660
11871172
11871684
11872196
11872708
11868101
11868613
11869125
11869637
11870149
11870661
11871173
11871685
11872197
11872709
11868102
11868614
11869126
11869638
11870150
11870662
11871174
11871686
11872198
11872710
11868103
11868615
11869127
11869639
11870151
11870663
11871175
11871687
11872199
11872711
11868104
11868616
11869128
11869640
11870152
11870664
11871176
11871688
11872200
11872712
11868105
11868617
11869129
11869641
11870153
11870665
11871177
11871689
11872201
11872713
11868106
11868618
11869130
11869642
11870154
11870666
11871178
11871690
11872202
11872714
11868107
11868619
11869131
11869643
11870155
11870667
11871179
11871691
11872203
11872715
11868108
11868620
11869132
11869644
11870156
11870668
11871180
11871692
11872204
11872716
11868109
11868621
11869133
11869645
11870157
11870669
11871181
11871693
11872205
11872717
24289398
24289910
24290422
24290934
24291446
24291958
24292470
24292982
24293494
24294006
24289399
24289911
24290423
24290935
24291447
24291959
24292471
24292983
24293495
24294007
24289400
24289912
24290424
24290936
24291448
24291960
24292472
24292984
24293496
24294008
24289401
24289913
24290425
24290937
24291449
24291961
24292473
24292985
24293497
24294009
24289402
24289914
24290426
24290938
24291450
24291962
24292474
24292986
24293498
24294010
24289403
24289915
24290427
24290939
24291451
24291963
24292475
24292987
24293499
24294011
24289404
24289916
24290428
24290940
24291452
24291964
24292476
24292988
24293500
24294012
24289405
24289917
24290429
24290941
24291453
24291965
24292477
24292989
24293501
24294013
24289406
24289918
24290430
24290942
24291454
24291966
24292478
24292990
24293502
24294014
24289407
24289919
24290431
24290943
24291455
24291967
24292479
24292991
24293503
24294015
