67602143
67602655
67603167
67603679
67604191
67604703
67605215
67605727
67606239
67606751
67602144
67602656
67603168
67603680
67604192
67604704
67605216
67605728
67606240
67606752
67602145
67602657
67603169
67603681
67604193
67604705
67605217
67605729
67606241
67606753
67602146
67602658
67603170
67603682
67604194
67604706
67605218
67605730
67606242
67606754
67602147
67602659
67603171
67603683
67604195
67604707
67605219
67605731
67606243
67606755
67602148
67602660
67603172
67603684
67604196
67604708
67605220
67605732
67606244
67606756
67602149
67602661
67603173
67603685
67604197
67604709
67605221
67605733
67606245
67606757
67602150
67602662
67603174
67603686
67604198
67604710
67605222
67605734
67606246
67606758
67602151
67602663
67603175
67603687
67604199
67604711
67605223
67605735
67606247
67606759
67602152
67602664
67603176
67603688
67604200
67604712
67605224
67605736
67606248
67606760
22489843
22490355
22490867
22491379
22491891
22492403
22492915
22493427
22493939
22494451
22489844
22490356
22490868
22491380
22491892
22492404
22492916
22493428
22493940
22494452
22489845
22490357
22490869
22491381
22491893
22492405
22492917
22493429
22493941
22494453
22489846
22490358
22490870
22491382
22491894
22492406
22492918
22493430
22493942
22494454
22489847
22490359
22490871
22491383
22491895
22492407
22492919
22493431
22493943
22494455
22489848
22490360
22490872
22491384
22491896
22492408
22492920
22493432
22493944
22494456
22489849
22490361
22490873
22491385
22491897
22492409
22492921
22493433
22493945
22494457
22489850
22490362
22490874
22491386
22491898
22492410
22492922
22493434
22493946
22494458
22489851
22490363
22490875
22491387
22491899
22492411
22492923
22493435
22493947
22494459
22489852
22490364
22490876
22491388
22491900
22492412
22492924
22493436
22493948
22494460
25878002
25878514
25879026
25879538
25880050
25880562
25881074
25881586
25882098
25882610
25878003
25878515
25879027
25879539
25880051
25880563
25881075
25881587
25882099
25882611
25878004
25878516
25879028
25879540
25880052
25880564
25881076
25881588
25882100
25882612
25878005
25878517
25879029
25879541
25880053
25880565
25881077
25881589
25882101
25882613
25878006
25878518
25879030
25879542
25880054
25880566
25881078
25881590
25882102
25882614
25878007
25878519
25879031
25879543
25880055
25880567
25881079
25881591
25882103
25882615
25878008
25878520
25879032
25879544
25880056
25880568
25881080
25881592
25882104
25882616
25878009
25878521
25879033
25879545
25880057
25880569
25881081
25881593
25882105
25882617
25878010
25878522
25879034
25879546
25880058
25880570
25881082
25881594
25882106
25882618
25878011
25878523
25879035
25879547
25880059
25880571
25881083
25881595
25882107
25882619
35472863
35473375
35473887
35474399
35474911
35475423
35475935
35476447
35476959
35477471
35472864
35473376
35473888
35474400
35474912
35475424
35475936
35476448
35476960
35477472
35472865
35473377
35473889
35474401
35474913
35475425
35475937
35476449
35476961
35477473
35472866
35473378
35473890
35474402
35474914
35475426
35475938
35476450
35476962
35477474
35472867
35473379
35473891
35474403
35474915
35475427
35475939
35476451
35476963
35477475
35472868
35473380
35473892
35474404
35474916
35475428
35475940
35476452
35476964
35477476
35472869
35473381
35473893
35474405
35474917
35475429
35475941
35476453
35476965
35477477
35472870
35473382
35473894
35474406
35474918
35475430
35475942
35476454
35476966
35477478
35472871
35473383
35473895
35474407
35474919
35475431
35475943
35476455
35476967
35477479
35472872
35473384
35473896
35474408
35474920
35475432
35475944
35476456
35476968
35477480
59793067
59793579
59794091
59794603
59795115
59795627
59796139
59796651
59797163
59797675
59793068
59793580
59794092
59794604
59795116
59795628
59796140
59796652
59797164
59797676
59793069
59793581
59794093
59794605
59795117
59795629
59796141
59796653
59797165
59797677
59793070
59793582
59794094
59794606
59795118
59795630
59796142
59796654
59797166
59797678
59793071
59793583
59794095
59794607
59795119
59795631
59796143
59796655
59797167
59797679
59793072
59793584
59794096
59794608
59795120
59795632
59796144
59796656
59797168
59797680
59793073
59793585
59794097
59794609
59795121
59795633
59796145
59796657
59797169
59797681
59793074
59793586
59794098
59794610
59795122
59795634
59796146
59796658
59797170
59797682
59793075
59793587
59794099
59794611
59795123
59795635
59796147
59796659
59797171
59797683
59793076
59793588
59794100
59794612
59795124
59795636
59796148
59796660
59797172
59797684
53751480
53751992
53752504
53753016
53753528
53754040
53754552
53755064
53755576
53756088
53751481
53751993
53752505
53753017
53753529
53754041
53754553
53755065
53755577
53756089
53751482
53751994
53752506
53753018
53753530
53754042
53754554
53755066
53755578
53756090
53751483
53751995
53752507
53753019
53753531
53754043
53754555
53755067
53755579
53756091
53751484
53751996
53752508
53753020
53753532
53754044
53754556
53755068
53755580
53756092
53751485
53751997
53752509
53753021
53753533
53754045
53754557
53755069
53755581
53756093
53751486
53751998
53752510
53753022
53753534
53754046
53754558
53755070
53755582
53756094
53751487
53751999
53752511
53753023
53753535
53754047
53754559
53755071
53755583
53756095
53751488
53752000
53752512
53753024
53753536
53754048
53754560
53755072
53755584
53756096
53751489
53752001
53752513
53753025
53753537
53754049
53754561
53755073
53755585
53756097
57894590
57895102
57895614
57896126
57896638
57897150
57897662
57898174
57898686
57899198
57894591
57895103
57895615
57896127
57896639
57897151
57897663
57898175
57898687
57899199
57894592
57895104
57895616
57896128
57896640
57897152
57897664
57898176
57898688
57899200
57894593
57895105
57895617
57896129
57896641
57897153
57897665
57898177
57898689
57899201
57894594
57895106
57895618
57896130
57896642
57897154
57897666
57898178
57898690
57899202
57894595
57895107
57895619
57896131
57896643
57897155
57897667
57898179
57898691
57899203
57894596
57895108
57895620
57896132
57896644
57897156
57897668
57898180
57898692
57899204
57894597
57895109
57895621
57896133
57896645
57897157
57897669
57898181
57898693
57899205
57894598
57895110
57895622
57896134
57896646
57897158
57897670
57898182
57898694
57899206
57894599
57895111
57895623
57896135
57896647
57897159
57897671
57898183
57898695
57899207
8873696
8874208
8874720
8875232
8875744
8876256
8876768
8877280
8877792
8878304
8873697
8874209
8874721
8875233
8875745
8876257
8876769
8877281
8877793
8878305
8873698
8874210
8874722
8875234
8875746
8876258
8876770
8877282
8877794
8878306
8873699
8874211
8874723
8875235
8875747
8876259
8876771
8877283
8877795
8878307
8873700
8874212
8874724
8875236
8875748
8876260
8876772
8877284
8877796
8878308
8873701
8874213
8874725
8875237
8875749
8876261
8876773
8877285
8877797
8878309
8873702
8874214
8874726
8875238
8875750
8876262
8876774
8877286
8877798
8878310
8873703
8874215
8874727
8875239
8875751
8876263
8876775
8877287
8877799
8878311
8873704
8874216
8874728
8875240
8875752
8876264
8876776
8877288
8877800
8878312
8873705
8874217
8874729
8875241
8875753
8876265
8876777
8877289
8877801
8878313
53304751
53305263
53305775
53306287
53306799
53307311
53307823
53308335
53308847
53309359
53304752
53305264
53305776
53306288
53306800
53307312
53307824
53308336
53308848
53309360
53304753
53305265
53305777
53306289
53306801
53307313
53307825
53308337
53308849
53309361
53304754
53305266
53305778
53306290
53306802
53307314
53307826
53308338
53308850
53309362
53304755
53305267
53305779
53306291
53306803
53307315
53307827
53308339
53308851
53309363
53304756
53305268
53305780
53306292
53306804
53307316
53307828
53308340
53308852
53309364
53304757
53305269
53305781
53306293
53306805
53307317
53307829
53308341
53308853
53309365
53304758
53305270
53305782
53306294
53306806
53307318
53307830
53308342
53308854
53309366
53304759
53305271
53305783
53306295
53306807
53307319
53307831
53308343
53308855
53309367
53304760
53305272
53305784
53306296
53306808
53307320
53307832
53308344
53308856
53309368
41115879
41116391
41116903
41117415
41117927
41118439
41118951
41119463
41119975
41120487
41115880
41116392
41116904
41117416
41117928
41118440
41118952
41119464
41119976
41120488
41115881
41116393
41116905
41117417
41117929
41118441
41118953
41119465
41119977
41120489
41115882
41116394
41116906
41117418
41117930
41118442
41118954
41119466
41119978
41120490
41115883
41116395
41116907
41117419
41117931
41118443
41118955
41119467
41119979
41120491
41115884
41116396
41116908
41117420
41117932
41118444
41118956
41119468
41119980
41120492
41115885
41116397
41116909
41117421
41117933
41118445
41118957
41119469
41119981
41120493
41115886
41116398
41116910
41117422
41117934
41118446
41118958
41119470
41119982
41120494
41115887
41116399
41116911
41117423
41117935
41118447
41118959
41119471
41119983
41120495
41115888
41116400
41116912
41117424
41117936
41118448
41118960
41119472
41119984
41120496
25756458
25756970
25757482
25757994
25758506
25759018
25759530
25760042
25760554
25761066
25756459
25756971
25757483
25757995
25758507
25759019
25759531
25760043
25760555
25761067
25756460
25756972
25757484
25757996
25758508
25759020
25759532
25760044
25760556
25761068
25756461
25756973
25757485
25757997
25758509
25759021
25759533
25760045
25760557
25761069
25756462
25756974
25757486
25757998
25758510
25759022
25759534
25760046
25760558
25761070
25756463
25756975
25757487
25757999
25758511
25759023
25759535
25760047
25760559
25761071
25756464
25756976
25757488
25758000
25758512
25759024
25759536
25760048
25760560
25761072
25756465
25756977
25757489
25758001
25758513
25759025
25759537
25760049
25760561
25761073
25756466
25756978
25757490
25758002
25758514
25759026
25759538
25760050
25760562
25761074
25756467
25756979
25757491
25758003
25758515
25759027
25759539
25760051
25760563
25761075
1216432
1216944
1217456
1217968
1218480
1218992
1219504
1220016
1220528
1221040
1216433
1216945
1217457
1217969
1218481
1218993
1219505
1220017
1220529
1221041
1216434
1216946
1217458
1217970
1218482
1218994
1219506
1220018
1220530
1221042
1216435
1216947
1217459
1217971
1218483
1218995
1219507
1220019
1220531
1221043
1216436
1216948
1217460
1217972
1218484
1218996
1219508
1220020
1220532
1221044
1216437
1216949
1217461
1217973
1218485
1218997
1219509
1220021
1220533
1221045
1216438
1216950
1217462
1217974
1218486
1218998
1219510
1220022
1220534
1221046
1216439
1216951
1217463
1217975
1218487
1218999
1219511
1220023
1220535
1221047
1216440
1216952
1217464
1217976
1218488
1219000
1219512
1220024
1220536
1221048
1216441
1216953
1217465
1217977
1218489
1219001
1219513
1220025
1220537
1221049
19738141
19738653
19739165
19739677
19740189
19740701
19741213
19741725
19742237
19742749
19738142
19738654
19739166
19739678
19740190
19740702
19741214
19741726
19742238
19742750
19738143
19738655
19739167
19739679
19740191
19740703
19741215
19741727
19742239
19742751
19738144
19738656
19739168
19739680
19740192
19740704
19741216
19741728
19742240
19742752
19738145
19738657
19739169
19739681
19740193
19740705
19741217
19741729
19742241
19742753
19738146
19738658
19739170
19739682
19740194
19740706
19741218
19741730
19742242
19742754
19738147
19738659
19739171
19739683
19740195
19740707
19741219
19741731
19742243
19742755
19738148
19738660
19739172
19739684
19740196
19740708
19741220
19741732
19742244
19742756
19738149
19738661
19739173
19739685
19740197
19740709
19741221
19741733
19742245
19742757
19738150
19738662
19739174
19739686
19740198
19740710
19741222
19741734
19742246
19742758
55583664
55584176
55584688
55585200
55585712
55586224
55586736
55587248
55587760
55588272
55583665
55584177
55584689
55585201
55585713
55586225
55586737
55587249
55587761
55588273
55583666
55584178
55584690
55585202
55585714
55586226
55586738
55587250
55587762
55588274
55583667
55584179
55584691
55585203
55585715
55586227
55586739
55587251
55587763
55588275
55583668
55584180
55584692
55585204
55585716
55586228
55586740
55587252
55587764
55588276
55583669
55584181
55584693
55585205
55585717
55586229
55586741
55587253
55587765
55588277
55583670
55584182
55584694
55585206
55585718
55586230
55586742
55587254
55587766
55588278
55583671
55584183
55584695
55585207
55585719
55586231
55586743
55587255
55587767
55588279
55583672
55584184
55584696
55585208
55585720
55586232
55586744
55587256
55587768
55588280
55583673
55584185
55584697
55585209
55585721
55586233
55586745
55587257
55587769
55588281
19864438
19864950
19865462
19865974
19866486
19866998
19867510
19868022
19868534
19869046
19864439
19864951
19865463
19865975
19866487
19866999
19867511
19868023
19868535
19869047
19864440
19864952
19865464
19865976
19866488
19867000
19867512
19868024
19868536
19869048
19864441
19864953
19865465
19865977
19866489
19867001
19867513
19868025
19868537
19869049
19864442
19864954
19865466
19865978
19866490
19867002
19867514
19868026
19868538
19869050
19864443
19864955
19865467
19865979
19866491
19867003
19867515
19868027
19868539
19869051
19864444
19864956
19865468
19865980
19866492
19867004
19867516
19868028
19868540
19869052
19864445
19864957
19865469
19865981
19866493
19867005
19867517
19868029
19868541
19869053
19864446
19864958
19865470
19865982
19866494
19867006
19867518
19868030
19868542
19869054
19864447
19864959
19865471
19865983
19866495
19867007
19867519
19868031
19868543
19869055
6171258
6171770
6172282
6172794
6173306
6173818
6174330
6174842
6175354
6175866
6171259
6171771
6172283
6172795
6173307
6173819
6174331
6174843
6175355
6175867
6171260
6171772
6172284
6172796
6173308
6173820
6174332
6174844
6175356
6175868
6171261
6171773
6172285
6172797
6173309
6173821
6174333
6174845
6175357
6175869
6171262
6171774
6172286
6172798
6173310
6173822
6174334
6174846
6175358
6175870
6171263
6171775
6172287
6172799
6173311
6173823
6174335
6174847
6175359
6175871
6171264
6171776
6172288
6172800
6173312
6173824
6174336
6174848
6175360
6175872
6171265
6171777
6172289
6172801
6173313
6173825
6174337
6174849
6175361
6175873
6171266
6171778
6172290
6172802
6173314
6173826
6174338
6174850
6175362
6175874
6171267
6171779
6172291
6172803
6173315
6173827
6174339
6174851
6175363
6175875
14618077
14618589
14619101
14619613
14620125
14620637
14621149
14621661
14622173
14622685
14618078
14618590
14619102
14619614
14620126
14620638
14621150
14621662
14622174
14622686
14618079
14618591
14619103
14619615
14620127
14620639
14621151
14621663
14622175
14622687
14618080
14618592
14619104
14619616
14620128
14620640
14621152
14621664
14622176
14622688
14618081
14618593
14619105
14619617
14620129
14620641
14621153
14621665
14622177
14622689
14618082
14618594
14619106
14619618
14620130
14620642
14621154
14621666
14622178
14622690
14618083
14618595
14619107
14619619
14620131
14620643
14621155
14621667
14622179
14622691
14618084
14618596
14619108
14619620
14620132
14620644
14621156
14621668
14622180
14622692
14618085
14618597
14619109
14619621
14620133
14620645
14621157
14621669
14622181
14622693
14618086
14618598
14619110
14619622
14620134
14620646
14621158
14621670
14622182
14622694
36082929
36083441
36083953
36084465
36084977
36085489
36086001
36086513
36087025
36087537
36082930
36083442
36083954
36084466
36084978
36085490
36086002
36086514
36087026
36087538
36082931
36083443
36083955
36084467
36084979
36085491
36086003
36086515
36087027
36087539
36082932
36083444
36083956
36084468
36084980
36085492
36086004
36086516
36087028
36087540
36082933
36083445
36083957
36084469
36084981
36085493
36086005
36086517
36087029
36087541
36082934
36083446
36083958
36084470
36084982
36085494
36086006
36086518
36087030
36087542
36082935
36083447
36083959
36084471
36084983
36085495
36086007
36086519
36087031
36087543
36082936
36083448
36083960
36084472
36084984
36085496
36086008
36086520
36087032
36087544
36082937
36083449
36083961
36084473
36084985
36085497
36086009
36086521
36087033
36087545
36082938
36083450
36083962
36084474
36084986
36085498
36086010
36086522
36087034
36087546
9595973
9596485
9596997
9597509
9598021
9598533
9599045
9599557
9600069
9600581
9595974
9596486
9596998
9597510
9598022
9598534
9599046
9599558
9600070
9600582
9595975
9596487
9596999
9597511
9598023
9598535
9599047
9599559
9600071
9600583
9595976
9596488
9597000
9597512
9598024
9598536
9599048
9599560
9600072
9600584
9595977
9596489
9597001
9597513
9598025
9598537
9599049
9599561
9600073
9600585
9595978
9596490
9597002
9597514
9598026
9598538
9599050
9599562
9600074
9600586
9595979
9596491
9597003
9597515
9598027
9598539
9599051
9599563
9600075
9600587
9595980
9596492
9597004
9597516
9598028
9598540
9599052
9599564
9600076
9600588
9595981
9596493
9597005
9597517
9598029
9598541
9599053
9599565
9600077
9600589
9595982
9596494
9597006
9597518
9598030
9598542
9599054
9599566
9600078
9600590
21601717
21602229
21602741
21603253
21603765
21604277
21604789
21605301
21605813
21606325
21601718
21602230
21602742
21603254
21603766
21604278
21604790
21605302
21605814
21606326
21601719
21602231
21602743
21603255
21603767
21604279
21604791
21605303
21605815
21606327
21601720
21602232
21602744
21603256
21603768
21604280
21604792
21605304
21605816
21606328
21601721
21602233
21602745
21603257
21603769
21604281
21604793
21605305
21605817
21606329
21601722
21602234
21602746
21603258
21603770
21604282
21604794
21605306
21605818
21606330
21601723
21602235
21602747
21603259
21603771
21604283
21604795
21605307
21605819
21606331
21601724
21602236
21602748
21603260
21603772
21604284
21604796
21605308
21605820
21606332
21601725
21602237
21602749
21603261
21603773
21604285
21604797
21605309
21605821
21606333
21601726
21602238
21602750
21603262
21603774
21604286
21604798
21605310
21605822
21606334
4356342
4356854
4357366
4357878
4358390
4358902
4359414
4359926
4360438
4360950
4356343
4356855
4357367
4357879
4358391
4358903
4359415
4359927
4360439
4360951
4356344
4356856
4357368
4357880
4358392
4358904
4359416
4359928
4360440
4360952
4356345
4356857
4357369
4357881
4358393
4358905
4359417
4359929
4360441
4360953
4356346
4356858
4357370
4357882
4358394
4358906
4359418
4359930
4360442
4360954
4356347
4356859
4357371
4357883
4358395
4358907
4359419
4359931
4360443
4360955
4356348
4356860
4357372
4357884
4358396
4358908
4359420
4359932
4360444
4360956
4356349
4356861
4357373
4357885
4358397
4358909
4359421
4359933
4360445
4360957
4356350
4356862
4357374
4357886
4358398
4358910
4359422
4359934
4360446
4360958
4356351
4356863
4357375
4357887
4358399
4358911
4359423
4359935
4360447
4360959
34384734
34385246
34385758
34386270
34386782
34387294
34387806
34388318
34388830
34389342
34384735
34385247
34385759
34386271
34386783
34387295
34387807
34388319
34388831
34389343
34384736
34385248
34385760
34386272
34386784
34387296
34387808
34388320
34388832
34389344
34384737
34385249
34385761
34386273
34386785
34387297
34387809
34388321
34388833
34389345
34384738
34385250
34385762
34386274
34386786
34387298
34387810
34388322
34388834
34389346
34384739
34385251
34385763
34386275
34386787
34387299
34387811
34388323
34388835
34389347
34384740
34385252
34385764
34386276
34386788
34387300
34387812
34388324
34388836
34389348
34384741
34385253
34385765
34386277
34386789
34387301
34387813
34388325
34388837
34389349
34384742
34385254
34385766
34386278
34386790
34387302
34387814
34388326
34388838
34389350
34384743
34385255
34385767
34386279
34386791
34387303
34387815
34388327
34388839
34389351
18714196
18714708
18715220
18715732
18716244
18716756
18717268
18717780
18718292
18718804
18714197
18714709
18715221
18715733
18716245
18716757
18717269
18717781
18718293
18718805
18714198
18714710
18715222
18715734
18716246
18716758
18717270
18717782
18718294
18718806
18714199
18714711
18715223
18715735
18716247
18716759
18717271
18717783
18718295
18718807
18714200
18714712
18715224
18715736
18716248
18716760
18717272
18717784
18718296
18718808
18714201
18714713
18715225
18715737
18716249
18716761
18717273
18717785
18718297
18718809
18714202
18714714
18715226
18715738
18716250
18716762
18717274
18717786
18718298
18718810
18714203
18714715
18715227
18715739
18716251
18716763
18717275
18717787
18718299
18718811
18714204
18714716
18715228
18715740
18716252
18716764
18717276
18717788
18718300
18718812
18714205
18714717
18715229
18715741
18716253
18716765
18717277
18717789
18718301
18718813
11892532
11893044
11893556
11894068
11894580
11895092
11895604
11896116
11896628
11897140
11892533
11893045
11893557
11894069
11894581
11895093
11895605
11896117
11896629
11897141
11892534
11893046
11893558
11894070
11894582
11895094
11895606
11896118
11896630
11897142
11892535
11893047
11893559
11894071
11894583
11895095
11895607
11896119
11896631
11897143
11892536
11893048
11893560
11894072
11894584
11895096
11895608
11896120
11896632
11897144
11892537
11893049
11893561
11894073
11894585
11895097
11895609
11896121
11896633
11897145
11892538
11893050
11893562
11894074
11894586
11895098
11895610
11896122
11896634
11897146
11892539
11893051
11893563
11894075
11894587
11895099
11895611
11896123
11896635
11897147
11892540
11893052
11893564
11894076
11894588
11895100
11895612
11896124
11896636
11897148
11892541
11893053
11893565
11894077
11894589
11895101
11895613
11896125
11896637
11897149
63573714
63574226
63574738
63575250
63575762
63576274
63576786
63577298
63577810
63578322
63573715
63574227
63574739
63575251
63575763
63576275
63576787
63577299
63577811
63578323
63573716
63574228
63574740
63575252
63575764
63576276
63576788
63577300
63577812
63578324
63573717
63574229
63574741
63575253
63575765
63576277
63576789
63577301
63577813
63578325
63573718
63574230
63574742
63575254
63575766
63576278
63576790
63577302
63577814
63578326
63573719
63574231
63574743
63575255
63575767
63576279
63576791
63577303
63577815
63578327
63573720
63574232
63574744
63575256
63575768
63576280
63576792
63577304
63577816
63578328
63573721
63574233
63574745
63575257
63575769
63576281
63576793
63577305
63577817
63578329
63573722
63574234
63574746
63575258
63575770
63576282
63576794
63577306
63577818
63578330
63573723
63574235
63574747
63575259
63575771
63576283
63576795
63577307
63577819
63578331
36126359
36126871
36127383
36127895
36128407
36128919
36129431
36129943
36130455
36130967
36126360
36126872
36127384
36127896
36128408
36128920
36129432
36129944
36130456
36130968
36126361
36126873
36127385
36127897
36128409
36128921
36129433
36129945
36130457
36130969
36126362
36126874
36127386
36127898
36128410
36128922
36129434
36129946
36130458
36130970
36126363
36126875
36127387
36127899
36128411
36128923
36129435
36129947
36130459
36130971
36126364
36126876
36127388
36127900
36128412
36128924
36129436
36129948
36130460
36130972
36126365
36126877
36127389
36127901
36128413
36128925
36129437
36129949
36130461
36130973
36126366
36126878
36127390
36127902
36128414
36128926
36129438
36129950
36130462
36130974
36126367
36126879
36127391
36127903
36128415
36128927
36129439
36129951
36130463
36130975
36126368
36126880
36127392
36127904
36128416
36128928
36129440
36129952
36130464
36130976
20435734
20436246
20436758
20437270
20437782
20438294
20438806
20439318
20439830
20440342
20435735
20436247
20436759
20437271
20437783
20438295
20438807
20439319
20439831
20440343
20435736
20436248
20436760
20437272
20437784
20438296
20438808
20439320
20439832
20440344
20435737
20436249
20436761
20437273
20437785
20438297
20438809
20439321
20439833
20440345
20435738
20436250
20436762
20437274
20437786
20438298
20438810
20439322
20439834
20440346
20435739
20436251
20436763
20437275
20437787
20438299
20438811
20439323
20439835
20440347
20435740
20436252
20436764
20437276
20437788
20438300
20438812
20439324
20439836
20440348
20435741
20436253
20436765
20437277
20437789
20438301
20438813
20439325
20439837
20440349
20435742
20436254
20436766
20437278
20437790
20438302
20438814
20439326
20439838
20440350
20435743
20436255
20436767
20437279
20437791
20438303
20438815
20439327
20439839
20440351
37193909
37194421
37194933
37195445
37195957
37196469
37196981
37197493
37198005
37198517
37193910
37194422
37194934
37195446
37195958
37196470
37196982
37197494
37198006
37198518
37193911
37194423
37194935
37195447
37195959
37196471
37196983
37197495
37198007
37198519
37193912
37194424
37194936
37195448
37195960
37196472
37196984
37197496
37198008
37198520
37193913
37194425
37194937
37195449
37195961
37196473
37196985
37197497
37198009
37198521
37193914
37194426
37194938
37195450
37195962
37196474
37196986
37197498
37198010
37198522
37193915
37194427
37194939
37195451
37195963
37196475
37196987
37197499
37198011
37198523
37193916
37194428
37194940
37195452
37195964
37196476
37196988
37197500
37198012
37198524
37193917
37194429
37194941
37195453
37195965
37196477
37196989
37197501
37198013
37198525
37193918
37194430
37194942
37195454
37195966
37196478
37196990
37197502
37198014
37198526
33770254
33770766
33771278
33771790
33772302
33772814
33773326
33773838
33774350
33774862
33770255
33770767
33771279
33771791
33772303
33772815
33773327
33773839
33774351
33774863
33770256
33770768
33771280
33771792
33772304
33772816
33773328
33773840
33774352
33774864
33770257
33770769
33771281
33771793
33772305
33772817
33773329
33773841
33774353
33774865
33770258
33770770
33771282
33771794
33772306
33772818
33773330
33773842
33774354
33774866
33770259
33770771
33771283
33771795
33772307
33772819
33773331
33773843
33774355
33774867
33770260
33770772
33771284
33771796
33772308
33772820
33773332
33773844
33774356
33774868
33770261
33770773
33771285
33771797
33772309
33772821
33773333
33773845
33774357
33774869
33770262
33770774
33771286
33771798
33772310
33772822
33773334
33773846
33774358
33774870
33770263
33770775
33771287
33771799
33772311
33772823
33773335
33773847
33774359
33774871
17236148
17236660
17237172
17237684
17238196
17238708
17239220
17239732
17240244
17240756
17236149
17236661
17237173
17237685
17238197
17238709
17239221
17239733
17240245
17240757
17236150
17236662
17237174
17237686
17238198
17238710
17239222
17239734
17240246
17240758
17236151
17236663
17237175
17237687
17238199
17238711
17239223
17239735
17240247
17240759
17236152
17236664
17237176
17237688
17238200
17238712
17239224
17239736
17240248
17240760
17236153
17236665
17237177
17237689
17238201
17238713
17239225
17239737
17240249
17240761
17236154
17236666
17237178
17237690
17238202
17238714
17239226
17239738
17240250
17240762
17236155
17236667
17237179
17237691
17238203
17238715
17239227
17239739
17240251
17240763
17236156
17236668
17237180
17237692
17238204
17238716
17239228
17239740
17240252
17240764
17236157
17236669
17237181
17237693
17238205
17238717
17239229
17239741
17240253
17240765
