54800444
54800956
54801468
54801980
54802492
54803004
54803516
54804028
54804540
54805052
54800445
54800957
54801469
54801981
54802493
54803005
54803517
54804029
54804541
54805053
54800446
54800958
54801470
54801982
54802494
54803006
54803518
54804030
54804542
54805054
54800447
54800959
54801471
54801983
54802495
54803007
54803519
54804031
54804543
54805055
54800448
54800960
54801472
54801984
54802496
54803008
54803520
54804032
54804544
54805056
54800449
54800961
54801473
54801985
54802497
54803009
54803521
54804033
54804545
54805057
54800450
54800962
54801474
54801986
54802498
54803010
54803522
54804034
54804546
54805058
54800451
54800963
54801475
54801987
54802499
54803011
54803523
54804035
54804547
54805059
54800452
54800964
54801476
54801988
54802500
54803012
54803524
54804036
54804548
54805060
54800453
54800965
54801477
54801989
54802501
54803013
54803525
54804037
54804549
54805061
57293387
57293899
57294411
57294923
57295435
57295947
57296459
57296971
57297483
57297995
57293388
57293900
57294412
57294924
57295436
57295948
57296460
57296972
57297484
57297996
57293389
57293901
57294413
57294925
57295437
57295949
57296461
57296973
57297485
57297997
57293390
57293902
57294414
57294926
57295438
57295950
57296462
57296974
57297486
57297998
57293391
57293903
57294415
57294927
57295439
57295951
57296463
57296975
57297487
57297999
57293392
57293904
57294416
57294928
57295440
57295952
57296464
57296976
57297488
57298000
57293393
57293905
57294417
57294929
57295441
57295953
57296465
57296977
57297489
57298001
57293394
57293906
57294418
57294930
57295442
57295954
57296466
57296978
57297490
57298002
57293395
57293907
57294419
57294931
57295443
57295955
57296467
57296979
57297491
57298003
57293396
57293908
57294420
57294932
57295444
57295956
57296468
57296980
57297492
57298004
68076401
68076913
68077425
68077937
68078449
68078961
68079473
68079985
68080497
68081009
68076402
68076914
68077426
68077938
68078450
68078962
68079474
68079986
68080498
68081010
68076403
68076915
68077427
68077939
68078451
68078963
68079475
68079987
68080499
68081011
68076404
68076916
68077428
68077940
68078452
68078964
68079476
68079988
68080500
68081012
68076405
68076917
68077429
68077941
68078453
68078965
68079477
68079989
68080501
68081013
68076406
68076918
68077430
68077942
68078454
68078966
68079478
68079990
68080502
68081014
68076407
68076919
68077431
68077943
68078455
68078967
68079479
68079991
68080503
68081015
68076408
68076920
68077432
68077944
68078456
68078968
68079480
68079992
68080504
68081016
68076409
68076921
68077433
68077945
68078457
68078969
68079481
68079993
68080505
68081017
68076410
68076922
68077434
68077946
68078458
68078970
68079482
68079994
68080506
68081018
29861060
29861572
29862084
29862596
29863108
29863620
29864132
29864644
29865156
29865668
29861061
29861573
29862085
29862597
29863109
29863621
29864133
29864645
29865157
29865669
29861062
29861574
29862086
29862598
29863110
29863622
29864134
29864646
29865158
29865670
29861063
29861575
29862087
29862599
29863111
29863623
29864135
29864647
29865159
29865671
29861064
29861576
29862088
29862600
29863112
29863624
29864136
29864648
29865160
29865672
29861065
29861577
29862089
29862601
29863113
29863625
29864137
29864649
29865161
29865673
29861066
29861578
29862090
29862602
29863114
29863626
29864138
29864650
29865162
29865674
29861067
29861579
29862091
29862603
29863115
29863627
29864139
29864651
29865163
29865675
29861068
29861580
29862092
29862604
29863116
29863628
29864140
29864652
29865164
29865676
29861069
29861581
29862093
29862605
29863117
29863629
29864141
29864653
29865165
29865677
51306290
51306802
51307314
51307826
51308338
51308850
51309362
51309874
51310386
51310898
51306291
51306803
51307315
51307827
51308339
51308851
51309363
51309875
51310387
51310899
51306292
51306804
51307316
51307828
51308340
51308852
51309364
51309876
51310388
51310900
51306293
51306805
51307317
51307829
51308341
51308853
51309365
51309877
51310389
51310901
51306294
51306806
51307318
51307830
51308342
51308854
51309366
51309878
51310390
51310902
51306295
51306807
51307319
51307831
51308343
51308855
51309367
51309879
51310391
51310903
51306296
51306808
51307320
51307832
51308344
51308856
51309368
51309880
51310392
51310904
51306297
51306809
51307321
51307833
51308345
51308857
51309369
51309881
51310393
51310905
51306298
51306810
51307322
51307834
51308346
51308858
51309370
51309882
51310394
51310906
51306299
51306811
51307323
51307835
51308347
51308859
51309371
51309883
51310395
51310907
23208299
23208811
23209323
23209835
23210347
23210859
23211371
23211883
23212395
23212907
23208300
23208812
23209324
23209836
23210348
23210860
23211372
23211884
23212396
23212908
23208301
23208813
23209325
23209837
23210349
23210861
23211373
23211885
23212397
23212909
23208302
23208814
23209326
23209838
23210350
23210862
23211374
23211886
23212398
23212910
23208303
23208815
23209327
23209839
23210351
23210863
23211375
23211887
23212399
23212911
23208304
23208816
23209328
23209840
23210352
23210864
23211376
23211888
23212400
23212912
23208305
23208817
23209329
23209841
23210353
23210865
23211377
23211889
23212401
23212913
23208306
23208818
23209330
23209842
23210354
23210866
23211378
23211890
23212402
23212914
23208307
23208819
23209331
23209843
23210355
23210867
23211379
23211891
23212403
23212915
23208308
23208820
23209332
23209844
23210356
23210868
23211380
23211892
23212404
23212916
8645467
8645979
8646491
8647003
8647515
8648027
8648539
8649051
8649563
8650075
8645468
8645980
8646492
8647004
8647516
8648028
8648540
8649052
8649564
8650076
8645469
8645981
8646493
8647005
8647517
8648029
8648541
8649053
8649565
8650077
8645470
8645982
8646494
8647006
8647518
8648030
8648542
8649054
8649566
8650078
8645471
8645983
8646495
8647007
8647519
8648031
8648543
8649055
8649567
8650079
8645472
8645984
8646496
8647008
8647520
8648032
8648544
8649056
8649568
8650080
8645473
8645985
8646497
8647009
8647521
8648033
8648545
8649057
8649569
8650081
8645474
8645986
8646498
8647010
8647522
8648034
8648546
8649058
8649570
8650082
8645475
8645987
8646499
8647011
8647523
8648035
8648547
8649059
8649571
8650083
8645476
8645988
8646500
8647012
8647524
8648036
8648548
8649060
8649572
8650084
42199693
42200205
42200717
42201229
42201741
42202253
42202765
42203277
42203789
42204301
42199694
42200206
42200718
42201230
42201742
42202254
42202766
42203278
42203790
42204302
42199695
42200207
42200719
42201231
42201743
42202255
42202767
42203279
42203791
42204303
42199696
42200208
42200720
42201232
42201744
42202256
42202768
42203280
42203792
42204304
42199697
42200209
42200721
42201233
42201745
42202257
42202769
42203281
42203793
42204305
42199698
42200210
42200722
42201234
42201746
42202258
42202770
42203282
42203794
42204306
42199699
42200211
42200723
42201235
42201747
42202259
42202771
42203283
42203795
42204307
42199700
42200212
42200724
42201236
42201748
42202260
42202772
42203284
42203796
42204308
42199701
42200213
42200725
42201237
42201749
42202261
42202773
42203285
42203797
42204309
42199702
42200214
42200726
42201238
42201750
42202262
42202774
42203286
42203798
42204310
33465298
33465810
33466322
33466834
33467346
33467858
33468370
33468882
33469394
33469906
33465299
33465811
33466323
33466835
33467347
33467859
33468371
33468883
33469395
33469907
33465300
33465812
33466324
33466836
33467348
33467860
33468372
33468884
33469396
33469908
33465301
33465813
33466325
33466837
33467349
33467861
33468373
33468885
33469397
33469909
33465302
33465814
33466326
33466838
33467350
33467862
33468374
33468886
33469398
33469910
33465303
33465815
33466327
33466839
33467351
33467863
33468375
33468887
33469399
33469911
33465304
33465816
33466328
33466840
33467352
33467864
33468376
33468888
33469400
33469912
33465305
33465817
33466329
33466841
33467353
33467865
33468377
33468889
33469401
33469913
33465306
33465818
33466330
33466842
33467354
33467866
33468378
33468890
33469402
33469914
33465307
33465819
33466331
33466843
33467355
33467867
33468379
33468891
33469403
33469915
4212721
4213233
4213745
4214257
4214769
4215281
4215793
4216305
4216817
4217329
4212722
4213234
4213746
4214258
4214770
4215282
4215794
4216306
4216818
4217330
4212723
4213235
4213747
4214259
4214771
4215283
4215795
4216307
4216819
4217331
4212724
4213236
4213748
4214260
4214772
4215284
4215796
4216308
4216820
4217332
4212725
4213237
4213749
4214261
4214773
4215285
4215797
4216309
4216821
4217333
4212726
4213238
4213750
4214262
4214774
4215286
4215798
4216310
4216822
4217334
4212727
4213239
4213751
4214263
4214775
4215287
4215799
4216311
4216823
4217335
4212728
4213240
4213752
4214264
4214776
4215288
4215800
4216312
4216824
4217336
4212729
4213241
4213753
4214265
4214777
4215289
4215801
4216313
4216825
4217337
4212730
4213242
4213754
4214266
4214778
4215290
4215802
4216314
4216826
4217338
27009795
27010307
27010819
27011331
27011843
27012355
27012867
27013379
27013891
27014403
27009796
27010308
27010820
27011332
27011844
27012356
27012868
27013380
27013892
27014404
27009797
27010309
27010821
27011333
27011845
27012357
27012869
27013381
27013893
27014405
27009798
27010310
27010822
27011334
27011846
27012358
27012870
27013382
27013894
27014406
27009799
27010311
27010823
27011335
27011847
27012359
27012871
27013383
27013895
27014407
27009800
27010312
27010824
27011336
27011848
27012360
27012872
27013384
27013896
27014408
27009801
27010313
27010825
27011337
27011849
27012361
27012873
27013385
27013897
27014409
27009802
27010314
27010826
27011338
27011850
27012362
27012874
27013386
27013898
27014410
27009803
27010315
27010827
27011339
27011851
27012363
27012875
27013387
27013899
27014411
27009804
27010316
27010828
27011340
27011852
27012364
27012876
27013388
27013900
27014412
25104402
25104914
25105426
25105938
25106450
25106962
25107474
25107986
25108498
25109010
25104403
25104915
25105427
25105939
25106451
25106963
25107475
25107987
25108499
25109011
25104404
25104916
25105428
25105940
25106452
25106964
25107476
25107988
25108500
25109012
25104405
25104917
25105429
25105941
25106453
25106965
25107477
25107989
25108501
25109013
25104406
25104918
25105430
25105942
25106454
25106966
25107478
25107990
25108502
25109014
25104407
25104919
25105431
25105943
25106455
25106967
25107479
25107991
25108503
25109015
25104408
25104920
25105432
25105944
25106456
25106968
25107480
25107992
25108504
25109016
25104409
25104921
25105433
25105945
25106457
25106969
25107481
25107993
25108505
25109017
25104410
25104922
25105434
25105946
25106458
25106970
25107482
25107994
25108506
25109018
25104411
25104923
25105435
25105947
25106459
25106971
25107483
25107995
25108507
25109019
48973810
48974322
48974834
48975346
48975858
48976370
48976882
48977394
48977906
48978418
48973811
48974323
48974835
48975347
48975859
48976371
48976883
48977395
48977907
48978419
48973812
48974324
48974836
48975348
48975860
48976372
48976884
48977396
48977908
48978420
48973813
48974325
48974837
48975349
48975861
48976373
48976885
48977397
48977909
48978421
48973814
48974326
48974838
48975350
48975862
48976374
48976886
48977398
48977910
48978422
48973815
48974327
48974839
48975351
48975863
48976375
48976887
48977399
48977911
48978423
48973816
48974328
48974840
48975352
48975864
48976376
48976888
48977400
48977912
48978424
48973817
48974329
48974841
48975353
48975865
48976377
48976889
48977401
48977913
48978425
48973818
48974330
48974842
48975354
48975866
48976378
48976890
48977402
48977914
48978426
48973819
48974331
48974843
48975355
48975867
48976379
48976891
48977403
48977915
48978427
31501690
31502202
31502714
31503226
31503738
31504250
31504762
31505274
31505786
31506298
31501691
31502203
31502715
31503227
31503739
31504251
31504763
31505275
31505787
31506299
31501692
31502204
31502716
31503228
31503740
31504252
31504764
31505276
31505788
31506300
31501693
31502205
31502717
31503229
31503741
31504253
31504765
31505277
31505789
31506301
31501694
31502206
31502718
31503230
31503742
31504254
31504766
31505278
31505790
31506302
31501695
31502207
31502719
31503231
31503743
31504255
31504767
31505279
31505791
31506303
31501696
31502208
31502720
31503232
31503744
31504256
31504768
31505280
31505792
31506304
31501697
31502209
31502721
31503233
31503745
31504257
31504769
31505281
31505793
31506305
31501698
31502210
31502722
31503234
31503746
31504258
31504770
31505282
31505794
31506306
31501699
31502211
31502723
31503235
31503747
31504259
31504771
31505283
31505795
31506307
17524944
17525456
17525968
17526480
17526992
17527504
17528016
17528528
17529040
17529552
17524945
17525457
17525969
17526481
17526993
17527505
17528017
17528529
17529041
17529553
17524946
17525458
17525970
17526482
17526994
17527506
17528018
17528530
17529042
17529554
17524947
17525459
17525971
17526483
17526995
17527507
17528019
17528531
17529043
17529555
17524948
17525460
17525972
17526484
17526996
17527508
17528020
17528532
17529044
17529556
17524949
17525461
17525973
17526485
17526997
17527509
17528021
17528533
17529045
17529557
17524950
17525462
17525974
17526486
17526998
17527510
17528022
17528534
17529046
17529558
17524951
17525463
17525975
17526487
17526999
17527511
17528023
17528535
17529047
17529559
17524952
17525464
17525976
17526488
17527000
17527512
17528024
17528536
17529048
17529560
17524953
17525465
17525977
17526489
17527001
17527513
17528025
17528537
17529049
17529561
3714128
3714640
3715152
3715664
3716176
3716688
3717200
3717712
3718224
3718736
3714129
3714641
3715153
3715665
3716177
3716689
3717201
3717713
3718225
3718737
3714130
3714642
3715154
3715666
3716178
3716690
3717202
3717714
3718226
3718738
3714131
3714643
3715155
3715667
3716179
3716691
3717203
3717715
3718227
3718739
3714132
3714644
3715156
3715668
3716180
3716692
3717204
3717716
3718228
3718740
3714133
3714645
3715157
3715669
3716181
3716693
3717205
3717717
3718229
3718741
3714134
3714646
3715158
3715670
3716182
3716694
3717206
3717718
3718230
3718742
3714135
3714647
3715159
3715671
3716183
3716695
3717207
3717719
3718231
3718743
3714136
3714648
3715160
3715672
3716184
3716696
3717208
3717720
3718232
3718744
3714137
3714649
3715161
3715673
3716185
3716697
3717209
3717721
3718233
3718745
10540915
10541427
10541939
10542451
10542963
10543475
10543987
10544499
10545011
10545523
10540916
10541428
10541940
10542452
10542964
10543476
10543988
10544500
10545012
10545524
10540917
10541429
10541941
10542453
10542965
10543477
10543989
10544501
10545013
10545525
10540918
10541430
10541942
10542454
10542966
10543478
10543990
10544502
10545014
10545526
10540919
10541431
10541943
10542455
10542967
10543479
10543991
10544503
10545015
10545527
10540920
10541432
10541944
10542456
10542968
10543480
10543992
10544504
10545016
10545528
10540921
10541433
10541945
10542457
10542969
10543481
10543993
10544505
10545017
10545529
10540922
10541434
10541946
10542458
10542970
10543482
10543994
10544506
10545018
10545530
10540923
10541435
10541947
10542459
10542971
10543483
10543995
10544507
10545019
10545531
10540924
10541436
10541948
10542460
10542972
10543484
10543996
10544508
10545020
10545532
62079606
62080118
62080630
62081142
62081654
62082166
62082678
62083190
62083702
62084214
62079607
62080119
62080631
62081143
62081655
62082167
62082679
62083191
62083703
62084215
62079608
62080120
62080632
62081144
62081656
62082168
62082680
62083192
62083704
62084216
62079609
62080121
62080633
62081145
62081657
62082169
62082681
62083193
62083705
62084217
62079610
62080122
62080634
62081146
62081658
62082170
62082682
62083194
62083706
62084218
62079611
62080123
62080635
62081147
62081659
62082171
62082683
62083195
62083707
62084219
62079612
62080124
62080636
62081148
62081660
62082172
62082684
62083196
62083708
62084220
62079613
62080125
62080637
62081149
62081661
62082173
62082685
62083197
62083709
62084221
62079614
62080126
62080638
62081150
62081662
62082174
62082686
62083198
62083710
62084222
62079615
62080127
62080639
62081151
62081663
62082175
62082687
62083199
62083711
62084223
57504696
57505208
57505720
57506232
57506744
57507256
57507768
57508280
57508792
57509304
57504697
57505209
57505721
57506233
57506745
57507257
57507769
57508281
57508793
57509305
57504698
57505210
57505722
57506234
57506746
57507258
57507770
57508282
57508794
57509306
57504699
57505211
57505723
57506235
57506747
57507259
57507771
57508283
57508795
57509307
57504700
57505212
57505724
57506236
57506748
57507260
57507772
57508284
57508796
57509308
57504701
57505213
57505725
57506237
57506749
57507261
57507773
57508285
57508797
57509309
57504702
57505214
57505726
57506238
57506750
57507262
57507774
57508286
57508798
57509310
57504703
57505215
57505727
57506239
57506751
57507263
57507775
57508287
57508799
57509311
57504704
57505216
57505728
57506240
57506752
57507264
57507776
57508288
57508800
57509312
57504705
57505217
57505729
57506241
57506753
57507265
57507777
57508289
57508801
57509313
64581608
64582120
64582632
64583144
64583656
64584168
64584680
64585192
64585704
64586216
64581609
64582121
64582633
64583145
64583657
64584169
64584681
64585193
64585705
64586217
64581610
64582122
64582634
64583146
64583658
64584170
64584682
64585194
64585706
64586218
64581611
64582123
64582635
64583147
64583659
64584171
64584683
64585195
64585707
64586219
64581612
64582124
64582636
64583148
64583660
64584172
64584684
64585196
64585708
64586220
64581613
64582125
64582637
64583149
64583661
64584173
64584685
64585197
64585709
64586221
64581614
64582126
64582638
64583150
64583662
64584174
64584686
64585198
64585710
64586222
64581615
64582127
64582639
64583151
64583663
64584175
64584687
64585199
64585711
64586223
64581616
64582128
64582640
64583152
64583664
64584176
64584688
64585200
64585712
64586224
64581617
64582129
64582641
64583153
64583665
64584177
64584689
64585201
64585713
64586225
66111039
66111551
66112063
66112575
66113087
66113599
66114111
66114623
66115135
66115647
66111040
66111552
66112064
66112576
66113088
66113600
66114112
66114624
66115136
66115648
66111041
66111553
66112065
66112577
66113089
66113601
66114113
66114625
66115137
66115649
66111042
66111554
66112066
66112578
66113090
66113602
66114114
66114626
66115138
66115650
66111043
66111555
66112067
66112579
66113091
66113603
66114115
66114627
66115139
66115651
66111044
66111556
66112068
66112580
66113092
66113604
66114116
66114628
66115140
66115652
66111045
66111557
66112069
66112581
66113093
66113605
66114117
66114629
66115141
66115653
66111046
66111558
66112070
66112582
66113094
66113606
66114118
66114630
66115142
66115654
66111047
66111559
66112071
66112583
66113095
66113607
66114119
66114631
66115143
66115655
66111048
66111560
66112072
66112584
66113096
66113608
66114120
66114632
66115144
66115656
48500552
48501064
48501576
48502088
48502600
48503112
48503624
48504136
48504648
48505160
48500553
48501065
48501577
48502089
48502601
48503113
48503625
48504137
48504649
48505161
48500554
48501066
48501578
48502090
48502602
48503114
48503626
48504138
48504650
48505162
48500555
48501067
48501579
48502091
48502603
48503115
48503627
48504139
48504651
48505163
48500556
48501068
48501580
48502092
48502604
48503116
48503628
48504140
48504652
48505164
48500557
48501069
48501581
48502093
48502605
48503117
48503629
48504141
48504653
48505165
48500558
48501070
48501582
48502094
48502606
48503118
48503630
48504142
48504654
48505166
48500559
48501071
48501583
48502095
48502607
48503119
48503631
48504143
48504655
48505167
48500560
48501072
48501584
48502096
48502608
48503120
48503632
48504144
48504656
48505168
48500561
48501073
48501585
48502097
48502609
48503121
48503633
48504145
48504657
48505169
37327919
37328431
37328943
37329455
37329967
37330479
37330991
37331503
37332015
37332527
37327920
37328432
37328944
37329456
37329968
37330480
37330992
37331504
37332016
37332528
37327921
37328433
37328945
37329457
37329969
37330481
37330993
37331505
37332017
37332529
37327922
37328434
37328946
37329458
37329970
37330482
37330994
37331506
37332018
37332530
37327923
37328435
37328947
37329459
37329971
37330483
37330995
37331507
37332019
37332531
37327924
37328436
37328948
37329460
37329972
37330484
37330996
37331508
37332020
37332532
37327925
37328437
37328949
37329461
37329973
37330485
37330997
37331509
37332021
37332533
37327926
37328438
37328950
37329462
37329974
37330486
37330998
37331510
37332022
37332534
37327927
37328439
37328951
37329463
37329975
37330487
37330999
37331511
37332023
37332535
37327928
37328440
37328952
37329464
37329976
37330488
37331000
37331512
37332024
37332536
43498394
43498906
43499418
43499930
43500442
43500954
43501466
43501978
43502490
43503002
43498395
43498907
43499419
43499931
43500443
43500955
43501467
43501979
43502491
43503003
43498396
43498908
43499420
43499932
43500444
43500956
43501468
43501980
43502492
43503004
43498397
43498909
43499421
43499933
43500445
43500957
43501469
43501981
43502493
43503005
43498398
43498910
43499422
43499934
43500446
43500958
43501470
43501982
43502494
43503006
43498399
43498911
43499423
43499935
43500447
43500959
43501471
43501983
43502495
43503007
43498400
43498912
43499424
43499936
43500448
43500960
43501472
43501984
43502496
43503008
43498401
43498913
43499425
43499937
43500449
43500961
43501473
43501985
43502497
43503009
43498402
43498914
43499426
43499938
43500450
43500962
43501474
43501986
43502498
43503010
43498403
43498915
43499427
43499939
43500451
43500963
43501475
43501987
43502499
43503011
6825389
6825901
6826413
6826925
6827437
6827949
6828461
6828973
6829485
6829997
6825390
6825902
6826414
6826926
6827438
6827950
6828462
6828974
6829486
6829998
6825391
6825903
6826415
6826927
6827439
6827951
6828463
6828975
6829487
6829999
6825392
6825904
6826416
6826928
6827440
6827952
6828464
6828976
6829488
6830000
6825393
6825905
6826417
6826929
6827441
6827953
6828465
6828977
6829489
6830001
6825394
6825906
6826418
6826930
6827442
6827954
6828466
6828978
6829490
6830002
6825395
6825907
6826419
6826931
6827443
6827955
6828467
6828979
6829491
6830003
6825396
6825908
6826420
6826932
6827444
6827956
6828468
6828980
6829492
6830004
6825397
6825909
6826421
6826933
6827445
6827957
6828469
6828981
6829493
6830005
6825398
6825910
6826422
6826934
6827446
6827958
6828470
6828982
6829494
6830006
58936131
58936643
58937155
58937667
58938179
58938691
58939203
58939715
58940227
58940739
58936132
58936644
58937156
58937668
58938180
58938692
58939204
58939716
58940228
58940740
58936133
58936645
58937157
58937669
58938181
58938693
58939205
58939717
58940229
58940741
58936134
58936646
58937158
58937670
58938182
58938694
58939206
58939718
58940230
58940742
58936135
58936647
58937159
58937671
58938183
58938695
58939207
58939719
58940231
58940743
58936136
58936648
58937160
58937672
58938184
58938696
58939208
58939720
58940232
58940744
58936137
58936649
58937161
58937673
58938185
58938697
58939209
58939721
58940233
58940745
58936138
58936650
58937162
58937674
58938186
58938698
58939210
58939722
58940234
58940746
58936139
58936651
58937163
58937675
58938187
58938699
58939211
58939723
58940235
58940747
58936140
58936652
58937164
58937676
58938188
58938700
58939212
58939724
58940236
58940748
38211407
38211919
38212431
38212943
38213455
38213967
38214479
38214991
38215503
38216015
38211408
38211920
38212432
38212944
38213456
38213968
38214480
38214992
38215504
38216016
38211409
38211921
38212433
38212945
38213457
38213969
38214481
38214993
38215505
38216017
38211410
38211922
38212434
38212946
38213458
38213970
38214482
38214994
38215506
38216018
38211411
38211923
38212435
38212947
38213459
38213971
38214483
38214995
38215507
38216019
38211412
38211924
38212436
38212948
38213460
38213972
38214484
38214996
38215508
38216020
38211413
38211925
38212437
38212949
38213461
38213973
38214485
38214997
38215509
38216021
38211414
38211926
38212438
38212950
38213462
38213974
38214486
38214998
38215510
38216022
38211415
38211927
38212439
38212951
38213463
38213975
38214487
38214999
38215511
38216023
38211416
38211928
38212440
38212952
38213464
38213976
38214488
38215000
38215512
38216024
11976438
11976950
11977462
11977974
11978486
11978998
11979510
11980022
11980534
11981046
11976439
11976951
11977463
11977975
11978487
11978999
11979511
11980023
11980535
11981047
11976440
11976952
11977464
11977976
11978488
11979000
11979512
11980024
11980536
11981048
11976441
11976953
11977465
11977977
11978489
11979001
11979513
11980025
11980537
11981049
11976442
11976954
11977466
11977978
11978490
11979002
11979514
11980026
11980538
11981050
11976443
11976955
11977467
11977979
11978491
11979003
11979515
11980027
11980539
11981051
11976444
11976956
11977468
11977980
11978492
11979004
11979516
11980028
11980540
11981052
11976445
11976957
11977469
11977981
11978493
11979005
11979517
11980029
11980541
11981053
11976446
11976958
11977470
11977982
11978494
11979006
11979518
11980030
11980542
11981054
11976447
11976959
11977471
11977983
11978495
11979007
11979519
11980031
11980543
11981055
17083352
17083864
17084376
17084888
17085400
17085912
17086424
17086936
17087448
17087960
17083353
17083865
17084377
17084889
17085401
17085913
17086425
17086937
17087449
17087961
17083354
17083866
17084378
17084890
17085402
17085914
17086426
17086938
17087450
17087962
17083355
17083867
17084379
17084891
17085403
17085915
17086427
17086939
17087451
17087963
17083356
17083868
17084380
17084892
17085404
17085916
17086428
17086940
17087452
17087964
17083357
17083869
17084381
17084893
17085405
17085917
17086429
17086941
17087453
17087965
17083358
17083870
17084382
17084894
17085406
17085918
17086430
17086942
17087454
17087966
17083359
17083871
17084383
17084895
17085407
17085919
17086431
17086943
17087455
17087967
17083360
17083872
17084384
17084896
17085408
17085920
17086432
17086944
17087456
17087968
17083361
17083873
17084385
17084897
17085409
17085921
17086433
17086945
17087457
17087969
30949650
30950162
30950674
30951186
30951698
30952210
30952722
30953234
30953746
30954258
30949651
30950163
30950675
30951187
30951699
30952211
30952723
30953235
30953747
30954259
30949652
30950164
30950676
30951188
30951700
30952212
30952724
30953236
30953748
30954260
30949653
30950165
30950677
30951189
30951701
30952213
30952725
30953237
30953749
30954261
30949654
30950166
30950678
30951190
30951702
30952214
30952726
30953238
30953750
30954262
30949655
30950167
30950679
30951191
30951703
30952215
30952727
30953239
30953751
30954263
30949656
30950168
30950680
30951192
30951704
30952216
30952728
30953240
30953752
30954264
30949657
30950169
30950681
30951193
30951705
30952217
30952729
30953241
30953753
30954265
30949658
30950170
30950682
30951194
30951706
30952218
30952730
30953242
30953754
30954266
30949659
30950171
30950683
30951195
30951707
30952219
30952731
30953243
30953755
30954267
