24986804
24987316
24987828
24988340
24988852
24989364
24989876
24990388
24990900
24991412
24986805
24987317
24987829
24988341
24988853
24989365
24989877
24990389
24990901
24991413
24986806
24987318
24987830
24988342
24988854
24989366
24989878
24990390
24990902
24991414
24986807
24987319
24987831
24988343
24988855
24989367
24989879
24990391
24990903
24991415
24986808
24987320
24987832
24988344
24988856
24989368
24989880
24990392
24990904
24991416
24986809
24987321
24987833
24988345
24988857
24989369
24989881
24990393
24990905
24991417
24986810
24987322
24987834
24988346
24988858
24989370
24989882
24990394
24990906
24991418
24986811
24987323
24987835
24988347
24988859
24989371
24989883
24990395
24990907
24991419
24986812
24987324
24987836
24988348
24988860
24989372
24989884
24990396
24990908
24991420
24986813
24987325
24987837
24988349
24988861
24989373
24989885
24990397
24990909
24991421
55360783
55361295
55361807
55362319
55362831
55363343
55363855
55364367
55364879
55365391
55360784
55361296
55361808
55362320
55362832
55363344
55363856
55364368
55364880
55365392
55360785
55361297
55361809
55362321
55362833
55363345
55363857
55364369
55364881
55365393
55360786
55361298
55361810
55362322
55362834
55363346
55363858
55364370
55364882
55365394
55360787
55361299
55361811
55362323
55362835
55363347
55363859
55364371
55364883
55365395
55360788
55361300
55361812
55362324
55362836
55363348
55363860
55364372
55364884
55365396
55360789
55361301
55361813
55362325
55362837
55363349
55363861
55364373
55364885
55365397
55360790
55361302
55361814
55362326
55362838
55363350
55363862
55364374
55364886
55365398
55360791
55361303
55361815
55362327
55362839
55363351
55363863
55364375
55364887
55365399
55360792
55361304
55361816
55362328
55362840
55363352
55363864
55364376
55364888
55365400
42057960
42058472
42058984
42059496
42060008
42060520
42061032
42061544
42062056
42062568
42057961
42058473
42058985
42059497
42060009
42060521
42061033
42061545
42062057
42062569
42057962
42058474
42058986
42059498
42060010
42060522
42061034
42061546
42062058
42062570
42057963
42058475
42058987
42059499
42060011
42060523
42061035
42061547
42062059
42062571
42057964
42058476
42058988
42059500
42060012
42060524
42061036
42061548
42062060
42062572
42057965
42058477
42058989
42059501
42060013
42060525
42061037
42061549
42062061
42062573
42057966
42058478
42058990
42059502
42060014
42060526
42061038
42061550
42062062
42062574
42057967
42058479
42058991
42059503
42060015
42060527
42061039
42061551
42062063
42062575
42057968
42058480
42058992
42059504
42060016
42060528
42061040
42061552
42062064
42062576
42057969
42058481
42058993
42059505
42060017
42060529
42061041
42061553
42062065
42062577
59840286
59840798
59841310
59841822
59842334
59842846
59843358
59843870
59844382
59844894
59840287
59840799
59841311
59841823
59842335
59842847
59843359
59843871
59844383
59844895
59840288
59840800
59841312
59841824
59842336
59842848
59843360
59843872
59844384
59844896
59840289
59840801
59841313
59841825
59842337
59842849
59843361
59843873
59844385
59844897
59840290
59840802
59841314
59841826
59842338
59842850
59843362
59843874
59844386
59844898
59840291
59840803
59841315
59841827
59842339
59842851
59843363
59843875
59844387
59844899
59840292
59840804
59841316
59841828
59842340
59842852
59843364
59843876
59844388
59844900
59840293
59840805
59841317
59841829
59842341
59842853
59843365
59843877
59844389
59844901
59840294
59840806
59841318
59841830
59842342
59842854
59843366
59843878
59844390
59844902
59840295
59840807
59841319
59841831
59842343
59842855
59843367
59843879
59844391
59844903
30522031
30522543
30523055
30523567
30524079
30524591
30525103
30525615
30526127
30526639
30522032
30522544
30523056
30523568
30524080
30524592
30525104
30525616
30526128
30526640
30522033
30522545
30523057
30523569
30524081
30524593
30525105
30525617
30526129
30526641
30522034
30522546
30523058
30523570
30524082
30524594
30525106
30525618
30526130
30526642
30522035
30522547
30523059
30523571
30524083
30524595
30525107
30525619
30526131
30526643
30522036
30522548
30523060
30523572
30524084
30524596
30525108
30525620
30526132
30526644
30522037
30522549
30523061
30523573
30524085
30524597
30525109
30525621
30526133
30526645
30522038
30522550
30523062
30523574
30524086
30524598
30525110
30525622
30526134
30526646
30522039
30522551
30523063
30523575
30524087
30524599
30525111
30525623
30526135
30526647
30522040
30522552
30523064
30523576
30524088
30524600
30525112
30525624
30526136
30526648
49907487
49907999
49908511
49909023
49909535
49910047
49910559
49911071
49911583
49912095
49907488
49908000
49908512
49909024
49909536
49910048
49910560
49911072
49911584
49912096
49907489
49908001
49908513
49909025
49909537
49910049
49910561
49911073
49911585
49912097
49907490
49908002
49908514
49909026
49909538
49910050
49910562
49911074
49911586
49912098
49907491
49908003
49908515
49909027
49909539
49910051
49910563
49911075
49911587
49912099
49907492
49908004
49908516
49909028
49909540
49910052
49910564
49911076
49911588
49912100
49907493
49908005
49908517
49909029
49909541
49910053
49910565
49911077
49911589
49912101
49907494
49908006
49908518
49909030
49909542
49910054
49910566
49911078
49911590
49912102
49907495
49908007
49908519
49909031
49909543
49910055
49910567
49911079
49911591
49912103
49907496
49908008
49908520
49909032
49909544
49910056
49910568
49911080
49911592
49912104
44877584
44878096
44878608
44879120
44879632
44880144
44880656
44881168
44881680
44882192
44877585
44878097
44878609
44879121
44879633
44880145
44880657
44881169
44881681
44882193
44877586
44878098
44878610
44879122
44879634
44880146
44880658
44881170
44881682
44882194
44877587
44878099
44878611
44879123
44879635
44880147
44880659
44881171
44881683
44882195
44877588
44878100
44878612
44879124
44879636
44880148
44880660
44881172
44881684
44882196
44877589
44878101
44878613
44879125
44879637
44880149
44880661
44881173
44881685
44882197
44877590
44878102
44878614
44879126
44879638
44880150
44880662
44881174
44881686
44882198
44877591
44878103
44878615
44879127
44879639
44880151
44880663
44881175
44881687
44882199
44877592
44878104
44878616
44879128
44879640
44880152
44880664
44881176
44881688
44882200
44877593
44878105
44878617
44879129
44879641
44880153
44880665
44881177
44881689
44882201
13194927
13195439
13195951
13196463
13196975
13197487
13197999
13198511
13199023
13199535
13194928
13195440
13195952
13196464
13196976
13197488
13198000
13198512
13199024
13199536
13194929
13195441
13195953
13196465
13196977
13197489
13198001
13198513
13199025
13199537
13194930
13195442
13195954
13196466
13196978
13197490
13198002
13198514
13199026
13199538
13194931
13195443
13195955
13196467
13196979
13197491
13198003
13198515
13199027
13199539
13194932
13195444
13195956
13196468
13196980
13197492
13198004
13198516
13199028
13199540
13194933
13195445
13195957
13196469
13196981
13197493
13198005
13198517
13199029
13199541
13194934
13195446
13195958
13196470
13196982
13197494
13198006
13198518
13199030
13199542
13194935
13195447
13195959
13196471
13196983
13197495
13198007
13198519
13199031
13199543
13194936
13195448
13195960
13196472
13196984
13197496
13198008
13198520
13199032
13199544
49403121
49403633
49404145
49404657
49405169
49405681
49406193
49406705
49407217
49407729
49403122
49403634
49404146
49404658
49405170
49405682
49406194
49406706
49407218
49407730
49403123
49403635
49404147
49404659
49405171
49405683
49406195
49406707
49407219
49407731
49403124
49403636
49404148
49404660
49405172
49405684
49406196
49406708
49407220
49407732
49403125
49403637
49404149
49404661
49405173
49405685
49406197
49406709
49407221
49407733
49403126
49403638
49404150
49404662
49405174
49405686
49406198
49406710
49407222
49407734
49403127
49403639
49404151
49404663
49405175
49405687
49406199
49406711
49407223
49407735
49403128
49403640
49404152
49404664
49405176
49405688
49406200
49406712
49407224
49407736
49403129
49403641
49404153
49404665
49405177
49405689
49406201
49406713
49407225
49407737
49403130
49403642
49404154
49404666
49405178
49405690
49406202
49406714
49407226
49407738
32071872
32072384
32072896
32073408
32073920
32074432
32074944
32075456
32075968
32076480
32071873
32072385
32072897
32073409
32073921
32074433
32074945
32075457
32075969
32076481
32071874
32072386
32072898
32073410
32073922
32074434
32074946
32075458
32075970
32076482
32071875
32072387
32072899
32073411
32073923
32074435
32074947
32075459
32075971
32076483
32071876
32072388
32072900
32073412
32073924
32074436
32074948
32075460
32075972
32076484
32071877
32072389
32072901
32073413
32073925
32074437
32074949
32075461
32075973
32076485
32071878
32072390
32072902
32073414
32073926
32074438
32074950
32075462
32075974
32076486
32071879
32072391
32072903
32073415
32073927
32074439
32074951
32075463
32075975
32076487
32071880
32072392
32072904
32073416
32073928
32074440
32074952
32075464
32075976
32076488
32071881
32072393
32072905
32073417
32073929
32074441
32074953
32075465
32075977
32076489
44917559
44918071
44918583
44919095
44919607
44920119
44920631
44921143
44921655
44922167
44917560
44918072
44918584
44919096
44919608
44920120
44920632
44921144
44921656
44922168
44917561
44918073
44918585
44919097
44919609
44920121
44920633
44921145
44921657
44922169
44917562
44918074
44918586
44919098
44919610
44920122
44920634
44921146
44921658
44922170
44917563
44918075
44918587
44919099
44919611
44920123
44920635
44921147
44921659
44922171
44917564
44918076
44918588
44919100
44919612
44920124
44920636
44921148
44921660
44922172
44917565
44918077
44918589
44919101
44919613
44920125
44920637
44921149
44921661
44922173
44917566
44918078
44918590
44919102
44919614
44920126
44920638
44921150
44921662
44922174
44917567
44918079
44918591
44919103
44919615
44920127
44920639
44921151
44921663
44922175
44917568
44918080
44918592
44919104
44919616
44920128
44920640
44921152
44921664
44922176
9282232
9282744
9283256
9283768
9284280
9284792
9285304
9285816
9286328
9286840
9282233
9282745
9283257
9283769
9284281
9284793
9285305
9285817
9286329
9286841
9282234
9282746
9283258
9283770
9284282
9284794
9285306
9285818
9286330
9286842
9282235
9282747
9283259
9283771
9284283
9284795
9285307
9285819
9286331
9286843
9282236
9282748
9283260
9283772
9284284
9284796
9285308
9285820
9286332
9286844
9282237
9282749
9283261
9283773
9284285
9284797
9285309
9285821
9286333
9286845
9282238
9282750
9283262
9283774
9284286
9284798
9285310
9285822
9286334
9286846
9282239
9282751
9283263
9283775
9284287
9284799
9285311
9285823
9286335
9286847
9282240
9282752
9283264
9283776
9284288
9284800
9285312
9285824
9286336
9286848
9282241
9282753
9283265
9283777
9284289
9284801
9285313
9285825
9286337
9286849
45164278
45164790
45165302
45165814
45166326
45166838
45167350
45167862
45168374
45168886
45164279
45164791
45165303
45165815
45166327
45166839
45167351
45167863
45168375
45168887
45164280
45164792
45165304
45165816
45166328
45166840
45167352
45167864
45168376
45168888
45164281
45164793
45165305
45165817
45166329
45166841
45167353
45167865
45168377
45168889
45164282
45164794
45165306
45165818
45166330
45166842
45167354
45167866
45168378
45168890
45164283
45164795
45165307
45165819
45166331
45166843
45167355
45167867
45168379
45168891
45164284
45164796
45165308
45165820
45166332
45166844
45167356
45167868
45168380
45168892
45164285
45164797
45165309
45165821
45166333
45166845
45167357
45167869
45168381
45168893
45164286
45164798
45165310
45165822
45166334
45166846
45167358
45167870
45168382
45168894
45164287
45164799
45165311
45165823
45166335
45166847
45167359
45167871
45168383
45168895
33428646
33429158
33429670
33430182
33430694
33431206
33431718
33432230
33432742
33433254
33428647
33429159
33429671
33430183
33430695
33431207
33431719
33432231
33432743
33433255
33428648
33429160
33429672
33430184
33430696
33431208
33431720
33432232
33432744
33433256
33428649
33429161
33429673
33430185
33430697
33431209
33431721
33432233
33432745
33433257
33428650
33429162
33429674
33430186
33430698
33431210
33431722
33432234
33432746
33433258
33428651
33429163
33429675
33430187
33430699
33431211
33431723
33432235
33432747
33433259
33428652
33429164
33429676
33430188
33430700
33431212
33431724
33432236
33432748
33433260
33428653
33429165
33429677
33430189
33430701
33431213
33431725
33432237
33432749
33433261
33428654
33429166
33429678
33430190
33430702
33431214
33431726
33432238
33432750
33433262
33428655
33429167
33429679
33430191
33430703
33431215
33431727
33432239
33432751
33433263
49355488
49356000
49356512
49357024
49357536
49358048
49358560
49359072
49359584
49360096
49355489
49356001
49356513
49357025
49357537
49358049
49358561
49359073
49359585
49360097
49355490
49356002
49356514
49357026
49357538
49358050
49358562
49359074
49359586
49360098
49355491
49356003
49356515
49357027
49357539
49358051
49358563
49359075
49359587
49360099
49355492
49356004
49356516
49357028
49357540
49358052
49358564
49359076
49359588
49360100
49355493
49356005
49356517
49357029
49357541
49358053
49358565
49359077
49359589
49360101
49355494
49356006
49356518
49357030
49357542
49358054
49358566
49359078
49359590
49360102
49355495
49356007
49356519
49357031
49357543
49358055
49358567
49359079
49359591
49360103
49355496
49356008
49356520
49357032
49357544
49358056
49358568
49359080
49359592
49360104
49355497
49356009
49356521
49357033
49357545
49358057
49358569
49359081
49359593
49360105
50142969
50143481
50143993
50144505
50145017
50145529
50146041
50146553
50147065
50147577
50142970
50143482
50143994
50144506
50145018
50145530
50146042
50146554
50147066
50147578
50142971
50143483
50143995
50144507
50145019
50145531
50146043
50146555
50147067
50147579
50142972
50143484
50143996
50144508
50145020
50145532
50146044
50146556
50147068
50147580
50142973
50143485
50143997
50144509
50145021
50145533
50146045
50146557
50147069
50147581
50142974
50143486
50143998
50144510
50145022
50145534
50146046
50146558
50147070
50147582
50142975
50143487
50143999
50144511
50145023
50145535
50146047
50146559
50147071
50147583
50142976
50143488
50144000
50144512
50145024
50145536
50146048
50146560
50147072
50147584
50142977
50143489
50144001
50144513
50145025
50145537
50146049
50146561
50147073
50147585
50142978
50143490
50144002
50144514
50145026
50145538
50146050
50146562
50147074
50147586
58271536
58272048
58272560
58273072
58273584
58274096
58274608
58275120
58275632
58276144
58271537
58272049
58272561
58273073
58273585
58274097
58274609
58275121
58275633
58276145
58271538
58272050
58272562
58273074
58273586
58274098
58274610
58275122
58275634
58276146
58271539
58272051
58272563
58273075
58273587
58274099
58274611
58275123
58275635
58276147
58271540
58272052
58272564
58273076
58273588
58274100
58274612
58275124
58275636
58276148
58271541
58272053
58272565
58273077
58273589
58274101
58274613
58275125
58275637
58276149
58271542
58272054
58272566
58273078
58273590
58274102
58274614
58275126
58275638
58276150
58271543
58272055
58272567
58273079
58273591
58274103
58274615
58275127
58275639
58276151
58271544
58272056
58272568
58273080
58273592
58274104
58274616
58275128
58275640
58276152
58271545
58272057
58272569
58273081
58273593
58274105
58274617
58275129
58275641
58276153
55151349
55151861
55152373
55152885
55153397
55153909
55154421
55154933
55155445
55155957
55151350
55151862
55152374
55152886
55153398
55153910
55154422
55154934
55155446
55155958
55151351
55151863
55152375
55152887
55153399
55153911
55154423
55154935
55155447
55155959
55151352
55151864
55152376
55152888
55153400
55153912
55154424
55154936
55155448
55155960
55151353
55151865
55152377
55152889
55153401
55153913
55154425
55154937
55155449
55155961
55151354
55151866
55152378
55152890
55153402
55153914
55154426
55154938
55155450
55155962
55151355
55151867
55152379
55152891
55153403
55153915
55154427
55154939
55155451
55155963
55151356
55151868
55152380
55152892
55153404
55153916
55154428
55154940
55155452
55155964
55151357
55151869
55152381
55152893
55153405
55153917
55154429
55154941
55155453
55155965
55151358
55151870
55152382
55152894
55153406
55153918
55154430
55154942
55155454
55155966
12166356
12166868
12167380
12167892
12168404
12168916
12169428
12169940
12170452
12170964
12166357
12166869
12167381
12167893
12168405
12168917
12169429
12169941
12170453
12170965
12166358
12166870
12167382
12167894
12168406
12168918
12169430
12169942
12170454
12170966
12166359
12166871
12167383
12167895
12168407
12168919
12169431
12169943
12170455
12170967
12166360
12166872
12167384
12167896
12168408
12168920
12169432
12169944
12170456
12170968
12166361
12166873
12167385
12167897
12168409
12168921
12169433
12169945
12170457
12170969
12166362
12166874
12167386
12167898
12168410
12168922
12169434
12169946
12170458
12170970
12166363
12166875
12167387
12167899
12168411
12168923
12169435
12169947
12170459
12170971
12166364
12166876
12167388
12167900
12168412
12168924
12169436
12169948
12170460
12170972
12166365
12166877
12167389
12167901
12168413
12168925
12169437
12169949
12170461
12170973
55670011
55670523
55671035
55671547
55672059
55672571
55673083
55673595
55674107
55674619
55670012
55670524
55671036
55671548
55672060
55672572
55673084
55673596
55674108
55674620
55670013
55670525
55671037
55671549
55672061
55672573
55673085
55673597
55674109
55674621
55670014
55670526
55671038
55671550
55672062
55672574
55673086
55673598
55674110
55674622
55670015
55670527
55671039
55671551
55672063
55672575
55673087
55673599
55674111
55674623
55670016
55670528
55671040
55671552
55672064
55672576
55673088
55673600
55674112
55674624
55670017
55670529
55671041
55671553
55672065
55672577
55673089
55673601
55674113
55674625
55670018
55670530
55671042
55671554
55672066
55672578
55673090
55673602
55674114
55674626
55670019
55670531
55671043
55671555
55672067
55672579
55673091
55673603
55674115
55674627
55670020
55670532
55671044
55671556
55672068
55672580
55673092
55673604
55674116
55674628
47497519
47498031
47498543
47499055
47499567
47500079
47500591
47501103
47501615
47502127
47497520
47498032
47498544
47499056
47499568
47500080
47500592
47501104
47501616
47502128
47497521
47498033
47498545
47499057
47499569
47500081
47500593
47501105
47501617
47502129
47497522
47498034
47498546
47499058
47499570
47500082
47500594
47501106
47501618
47502130
47497523
47498035
47498547
47499059
47499571
47500083
47500595
47501107
47501619
47502131
47497524
47498036
47498548
47499060
47499572
47500084
47500596
47501108
47501620
47502132
47497525
47498037
47498549
47499061
47499573
47500085
47500597
47501109
47501621
47502133
47497526
47498038
47498550
47499062
47499574
47500086
47500598
47501110
47501622
47502134
47497527
47498039
47498551
47499063
47499575
47500087
47500599
47501111
47501623
47502135
47497528
47498040
47498552
47499064
47499576
47500088
47500600
47501112
47501624
47502136
56185573
56186085
56186597
56187109
56187621
56188133
56188645
56189157
56189669
56190181
56185574
56186086
56186598
56187110
56187622
56188134
56188646
56189158
56189670
56190182
56185575
56186087
56186599
56187111
56187623
56188135
56188647
56189159
56189671
56190183
56185576
56186088
56186600
56187112
56187624
56188136
56188648
56189160
56189672
56190184
56185577
56186089
56186601
56187113
56187625
56188137
56188649
56189161
56189673
56190185
56185578
56186090
56186602
56187114
56187626
56188138
56188650
56189162
56189674
56190186
56185579
56186091
56186603
56187115
56187627
56188139
56188651
56189163
56189675
56190187
56185580
56186092
56186604
56187116
56187628
56188140
56188652
56189164
56189676
56190188
56185581
56186093
56186605
56187117
56187629
56188141
56188653
56189165
56189677
56190189
56185582
56186094
56186606
56187118
56187630
56188142
56188654
56189166
56189678
56190190
12971203
12971715
12972227
12972739
12973251
12973763
12974275
12974787
12975299
12975811
12971204
12971716
12972228
12972740
12973252
12973764
12974276
12974788
12975300
12975812
12971205
12971717
12972229
12972741
12973253
12973765
12974277
12974789
12975301
12975813
12971206
12971718
12972230
12972742
12973254
12973766
12974278
12974790
12975302
12975814
12971207
12971719
12972231
12972743
12973255
12973767
12974279
12974791
12975303
12975815
12971208
12971720
12972232
12972744
12973256
12973768
12974280
12974792
12975304
12975816
12971209
12971721
12972233
12972745
12973257
12973769
12974281
12974793
12975305
12975817
12971210
12971722
12972234
12972746
12973258
12973770
12974282
12974794
12975306
12975818
12971211
12971723
12972235
12972747
12973259
12973771
12974283
12974795
12975307
12975819
12971212
12971724
12972236
12972748
12973260
12973772
12974284
12974796
12975308
12975820
47872179
47872691
47873203
47873715
47874227
47874739
47875251
47875763
47876275
47876787
47872180
47872692
47873204
47873716
47874228
47874740
47875252
47875764
47876276
47876788
47872181
47872693
47873205
47873717
47874229
47874741
47875253
47875765
47876277
47876789
47872182
47872694
47873206
47873718
47874230
47874742
47875254
47875766
47876278
47876790
47872183
47872695
47873207
47873719
47874231
47874743
47875255
47875767
47876279
47876791
47872184
47872696
47873208
47873720
47874232
47874744
47875256
47875768
47876280
47876792
47872185
47872697
47873209
47873721
47874233
47874745
47875257
47875769
47876281
47876793
47872186
47872698
47873210
47873722
47874234
47874746
47875258
47875770
47876282
47876794
47872187
47872699
47873211
47873723
47874235
47874747
47875259
47875771
47876283
47876795
47872188
47872700
47873212
47873724
47874236
47874748
47875260
47875772
47876284
47876796
44701892
44702404
44702916
44703428
44703940
44704452
44704964
44705476
44705988
44706500
44701893
44702405
44702917
44703429
44703941
44704453
44704965
44705477
44705989
44706501
44701894
44702406
44702918
44703430
44703942
44704454
44704966
44705478
44705990
44706502
44701895
44702407
44702919
44703431
44703943
44704455
44704967
44705479
44705991
44706503
44701896
44702408
44702920
44703432
44703944
44704456
44704968
44705480
44705992
44706504
44701897
44702409
44702921
44703433
44703945
44704457
44704969
44705481
44705993
44706505
44701898
44702410
44702922
44703434
44703946
44704458
44704970
44705482
44705994
44706506
44701899
44702411
44702923
44703435
44703947
44704459
44704971
44705483
44705995
44706507
44701900
44702412
44702924
44703436
44703948
44704460
44704972
44705484
44705996
44706508
44701901
44702413
44702925
44703437
44703949
44704461
44704973
44705485
44705997
44706509
52743993
52744505
52745017
52745529
52746041
52746553
52747065
52747577
52748089
52748601
52743994
52744506
52745018
52745530
52746042
52746554
52747066
52747578
52748090
52748602
52743995
52744507
52745019
52745531
52746043
52746555
52747067
52747579
52748091
52748603
52743996
52744508
52745020
52745532
52746044
52746556
52747068
52747580
52748092
52748604
52743997
52744509
52745021
52745533
52746045
52746557
52747069
52747581
52748093
52748605
52743998
52744510
52745022
52745534
52746046
52746558
52747070
52747582
52748094
52748606
52743999
52744511
52745023
52745535
52746047
52746559
52747071
52747583
52748095
52748607
52744000
52744512
52745024
52745536
52746048
52746560
52747072
52747584
52748096
52748608
52744001
52744513
52745025
52745537
52746049
52746561
52747073
52747585
52748097
52748609
52744002
52744514
52745026
52745538
52746050
52746562
52747074
52747586
52748098
52748610
53024550
53025062
53025574
53026086
53026598
53027110
53027622
53028134
53028646
53029158
53024551
53025063
53025575
53026087
53026599
53027111
53027623
53028135
53028647
53029159
53024552
53025064
53025576
53026088
53026600
53027112
53027624
53028136
53028648
53029160
53024553
53025065
53025577
53026089
53026601
53027113
53027625
53028137
53028649
53029161
53024554
53025066
53025578
53026090
53026602
53027114
53027626
53028138
53028650
53029162
53024555
53025067
53025579
53026091
53026603
53027115
53027627
53028139
53028651
53029163
53024556
53025068
53025580
53026092
53026604
53027116
53027628
53028140
53028652
53029164
53024557
53025069
53025581
53026093
53026605
53027117
53027629
53028141
53028653
53029165
53024558
53025070
53025582
53026094
53026606
53027118
53027630
53028142
53028654
53029166
53024559
53025071
53025583
53026095
53026607
53027119
53027631
53028143
53028655
53029167
43361439
43361951
43362463
43362975
43363487
43363999
43364511
43365023
43365535
43366047
43361440
43361952
43362464
43362976
43363488
43364000
43364512
43365024
43365536
43366048
43361441
43361953
43362465
43362977
43363489
43364001
43364513
43365025
43365537
43366049
43361442
43361954
43362466
43362978
43363490
43364002
43364514
43365026
43365538
43366050
43361443
43361955
43362467
43362979
43363491
43364003
43364515
43365027
43365539
43366051
43361444
43361956
43362468
43362980
43363492
43364004
43364516
43365028
43365540
43366052
43361445
43361957
43362469
43362981
43363493
43364005
43364517
43365029
43365541
43366053
43361446
43361958
43362470
43362982
43363494
43364006
43364518
43365030
43365542
43366054
43361447
43361959
43362471
43362983
43363495
43364007
43364519
43365031
43365543
43366055
43361448
43361960
43362472
43362984
43363496
43364008
43364520
43365032
43365544
43366056
43876517
43877029
43877541
43878053
43878565
43879077
43879589
43880101
43880613
43881125
43876518
43877030
43877542
43878054
43878566
43879078
43879590
43880102
43880614
43881126
43876519
43877031
43877543
43878055
43878567
43879079
43879591
43880103
43880615
43881127
43876520
43877032
43877544
43878056
43878568
43879080
43879592
43880104
43880616
43881128
43876521
43877033
43877545
43878057
43878569
43879081
43879593
43880105
43880617
43881129
43876522
43877034
43877546
43878058
43878570
43879082
43879594
43880106
43880618
43881130
43876523
43877035
43877547
43878059
43878571
43879083
43879595
43880107
43880619
43881131
43876524
43877036
43877548
43878060
43878572
43879084
43879596
43880108
43880620
43881132
43876525
43877037
43877549
43878061
43878573
43879085
43879597
43880109
43880621
43881133
43876526
43877038
43877550
43878062
43878574
43879086
43879598
43880110
43880622
43881134
42789645
42790157
42790669
42791181
42791693
42792205
42792717
42793229
42793741
42794253
42789646
42790158
42790670
42791182
42791694
42792206
42792718
42793230
42793742
42794254
42789647
42790159
42790671
42791183
42791695
42792207
42792719
42793231
42793743
42794255
42789648
42790160
42790672
42791184
42791696
42792208
42792720
42793232
42793744
42794256
42789649
42790161
42790673
42791185
42791697
42792209
42792721
42793233
42793745
42794257
42789650
42790162
42790674
42791186
42791698
42792210
42792722
42793234
42793746
42794258
42789651
42790163
42790675
42791187
42791699
42792211
42792723
42793235
42793747
42794259
42789652
42790164
42790676
42791188
42791700
42792212
42792724
42793236
42793748
42794260
42789653
42790165
42790677
42791189
42791701
42792213
42792725
42793237
42793749
42794261
42789654
42790166
42790678
42791190
42791702
42792214
42792726
42793238
42793750
42794262
