20945902
20946414
20946926
20947438
20947950
20948462
20948974
20949486
20949998
20950510
20945903
20946415
20946927
20947439
20947951
20948463
20948975
20949487
20949999
20950511
20945904
20946416
20946928
20947440
20947952
20948464
20948976
20949488
20950000
20950512
20945905
20946417
20946929
20947441
20947953
20948465
20948977
20949489
20950001
20950513
20945906
20946418
20946930
20947442
20947954
20948466
20948978
20949490
20950002
20950514
20945907
20946419
20946931
20947443
20947955
20948467
20948979
20949491
20950003
20950515
20945908
20946420
20946932
20947444
20947956
20948468
20948980
20949492
20950004
20950516
20945909
20946421
20946933
20947445
20947957
20948469
20948981
20949493
20950005
20950517
20945910
20946422
20946934
20947446
20947958
20948470
20948982
20949494
20950006
20950518
20945911
20946423
20946935
20947447
20947959
20948471
20948983
20949495
20950007
20950519
9227019
9227531
9228043
9228555
9229067
9229579
9230091
9230603
9231115
9231627
9227020
9227532
9228044
9228556
9229068
9229580
9230092
9230604
9231116
9231628
9227021
9227533
9228045
9228557
9229069
9229581
9230093
9230605
9231117
9231629
9227022
9227534
9228046
9228558
9229070
9229582
9230094
9230606
9231118
9231630
9227023
9227535
9228047
9228559
9229071
9229583
9230095
9230607
9231119
9231631
9227024
9227536
9228048
9228560
9229072
9229584
9230096
9230608
9231120
9231632
9227025
9227537
9228049
9228561
9229073
9229585
9230097
9230609
9231121
9231633
9227026
9227538
9228050
9228562
9229074
9229586
9230098
9230610
9231122
9231634
9227027
9227539
9228051
9228563
9229075
9229587
9230099
9230611
9231123
9231635
9227028
9227540
9228052
9228564
9229076
9229588
9230100
9230612
9231124
9231636
7480834
7481346
7481858
7482370
7482882
7483394
7483906
7484418
7484930
7485442
7480835
7481347
7481859
7482371
7482883
7483395
7483907
7484419
7484931
7485443
7480836
7481348
7481860
7482372
7482884
7483396
7483908
7484420
7484932
7485444
7480837
7481349
7481861
7482373
7482885
7483397
7483909
7484421
7484933
7485445
7480838
7481350
7481862
7482374
7482886
7483398
7483910
7484422
7484934
7485446
7480839
7481351
7481863
7482375
7482887
7483399
7483911
7484423
7484935
7485447
7480840
7481352
7481864
7482376
7482888
7483400
7483912
7484424
7484936
7485448
7480841
7481353
7481865
7482377
7482889
7483401
7483913
7484425
7484937
7485449
7480842
7481354
7481866
7482378
7482890
7483402
7483914
7484426
7484938
7485450
7480843
7481355
7481867
7482379
7482891
7483403
7483915
7484427
7484939
7485451
52283750
52284262
52284774
52285286
52285798
52286310
52286822
52287334
52287846
52288358
52283751
52284263
52284775
52285287
52285799
52286311
52286823
52287335
52287847
52288359
52283752
52284264
52284776
52285288
52285800
52286312
52286824
52287336
52287848
52288360
52283753
52284265
52284777
52285289
52285801
52286313
52286825
52287337
52287849
52288361
52283754
52284266
52284778
52285290
52285802
52286314
52286826
52287338
52287850
52288362
52283755
52284267
52284779
52285291
52285803
52286315
52286827
52287339
52287851
52288363
52283756
52284268
52284780
52285292
52285804
52286316
52286828
52287340
52287852
52288364
52283757
52284269
52284781
52285293
52285805
52286317
52286829
52287341
52287853
52288365
52283758
52284270
52284782
52285294
52285806
52286318
52286830
52287342
52287854
52288366
52283759
52284271
52284783
52285295
52285807
52286319
52286831
52287343
52287855
52288367
35822653
35823165
35823677
35824189
35824701
35825213
35825725
35826237
35826749
35827261
35822654
35823166
35823678
35824190
35824702
35825214
35825726
35826238
35826750
35827262
35822655
35823167
35823679
35824191
35824703
35825215
35825727
35826239
35826751
35827263
35822656
35823168
35823680
35824192
35824704
35825216
35825728
35826240
35826752
35827264
35822657
35823169
35823681
35824193
35824705
35825217
35825729
35826241
35826753
35827265
35822658
35823170
35823682
35824194
35824706
35825218
35825730
35826242
35826754
35827266
35822659
35823171
35823683
35824195
35824707
35825219
35825731
35826243
35826755
35827267
35822660
35823172
35823684
35824196
35824708
35825220
35825732
35826244
35826756
35827268
35822661
35823173
35823685
35824197
35824709
35825221
35825733
35826245
35826757
35827269
35822662
35823174
35823686
35824198
35824710
35825222
35825734
35826246
35826758
35827270
67862231
67862743
67863255
67863767
67864279
67864791
67865303
67865815
67866327
67866839
67862232
67862744
67863256
67863768
67864280
67864792
67865304
67865816
67866328
67866840
67862233
67862745
67863257
67863769
67864281
67864793
67865305
67865817
67866329
67866841
67862234
67862746
67863258
67863770
67864282
67864794
67865306
67865818
67866330
67866842
67862235
67862747
67863259
67863771
67864283
67864795
67865307
67865819
67866331
67866843
67862236
67862748
67863260
67863772
67864284
67864796
67865308
67865820
67866332
67866844
67862237
67862749
67863261
67863773
67864285
67864797
67865309
67865821
67866333
67866845
67862238
67862750
67863262
67863774
67864286
67864798
67865310
67865822
67866334
67866846
67862239
67862751
67863263
67863775
67864287
67864799
67865311
67865823
67866335
67866847
67862240
67862752
67863264
67863776
67864288
67864800
67865312
67865824
67866336
67866848
21696518
21697030
21697542
21698054
21698566
21699078
21699590
21700102
21700614
21701126
21696519
21697031
21697543
21698055
21698567
21699079
21699591
21700103
21700615
21701127
21696520
21697032
21697544
21698056
21698568
21699080
21699592
21700104
21700616
21701128
21696521
21697033
21697545
21698057
21698569
21699081
21699593
21700105
21700617
21701129
21696522
21697034
21697546
21698058
21698570
21699082
21699594
21700106
21700618
21701130
21696523
21697035
21697547
21698059
21698571
21699083
21699595
21700107
21700619
21701131
21696524
21697036
21697548
21698060
21698572
21699084
21699596
21700108
21700620
21701132
21696525
21697037
21697549
21698061
21698573
21699085
21699597
21700109
21700621
21701133
21696526
21697038
21697550
21698062
21698574
21699086
21699598
21700110
21700622
21701134
21696527
21697039
21697551
21698063
21698575
21699087
21699599
21700111
21700623
21701135
52087430
52087942
52088454
52088966
52089478
52089990
52090502
52091014
52091526
52092038
52087431
52087943
52088455
52088967
52089479
52089991
52090503
52091015
52091527
52092039
52087432
52087944
52088456
52088968
52089480
52089992
52090504
52091016
52091528
52092040
52087433
52087945
52088457
52088969
52089481
52089993
52090505
52091017
52091529
52092041
52087434
52087946
52088458
52088970
52089482
52089994
52090506
52091018
52091530
52092042
52087435
52087947
52088459
52088971
52089483
52089995
52090507
52091019
52091531
52092043
52087436
52087948
52088460
52088972
52089484
52089996
52090508
52091020
52091532
52092044
52087437
52087949
52088461
52088973
52089485
52089997
52090509
52091021
52091533
52092045
52087438
52087950
52088462
52088974
52089486
52089998
52090510
52091022
52091534
52092046
52087439
52087951
52088463
52088975
52089487
52089999
52090511
52091023
52091535
52092047
65520324
65520836
65521348
65521860
65522372
65522884
65523396
65523908
65524420
65524932
65520325
65520837
65521349
65521861
65522373
65522885
65523397
65523909
65524421
65524933
65520326
65520838
65521350
65521862
65522374
65522886
65523398
65523910
65524422
65524934
65520327
65520839
65521351
65521863
65522375
65522887
65523399
65523911
65524423
65524935
65520328
65520840
65521352
65521864
65522376
65522888
65523400
65523912
65524424
65524936
65520329
65520841
65521353
65521865
65522377
65522889
65523401
65523913
65524425
65524937
65520330
65520842
65521354
65521866
65522378
65522890
65523402
65523914
65524426
65524938
65520331
65520843
65521355
65521867
65522379
65522891
65523403
65523915
65524427
65524939
65520332
65520844
65521356
65521868
65522380
65522892
65523404
65523916
65524428
65524940
65520333
65520845
65521357
65521869
65522381
65522893
65523405
65523917
65524429
65524941
66839741
66840253
66840765
66841277
66841789
66842301
66842813
66843325
66843837
66844349
66839742
66840254
66840766
66841278
66841790
66842302
66842814
66843326
66843838
66844350
66839743
66840255
66840767
66841279
66841791
66842303
66842815
66843327
66843839
66844351
66839744
66840256
66840768
66841280
66841792
66842304
66842816
66843328
66843840
66844352
66839745
66840257
66840769
66841281
66841793
66842305
66842817
66843329
66843841
66844353
66839746
66840258
66840770
66841282
66841794
66842306
66842818
66843330
66843842
66844354
66839747
66840259
66840771
66841283
66841795
66842307
66842819
66843331
66843843
66844355
66839748
66840260
66840772
66841284
66841796
66842308
66842820
66843332
66843844
66844356
66839749
66840261
66840773
66841285
66841797
66842309
66842821
66843333
66843845
66844357
66839750
66840262
66840774
66841286
66841798
66842310
66842822
66843334
66843846
66844358
26041888
26042400
26042912
26043424
26043936
26044448
26044960
26045472
26045984
26046496
26041889
26042401
26042913
26043425
26043937
26044449
26044961
26045473
26045985
26046497
26041890
26042402
26042914
26043426
26043938
26044450
26044962
26045474
26045986
26046498
26041891
26042403
26042915
26043427
26043939
26044451
26044963
26045475
26045987
26046499
26041892
26042404
26042916
26043428
26043940
26044452
26044964
26045476
26045988
26046500
26041893
26042405
26042917
26043429
26043941
26044453
26044965
26045477
26045989
26046501
26041894
26042406
26042918
26043430
26043942
26044454
26044966
26045478
26045990
26046502
26041895
26042407
26042919
26043431
26043943
26044455
26044967
26045479
26045991
26046503
26041896
26042408
26042920
26043432
26043944
26044456
26044968
26045480
26045992
26046504
26041897
26042409
26042921
26043433
26043945
26044457
26044969
26045481
26045993
26046505
31449649
31450161
31450673
31451185
31451697
31452209
31452721
31453233
31453745
31454257
31449650
31450162
31450674
31451186
31451698
31452210
31452722
31453234
31453746
31454258
31449651
31450163
31450675
31451187
31451699
31452211
31452723
31453235
31453747
31454259
31449652
31450164
31450676
31451188
31451700
31452212
31452724
31453236
31453748
31454260
31449653
31450165
31450677
31451189
31451701
31452213
31452725
31453237
31453749
31454261
31449654
31450166
31450678
31451190
31451702
31452214
31452726
31453238
31453750
31454262
31449655
31450167
31450679
31451191
31451703
31452215
31452727
31453239
31453751
31454263
31449656
31450168
31450680
31451192
31451704
31452216
31452728
31453240
31453752
31454264
31449657
31450169
31450681
31451193
31451705
31452217
31452729
31453241
31453753
31454265
31449658
31450170
31450682
31451194
31451706
31452218
31452730
31453242
31453754
31454266
40496228
40496740
40497252
40497764
40498276
40498788
40499300
40499812
40500324
40500836
40496229
40496741
40497253
40497765
40498277
40498789
40499301
40499813
40500325
40500837
40496230
40496742
40497254
40497766
40498278
40498790
40499302
40499814
40500326
40500838
40496231
40496743
40497255
40497767
40498279
40498791
40499303
40499815
40500327
40500839
40496232
40496744
40497256
40497768
40498280
40498792
40499304
40499816
40500328
40500840
40496233
40496745
40497257
40497769
40498281
40498793
40499305
40499817
40500329
40500841
40496234
40496746
40497258
40497770
40498282
40498794
40499306
40499818
40500330
40500842
40496235
40496747
40497259
40497771
40498283
40498795
40499307
40499819
40500331
40500843
40496236
40496748
40497260
40497772
40498284
40498796
40499308
40499820
40500332
40500844
40496237
40496749
40497261
40497773
40498285
40498797
40499309
40499821
40500333
40500845
31064927
31065439
31065951
31066463
31066975
31067487
31067999
31068511
31069023
31069535
31064928
31065440
31065952
31066464
31066976
31067488
31068000
31068512
31069024
31069536
31064929
31065441
31065953
31066465
31066977
31067489
31068001
31068513
31069025
31069537
31064930
31065442
31065954
31066466
31066978
31067490
31068002
31068514
31069026
31069538
31064931
31065443
31065955
31066467
31066979
31067491
31068003
31068515
31069027
31069539
31064932
31065444
31065956
31066468
31066980
31067492
31068004
31068516
31069028
31069540
31064933
31065445
31065957
31066469
31066981
31067493
31068005
31068517
31069029
31069541
31064934
31065446
31065958
31066470
31066982
31067494
31068006
31068518
31069030
31069542
31064935
31065447
31065959
31066471
31066983
31067495
31068007
31068519
31069031
31069543
31064936
31065448
31065960
31066472
31066984
31067496
31068008
31068520
31069032
31069544
23445364
23445876
23446388
23446900
23447412
23447924
23448436
23448948
23449460
23449972
23445365
23445877
23446389
23446901
23447413
23447925
23448437
23448949
23449461
23449973
23445366
23445878
23446390
23446902
23447414
23447926
23448438
23448950
23449462
23449974
23445367
23445879
23446391
23446903
23447415
23447927
23448439
23448951
23449463
23449975
23445368
23445880
23446392
23446904
23447416
23447928
23448440
23448952
23449464
23449976
23445369
23445881
23446393
23446905
23447417
23447929
23448441
23448953
23449465
23449977
23445370
23445882
23446394
23446906
23447418
23447930
23448442
23448954
23449466
23449978
23445371
23445883
23446395
23446907
23447419
23447931
23448443
23448955
23449467
23449979
23445372
23445884
23446396
23446908
23447420
23447932
23448444
23448956
23449468
23449980
23445373
23445885
23446397
23446909
23447421
23447933
23448445
23448957
23449469
23449981
53136297
53136809
53137321
53137833
53138345
53138857
53139369
53139881
53140393
53140905
53136298
53136810
53137322
53137834
53138346
53138858
53139370
53139882
53140394
53140906
53136299
53136811
53137323
53137835
53138347
53138859
53139371
53139883
53140395
53140907
53136300
53136812
53137324
53137836
53138348
53138860
53139372
53139884
53140396
53140908
53136301
53136813
53137325
53137837
53138349
53138861
53139373
53139885
53140397
53140909
53136302
53136814
53137326
53137838
53138350
53138862
53139374
53139886
53140398
53140910
53136303
53136815
53137327
53137839
53138351
53138863
53139375
53139887
53140399
53140911
53136304
53136816
53137328
53137840
53138352
53138864
53139376
53139888
53140400
53140912
53136305
53136817
53137329
53137841
53138353
53138865
53139377
53139889
53140401
53140913
53136306
53136818
53137330
53137842
53138354
53138866
53139378
53139890
53140402
53140914
31354899
31355411
31355923
31356435
31356947
31357459
31357971
31358483
31358995
31359507
31354900
31355412
31355924
31356436
31356948
31357460
31357972
31358484
31358996
31359508
31354901
31355413
31355925
31356437
31356949
31357461
31357973
31358485
31358997
31359509
31354902
31355414
31355926
31356438
31356950
31357462
31357974
31358486
31358998
31359510
31354903
31355415
31355927
31356439
31356951
31357463
31357975
31358487
31358999
31359511
31354904
31355416
31355928
31356440
31356952
31357464
31357976
31358488
31359000
31359512
31354905
31355417
31355929
31356441
31356953
31357465
31357977
31358489
31359001
31359513
31354906
31355418
31355930
31356442
31356954
31357466
31357978
31358490
31359002
31359514
31354907
31355419
31355931
31356443
31356955
31357467
31357979
31358491
31359003
31359515
31354908
31355420
31355932
31356444
31356956
31357468
31357980
31358492
31359004
31359516
32321322
32321834
32322346
32322858
32323370
32323882
32324394
32324906
32325418
32325930
32321323
32321835
32322347
32322859
32323371
32323883
32324395
32324907
32325419
32325931
32321324
32321836
32322348
32322860
32323372
32323884
32324396
32324908
32325420
32325932
32321325
32321837
32322349
32322861
32323373
32323885
32324397
32324909
32325421
32325933
32321326
32321838
32322350
32322862
32323374
32323886
32324398
32324910
32325422
32325934
32321327
32321839
32322351
32322863
32323375
32323887
32324399
32324911
32325423
32325935
32321328
32321840
32322352
32322864
32323376
32323888
32324400
32324912
32325424
32325936
32321329
32321841
32322353
32322865
32323377
32323889
32324401
32324913
32325425
32325937
32321330
32321842
32322354
32322866
32323378
32323890
32324402
32324914
32325426
32325938
32321331
32321843
32322355
32322867
32323379
32323891
32324403
32324915
32325427
32325939
17950473
17950985
17951497
17952009
17952521
17953033
17953545
17954057
17954569
17955081
17950474
17950986
17951498
17952010
17952522
17953034
17953546
17954058
17954570
17955082
17950475
17950987
17951499
17952011
17952523
17953035
17953547
17954059
17954571
17955083
17950476
17950988
17951500
17952012
17952524
17953036
17953548
17954060
17954572
17955084
17950477
17950989
17951501
17952013
17952525
17953037
17953549
17954061
17954573
17955085
17950478
17950990
17951502
17952014
17952526
17953038
17953550
17954062
17954574
17955086
17950479
17950991
17951503
17952015
17952527
17953039
17953551
17954063
17954575
17955087
17950480
17950992
17951504
17952016
17952528
17953040
17953552
17954064
17954576
17955088
17950481
17950993
17951505
17952017
17952529
17953041
17953553
17954065
17954577
17955089
17950482
17950994
17951506
17952018
17952530
17953042
17953554
17954066
17954578
17955090
35179493
35180005
35180517
35181029
35181541
35182053
35182565
35183077
35183589
35184101
35179494
35180006
35180518
35181030
35181542
35182054
35182566
35183078
35183590
35184102
35179495
35180007
35180519
35181031
35181543
35182055
35182567
35183079
35183591
35184103
35179496
35180008
35180520
35181032
35181544
35182056
35182568
35183080
35183592
35184104
35179497
35180009
35180521
35181033
35181545
35182057
35182569
35183081
35183593
35184105
35179498
35180010
35180522
35181034
35181546
35182058
35182570
35183082
35183594
35184106
35179499
35180011
35180523
35181035
35181547
35182059
35182571
35183083
35183595
35184107
35179500
35180012
35180524
35181036
35181548
35182060
35182572
35183084
35183596
35184108
35179501
35180013
35180525
35181037
35181549
35182061
35182573
35183085
35183597
35184109
35179502
35180014
35180526
35181038
35181550
35182062
35182574
35183086
35183598
35184110
60340183
60340695
60341207
60341719
60342231
60342743
60343255
60343767
60344279
60344791
60340184
60340696
60341208
60341720
60342232
60342744
60343256
60343768
60344280
60344792
60340185
60340697
60341209
60341721
60342233
60342745
60343257
60343769
60344281
60344793
60340186
60340698
60341210
60341722
60342234
60342746
60343258
60343770
60344282
60344794
60340187
60340699
60341211
60341723
60342235
60342747
60343259
60343771
60344283
60344795
60340188
60340700
60341212
60341724
60342236
60342748
60343260
60343772
60344284
60344796
60340189
60340701
60341213
60341725
60342237
60342749
60343261
60343773
60344285
60344797
60340190
60340702
60341214
60341726
60342238
60342750
60343262
60343774
60344286
60344798
60340191
60340703
60341215
60341727
60342239
60342751
60343263
60343775
60344287
60344799
60340192
60340704
60341216
60341728
60342240
60342752
60343264
60343776
60344288
60344800
22063511
22064023
22064535
22065047
22065559
22066071
22066583
22067095
22067607
22068119
22063512
22064024
22064536
22065048
22065560
22066072
22066584
22067096
22067608
22068120
22063513
22064025
22064537
22065049
22065561
22066073
22066585
22067097
22067609
22068121
22063514
22064026
22064538
22065050
22065562
22066074
22066586
22067098
22067610
22068122
22063515
22064027
22064539
22065051
22065563
22066075
22066587
22067099
22067611
22068123
22063516
22064028
22064540
22065052
22065564
22066076
22066588
22067100
22067612
22068124
22063517
22064029
22064541
22065053
22065565
22066077
22066589
22067101
22067613
22068125
22063518
22064030
22064542
22065054
22065566
22066078
22066590
22067102
22067614
22068126
22063519
22064031
22064543
22065055
22065567
22066079
22066591
22067103
22067615
22068127
22063520
22064032
22064544
22065056
22065568
22066080
22066592
22067104
22067616
22068128
11223656
11224168
11224680
11225192
11225704
11226216
11226728
11227240
11227752
11228264
11223657
11224169
11224681
11225193
11225705
11226217
11226729
11227241
11227753
11228265
11223658
11224170
11224682
11225194
11225706
11226218
11226730
11227242
11227754
11228266
11223659
11224171
11224683
11225195
11225707
11226219
11226731
11227243
11227755
11228267
11223660
11224172
11224684
11225196
11225708
11226220
11226732
11227244
11227756
11228268
11223661
11224173
11224685
11225197
11225709
11226221
11226733
11227245
11227757
11228269
11223662
11224174
11224686
11225198
11225710
11226222
11226734
11227246
11227758
11228270
11223663
11224175
11224687
11225199
11225711
11226223
11226735
11227247
11227759
11228271
11223664
11224176
11224688
11225200
11225712
11226224
11226736
11227248
11227760
11228272
11223665
11224177
11224689
11225201
11225713
11226225
11226737
11227249
11227761
11228273
54413969
54414481
54414993
54415505
54416017
54416529
54417041
54417553
54418065
54418577
54413970
54414482
54414994
54415506
54416018
54416530
54417042
54417554
54418066
54418578
54413971
54414483
54414995
54415507
54416019
54416531
54417043
54417555
54418067
54418579
54413972
54414484
54414996
54415508
54416020
54416532
54417044
54417556
54418068
54418580
54413973
54414485
54414997
54415509
54416021
54416533
54417045
54417557
54418069
54418581
54413974
54414486
54414998
54415510
54416022
54416534
54417046
54417558
54418070
54418582
54413975
54414487
54414999
54415511
54416023
54416535
54417047
54417559
54418071
54418583
54413976
54414488
54415000
54415512
54416024
54416536
54417048
54417560
54418072
54418584
54413977
54414489
54415001
54415513
54416025
54416537
54417049
54417561
54418073
54418585
54413978
54414490
54415002
54415514
54416026
54416538
54417050
54417562
54418074
54418586
59616091
59616603
59617115
59617627
59618139
59618651
59619163
59619675
59620187
59620699
59616092
59616604
59617116
59617628
59618140
59618652
59619164
59619676
59620188
59620700
59616093
59616605
59617117
59617629
59618141
59618653
59619165
59619677
59620189
59620701
59616094
59616606
59617118
59617630
59618142
59618654
59619166
59619678
59620190
59620702
59616095
59616607
59617119
59617631
59618143
59618655
59619167
59619679
59620191
59620703
59616096
59616608
59617120
59617632
59618144
59618656
59619168
59619680
59620192
59620704
59616097
59616609
59617121
59617633
59618145
59618657
59619169
59619681
59620193
59620705
59616098
59616610
59617122
59617634
59618146
59618658
59619170
59619682
59620194
59620706
59616099
59616611
59617123
59617635
59618147
59618659
59619171
59619683
59620195
59620707
59616100
59616612
59617124
59617636
59618148
59618660
59619172
59619684
59620196
59620708
57694113
57694625
57695137
57695649
57696161
57696673
57697185
57697697
57698209
57698721
57694114
57694626
57695138
57695650
57696162
57696674
57697186
57697698
57698210
57698722
57694115
57694627
57695139
57695651
57696163
57696675
57697187
57697699
57698211
57698723
57694116
57694628
57695140
57695652
57696164
57696676
57697188
57697700
57698212
57698724
57694117
57694629
57695141
57695653
57696165
57696677
57697189
57697701
57698213
57698725
57694118
57694630
57695142
57695654
57696166
57696678
57697190
57697702
57698214
57698726
57694119
57694631
57695143
57695655
57696167
57696679
57697191
57697703
57698215
57698727
57694120
57694632
57695144
57695656
57696168
57696680
57697192
57697704
57698216
57698728
57694121
57694633
57695145
57695657
57696169
57696681
57697193
57697705
57698217
57698729
57694122
57694634
57695146
57695658
57696170
57696682
57697194
57697706
57698218
57698730
25200532
25201044
25201556
25202068
25202580
25203092
25203604
25204116
25204628
25205140
25200533
25201045
25201557
25202069
25202581
25203093
25203605
25204117
25204629
25205141
25200534
25201046
25201558
25202070
25202582
25203094
25203606
25204118
25204630
25205142
25200535
25201047
25201559
25202071
25202583
25203095
25203607
25204119
25204631
25205143
25200536
25201048
25201560
25202072
25202584
25203096
25203608
25204120
25204632
25205144
25200537
25201049
25201561
25202073
25202585
25203097
25203609
25204121
25204633
25205145
25200538
25201050
25201562
25202074
25202586
25203098
25203610
25204122
25204634
25205146
25200539
25201051
25201563
25202075
25202587
25203099
25203611
25204123
25204635
25205147
25200540
25201052
25201564
25202076
25202588
25203100
25203612
25204124
25204636
25205148
25200541
25201053
25201565
25202077
25202589
25203101
25203613
25204125
25204637
25205149
42330210
42330722
42331234
42331746
42332258
42332770
42333282
42333794
42334306
42334818
42330211
42330723
42331235
42331747
42332259
42332771
42333283
42333795
42334307
42334819
42330212
42330724
42331236
42331748
42332260
42332772
42333284
42333796
42334308
42334820
42330213
42330725
42331237
42331749
42332261
42332773
42333285
42333797
42334309
42334821
42330214
42330726
42331238
42331750
42332262
42332774
42333286
42333798
42334310
42334822
42330215
42330727
42331239
42331751
42332263
42332775
42333287
42333799
42334311
42334823
42330216
42330728
42331240
42331752
42332264
42332776
42333288
42333800
42334312
42334824
42330217
42330729
42331241
42331753
42332265
42332777
42333289
42333801
42334313
42334825
42330218
42330730
42331242
42331754
42332266
42332778
42333290
42333802
42334314
42334826
42330219
42330731
42331243
42331755
42332267
42332779
42333291
42333803
42334315
42334827
48527810
48528322
48528834
48529346
48529858
48530370
48530882
48531394
48531906
48532418
48527811
48528323
48528835
48529347
48529859
48530371
48530883
48531395
48531907
48532419
48527812
48528324
48528836
48529348
48529860
48530372
48530884
48531396
48531908
48532420
48527813
48528325
48528837
48529349
48529861
48530373
48530885
48531397
48531909
48532421
48527814
48528326
48528838
48529350
48529862
48530374
48530886
48531398
48531910
48532422
48527815
48528327
48528839
48529351
48529863
48530375
48530887
48531399
48531911
48532423
48527816
48528328
48528840
48529352
48529864
48530376
48530888
48531400
48531912
48532424
48527817
48528329
48528841
48529353
48529865
48530377
48530889
48531401
48531913
48532425
48527818
48528330
48528842
48529354
48529866
48530378
48530890
48531402
48531914
48532426
48527819
48528331
48528843
48529355
48529867
48530379
48530891
48531403
48531915
48532427
51592614
51593126
51593638
51594150
51594662
51595174
51595686
51596198
51596710
51597222
51592615
51593127
51593639
51594151
51594663
51595175
51595687
51596199
51596711
51597223
51592616
51593128
51593640
51594152
51594664
51595176
51595688
51596200
51596712
51597224
51592617
51593129
51593641
51594153
51594665
51595177
51595689
51596201
51596713
51597225
51592618
51593130
51593642
51594154
51594666
51595178
51595690
51596202
51596714
51597226
51592619
51593131
51593643
51594155
51594667
51595179
51595691
51596203
51596715
51597227
51592620
51593132
51593644
51594156
51594668
51595180
51595692
51596204
51596716
51597228
51592621
51593133
51593645
51594157
51594669
51595181
51595693
51596205
51596717
51597229
51592622
51593134
51593646
51594158
51594670
51595182
51595694
51596206
51596718
51597230
51592623
51593135
51593647
51594159
51594671
51595183
51595695
51596207
51596719
51597231
