2190353
2190865
2191377
2191889
2192401
2192913
2193425
2193937
2194449
2194961
2190354
2190866
2191378
2191890
2192402
2192914
2193426
2193938
2194450
2194962
2190355
2190867
2191379
2191891
2192403
2192915
2193427
2193939
2194451
2194963
2190356
2190868
2191380
2191892
2192404
2192916
2193428
2193940
2194452
2194964
2190357
2190869
2191381
2191893
2192405
2192917
2193429
2193941
2194453
2194965
2190358
2190870
2191382
2191894
2192406
2192918
2193430
2193942
2194454
2194966
2190359
2190871
2191383
2191895
2192407
2192919
2193431
2193943
2194455
2194967
2190360
2190872
2191384
2191896
2192408
2192920
2193432
2193944
2194456
2194968
2190361
2190873
2191385
2191897
2192409
2192921
2193433
2193945
2194457
2194969
2190362
2190874
2191386
2191898
2192410
2192922
2193434
2193946
2194458
2194970
34896495
34897007
34897519
34898031
34898543
34899055
34899567
34900079
34900591
34901103
34896496
34897008
34897520
34898032
34898544
34899056
34899568
34900080
34900592
34901104
34896497
34897009
34897521
34898033
34898545
34899057
34899569
34900081
34900593
34901105
34896498
34897010
34897522
34898034
34898546
34899058
34899570
34900082
34900594
34901106
34896499
34897011
34897523
34898035
34898547
34899059
34899571
34900083
34900595
34901107
34896500
34897012
34897524
34898036
34898548
34899060
34899572
34900084
34900596
34901108
34896501
34897013
34897525
34898037
34898549
34899061
34899573
34900085
34900597
34901109
34896502
34897014
34897526
34898038
34898550
34899062
34899574
34900086
34900598
34901110
34896503
34897015
34897527
34898039
34898551
34899063
34899575
34900087
34900599
34901111
34896504
34897016
34897528
34898040
34898552
34899064
34899576
34900088
34900600
34901112
64643248
64643760
64644272
64644784
64645296
64645808
64646320
64646832
64647344
64647856
64643249
64643761
64644273
64644785
64645297
64645809
64646321
64646833
64647345
64647857
64643250
64643762
64644274
64644786
64645298
64645810
64646322
64646834
64647346
64647858
64643251
64643763
64644275
64644787
64645299
64645811
64646323
64646835
64647347
64647859
64643252
64643764
64644276
64644788
64645300
64645812
64646324
64646836
64647348
64647860
64643253
64643765
64644277
64644789
64645301
64645813
64646325
64646837
64647349
64647861
64643254
64643766
64644278
64644790
64645302
64645814
64646326
64646838
64647350
64647862
64643255
64643767
64644279
64644791
64645303
64645815
64646327
64646839
64647351
64647863
64643256
64643768
64644280
64644792
64645304
64645816
64646328
64646840
64647352
64647864
64643257
64643769
64644281
64644793
64645305
64645817
64646329
64646841
64647353
64647865
32019518
32020030
32020542
32021054
32021566
32022078
32022590
32023102
32023614
32024126
32019519
32020031
32020543
32021055
32021567
32022079
32022591
32023103
32023615
32024127
32019520
32020032
32020544
32021056
32021568
32022080
32022592
32023104
32023616
32024128
32019521
32020033
32020545
32021057
32021569
32022081
32022593
32023105
32023617
32024129
32019522
32020034
32020546
32021058
32021570
32022082
32022594
32023106
32023618
32024130
32019523
32020035
32020547
32021059
32021571
32022083
32022595
32023107
32023619
32024131
32019524
32020036
32020548
32021060
32021572
32022084
32022596
32023108
32023620
32024132
32019525
32020037
32020549
32021061
32021573
32022085
32022597
32023109
32023621
32024133
32019526
32020038
32020550
32021062
32021574
32022086
32022598
32023110
32023622
32024134
32019527
32020039
32020551
32021063
32021575
32022087
32022599
32023111
32023623
32024135
50523498
50524010
50524522
50525034
50525546
50526058
50526570
50527082
50527594
50528106
50523499
50524011
50524523
50525035
50525547
50526059
50526571
50527083
50527595
50528107
50523500
50524012
50524524
50525036
50525548
50526060
50526572
50527084
50527596
50528108
50523501
50524013
50524525
50525037
50525549
50526061
50526573
50527085
50527597
50528109
50523502
50524014
50524526
50525038
50525550
50526062
50526574
50527086
50527598
50528110
50523503
50524015
50524527
50525039
50525551
50526063
50526575
50527087
50527599
50528111
50523504
50524016
50524528
50525040
50525552
50526064
50526576
50527088
50527600
50528112
50523505
50524017
50524529
50525041
50525553
50526065
50526577
50527089
50527601
50528113
50523506
50524018
50524530
50525042
50525554
50526066
50526578
50527090
50527602
50528114
50523507
50524019
50524531
50525043
50525555
50526067
50526579
50527091
50527603
50528115
14247321
14247833
14248345
14248857
14249369
14249881
14250393
14250905
14251417
14251929
14247322
14247834
14248346
14248858
14249370
14249882
14250394
14250906
14251418
14251930
14247323
14247835
14248347
14248859
14249371
14249883
14250395
14250907
14251419
14251931
14247324
14247836
14248348
14248860
14249372
14249884
14250396
14250908
14251420
14251932
14247325
14247837
14248349
14248861
14249373
14249885
14250397
14250909
14251421
14251933
14247326
14247838
14248350
14248862
14249374
14249886
14250398
14250910
14251422
14251934
14247327
14247839
14248351
14248863
14249375
14249887
14250399
14250911
14251423
14251935
14247328
14247840
14248352
14248864
14249376
14249888
14250400
14250912
14251424
14251936
14247329
14247841
14248353
14248865
14249377
14249889
14250401
14250913
14251425
14251937
14247330
14247842
14248354
14248866
14249378
14249890
14250402
14250914
14251426
14251938
33463643
33464155
33464667
33465179
33465691
33466203
33466715
33467227
33467739
33468251
33463644
33464156
33464668
33465180
33465692
33466204
33466716
33467228
33467740
33468252
33463645
33464157
33464669
33465181
33465693
33466205
33466717
33467229
33467741
33468253
33463646
33464158
33464670
33465182
33465694
33466206
33466718
33467230
33467742
33468254
33463647
33464159
33464671
33465183
33465695
33466207
33466719
33467231
33467743
33468255
33463648
33464160
33464672
33465184
33465696
33466208
33466720
33467232
33467744
33468256
33463649
33464161
33464673
33465185
33465697
33466209
33466721
33467233
33467745
33468257
33463650
33464162
33464674
33465186
33465698
33466210
33466722
33467234
33467746
33468258
33463651
33464163
33464675
33465187
33465699
33466211
33466723
33467235
33467747
33468259
33463652
33464164
33464676
33465188
33465700
33466212
33466724
33467236
33467748
33468260
24432744
24433256
24433768
24434280
24434792
24435304
24435816
24436328
24436840
24437352
24432745
24433257
24433769
24434281
24434793
24435305
24435817
24436329
24436841
24437353
24432746
24433258
24433770
24434282
24434794
24435306
24435818
24436330
24436842
24437354
24432747
24433259
24433771
24434283
24434795
24435307
24435819
24436331
24436843
24437355
24432748
24433260
24433772
24434284
24434796
24435308
24435820
24436332
24436844
24437356
24432749
24433261
24433773
24434285
24434797
24435309
24435821
24436333
24436845
24437357
24432750
24433262
24433774
24434286
24434798
24435310
24435822
24436334
24436846
24437358
24432751
24433263
24433775
24434287
24434799
24435311
24435823
24436335
24436847
24437359
24432752
24433264
24433776
24434288
24434800
24435312
24435824
24436336
24436848
24437360
24432753
24433265
24433777
24434289
24434801
24435313
24435825
24436337
24436849
24437361
28344226
28344738
28345250
28345762
28346274
28346786
28347298
28347810
28348322
28348834
28344227
28344739
28345251
28345763
28346275
28346787
28347299
28347811
28348323
28348835
28344228
28344740
28345252
28345764
28346276
28346788
28347300
28347812
28348324
28348836
28344229
28344741
28345253
28345765
28346277
28346789
28347301
28347813
28348325
28348837
28344230
28344742
28345254
28345766
28346278
28346790
28347302
28347814
28348326
28348838
28344231
28344743
28345255
28345767
28346279
28346791
28347303
28347815
28348327
28348839
28344232
28344744
28345256
28345768
28346280
28346792
28347304
28347816
28348328
28348840
28344233
28344745
28345257
28345769
28346281
28346793
28347305
28347817
28348329
28348841
28344234
28344746
28345258
28345770
28346282
28346794
28347306
28347818
28348330
28348842
28344235
28344747
28345259
28345771
28346283
28346795
28347307
28347819
28348331
28348843
33440988
33441500
33442012
33442524
33443036
33443548
33444060
33444572
33445084
33445596
33440989
33441501
33442013
33442525
33443037
33443549
33444061
33444573
33445085
33445597
33440990
33441502
33442014
33442526
33443038
33443550
33444062
33444574
33445086
33445598
33440991
33441503
33442015
33442527
33443039
33443551
33444063
33444575
33445087
33445599
33440992
33441504
33442016
33442528
33443040
33443552
33444064
33444576
33445088
33445600
33440993
33441505
33442017
33442529
33443041
33443553
33444065
33444577
33445089
33445601
33440994
33441506
33442018
33442530
33443042
33443554
33444066
33444578
33445090
33445602
33440995
33441507
33442019
33442531
33443043
33443555
33444067
33444579
33445091
33445603
33440996
33441508
33442020
33442532
33443044
33443556
33444068
33444580
33445092
33445604
33440997
33441509
33442021
33442533
33443045
33443557
33444069
33444581
33445093
33445605
60880086
60880598
60881110
60881622
60882134
60882646
60883158
60883670
60884182
60884694
60880087
60880599
60881111
60881623
60882135
60882647
60883159
60883671
60884183
60884695
60880088
60880600
60881112
60881624
60882136
60882648
60883160
60883672
60884184
60884696
60880089
60880601
60881113
60881625
60882137
60882649
60883161
60883673
60884185
60884697
60880090
60880602
60881114
60881626
60882138
60882650
60883162
60883674
60884186
60884698
60880091
60880603
60881115
60881627
60882139
60882651
60883163
60883675
60884187
60884699
60880092
60880604
60881116
60881628
60882140
60882652
60883164
60883676
60884188
60884700
60880093
60880605
60881117
60881629
60882141
60882653
60883165
60883677
60884189
60884701
60880094
60880606
60881118
60881630
60882142
60882654
60883166
60883678
60884190
60884702
60880095
60880607
60881119
60881631
60882143
60882655
60883167
60883679
60884191
60884703
33502362
33502874
33503386
33503898
33504410
33504922
33505434
33505946
33506458
33506970
33502363
33502875
33503387
33503899
33504411
33504923
33505435
33505947
33506459
33506971
33502364
33502876
33503388
33503900
33504412
33504924
33505436
33505948
33506460
33506972
33502365
33502877
33503389
33503901
33504413
33504925
33505437
33505949
33506461
33506973
33502366
33502878
33503390
33503902
33504414
33504926
33505438
33505950
33506462
33506974
33502367
33502879
33503391
33503903
33504415
33504927
33505439
33505951
33506463
33506975
33502368
33502880
33503392
33503904
33504416
33504928
33505440
33505952
33506464
33506976
33502369
33502881
33503393
33503905
33504417
33504929
33505441
33505953
33506465
33506977
33502370
33502882
33503394
33503906
33504418
33504930
33505442
33505954
33506466
33506978
33502371
33502883
33503395
33503907
33504419
33504931
33505443
33505955
33506467
33506979
31653428
31653940
31654452
31654964
31655476
31655988
31656500
31657012
31657524
31658036
31653429
31653941
31654453
31654965
31655477
31655989
31656501
31657013
31657525
31658037
31653430
31653942
31654454
31654966
31655478
31655990
31656502
31657014
31657526
31658038
31653431
31653943
31654455
31654967
31655479
31655991
31656503
31657015
31657527
31658039
31653432
31653944
31654456
31654968
31655480
31655992
31656504
31657016
31657528
31658040
31653433
31653945
31654457
31654969
31655481
31655993
31656505
31657017
31657529
31658041
31653434
31653946
31654458
31654970
31655482
31655994
31656506
31657018
31657530
31658042
31653435
31653947
31654459
31654971
31655483
31655995
31656507
31657019
31657531
31658043
31653436
31653948
31654460
31654972
31655484
31655996
31656508
31657020
31657532
31658044
31653437
31653949
31654461
31654973
31655485
31655997
31656509
31657021
31657533
31658045
14302133
14302645
14303157
14303669
14304181
14304693
14305205
14305717
14306229
14306741
14302134
14302646
14303158
14303670
14304182
14304694
14305206
14305718
14306230
14306742
14302135
14302647
14303159
14303671
14304183
14304695
14305207
14305719
14306231
14306743
14302136
14302648
14303160
14303672
14304184
14304696
14305208
14305720
14306232
14306744
14302137
14302649
14303161
14303673
14304185
14304697
14305209
14305721
14306233
14306745
14302138
14302650
14303162
14303674
14304186
14304698
14305210
14305722
14306234
14306746
14302139
14302651
14303163
14303675
14304187
14304699
14305211
14305723
14306235
14306747
14302140
14302652
14303164
14303676
14304188
14304700
14305212
14305724
14306236
14306748
14302141
14302653
14303165
14303677
14304189
14304701
14305213
14305725
14306237
14306749
14302142
14302654
14303166
14303678
14304190
14304702
14305214
14305726
14306238
14306750
52258961
52259473
52259985
52260497
52261009
52261521
52262033
52262545
52263057
52263569
52258962
52259474
52259986
52260498
52261010
52261522
52262034
52262546
52263058
52263570
52258963
52259475
52259987
52260499
52261011
52261523
52262035
52262547
52263059
52263571
52258964
52259476
52259988
52260500
52261012
52261524
52262036
52262548
52263060
52263572
52258965
52259477
52259989
52260501
52261013
52261525
52262037
52262549
52263061
52263573
52258966
52259478
52259990
52260502
52261014
52261526
52262038
52262550
52263062
52263574
52258967
52259479
52259991
52260503
52261015
52261527
52262039
52262551
52263063
52263575
52258968
52259480
52259992
52260504
52261016
52261528
52262040
52262552
52263064
52263576
52258969
52259481
52259993
52260505
52261017
52261529
52262041
52262553
52263065
52263577
52258970
52259482
52259994
52260506
52261018
52261530
52262042
52262554
52263066
52263578
5924634
5925146
5925658
5926170
5926682
5927194
5927706
5928218
5928730
5929242
5924635
5925147
5925659
5926171
5926683
5927195
5927707
5928219
5928731
5929243
5924636
5925148
5925660
5926172
5926684
5927196
5927708
5928220
5928732
5929244
5924637
5925149
5925661
5926173
5926685
5927197
5927709
5928221
5928733
5929245
5924638
5925150
5925662
5926174
5926686
5927198
5927710
5928222
5928734
5929246
5924639
5925151
5925663
5926175
5926687
5927199
5927711
5928223
5928735
5929247
5924640
5925152
5925664
5926176
5926688
5927200
5927712
5928224
5928736
5929248
5924641
5925153
5925665
5926177
5926689
5927201
5927713
5928225
5928737
5929249
5924642
5925154
5925666
5926178
5926690
5927202
5927714
5928226
5928738
5929250
5924643
5925155
5925667
5926179
5926691
5927203
5927715
5928227
5928739
5929251
55587458
55587970
55588482
55588994
55589506
55590018
55590530
55591042
55591554
55592066
55587459
55587971
55588483
55588995
55589507
55590019
55590531
55591043
55591555
55592067
55587460
55587972
55588484
55588996
55589508
55590020
55590532
55591044
55591556
55592068
55587461
55587973
55588485
55588997
55589509
55590021
55590533
55591045
55591557
55592069
55587462
55587974
55588486
55588998
55589510
55590022
55590534
55591046
55591558
55592070
55587463
55587975
55588487
55588999
55589511
55590023
55590535
55591047
55591559
55592071
55587464
55587976
55588488
55589000
55589512
55590024
55590536
55591048
55591560
55592072
55587465
55587977
55588489
55589001
55589513
55590025
55590537
55591049
55591561
55592073
55587466
55587978
55588490
55589002
55589514
55590026
55590538
55591050
55591562
55592074
55587467
55587979
55588491
55589003
55589515
55590027
55590539
55591051
55591563
55592075
67118544
67119056
67119568
67120080
67120592
67121104
67121616
67122128
67122640
67123152
67118545
67119057
67119569
67120081
67120593
67121105
67121617
67122129
67122641
67123153
67118546
67119058
67119570
67120082
67120594
67121106
67121618
67122130
67122642
67123154
67118547
67119059
67119571
67120083
67120595
67121107
67121619
67122131
67122643
67123155
67118548
67119060
67119572
67120084
67120596
67121108
67121620
67122132
67122644
67123156
67118549
67119061
67119573
67120085
67120597
67121109
67121621
67122133
67122645
67123157
67118550
67119062
67119574
67120086
67120598
67121110
67121622
67122134
67122646
67123158
67118551
67119063
67119575
67120087
67120599
67121111
67121623
67122135
67122647
67123159
67118552
67119064
67119576
67120088
67120600
67121112
67121624
67122136
67122648
67123160
67118553
67119065
67119577
67120089
67120601
67121113
67121625
67122137
67122649
67123161
64575613
64576125
64576637
64577149
64577661
64578173
64578685
64579197
64579709
64580221
64575614
64576126
64576638
64577150
64577662
64578174
64578686
64579198
64579710
64580222
64575615
64576127
64576639
64577151
64577663
64578175
64578687
64579199
64579711
64580223
64575616
64576128
64576640
64577152
64577664
64578176
64578688
64579200
64579712
64580224
64575617
64576129
64576641
64577153
64577665
64578177
64578689
64579201
64579713
64580225
64575618
64576130
64576642
64577154
64577666
64578178
64578690
64579202
64579714
64580226
64575619
64576131
64576643
64577155
64577667
64578179
64578691
64579203
64579715
64580227
64575620
64576132
64576644
64577156
64577668
64578180
64578692
64579204
64579716
64580228
64575621
64576133
64576645
64577157
64577669
64578181
64578693
64579205
64579717
64580229
64575622
64576134
64576646
64577158
64577670
64578182
64578694
64579206
64579718
64580230
19283202
19283714
19284226
19284738
19285250
19285762
19286274
19286786
19287298
19287810
19283203
19283715
19284227
19284739
19285251
19285763
19286275
19286787
19287299
19287811
19283204
19283716
19284228
19284740
19285252
19285764
19286276
19286788
19287300
19287812
19283205
19283717
19284229
19284741
19285253
19285765
19286277
19286789
19287301
19287813
19283206
19283718
19284230
19284742
19285254
19285766
19286278
19286790
19287302
19287814
19283207
19283719
19284231
19284743
19285255
19285767
19286279
19286791
19287303
19287815
19283208
19283720
19284232
19284744
19285256
19285768
19286280
19286792
19287304
19287816
19283209
19283721
19284233
19284745
19285257
19285769
19286281
19286793
19287305
19287817
19283210
19283722
19284234
19284746
19285258
19285770
19286282
19286794
19287306
19287818
19283211
19283723
19284235
19284747
19285259
19285771
19286283
19286795
19287307
19287819
26002601
26003113
26003625
26004137
26004649
26005161
26005673
26006185
26006697
26007209
26002602
26003114
26003626
26004138
26004650
26005162
26005674
26006186
26006698
26007210
26002603
26003115
26003627
26004139
26004651
26005163
26005675
26006187
26006699
26007211
26002604
26003116
26003628
26004140
26004652
26005164
26005676
26006188
26006700
26007212
26002605
26003117
26003629
26004141
26004653
26005165
26005677
26006189
26006701
26007213
26002606
26003118
26003630
26004142
26004654
26005166
26005678
26006190
26006702
26007214
26002607
26003119
26003631
26004143
26004655
26005167
26005679
26006191
26006703
26007215
26002608
26003120
26003632
26004144
26004656
26005168
26005680
26006192
26006704
26007216
26002609
26003121
26003633
26004145
26004657
26005169
26005681
26006193
26006705
26007217
26002610
26003122
26003634
26004146
26004658
26005170
26005682
26006194
26006706
26007218
66730199
66730711
66731223
66731735
66732247
66732759
66733271
66733783
66734295
66734807
66730200
66730712
66731224
66731736
66732248
66732760
66733272
66733784
66734296
66734808
66730201
66730713
66731225
66731737
66732249
66732761
66733273
66733785
66734297
66734809
66730202
66730714
66731226
66731738
66732250
66732762
66733274
66733786
66734298
66734810
66730203
66730715
66731227
66731739
66732251
66732763
66733275
66733787
66734299
66734811
66730204
66730716
66731228
66731740
66732252
66732764
66733276
66733788
66734300
66734812
66730205
66730717
66731229
66731741
66732253
66732765
66733277
66733789
66734301
66734813
66730206
66730718
66731230
66731742
66732254
66732766
66733278
66733790
66734302
66734814
66730207
66730719
66731231
66731743
66732255
66732767
66733279
66733791
66734303
66734815
66730208
66730720
66731232
66731744
66732256
66732768
66733280
66733792
66734304
66734816
13960598
13961110
13961622
13962134
13962646
13963158
13963670
13964182
13964694
13965206
13960599
13961111
13961623
13962135
13962647
13963159
13963671
13964183
13964695
13965207
13960600
13961112
13961624
13962136
13962648
13963160
13963672
13964184
13964696
13965208
13960601
13961113
13961625
13962137
13962649
13963161
13963673
13964185
13964697
13965209
13960602
13961114
13961626
13962138
13962650
13963162
13963674
13964186
13964698
13965210
13960603
13961115
13961627
13962139
13962651
13963163
13963675
13964187
13964699
13965211
13960604
13961116
13961628
13962140
13962652
13963164
13963676
13964188
13964700
13965212
13960605
13961117
13961629
13962141
13962653
13963165
13963677
13964189
13964701
13965213
13960606
13961118
13961630
13962142
13962654
13963166
13963678
13964190
13964702
13965214
13960607
13961119
13961631
13962143
13962655
13963167
13963679
13964191
13964703
13965215
12831510
12832022
12832534
12833046
12833558
12834070
12834582
12835094
12835606
12836118
12831511
12832023
12832535
12833047
12833559
12834071
12834583
12835095
12835607
12836119
12831512
12832024
12832536
12833048
12833560
12834072
12834584
12835096
12835608
12836120
12831513
12832025
12832537
12833049
12833561
12834073
12834585
12835097
12835609
12836121
12831514
12832026
12832538
12833050
12833562
12834074
12834586
12835098
12835610
12836122
12831515
12832027
12832539
12833051
12833563
12834075
12834587
12835099
12835611
12836123
12831516
12832028
12832540
12833052
12833564
12834076
12834588
12835100
12835612
12836124
12831517
12832029
12832541
12833053
12833565
12834077
12834589
12835101
12835613
12836125
12831518
12832030
12832542
12833054
12833566
12834078
12834590
12835102
12835614
12836126
12831519
12832031
12832543
12833055
12833567
12834079
12834591
12835103
12835615
12836127
56363658
56364170
56364682
56365194
56365706
56366218
56366730
56367242
56367754
56368266
56363659
56364171
56364683
56365195
56365707
56366219
56366731
56367243
56367755
56368267
56363660
56364172
56364684
56365196
56365708
56366220
56366732
56367244
56367756
56368268
56363661
56364173
56364685
56365197
56365709
56366221
56366733
56367245
56367757
56368269
56363662
56364174
56364686
56365198
56365710
56366222
56366734
56367246
56367758
56368270
56363663
56364175
56364687
56365199
56365711
56366223
56366735
56367247
56367759
56368271
56363664
56364176
56364688
56365200
56365712
56366224
56366736
56367248
56367760
56368272
56363665
56364177
56364689
56365201
56365713
56366225
56366737
56367249
56367761
56368273
56363666
56364178
56364690
56365202
56365714
56366226
56366738
56367250
56367762
56368274
56363667
56364179
56364691
56365203
56365715
56366227
56366739
56367251
56367763
56368275
14480464
14480976
14481488
14482000
14482512
14483024
14483536
14484048
14484560
14485072
14480465
14480977
14481489
14482001
14482513
14483025
14483537
14484049
14484561
14485073
14480466
14480978
14481490
14482002
14482514
14483026
14483538
14484050
14484562
14485074
14480467
14480979
14481491
14482003
14482515
14483027
14483539
14484051
14484563
14485075
14480468
14480980
14481492
14482004
14482516
14483028
14483540
14484052
14484564
14485076
14480469
14480981
14481493
14482005
14482517
14483029
14483541
14484053
14484565
14485077
14480470
14480982
14481494
14482006
14482518
14483030
14483542
14484054
14484566
14485078
14480471
14480983
14481495
14482007
14482519
14483031
14483543
14484055
14484567
14485079
14480472
14480984
14481496
14482008
14482520
14483032
14483544
14484056
14484568
14485080
14480473
14480985
14481497
14482009
14482521
14483033
14483545
14484057
14484569
14485081
42094654
42095166
42095678
42096190
42096702
42097214
42097726
42098238
42098750
42099262
42094655
42095167
42095679
42096191
42096703
42097215
42097727
42098239
42098751
42099263
42094656
42095168
42095680
42096192
42096704
42097216
42097728
42098240
42098752
42099264
42094657
42095169
42095681
42096193
42096705
42097217
42097729
42098241
42098753
42099265
42094658
42095170
42095682
42096194
42096706
42097218
42097730
42098242
42098754
42099266
42094659
42095171
42095683
42096195
42096707
42097219
42097731
42098243
42098755
42099267
42094660
42095172
42095684
42096196
42096708
42097220
42097732
42098244
42098756
42099268
42094661
42095173
42095685
42096197
42096709
42097221
42097733
42098245
42098757
42099269
42094662
42095174
42095686
42096198
42096710
42097222
42097734
42098246
42098758
42099270
42094663
42095175
42095687
42096199
42096711
42097223
42097735
42098247
42098759
42099271
30094527
30095039
30095551
30096063
30096575
30097087
30097599
30098111
30098623
30099135
30094528
30095040
30095552
30096064
30096576
30097088
30097600
30098112
30098624
30099136
30094529
30095041
30095553
30096065
30096577
30097089
30097601
30098113
30098625
30099137
30094530
30095042
30095554
30096066
30096578
30097090
30097602
30098114
30098626
30099138
30094531
30095043
30095555
30096067
30096579
30097091
30097603
30098115
30098627
30099139
30094532
30095044
30095556
30096068
30096580
30097092
30097604
30098116
30098628
30099140
30094533
30095045
30095557
30096069
30096581
30097093
30097605
30098117
30098629
30099141
30094534
30095046
30095558
30096070
30096582
30097094
30097606
30098118
30098630
30099142
30094535
30095047
30095559
30096071
30096583
30097095
30097607
30098119
30098631
30099143
30094536
30095048
30095560
30096072
30096584
30097096
30097608
30098120
30098632
30099144
52789354
52789866
52790378
52790890
52791402
52791914
52792426
52792938
52793450
52793962
52789355
52789867
52790379
52790891
52791403
52791915
52792427
52792939
52793451
52793963
52789356
52789868
52790380
52790892
52791404
52791916
52792428
52792940
52793452
52793964
52789357
52789869
52790381
52790893
52791405
52791917
52792429
52792941
52793453
52793965
52789358
52789870
52790382
52790894
52791406
52791918
52792430
52792942
52793454
52793966
52789359
52789871
52790383
52790895
52791407
52791919
52792431
52792943
52793455
52793967
52789360
52789872
52790384
52790896
52791408
52791920
52792432
52792944
52793456
52793968
52789361
52789873
52790385
52790897
52791409
52791921
52792433
52792945
52793457
52793969
52789362
52789874
52790386
52790898
52791410
52791922
52792434
52792946
52793458
52793970
52789363
52789875
52790387
52790899
52791411
52791923
52792435
52792947
52793459
52793971
16161100
16161612
16162124
16162636
16163148
16163660
16164172
16164684
16165196
16165708
16161101
16161613
16162125
16162637
16163149
16163661
16164173
16164685
16165197
16165709
16161102
16161614
16162126
16162638
16163150
16163662
16164174
16164686
16165198
16165710
16161103
16161615
16162127
16162639
16163151
16163663
16164175
16164687
16165199
16165711
16161104
16161616
16162128
16162640
16163152
16163664
16164176
16164688
16165200
16165712
16161105
16161617
16162129
16162641
16163153
16163665
16164177
16164689
16165201
16165713
16161106
16161618
16162130
16162642
16163154
16163666
16164178
16164690
16165202
16165714
16161107
16161619
16162131
16162643
16163155
16163667
16164179
16164691
16165203
16165715
16161108
16161620
16162132
16162644
16163156
16163668
16164180
16164692
16165204
16165716
16161109
16161621
16162133
16162645
16163157
16163669
16164181
16164693
16165205
16165717
