16885411
16885923
16886435
16886947
16887459
16887971
16888483
16888995
16889507
16890019
16885412
16885924
16886436
16886948
16887460
16887972
16888484
16888996
16889508
16890020
16885413
16885925
16886437
16886949
16887461
16887973
16888485
16888997
16889509
16890021
16885414
16885926
16886438
16886950
16887462
16887974
16888486
16888998
16889510
16890022
16885415
16885927
16886439
16886951
16887463
16887975
16888487
16888999
16889511
16890023
16885416
16885928
16886440
16886952
16887464
16887976
16888488
16889000
16889512
16890024
16885417
16885929
16886441
16886953
16887465
16887977
16888489
16889001
16889513
16890025
16885418
16885930
16886442
16886954
16887466
16887978
16888490
16889002
16889514
16890026
16885419
16885931
16886443
16886955
16887467
16887979
16888491
16889003
16889515
16890027
16885420
16885932
16886444
16886956
16887468
16887980
16888492
16889004
16889516
16890028
53615785
53616297
53616809
53617321
53617833
53618345
53618857
53619369
53619881
53620393
53615786
53616298
53616810
53617322
53617834
53618346
53618858
53619370
53619882
53620394
53615787
53616299
53616811
53617323
53617835
53618347
53618859
53619371
53619883
53620395
53615788
53616300
53616812
53617324
53617836
53618348
53618860
53619372
53619884
53620396
53615789
53616301
53616813
53617325
53617837
53618349
53618861
53619373
53619885
53620397
53615790
53616302
53616814
53617326
53617838
53618350
53618862
53619374
53619886
53620398
53615791
53616303
53616815
53617327
53617839
53618351
53618863
53619375
53619887
53620399
53615792
53616304
53616816
53617328
53617840
53618352
53618864
53619376
53619888
53620400
53615793
53616305
53616817
53617329
53617841
53618353
53618865
53619377
53619889
53620401
53615794
53616306
53616818
53617330
53617842
53618354
53618866
53619378
53619890
53620402
17152690
17153202
17153714
17154226
17154738
17155250
17155762
17156274
17156786
17157298
17152691
17153203
17153715
17154227
17154739
17155251
17155763
17156275
17156787
17157299
17152692
17153204
17153716
17154228
17154740
17155252
17155764
17156276
17156788
17157300
17152693
17153205
17153717
17154229
17154741
17155253
17155765
17156277
17156789
17157301
17152694
17153206
17153718
17154230
17154742
17155254
17155766
17156278
17156790
17157302
17152695
17153207
17153719
17154231
17154743
17155255
17155767
17156279
17156791
17157303
17152696
17153208
17153720
17154232
17154744
17155256
17155768
17156280
17156792
17157304
17152697
17153209
17153721
17154233
17154745
17155257
17155769
17156281
17156793
17157305
17152698
17153210
17153722
17154234
17154746
17155258
17155770
17156282
17156794
17157306
17152699
17153211
17153723
17154235
17154747
17155259
17155771
17156283
17156795
17157307
48576231
48576743
48577255
48577767
48578279
48578791
48579303
48579815
48580327
48580839
48576232
48576744
48577256
48577768
48578280
48578792
48579304
48579816
48580328
48580840
48576233
48576745
48577257
48577769
48578281
48578793
48579305
48579817
48580329
48580841
48576234
48576746
48577258
48577770
48578282
48578794
48579306
48579818
48580330
48580842
48576235
48576747
48577259
48577771
48578283
48578795
48579307
48579819
48580331
48580843
48576236
48576748
48577260
48577772
48578284
48578796
48579308
48579820
48580332
48580844
48576237
48576749
48577261
48577773
48578285
48578797
48579309
48579821
48580333
48580845
48576238
48576750
48577262
48577774
48578286
48578798
48579310
48579822
48580334
48580846
48576239
48576751
48577263
48577775
48578287
48578799
48579311
48579823
48580335
48580847
48576240
48576752
48577264
48577776
48578288
48578800
48579312
48579824
48580336
48580848
42559262
42559774
42560286
42560798
42561310
42561822
42562334
42562846
42563358
42563870
42559263
42559775
42560287
42560799
42561311
42561823
42562335
42562847
42563359
42563871
42559264
42559776
42560288
42560800
42561312
42561824
42562336
42562848
42563360
42563872
42559265
42559777
42560289
42560801
42561313
42561825
42562337
42562849
42563361
42563873
42559266
42559778
42560290
42560802
42561314
42561826
42562338
42562850
42563362
42563874
42559267
42559779
42560291
42560803
42561315
42561827
42562339
42562851
42563363
42563875
42559268
42559780
42560292
42560804
42561316
42561828
42562340
42562852
42563364
42563876
42559269
42559781
42560293
42560805
42561317
42561829
42562341
42562853
42563365
42563877
42559270
42559782
42560294
42560806
42561318
42561830
42562342
42562854
42563366
42563878
42559271
42559783
42560295
42560807
42561319
42561831
42562343
42562855
42563367
42563879
59381988
59382500
59383012
59383524
59384036
59384548
59385060
59385572
59386084
59386596
59381989
59382501
59383013
59383525
59384037
59384549
59385061
59385573
59386085
59386597
59381990
59382502
59383014
59383526
59384038
59384550
59385062
59385574
59386086
59386598
59381991
59382503
59383015
59383527
59384039
59384551
59385063
59385575
59386087
59386599
59381992
59382504
59383016
59383528
59384040
59384552
59385064
59385576
59386088
59386600
59381993
59382505
59383017
59383529
59384041
59384553
59385065
59385577
59386089
59386601
59381994
59382506
59383018
59383530
59384042
59384554
59385066
59385578
59386090
59386602
59381995
59382507
59383019
59383531
59384043
59384555
59385067
59385579
59386091
59386603
59381996
59382508
59383020
59383532
59384044
59384556
59385068
59385580
59386092
59386604
59381997
59382509
59383021
59383533
59384045
59384557
59385069
59385581
59386093
59386605
11118759
11119271
11119783
11120295
11120807
11121319
11121831
11122343
11122855
11123367
11118760
11119272
11119784
11120296
11120808
11121320
11121832
11122344
11122856
11123368
11118761
11119273
11119785
11120297
11120809
11121321
11121833
11122345
11122857
11123369
11118762
11119274
11119786
11120298
11120810
11121322
11121834
11122346
11122858
11123370
11118763
11119275
11119787
11120299
11120811
11121323
11121835
11122347
11122859
11123371
11118764
11119276
11119788
11120300
11120812
11121324
11121836
11122348
11122860
11123372
11118765
11119277
11119789
11120301
11120813
11121325
11121837
11122349
11122861
11123373
11118766
11119278
11119790
11120302
11120814
11121326
11121838
11122350
11122862
11123374
11118767
11119279
11119791
11120303
11120815
11121327
11121839
11122351
11122863
11123375
11118768
11119280
11119792
11120304
11120816
11121328
11121840
11122352
11122864
11123376
43647172
43647684
43648196
43648708
43649220
43649732
43650244
43650756
43651268
43651780
43647173
43647685
43648197
43648709
43649221
43649733
43650245
43650757
43651269
43651781
43647174
43647686
43648198
43648710
43649222
43649734
43650246
43650758
43651270
43651782
43647175
43647687
43648199
43648711
43649223
43649735
43650247
43650759
43651271
43651783
43647176
43647688
43648200
43648712
43649224
43649736
43650248
43650760
43651272
43651784
43647177
43647689
43648201
43648713
43649225
43649737
43650249
43650761
43651273
43651785
43647178
43647690
43648202
43648714
43649226
43649738
43650250
43650762
43651274
43651786
43647179
43647691
43648203
43648715
43649227
43649739
43650251
43650763
43651275
43651787
43647180
43647692
43648204
43648716
43649228
43649740
43650252
43650764
43651276
43651788
43647181
43647693
43648205
43648717
43649229
43649741
43650253
43650765
43651277
43651789
32310012
32310524
32311036
32311548
32312060
32312572
32313084
32313596
32314108
32314620
32310013
32310525
32311037
32311549
32312061
32312573
32313085
32313597
32314109
32314621
32310014
32310526
32311038
32311550
32312062
32312574
32313086
32313598
32314110
32314622
32310015
32310527
32311039
32311551
32312063
32312575
32313087
32313599
32314111
32314623
32310016
32310528
32311040
32311552
32312064
32312576
32313088
32313600
32314112
32314624
32310017
32310529
32311041
32311553
32312065
32312577
32313089
32313601
32314113
32314625
32310018
32310530
32311042
32311554
32312066
32312578
32313090
32313602
32314114
32314626
32310019
32310531
32311043
32311555
32312067
32312579
32313091
32313603
32314115
32314627
32310020
32310532
32311044
32311556
32312068
32312580
32313092
32313604
32314116
32314628
32310021
32310533
32311045
32311557
32312069
32312581
32313093
32313605
32314117
32314629
52795069
52795581
52796093
52796605
52797117
52797629
52798141
52798653
52799165
52799677
52795070
52795582
52796094
52796606
52797118
52797630
52798142
52798654
52799166
52799678
52795071
52795583
52796095
52796607
52797119
52797631
52798143
52798655
52799167
52799679
52795072
52795584
52796096
52796608
52797120
52797632
52798144
52798656
52799168
52799680
52795073
52795585
52796097
52796609
52797121
52797633
52798145
52798657
52799169
52799681
52795074
52795586
52796098
52796610
52797122
52797634
52798146
52798658
52799170
52799682
52795075
52795587
52796099
52796611
52797123
52797635
52798147
52798659
52799171
52799683
52795076
52795588
52796100
52796612
52797124
52797636
52798148
52798660
52799172
52799684
52795077
52795589
52796101
52796613
52797125
52797637
52798149
52798661
52799173
52799685
52795078
52795590
52796102
52796614
52797126
52797638
52798150
52798662
52799174
52799686
54575393
54575905
54576417
54576929
54577441
54577953
54578465
54578977
54579489
54580001
54575394
54575906
54576418
54576930
54577442
54577954
54578466
54578978
54579490
54580002
54575395
54575907
54576419
54576931
54577443
54577955
54578467
54578979
54579491
54580003
54575396
54575908
54576420
54576932
54577444
54577956
54578468
54578980
54579492
54580004
54575397
54575909
54576421
54576933
54577445
54577957
54578469
54578981
54579493
54580005
54575398
54575910
54576422
54576934
54577446
54577958
54578470
54578982
54579494
54580006
54575399
54575911
54576423
54576935
54577447
54577959
54578471
54578983
54579495
54580007
54575400
54575912
54576424
54576936
54577448
54577960
54578472
54578984
54579496
54580008
54575401
54575913
54576425
54576937
54577449
54577961
54578473
54578985
54579497
54580009
54575402
54575914
54576426
54576938
54577450
54577962
54578474
54578986
54579498
54580010
48554203
48554715
48555227
48555739
48556251
48556763
48557275
48557787
48558299
48558811
48554204
48554716
48555228
48555740
48556252
48556764
48557276
48557788
48558300
48558812
48554205
48554717
48555229
48555741
48556253
48556765
48557277
48557789
48558301
48558813
48554206
48554718
48555230
48555742
48556254
48556766
48557278
48557790
48558302
48558814
48554207
48554719
48555231
48555743
48556255
48556767
48557279
48557791
48558303
48558815
48554208
48554720
48555232
48555744
48556256
48556768
48557280
48557792
48558304
48558816
48554209
48554721
48555233
48555745
48556257
48556769
48557281
48557793
48558305
48558817
48554210
48554722
48555234
48555746
48556258
48556770
48557282
48557794
48558306
48558818
48554211
48554723
48555235
48555747
48556259
48556771
48557283
48557795
48558307
48558819
48554212
48554724
48555236
48555748
48556260
48556772
48557284
48557796
48558308
48558820
53335307
53335819
53336331
53336843
53337355
53337867
53338379
53338891
53339403
53339915
53335308
53335820
53336332
53336844
53337356
53337868
53338380
53338892
53339404
53339916
53335309
53335821
53336333
53336845
53337357
53337869
53338381
53338893
53339405
53339917
53335310
53335822
53336334
53336846
53337358
53337870
53338382
53338894
53339406
53339918
53335311
53335823
53336335
53336847
53337359
53337871
53338383
53338895
53339407
53339919
53335312
53335824
53336336
53336848
53337360
53337872
53338384
53338896
53339408
53339920
53335313
53335825
53336337
53336849
53337361
53337873
53338385
53338897
53339409
53339921
53335314
53335826
53336338
53336850
53337362
53337874
53338386
53338898
53339410
53339922
53335315
53335827
53336339
53336851
53337363
53337875
53338387
53338899
53339411
53339923
53335316
53335828
53336340
53336852
53337364
53337876
53338388
53338900
53339412
53339924
44444352
44444864
44445376
44445888
44446400
44446912
44447424
44447936
44448448
44448960
44444353
44444865
44445377
44445889
44446401
44446913
44447425
44447937
44448449
44448961
44444354
44444866
44445378
44445890
44446402
44446914
44447426
44447938
44448450
44448962
44444355
44444867
44445379
44445891
44446403
44446915
44447427
44447939
44448451
44448963
44444356
44444868
44445380
44445892
44446404
44446916
44447428
44447940
44448452
44448964
44444357
44444869
44445381
44445893
44446405
44446917
44447429
44447941
44448453
44448965
44444358
44444870
44445382
44445894
44446406
44446918
44447430
44447942
44448454
44448966
44444359
44444871
44445383
44445895
44446407
44446919
44447431
44447943
44448455
44448967
44444360
44444872
44445384
44445896
44446408
44446920
44447432
44447944
44448456
44448968
44444361
44444873
44445385
44445897
44446409
44446921
44447433
44447945
44448457
44448969
48592601
48593113
48593625
48594137
48594649
48595161
48595673
48596185
48596697
48597209
48592602
48593114
48593626
48594138
48594650
48595162
48595674
48596186
48596698
48597210
48592603
48593115
48593627
48594139
48594651
48595163
48595675
48596187
48596699
48597211
48592604
48593116
48593628
48594140
48594652
48595164
48595676
48596188
48596700
48597212
48592605
48593117
48593629
48594141
48594653
48595165
48595677
48596189
48596701
48597213
48592606
48593118
48593630
48594142
48594654
48595166
48595678
48596190
48596702
48597214
48592607
48593119
48593631
48594143
48594655
48595167
48595679
48596191
48596703
48597215
48592608
48593120
48593632
48594144
48594656
48595168
48595680
48596192
48596704
48597216
48592609
48593121
48593633
48594145
48594657
48595169
48595681
48596193
48596705
48597217
48592610
48593122
48593634
48594146
48594658
48595170
48595682
48596194
48596706
48597218
50914055
50914567
50915079
50915591
50916103
50916615
50917127
50917639
50918151
50918663
50914056
50914568
50915080
50915592
50916104
50916616
50917128
50917640
50918152
50918664
50914057
50914569
50915081
50915593
50916105
50916617
50917129
50917641
50918153
50918665
50914058
50914570
50915082
50915594
50916106
50916618
50917130
50917642
50918154
50918666
50914059
50914571
50915083
50915595
50916107
50916619
50917131
50917643
50918155
50918667
50914060
50914572
50915084
50915596
50916108
50916620
50917132
50917644
50918156
50918668
50914061
50914573
50915085
50915597
50916109
50916621
50917133
50917645
50918157
50918669
50914062
50914574
50915086
50915598
50916110
50916622
50917134
50917646
50918158
50918670
50914063
50914575
50915087
50915599
50916111
50916623
50917135
50917647
50918159
50918671
50914064
50914576
50915088
50915600
50916112
50916624
50917136
50917648
50918160
50918672
37025499
37026011
37026523
37027035
37027547
37028059
37028571
37029083
37029595
37030107
37025500
37026012
37026524
37027036
37027548
37028060
37028572
37029084
37029596
37030108
37025501
37026013
37026525
37027037
37027549
37028061
37028573
37029085
37029597
37030109
37025502
37026014
37026526
37027038
37027550
37028062
37028574
37029086
37029598
37030110
37025503
37026015
37026527
37027039
37027551
37028063
37028575
37029087
37029599
37030111
37025504
37026016
37026528
37027040
37027552
37028064
37028576
37029088
37029600
37030112
37025505
37026017
37026529
37027041
37027553
37028065
37028577
37029089
37029601
37030113
37025506
37026018
37026530
37027042
37027554
37028066
37028578
37029090
37029602
37030114
37025507
37026019
37026531
37027043
37027555
37028067
37028579
37029091
37029603
37030115
37025508
37026020
37026532
37027044
37027556
37028068
37028580
37029092
37029604
37030116
52518190
52518702
52519214
52519726
52520238
52520750
52521262
52521774
52522286
52522798
52518191
52518703
52519215
52519727
52520239
52520751
52521263
52521775
52522287
52522799
52518192
52518704
52519216
52519728
52520240
52520752
52521264
52521776
52522288
52522800
52518193
52518705
52519217
52519729
52520241
52520753
52521265
52521777
52522289
52522801
52518194
52518706
52519218
52519730
52520242
52520754
52521266
52521778
52522290
52522802
52518195
52518707
52519219
52519731
52520243
52520755
52521267
52521779
52522291
52522803
52518196
52518708
52519220
52519732
52520244
52520756
52521268
52521780
52522292
52522804
52518197
52518709
52519221
52519733
52520245
52520757
52521269
52521781
52522293
52522805
52518198
52518710
52519222
52519734
52520246
52520758
52521270
52521782
52522294
52522806
52518199
52518711
52519223
52519735
52520247
52520759
52521271
52521783
52522295
52522807
52780802
52781314
52781826
52782338
52782850
52783362
52783874
52784386
52784898
52785410
52780803
52781315
52781827
52782339
52782851
52783363
52783875
52784387
52784899
52785411
52780804
52781316
52781828
52782340
52782852
52783364
52783876
52784388
52784900
52785412
52780805
52781317
52781829
52782341
52782853
52783365
52783877
52784389
52784901
52785413
52780806
52781318
52781830
52782342
52782854
52783366
52783878
52784390
52784902
52785414
52780807
52781319
52781831
52782343
52782855
52783367
52783879
52784391
52784903
52785415
52780808
52781320
52781832
52782344
52782856
52783368
52783880
52784392
52784904
52785416
52780809
52781321
52781833
52782345
52782857
52783369
52783881
52784393
52784905
52785417
52780810
52781322
52781834
52782346
52782858
52783370
52783882
52784394
52784906
52785418
52780811
52781323
52781835
52782347
52782859
52783371
52783883
52784395
52784907
52785419
62215918
62216430
62216942
62217454
62217966
62218478
62218990
62219502
62220014
62220526
62215919
62216431
62216943
62217455
62217967
62218479
62218991
62219503
62220015
62220527
62215920
62216432
62216944
62217456
62217968
62218480
62218992
62219504
62220016
62220528
62215921
62216433
62216945
62217457
62217969
62218481
62218993
62219505
62220017
62220529
62215922
62216434
62216946
62217458
62217970
62218482
62218994
62219506
62220018
62220530
62215923
62216435
62216947
62217459
62217971
62218483
62218995
62219507
62220019
62220531
62215924
62216436
62216948
62217460
62217972
62218484
62218996
62219508
62220020
62220532
62215925
62216437
62216949
62217461
62217973
62218485
62218997
62219509
62220021
62220533
62215926
62216438
62216950
62217462
62217974
62218486
62218998
62219510
62220022
62220534
62215927
62216439
62216951
62217463
62217975
62218487
62218999
62219511
62220023
62220535
45159687
45160199
45160711
45161223
45161735
45162247
45162759
45163271
45163783
45164295
45159688
45160200
45160712
45161224
45161736
45162248
45162760
45163272
45163784
45164296
45159689
45160201
45160713
45161225
45161737
45162249
45162761
45163273
45163785
45164297
45159690
45160202
45160714
45161226
45161738
45162250
45162762
45163274
45163786
45164298
45159691
45160203
45160715
45161227
45161739
45162251
45162763
45163275
45163787
45164299
45159692
45160204
45160716
45161228
45161740
45162252
45162764
45163276
45163788
45164300
45159693
45160205
45160717
45161229
45161741
45162253
45162765
45163277
45163789
45164301
45159694
45160206
45160718
45161230
45161742
45162254
45162766
45163278
45163790
45164302
45159695
45160207
45160719
45161231
45161743
45162255
45162767
45163279
45163791
45164303
45159696
45160208
45160720
45161232
45161744
45162256
45162768
45163280
45163792
45164304
39211667
39212179
39212691
39213203
39213715
39214227
39214739
39215251
39215763
39216275
39211668
39212180
39212692
39213204
39213716
39214228
39214740
39215252
39215764
39216276
39211669
39212181
39212693
39213205
39213717
39214229
39214741
39215253
39215765
39216277
39211670
39212182
39212694
39213206
39213718
39214230
39214742
39215254
39215766
39216278
39211671
39212183
39212695
39213207
39213719
39214231
39214743
39215255
39215767
39216279
39211672
39212184
39212696
39213208
39213720
39214232
39214744
39215256
39215768
39216280
39211673
39212185
39212697
39213209
39213721
39214233
39214745
39215257
39215769
39216281
39211674
39212186
39212698
39213210
39213722
39214234
39214746
39215258
39215770
39216282
39211675
39212187
39212699
39213211
39213723
39214235
39214747
39215259
39215771
39216283
39211676
39212188
39212700
39213212
39213724
39214236
39214748
39215260
39215772
39216284
16349366
16349878
16350390
16350902
16351414
16351926
16352438
16352950
16353462
16353974
16349367
16349879
16350391
16350903
16351415
16351927
16352439
16352951
16353463
16353975
16349368
16349880
16350392
16350904
16351416
16351928
16352440
16352952
16353464
16353976
16349369
16349881
16350393
16350905
16351417
16351929
16352441
16352953
16353465
16353977
16349370
16349882
16350394
16350906
16351418
16351930
16352442
16352954
16353466
16353978
16349371
16349883
16350395
16350907
16351419
16351931
16352443
16352955
16353467
16353979
16349372
16349884
16350396
16350908
16351420
16351932
16352444
16352956
16353468
16353980
16349373
16349885
16350397
16350909
16351421
16351933
16352445
16352957
16353469
16353981
16349374
16349886
16350398
16350910
16351422
16351934
16352446
16352958
16353470
16353982
16349375
16349887
16350399
16350911
16351423
16351935
16352447
16352959
16353471
16353983
47241990
47242502
47243014
47243526
47244038
47244550
47245062
47245574
47246086
47246598
47241991
47242503
47243015
47243527
47244039
47244551
47245063
47245575
47246087
47246599
47241992
47242504
47243016
47243528
47244040
47244552
47245064
47245576
47246088
47246600
47241993
47242505
47243017
47243529
47244041
47244553
47245065
47245577
47246089
47246601
47241994
47242506
47243018
47243530
47244042
47244554
47245066
47245578
47246090
47246602
47241995
47242507
47243019
47243531
47244043
47244555
47245067
47245579
47246091
47246603
47241996
47242508
47243020
47243532
47244044
47244556
47245068
47245580
47246092
47246604
47241997
47242509
47243021
47243533
47244045
47244557
47245069
47245581
47246093
47246605
47241998
47242510
47243022
47243534
47244046
47244558
47245070
47245582
47246094
47246606
47241999
47242511
47243023
47243535
47244047
47244559
47245071
47245583
47246095
47246607
9532585
9533097
9533609
9534121
9534633
9535145
9535657
9536169
9536681
9537193
9532586
9533098
9533610
9534122
9534634
9535146
9535658
9536170
9536682
9537194
9532587
9533099
9533611
9534123
9534635
9535147
9535659
9536171
9536683
9537195
9532588
9533100
9533612
9534124
9534636
9535148
9535660
9536172
9536684
9537196
9532589
9533101
9533613
9534125
9534637
9535149
9535661
9536173
9536685
9537197
9532590
9533102
9533614
9534126
9534638
9535150
9535662
9536174
9536686
9537198
9532591
9533103
9533615
9534127
9534639
9535151
9535663
9536175
9536687
9537199
9532592
9533104
9533616
9534128
9534640
9535152
9535664
9536176
9536688
9537200
9532593
9533105
9533617
9534129
9534641
9535153
9535665
9536177
9536689
9537201
9532594
9533106
9533618
9534130
9534642
9535154
9535666
9536178
9536690
9537202
55433934
55434446
55434958
55435470
55435982
55436494
55437006
55437518
55438030
55438542
55433935
55434447
55434959
55435471
55435983
55436495
55437007
55437519
55438031
55438543
55433936
55434448
55434960
55435472
55435984
55436496
55437008
55437520
55438032
55438544
55433937
55434449
55434961
55435473
55435985
55436497
55437009
55437521
55438033
55438545
55433938
55434450
55434962
55435474
55435986
55436498
55437010
55437522
55438034
55438546
55433939
55434451
55434963
55435475
55435987
55436499
55437011
55437523
55438035
55438547
55433940
55434452
55434964
55435476
55435988
55436500
55437012
55437524
55438036
55438548
55433941
55434453
55434965
55435477
55435989
55436501
55437013
55437525
55438037
55438549
55433942
55434454
55434966
55435478
55435990
55436502
55437014
55437526
55438038
55438550
55433943
55434455
55434967
55435479
55435991
55436503
55437015
55437527
55438039
55438551
59342553
59343065
59343577
59344089
59344601
59345113
59345625
59346137
59346649
59347161
59342554
59343066
59343578
59344090
59344602
59345114
59345626
59346138
59346650
59347162
59342555
59343067
59343579
59344091
59344603
59345115
59345627
59346139
59346651
59347163
59342556
59343068
59343580
59344092
59344604
59345116
59345628
59346140
59346652
59347164
59342557
59343069
59343581
59344093
59344605
59345117
59345629
59346141
59346653
59347165
59342558
59343070
59343582
59344094
59344606
59345118
59345630
59346142
59346654
59347166
59342559
59343071
59343583
59344095
59344607
59345119
59345631
59346143
59346655
59347167
59342560
59343072
59343584
59344096
59344608
59345120
59345632
59346144
59346656
59347168
59342561
59343073
59343585
59344097
59344609
59345121
59345633
59346145
59346657
59347169
59342562
59343074
59343586
59344098
59344610
59345122
59345634
59346146
59346658
59347170
58264858
58265370
58265882
58266394
58266906
58267418
58267930
58268442
58268954
58269466
58264859
58265371
58265883
58266395
58266907
58267419
58267931
58268443
58268955
58269467
58264860
58265372
58265884
58266396
58266908
58267420
58267932
58268444
58268956
58269468
58264861
58265373
58265885
58266397
58266909
58267421
58267933
58268445
58268957
58269469
58264862
58265374
58265886
58266398
58266910
58267422
58267934
58268446
58268958
58269470
58264863
58265375
58265887
58266399
58266911
58267423
58267935
58268447
58268959
58269471
58264864
58265376
58265888
58266400
58266912
58267424
58267936
58268448
58268960
58269472
58264865
58265377
58265889
58266401
58266913
58267425
58267937
58268449
58268961
58269473
58264866
58265378
58265890
58266402
58266914
58267426
58267938
58268450
58268962
58269474
58264867
58265379
58265891
58266403
58266915
58267427
58267939
58268451
58268963
58269475
53287621
53288133
53288645
53289157
53289669
53290181
53290693
53291205
53291717
53292229
53287622
53288134
53288646
53289158
53289670
53290182
53290694
53291206
53291718
53292230
53287623
53288135
53288647
53289159
53289671
53290183
53290695
53291207
53291719
53292231
53287624
53288136
53288648
53289160
53289672
53290184
53290696
53291208
53291720
53292232
53287625
53288137
53288649
53289161
53289673
53290185
53290697
53291209
53291721
53292233
53287626
53288138
53288650
53289162
53289674
53290186
53290698
53291210
53291722
53292234
53287627
53288139
53288651
53289163
53289675
53290187
53290699
53291211
53291723
53292235
53287628
53288140
53288652
53289164
53289676
53290188
53290700
53291212
53291724
53292236
53287629
53288141
53288653
53289165
53289677
53290189
53290701
53291213
53291725
53292237
53287630
53288142
53288654
53289166
53289678
53290190
53290702
53291214
53291726
53292238
56959783
56960295
56960807
56961319
56961831
56962343
56962855
56963367
56963879
56964391
56959784
56960296
56960808
56961320
56961832
56962344
56962856
56963368
56963880
56964392
56959785
56960297
56960809
56961321
56961833
56962345
56962857
56963369
56963881
56964393
56959786
56960298
56960810
56961322
56961834
56962346
56962858
56963370
56963882
56964394
56959787
56960299
56960811
56961323
56961835
56962347
56962859
56963371
56963883
56964395
56959788
56960300
56960812
56961324
56961836
56962348
56962860
56963372
56963884
56964396
56959789
56960301
56960813
56961325
56961837
56962349
56962861
56963373
56963885
56964397
56959790
56960302
56960814
56961326
56961838
56962350
56962862
56963374
56963886
56964398
56959791
56960303
56960815
56961327
56961839
56962351
56962863
56963375
56963887
56964399
56959792
56960304
56960816
56961328
56961840
56962352
56962864
56963376
56963888
56964400
