9539255
9539767
9540279
9540791
9541303
9541815
9542327
9542839
9543351
9543863
9539256
9539768
9540280
9540792
9541304
9541816
9542328
9542840
9543352
9543864
9539257
9539769
9540281
9540793
9541305
9541817
9542329
9542841
9543353
9543865
9539258
9539770
9540282
9540794
9541306
9541818
9542330
9542842
9543354
9543866
9539259
9539771
9540283
9540795
9541307
9541819
9542331
9542843
9543355
9543867
9539260
9539772
9540284
9540796
9541308
9541820
9542332
9542844
9543356
9543868
9539261
9539773
9540285
9540797
9541309
9541821
9542333
9542845
9543357
9543869
9539262
9539774
9540286
9540798
9541310
9541822
9542334
9542846
9543358
9543870
9539263
9539775
9540287
9540799
9541311
9541823
9542335
9542847
9543359
9543871
9539264
9539776
9540288
9540800
9541312
9541824
9542336
9542848
9543360
9543872
52233433
52233945
52234457
52234969
52235481
52235993
52236505
52237017
52237529
52238041
52233434
52233946
52234458
52234970
52235482
52235994
52236506
52237018
52237530
52238042
52233435
52233947
52234459
52234971
52235483
52235995
52236507
52237019
52237531
52238043
52233436
52233948
52234460
52234972
52235484
52235996
52236508
52237020
52237532
52238044
52233437
52233949
52234461
52234973
52235485
52235997
52236509
52237021
52237533
52238045
52233438
52233950
52234462
52234974
52235486
52235998
52236510
52237022
52237534
52238046
52233439
52233951
52234463
52234975
52235487
52235999
52236511
52237023
52237535
52238047
52233440
52233952
52234464
52234976
52235488
52236000
52236512
52237024
52237536
52238048
52233441
52233953
52234465
52234977
52235489
52236001
52236513
52237025
52237537
52238049
52233442
52233954
52234466
52234978
52235490
52236002
52236514
52237026
52237538
52238050
38657184
38657696
38658208
38658720
38659232
38659744
38660256
38660768
38661280
38661792
38657185
38657697
38658209
38658721
38659233
38659745
38660257
38660769
38661281
38661793
38657186
38657698
38658210
38658722
38659234
38659746
38660258
38660770
38661282
38661794
38657187
38657699
38658211
38658723
38659235
38659747
38660259
38660771
38661283
38661795
38657188
38657700
38658212
38658724
38659236
38659748
38660260
38660772
38661284
38661796
38657189
38657701
38658213
38658725
38659237
38659749
38660261
38660773
38661285
38661797
38657190
38657702
38658214
38658726
38659238
38659750
38660262
38660774
38661286
38661798
38657191
38657703
38658215
38658727
38659239
38659751
38660263
38660775
38661287
38661799
38657192
38657704
38658216
38658728
38659240
38659752
38660264
38660776
38661288
38661800
38657193
38657705
38658217
38658729
38659241
38659753
38660265
38660777
38661289
38661801
59085002
59085514
59086026
59086538
59087050
59087562
59088074
59088586
59089098
59089610
59085003
59085515
59086027
59086539
59087051
59087563
59088075
59088587
59089099
59089611
59085004
59085516
59086028
59086540
59087052
59087564
59088076
59088588
59089100
59089612
59085005
59085517
59086029
59086541
59087053
59087565
59088077
59088589
59089101
59089613
59085006
59085518
59086030
59086542
59087054
59087566
59088078
59088590
59089102
59089614
59085007
59085519
59086031
59086543
59087055
59087567
59088079
59088591
59089103
59089615
59085008
59085520
59086032
59086544
59087056
59087568
59088080
59088592
59089104
59089616
59085009
59085521
59086033
59086545
59087057
59087569
59088081
59088593
59089105
59089617
59085010
59085522
59086034
59086546
59087058
59087570
59088082
59088594
59089106
59089618
59085011
59085523
59086035
59086547
59087059
59087571
59088083
59088595
59089107
59089619
54952137
54952649
54953161
54953673
54954185
54954697
54955209
54955721
54956233
54956745
54952138
54952650
54953162
54953674
54954186
54954698
54955210
54955722
54956234
54956746
54952139
54952651
54953163
54953675
54954187
54954699
54955211
54955723
54956235
54956747
54952140
54952652
54953164
54953676
54954188
54954700
54955212
54955724
54956236
54956748
54952141
54952653
54953165
54953677
54954189
54954701
54955213
54955725
54956237
54956749
54952142
54952654
54953166
54953678
54954190
54954702
54955214
54955726
54956238
54956750
54952143
54952655
54953167
54953679
54954191
54954703
54955215
54955727
54956239
54956751
54952144
54952656
54953168
54953680
54954192
54954704
54955216
54955728
54956240
54956752
54952145
54952657
54953169
54953681
54954193
54954705
54955217
54955729
54956241
54956753
54952146
54952658
54953170
54953682
54954194
54954706
54955218
54955730
54956242
54956754
49353486
49353998
49354510
49355022
49355534
49356046
49356558
49357070
49357582
49358094
49353487
49353999
49354511
49355023
49355535
49356047
49356559
49357071
49357583
49358095
49353488
49354000
49354512
49355024
49355536
49356048
49356560
49357072
49357584
49358096
49353489
49354001
49354513
49355025
49355537
49356049
49356561
49357073
49357585
49358097
49353490
49354002
49354514
49355026
49355538
49356050
49356562
49357074
49357586
49358098
49353491
49354003
49354515
49355027
49355539
49356051
49356563
49357075
49357587
49358099
49353492
49354004
49354516
49355028
49355540
49356052
49356564
49357076
49357588
49358100
49353493
49354005
49354517
49355029
49355541
49356053
49356565
49357077
49357589
49358101
49353494
49354006
49354518
49355030
49355542
49356054
49356566
49357078
49357590
49358102
49353495
49354007
49354519
49355031
49355543
49356055
49356567
49357079
49357591
49358103
55387920
55388432
55388944
55389456
55389968
55390480
55390992
55391504
55392016
55392528
55387921
55388433
55388945
55389457
55389969
55390481
55390993
55391505
55392017
55392529
55387922
55388434
55388946
55389458
55389970
55390482
55390994
55391506
55392018
55392530
55387923
55388435
55388947
55389459
55389971
55390483
55390995
55391507
55392019
55392531
55387924
55388436
55388948
55389460
55389972
55390484
55390996
55391508
55392020
55392532
55387925
55388437
55388949
55389461
55389973
55390485
55390997
55391509
55392021
55392533
55387926
55388438
55388950
55389462
55389974
55390486
55390998
55391510
55392022
55392534
55387927
55388439
55388951
55389463
55389975
55390487
55390999
55391511
55392023
55392535
55387928
55388440
55388952
55389464
55389976
55390488
55391000
55391512
55392024
55392536
55387929
55388441
55388953
55389465
55389977
55390489
55391001
55391513
55392025
55392537
43052347
43052859
43053371
43053883
43054395
43054907
43055419
43055931
43056443
43056955
43052348
43052860
43053372
43053884
43054396
43054908
43055420
43055932
43056444
43056956
43052349
43052861
43053373
43053885
43054397
43054909
43055421
43055933
43056445
43056957
43052350
43052862
43053374
43053886
43054398
43054910
43055422
43055934
43056446
43056958
43052351
43052863
43053375
43053887
43054399
43054911
43055423
43055935
43056447
43056959
43052352
43052864
43053376
43053888
43054400
43054912
43055424
43055936
43056448
43056960
43052353
43052865
43053377
43053889
43054401
43054913
43055425
43055937
43056449
43056961
43052354
43052866
43053378
43053890
43054402
43054914
43055426
43055938
43056450
43056962
43052355
43052867
43053379
43053891
43054403
43054915
43055427
43055939
43056451
43056963
43052356
43052868
43053380
43053892
43054404
43054916
43055428
43055940
43056452
43056964
52532980
52533492
52534004
52534516
52535028
52535540
52536052
52536564
52537076
52537588
52532981
52533493
52534005
52534517
52535029
52535541
52536053
52536565
52537077
52537589
52532982
52533494
52534006
52534518
52535030
52535542
52536054
52536566
52537078
52537590
52532983
52533495
52534007
52534519
52535031
52535543
52536055
52536567
52537079
52537591
52532984
52533496
52534008
52534520
52535032
52535544
52536056
52536568
52537080
52537592
52532985
52533497
52534009
52534521
52535033
52535545
52536057
52536569
52537081
52537593
52532986
52533498
52534010
52534522
52535034
52535546
52536058
52536570
52537082
52537594
52532987
52533499
52534011
52534523
52535035
52535547
52536059
52536571
52537083
52537595
52532988
52533500
52534012
52534524
52535036
52535548
52536060
52536572
52537084
52537596
52532989
52533501
52534013
52534525
52535037
52535549
52536061
52536573
52537085
52537597
57782040
57782552
57783064
57783576
57784088
57784600
57785112
57785624
57786136
57786648
57782041
57782553
57783065
57783577
57784089
57784601
57785113
57785625
57786137
57786649
57782042
57782554
57783066
57783578
57784090
57784602
57785114
57785626
57786138
57786650
57782043
57782555
57783067
57783579
57784091
57784603
57785115
57785627
57786139
57786651
57782044
57782556
57783068
57783580
57784092
57784604
57785116
57785628
57786140
57786652
57782045
57782557
57783069
57783581
57784093
57784605
57785117
57785629
57786141
57786653
57782046
57782558
57783070
57783582
57784094
57784606
57785118
57785630
57786142
57786654
57782047
57782559
57783071
57783583
57784095
57784607
57785119
57785631
57786143
57786655
57782048
57782560
57783072
57783584
57784096
57784608
57785120
57785632
57786144
57786656
57782049
57782561
57783073
57783585
57784097
57784609
57785121
57785633
57786145
57786657
28105982
28106494
28107006
28107518
28108030
28108542
28109054
28109566
28110078
28110590
28105983
28106495
28107007
28107519
28108031
28108543
28109055
28109567
28110079
28110591
28105984
28106496
28107008
28107520
28108032
28108544
28109056
28109568
28110080
28110592
28105985
28106497
28107009
28107521
28108033
28108545
28109057
28109569
28110081
28110593
28105986
28106498
28107010
28107522
28108034
28108546
28109058
28109570
28110082
28110594
28105987
28106499
28107011
28107523
28108035
28108547
28109059
28109571
28110083
28110595
28105988
28106500
28107012
28107524
28108036
28108548
28109060
28109572
28110084
28110596
28105989
28106501
28107013
28107525
28108037
28108549
28109061
28109573
28110085
28110597
28105990
28106502
28107014
28107526
28108038
28108550
28109062
28109574
28110086
28110598
28105991
28106503
28107015
28107527
28108039
28108551
28109063
28109575
28110087
28110599
60706528
60707040
60707552
60708064
60708576
60709088
60709600
60710112
60710624
60711136
60706529
60707041
60707553
60708065
60708577
60709089
60709601
60710113
60710625
60711137
60706530
60707042
60707554
60708066
60708578
60709090
60709602
60710114
60710626
60711138
60706531
60707043
60707555
60708067
60708579
60709091
60709603
60710115
60710627
60711139
60706532
60707044
60707556
60708068
60708580
60709092
60709604
60710116
60710628
60711140
60706533
60707045
60707557
60708069
60708581
60709093
60709605
60710117
60710629
60711141
60706534
60707046
60707558
60708070
60708582
60709094
60709606
60710118
60710630
60711142
60706535
60707047
60707559
60708071
60708583
60709095
60709607
60710119
60710631
60711143
60706536
60707048
60707560
60708072
60708584
60709096
60709608
60710120
60710632
60711144
60706537
60707049
60707561
60708073
60708585
60709097
60709609
60710121
60710633
60711145
55133388
55133900
55134412
55134924
55135436
55135948
55136460
55136972
55137484
55137996
55133389
55133901
55134413
55134925
55135437
55135949
55136461
55136973
55137485
55137997
55133390
55133902
55134414
55134926
55135438
55135950
55136462
55136974
55137486
55137998
55133391
55133903
55134415
55134927
55135439
55135951
55136463
55136975
55137487
55137999
55133392
55133904
55134416
55134928
55135440
55135952
55136464
55136976
55137488
55138000
55133393
55133905
55134417
55134929
55135441
55135953
55136465
55136977
55137489
55138001
55133394
55133906
55134418
55134930
55135442
55135954
55136466
55136978
55137490
55138002
55133395
55133907
55134419
55134931
55135443
55135955
55136467
55136979
55137491
55138003
55133396
55133908
55134420
55134932
55135444
55135956
55136468
55136980
55137492
55138004
55133397
55133909
55134421
55134933
55135445
55135957
55136469
55136981
55137493
55138005
47552235
47552747
47553259
47553771
47554283
47554795
47555307
47555819
47556331
47556843
47552236
47552748
47553260
47553772
47554284
47554796
47555308
47555820
47556332
47556844
47552237
47552749
47553261
47553773
47554285
47554797
47555309
47555821
47556333
47556845
47552238
47552750
47553262
47553774
47554286
47554798
47555310
47555822
47556334
47556846
47552239
47552751
47553263
47553775
47554287
47554799
47555311
47555823
47556335
47556847
47552240
47552752
47553264
47553776
47554288
47554800
47555312
47555824
47556336
47556848
47552241
47552753
47553265
47553777
47554289
47554801
47555313
47555825
47556337
47556849
47552242
47552754
47553266
47553778
47554290
47554802
47555314
47555826
47556338
47556850
47552243
47552755
47553267
47553779
47554291
47554803
47555315
47555827
47556339
47556851
47552244
47552756
47553268
47553780
47554292
47554804
47555316
47555828
47556340
47556852
54343970
54344482
54344994
54345506
54346018
54346530
54347042
54347554
54348066
54348578
54343971
54344483
54344995
54345507
54346019
54346531
54347043
54347555
54348067
54348579
54343972
54344484
54344996
54345508
54346020
54346532
54347044
54347556
54348068
54348580
54343973
54344485
54344997
54345509
54346021
54346533
54347045
54347557
54348069
54348581
54343974
54344486
54344998
54345510
54346022
54346534
54347046
54347558
54348070
54348582
54343975
54344487
54344999
54345511
54346023
54346535
54347047
54347559
54348071
54348583
54343976
54344488
54345000
54345512
54346024
54346536
54347048
54347560
54348072
54348584
54343977
54344489
54345001
54345513
54346025
54346537
54347049
54347561
54348073
54348585
54343978
54344490
54345002
54345514
54346026
54346538
54347050
54347562
54348074
54348586
54343979
54344491
54345003
54345515
54346027
54346539
54347051
54347563
54348075
54348587
52525250
52525762
52526274
52526786
52527298
52527810
52528322
52528834
52529346
52529858
52525251
52525763
52526275
52526787
52527299
52527811
52528323
52528835
52529347
52529859
52525252
52525764
52526276
52526788
52527300
52527812
52528324
52528836
52529348
52529860
52525253
52525765
52526277
52526789
52527301
52527813
52528325
52528837
52529349
52529861
52525254
52525766
52526278
52526790
52527302
52527814
52528326
52528838
52529350
52529862
52525255
52525767
52526279
52526791
52527303
52527815
52528327
52528839
52529351
52529863
52525256
52525768
52526280
52526792
52527304
52527816
52528328
52528840
52529352
52529864
52525257
52525769
52526281
52526793
52527305
52527817
52528329
52528841
52529353
52529865
52525258
52525770
52526282
52526794
52527306
52527818
52528330
52528842
52529354
52529866
52525259
52525771
52526283
52526795
52527307
52527819
52528331
52528843
52529355
52529867
51211529
51212041
51212553
51213065
51213577
51214089
51214601
51215113
51215625
51216137
51211530
51212042
51212554
51213066
51213578
51214090
51214602
51215114
51215626
51216138
51211531
51212043
51212555
51213067
51213579
51214091
51214603
51215115
51215627
51216139
51211532
51212044
51212556
51213068
51213580
51214092
51214604
51215116
51215628
51216140
51211533
51212045
51212557
51213069
51213581
51214093
51214605
51215117
51215629
51216141
51211534
51212046
51212558
51213070
51213582
51214094
51214606
51215118
51215630
51216142
51211535
51212047
51212559
51213071
51213583
51214095
51214607
51215119
51215631
51216143
51211536
51212048
51212560
51213072
51213584
51214096
51214608
51215120
51215632
51216144
51211537
51212049
51212561
51213073
51213585
51214097
51214609
51215121
51215633
51216145
51211538
51212050
51212562
51213074
51213586
51214098
51214610
51215122
51215634
51216146
44089101
44089613
44090125
44090637
44091149
44091661
44092173
44092685
44093197
44093709
44089102
44089614
44090126
44090638
44091150
44091662
44092174
44092686
44093198
44093710
44089103
44089615
44090127
44090639
44091151
44091663
44092175
44092687
44093199
44093711
44089104
44089616
44090128
44090640
44091152
44091664
44092176
44092688
44093200
44093712
44089105
44089617
44090129
44090641
44091153
44091665
44092177
44092689
44093201
44093713
44089106
44089618
44090130
44090642
44091154
44091666
44092178
44092690
44093202
44093714
44089107
44089619
44090131
44090643
44091155
44091667
44092179
44092691
44093203
44093715
44089108
44089620
44090132
44090644
44091156
44091668
44092180
44092692
44093204
44093716
44089109
44089621
44090133
44090645
44091157
44091669
44092181
44092693
44093205
44093717
44089110
44089622
44090134
44090646
44091158
44091670
44092182
44092694
44093206
44093718
16610992
16611504
16612016
16612528
16613040
16613552
16614064
16614576
16615088
16615600
16610993
16611505
16612017
16612529
16613041
16613553
16614065
16614577
16615089
16615601
16610994
16611506
16612018
16612530
16613042
16613554
16614066
16614578
16615090
16615602
16610995
16611507
16612019
16612531
16613043
16613555
16614067
16614579
16615091
16615603
16610996
16611508
16612020
16612532
16613044
16613556
16614068
16614580
16615092
16615604
16610997
16611509
16612021
16612533
16613045
16613557
16614069
16614581
16615093
16615605
16610998
16611510
16612022
16612534
16613046
16613558
16614070
16614582
16615094
16615606
16610999
16611511
16612023
16612535
16613047
16613559
16614071
16614583
16615095
16615607
16611000
16611512
16612024
16612536
16613048
16613560
16614072
16614584
16615096
16615608
16611001
16611513
16612025
16612537
16613049
16613561
16614073
16614585
16615097
16615609
49935104
49935616
49936128
49936640
49937152
49937664
49938176
49938688
49939200
49939712
49935105
49935617
49936129
49936641
49937153
49937665
49938177
49938689
49939201
49939713
49935106
49935618
49936130
49936642
49937154
49937666
49938178
49938690
49939202
49939714
49935107
49935619
49936131
49936643
49937155
49937667
49938179
49938691
49939203
49939715
49935108
49935620
49936132
49936644
49937156
49937668
49938180
49938692
49939204
49939716
49935109
49935621
49936133
49936645
49937157
49937669
49938181
49938693
49939205
49939717
49935110
49935622
49936134
49936646
49937158
49937670
49938182
49938694
49939206
49939718
49935111
49935623
49936135
49936647
49937159
49937671
49938183
49938695
49939207
49939719
49935112
49935624
49936136
49936648
49937160
49937672
49938184
49938696
49939208
49939720
49935113
49935625
49936137
49936649
49937161
49937673
49938185
49938697
49939209
49939721
52332732
52333244
52333756
52334268
52334780
52335292
52335804
52336316
52336828
52337340
52332733
52333245
52333757
52334269
52334781
52335293
52335805
52336317
52336829
52337341
52332734
52333246
52333758
52334270
52334782
52335294
52335806
52336318
52336830
52337342
52332735
52333247
52333759
52334271
52334783
52335295
52335807
52336319
52336831
52337343
52332736
52333248
52333760
52334272
52334784
52335296
52335808
52336320
52336832
52337344
52332737
52333249
52333761
52334273
52334785
52335297
52335809
52336321
52336833
52337345
52332738
52333250
52333762
52334274
52334786
52335298
52335810
52336322
52336834
52337346
52332739
52333251
52333763
52334275
52334787
52335299
52335811
52336323
52336835
52337347
52332740
52333252
52333764
52334276
52334788
52335300
52335812
52336324
52336836
52337348
52332741
52333253
52333765
52334277
52334789
52335301
52335813
52336325
52336837
52337349
55919810
55920322
55920834
55921346
55921858
55922370
55922882
55923394
55923906
55924418
55919811
55920323
55920835
55921347
55921859
55922371
55922883
55923395
55923907
55924419
55919812
55920324
55920836
55921348
55921860
55922372
55922884
55923396
55923908
55924420
55919813
55920325
55920837
55921349
55921861
55922373
55922885
55923397
55923909
55924421
55919814
55920326
55920838
55921350
55921862
55922374
55922886
55923398
55923910
55924422
55919815
55920327
55920839
55921351
55921863
55922375
55922887
55923399
55923911
55924423
55919816
55920328
55920840
55921352
55921864
55922376
55922888
55923400
55923912
55924424
55919817
55920329
55920841
55921353
55921865
55922377
55922889
55923401
55923913
55924425
55919818
55920330
55920842
55921354
55921866
55922378
55922890
55923402
55923914
55924426
55919819
55920331
55920843
55921355
55921867
55922379
55922891
55923403
55923915
55924427
37622962
37623474
37623986
37624498
37625010
37625522
37626034
37626546
37627058
37627570
37622963
37623475
37623987
37624499
37625011
37625523
37626035
37626547
37627059
37627571
37622964
37623476
37623988
37624500
37625012
37625524
37626036
37626548
37627060
37627572
37622965
37623477
37623989
37624501
37625013
37625525
37626037
37626549
37627061
37627573
37622966
37623478
37623990
37624502
37625014
37625526
37626038
37626550
37627062
37627574
37622967
37623479
37623991
37624503
37625015
37625527
37626039
37626551
37627063
37627575
37622968
37623480
37623992
37624504
37625016
37625528
37626040
37626552
37627064
37627576
37622969
37623481
37623993
37624505
37625017
37625529
37626041
37626553
37627065
37627577
37622970
37623482
37623994
37624506
37625018
37625530
37626042
37626554
37627066
37627578
37622971
37623483
37623995
37624507
37625019
37625531
37626043
37626555
37627067
37627579
57749720
57750232
57750744
57751256
57751768
57752280
57752792
57753304
57753816
57754328
57749721
57750233
57750745
57751257
57751769
57752281
57752793
57753305
57753817
57754329
57749722
57750234
57750746
57751258
57751770
57752282
57752794
57753306
57753818
57754330
57749723
57750235
57750747
57751259
57751771
57752283
57752795
57753307
57753819
57754331
57749724
57750236
57750748
57751260
57751772
57752284
57752796
57753308
57753820
57754332
57749725
57750237
57750749
57751261
57751773
57752285
57752797
57753309
57753821
57754333
57749726
57750238
57750750
57751262
57751774
57752286
57752798
57753310
57753822
57754334
57749727
57750239
57750751
57751263
57751775
57752287
57752799
57753311
57753823
57754335
57749728
57750240
57750752
57751264
57751776
57752288
57752800
57753312
57753824
57754336
57749729
57750241
57750753
57751265
57751777
57752289
57752801
57753313
57753825
57754337
33395866
33396378
33396890
33397402
33397914
33398426
33398938
33399450
33399962
33400474
33395867
33396379
33396891
33397403
33397915
33398427
33398939
33399451
33399963
33400475
33395868
33396380
33396892
33397404
33397916
33398428
33398940
33399452
33399964
33400476
33395869
33396381
33396893
33397405
33397917
33398429
33398941
33399453
33399965
33400477
33395870
33396382
33396894
33397406
33397918
33398430
33398942
33399454
33399966
33400478
33395871
33396383
33396895
33397407
33397919
33398431
33398943
33399455
33399967
33400479
33395872
33396384
33396896
33397408
33397920
33398432
33398944
33399456
33399968
33400480
33395873
33396385
33396897
33397409
33397921
33398433
33398945
33399457
33399969
33400481
33395874
33396386
33396898
33397410
33397922
33398434
33398946
33399458
33399970
33400482
33395875
33396387
33396899
33397411
33397923
33398435
33398947
33399459
33399971
33400483
55156941
55157453
55157965
55158477
55158989
55159501
55160013
55160525
55161037
55161549
55156942
55157454
55157966
55158478
55158990
55159502
55160014
55160526
55161038
55161550
55156943
55157455
55157967
55158479
55158991
55159503
55160015
55160527
55161039
55161551
55156944
55157456
55157968
55158480
55158992
55159504
55160016
55160528
55161040
55161552
55156945
55157457
55157969
55158481
55158993
55159505
55160017
55160529
55161041
55161553
55156946
55157458
55157970
55158482
55158994
55159506
55160018
55160530
55161042
55161554
55156947
55157459
55157971
55158483
55158995
55159507
55160019
55160531
55161043
55161555
55156948
55157460
55157972
55158484
55158996
55159508
55160020
55160532
55161044
55161556
55156949
55157461
55157973
55158485
55158997
55159509
55160021
55160533
55161045
55161557
55156950
55157462
55157974
55158486
55158998
55159510
55160022
55160534
55161046
55161558
36772596
36773108
36773620
36774132
36774644
36775156
36775668
36776180
36776692
36777204
36772597
36773109
36773621
36774133
36774645
36775157
36775669
36776181
36776693
36777205
36772598
36773110
36773622
36774134
36774646
36775158
36775670
36776182
36776694
36777206
36772599
36773111
36773623
36774135
36774647
36775159
36775671
36776183
36776695
36777207
36772600
36773112
36773624
36774136
36774648
36775160
36775672
36776184
36776696
36777208
36772601
36773113
36773625
36774137
36774649
36775161
36775673
36776185
36776697
36777209
36772602
36773114
36773626
36774138
36774650
36775162
36775674
36776186
36776698
36777210
36772603
36773115
36773627
36774139
36774651
36775163
36775675
36776187
36776699
36777211
36772604
36773116
36773628
36774140
36774652
36775164
36775676
36776188
36776700
36777212
36772605
36773117
36773629
36774141
36774653
36775165
36775677
36776189
36776701
36777213
52056773
52057285
52057797
52058309
52058821
52059333
52059845
52060357
52060869
52061381
52056774
52057286
52057798
52058310
52058822
52059334
52059846
52060358
52060870
52061382
52056775
52057287
52057799
52058311
52058823
52059335
52059847
52060359
52060871
52061383
52056776
52057288
52057800
52058312
52058824
52059336
52059848
52060360
52060872
52061384
52056777
52057289
52057801
52058313
52058825
52059337
52059849
52060361
52060873
52061385
52056778
52057290
52057802
52058314
52058826
52059338
52059850
52060362
52060874
52061386
52056779
52057291
52057803
52058315
52058827
52059339
52059851
52060363
52060875
52061387
52056780
52057292
52057804
52058316
52058828
52059340
52059852
52060364
52060876
52061388
52056781
52057293
52057805
52058317
52058829
52059341
52059853
52060365
52060877
52061389
52056782
52057294
52057806
52058318
52058830
52059342
52059854
52060366
52060878
52061390
50694342
50694854
50695366
50695878
50696390
50696902
50697414
50697926
50698438
50698950
50694343
50694855
50695367
50695879
50696391
50696903
50697415
50697927
50698439
50698951
50694344
50694856
50695368
50695880
50696392
50696904
50697416
50697928
50698440
50698952
50694345
50694857
50695369
50695881
50696393
50696905
50697417
50697929
50698441
50698953
50694346
50694858
50695370
50695882
50696394
50696906
50697418
50697930
50698442
50698954
50694347
50694859
50695371
50695883
50696395
50696907
50697419
50697931
50698443
50698955
50694348
50694860
50695372
50695884
50696396
50696908
50697420
50697932
50698444
50698956
50694349
50694861
50695373
50695885
50696397
50696909
50697421
50697933
50698445
50698957
50694350
50694862
50695374
50695886
50696398
50696910
50697422
50697934
50698446
50698958
50694351
50694863
50695375
50695887
50696399
50696911
50697423
50697935
50698447
50698959
63006453
63006965
63007477
63007989
63008501
63009013
63009525
63010037
63010549
63011061
63006454
63006966
63007478
63007990
63008502
63009014
63009526
63010038
63010550
63011062
63006455
63006967
63007479
63007991
63008503
63009015
63009527
63010039
63010551
63011063
63006456
63006968
63007480
63007992
63008504
63009016
63009528
63010040
63010552
63011064
63006457
63006969
63007481
63007993
63008505
63009017
63009529
63010041
63010553
63011065
63006458
63006970
63007482
63007994
63008506
63009018
63009530
63010042
63010554
63011066
63006459
63006971
63007483
63007995
63008507
63009019
63009531
63010043
63010555
63011067
63006460
63006972
63007484
63007996
63008508
63009020
63009532
63010044
63010556
63011068
63006461
63006973
63007485
63007997
63008509
63009021
63009533
63010045
63010557
63011069
63006462
63006974
63007486
63007998
63008510
63009022
63009534
63010046
63010558
63011070
