51675314
51675826
51676338
51676850
51677362
51677874
51678386
51678898
51679410
51679922
51675315
51675827
51676339
51676851
51677363
51677875
51678387
51678899
51679411
51679923
51675316
51675828
51676340
51676852
51677364
51677876
51678388
51678900
51679412
51679924
51675317
51675829
51676341
51676853
51677365
51677877
51678389
51678901
51679413
51679925
51675318
51675830
51676342
51676854
51677366
51677878
51678390
51678902
51679414
51679926
51675319
51675831
51676343
51676855
51677367
51677879
51678391
51678903
51679415
51679927
51675320
51675832
51676344
51676856
51677368
51677880
51678392
51678904
51679416
51679928
51675321
51675833
51676345
51676857
51677369
51677881
51678393
51678905
51679417
51679929
51675322
51675834
51676346
51676858
51677370
51677882
51678394
51678906
51679418
51679930
51675323
51675835
51676347
51676859
51677371
51677883
51678395
51678907
51679419
51679931
35730218
35730730
35731242
35731754
35732266
35732778
35733290
35733802
35734314
35734826
35730219
35730731
35731243
35731755
35732267
35732779
35733291
35733803
35734315
35734827
35730220
35730732
35731244
35731756
35732268
35732780
35733292
35733804
35734316
35734828
35730221
35730733
35731245
35731757
35732269
35732781
35733293
35733805
35734317
35734829
35730222
35730734
35731246
35731758
35732270
35732782
35733294
35733806
35734318
35734830
35730223
35730735
35731247
35731759
35732271
35732783
35733295
35733807
35734319
35734831
35730224
35730736
35731248
35731760
35732272
35732784
35733296
35733808
35734320
35734832
35730225
35730737
35731249
35731761
35732273
35732785
35733297
35733809
35734321
35734833
35730226
35730738
35731250
35731762
35732274
35732786
35733298
35733810
35734322
35734834
35730227
35730739
35731251
35731763
35732275
35732787
35733299
35733811
35734323
35734835
11813943
11814455
11814967
11815479
11815991
11816503
11817015
11817527
11818039
11818551
11813944
11814456
11814968
11815480
11815992
11816504
11817016
11817528
11818040
11818552
11813945
11814457
11814969
11815481
11815993
11816505
11817017
11817529
11818041
11818553
11813946
11814458
11814970
11815482
11815994
11816506
11817018
11817530
11818042
11818554
11813947
11814459
11814971
11815483
11815995
11816507
11817019
11817531
11818043
11818555
11813948
11814460
11814972
11815484
11815996
11816508
11817020
11817532
11818044
11818556
11813949
11814461
11814973
11815485
11815997
11816509
11817021
11817533
11818045
11818557
11813950
11814462
11814974
11815486
11815998
11816510
11817022
11817534
11818046
11818558
11813951
11814463
11814975
11815487
11815999
11816511
11817023
11817535
11818047
11818559
11813952
11814464
11814976
11815488
11816000
11816512
11817024
11817536
11818048
11818560
7362476
7362988
7363500
7364012
7364524
7365036
7365548
7366060
7366572
7367084
7362477
7362989
7363501
7364013
7364525
7365037
7365549
7366061
7366573
7367085
7362478
7362990
7363502
7364014
7364526
7365038
7365550
7366062
7366574
7367086
7362479
7362991
7363503
7364015
7364527
7365039
7365551
7366063
7366575
7367087
7362480
7362992
7363504
7364016
7364528
7365040
7365552
7366064
7366576
7367088
7362481
7362993
7363505
7364017
7364529
7365041
7365553
7366065
7366577
7367089
7362482
7362994
7363506
7364018
7364530
7365042
7365554
7366066
7366578
7367090
7362483
7362995
7363507
7364019
7364531
7365043
7365555
7366067
7366579
7367091
7362484
7362996
7363508
7364020
7364532
7365044
7365556
7366068
7366580
7367092
7362485
7362997
7363509
7364021
7364533
7365045
7365557
7366069
7366581
7367093
52346714
52347226
52347738
52348250
52348762
52349274
52349786
52350298
52350810
52351322
52346715
52347227
52347739
52348251
52348763
52349275
52349787
52350299
52350811
52351323
52346716
52347228
52347740
52348252
52348764
52349276
52349788
52350300
52350812
52351324
52346717
52347229
52347741
52348253
52348765
52349277
52349789
52350301
52350813
52351325
52346718
52347230
52347742
52348254
52348766
52349278
52349790
52350302
52350814
52351326
52346719
52347231
52347743
52348255
52348767
52349279
52349791
52350303
52350815
52351327
52346720
52347232
52347744
52348256
52348768
52349280
52349792
52350304
52350816
52351328
52346721
52347233
52347745
52348257
52348769
52349281
52349793
52350305
52350817
52351329
52346722
52347234
52347746
52348258
52348770
52349282
52349794
52350306
52350818
52351330
52346723
52347235
52347747
52348259
52348771
52349283
52349795
52350307
52350819
52351331
24263406
24263918
24264430
24264942
24265454
24265966
24266478
24266990
24267502
24268014
24263407
24263919
24264431
24264943
24265455
24265967
24266479
24266991
24267503
24268015
24263408
24263920
24264432
24264944
24265456
24265968
24266480
24266992
24267504
24268016
24263409
24263921
24264433
24264945
24265457
24265969
24266481
24266993
24267505
24268017
24263410
24263922
24264434
24264946
24265458
24265970
24266482
24266994
24267506
24268018
24263411
24263923
24264435
24264947
24265459
24265971
24266483
24266995
24267507
24268019
24263412
24263924
24264436
24264948
24265460
24265972
24266484
24266996
24267508
24268020
24263413
24263925
24264437
24264949
24265461
24265973
24266485
24266997
24267509
24268021
24263414
24263926
24264438
24264950
24265462
24265974
24266486
24266998
24267510
24268022
24263415
24263927
24264439
24264951
24265463
24265975
24266487
24266999
24267511
24268023
56417327
56417839
56418351
56418863
56419375
56419887
56420399
56420911
56421423
56421935
56417328
56417840
56418352
56418864
56419376
56419888
56420400
56420912
56421424
56421936
56417329
56417841
56418353
56418865
56419377
56419889
56420401
56420913
56421425
56421937
56417330
56417842
56418354
56418866
56419378
56419890
56420402
56420914
56421426
56421938
56417331
56417843
56418355
56418867
56419379
56419891
56420403
56420915
56421427
56421939
56417332
56417844
56418356
56418868
56419380
56419892
56420404
56420916
56421428
56421940
56417333
56417845
56418357
56418869
56419381
56419893
56420405
56420917
56421429
56421941
56417334
56417846
56418358
56418870
56419382
56419894
56420406
56420918
56421430
56421942
56417335
56417847
56418359
56418871
56419383
56419895
56420407
56420919
56421431
56421943
56417336
56417848
56418360
56418872
56419384
56419896
56420408
56420920
56421432
56421944
56190611
56191123
56191635
56192147
56192659
56193171
56193683
56194195
56194707
56195219
56190612
56191124
56191636
56192148
56192660
56193172
56193684
56194196
56194708
56195220
56190613
56191125
56191637
56192149
56192661
56193173
56193685
56194197
56194709
56195221
56190614
56191126
56191638
56192150
56192662
56193174
56193686
56194198
56194710
56195222
56190615
56191127
56191639
56192151
56192663
56193175
56193687
56194199
56194711
56195223
56190616
56191128
56191640
56192152
56192664
56193176
56193688
56194200
56194712
56195224
56190617
56191129
56191641
56192153
56192665
56193177
56193689
56194201
56194713
56195225
56190618
56191130
56191642
56192154
56192666
56193178
56193690
56194202
56194714
56195226
56190619
56191131
56191643
56192155
56192667
56193179
56193691
56194203
56194715
56195227
56190620
56191132
56191644
56192156
56192668
56193180
56193692
56194204
56194716
56195228
24416432
24416944
24417456
24417968
24418480
24418992
24419504
24420016
24420528
24421040
24416433
24416945
24417457
24417969
24418481
24418993
24419505
24420017
24420529
24421041
24416434
24416946
24417458
24417970
24418482
24418994
24419506
24420018
24420530
24421042
24416435
24416947
24417459
24417971
24418483
24418995
24419507
24420019
24420531
24421043
24416436
24416948
24417460
24417972
24418484
24418996
24419508
24420020
24420532
24421044
24416437
24416949
24417461
24417973
24418485
24418997
24419509
24420021
24420533
24421045
24416438
24416950
24417462
24417974
24418486
24418998
24419510
24420022
24420534
24421046
24416439
24416951
24417463
24417975
24418487
24418999
24419511
24420023
24420535
24421047
24416440
24416952
24417464
24417976
24418488
24419000
24419512
24420024
24420536
24421048
24416441
24416953
24417465
24417977
24418489
24419001
24419513
24420025
24420537
24421049
1415872
1416384
1416896
1417408
1417920
1418432
1418944
1419456
1419968
1420480
1415873
1416385
1416897
1417409
1417921
1418433
1418945
1419457
1419969
1420481
1415874
1416386
1416898
1417410
1417922
1418434
1418946
1419458
1419970
1420482
1415875
1416387
1416899
1417411
1417923
1418435
1418947
1419459
1419971
1420483
1415876
1416388
1416900
1417412
1417924
1418436
1418948
1419460
1419972
1420484
1415877
1416389
1416901
1417413
1417925
1418437
1418949
1419461
1419973
1420485
1415878
1416390
1416902
1417414
1417926
1418438
1418950
1419462
1419974
1420486
1415879
1416391
1416903
1417415
1417927
1418439
1418951
1419463
1419975
1420487
1415880
1416392
1416904
1417416
1417928
1418440
1418952
1419464
1419976
1420488
1415881
1416393
1416905
1417417
1417929
1418441
1418953
1419465
1419977
1420489
4497762
4498274
4498786
4499298
4499810
4500322
4500834
4501346
4501858
4502370
4497763
4498275
4498787
4499299
4499811
4500323
4500835
4501347
4501859
4502371
4497764
4498276
4498788
4499300
4499812
4500324
4500836
4501348
4501860
4502372
4497765
4498277
4498789
4499301
4499813
4500325
4500837
4501349
4501861
4502373
4497766
4498278
4498790
4499302
4499814
4500326
4500838
4501350
4501862
4502374
4497767
4498279
4498791
4499303
4499815
4500327
4500839
4501351
4501863
4502375
4497768
4498280
4498792
4499304
4499816
4500328
4500840
4501352
4501864
4502376
4497769
4498281
4498793
4499305
4499817
4500329
4500841
4501353
4501865
4502377
4497770
4498282
4498794
4499306
4499818
4500330
4500842
4501354
4501866
4502378
4497771
4498283
4498795
4499307
4499819
4500331
4500843
4501355
4501867
4502379
62898709
62899221
62899733
62900245
62900757
62901269
62901781
62902293
62902805
62903317
62898710
62899222
62899734
62900246
62900758
62901270
62901782
62902294
62902806
62903318
62898711
62899223
62899735
62900247
62900759
62901271
62901783
62902295
62902807
62903319
62898712
62899224
62899736
62900248
62900760
62901272
62901784
62902296
62902808
62903320
62898713
62899225
62899737
62900249
62900761
62901273
62901785
62902297
62902809
62903321
62898714
62899226
62899738
62900250
62900762
62901274
62901786
62902298
62902810
62903322
62898715
62899227
62899739
62900251
62900763
62901275
62901787
62902299
62902811
62903323
62898716
62899228
62899740
62900252
62900764
62901276
62901788
62902300
62902812
62903324
62898717
62899229
62899741
62900253
62900765
62901277
62901789
62902301
62902813
62903325
62898718
62899230
62899742
62900254
62900766
62901278
62901790
62902302
62902814
62903326
57448123
57448635
57449147
57449659
57450171
57450683
57451195
57451707
57452219
57452731
57448124
57448636
57449148
57449660
57450172
57450684
57451196
57451708
57452220
57452732
57448125
57448637
57449149
57449661
57450173
57450685
57451197
57451709
57452221
57452733
57448126
57448638
57449150
57449662
57450174
57450686
57451198
57451710
57452222
57452734
57448127
57448639
57449151
57449663
57450175
57450687
57451199
57451711
57452223
57452735
57448128
57448640
57449152
57449664
57450176
57450688
57451200
57451712
57452224
57452736
57448129
57448641
57449153
57449665
57450177
57450689
57451201
57451713
57452225
57452737
57448130
57448642
57449154
57449666
57450178
57450690
57451202
57451714
57452226
57452738
57448131
57448643
57449155
57449667
57450179
57450691
57451203
57451715
57452227
57452739
57448132
57448644
57449156
57449668
57450180
57450692
57451204
57451716
57452228
57452740
45799287
45799799
45800311
45800823
45801335
45801847
45802359
45802871
45803383
45803895
45799288
45799800
45800312
45800824
45801336
45801848
45802360
45802872
45803384
45803896
45799289
45799801
45800313
45800825
45801337
45801849
45802361
45802873
45803385
45803897
45799290
45799802
45800314
45800826
45801338
45801850
45802362
45802874
45803386
45803898
45799291
45799803
45800315
45800827
45801339
45801851
45802363
45802875
45803387
45803899
45799292
45799804
45800316
45800828
45801340
45801852
45802364
45802876
45803388
45803900
45799293
45799805
45800317
45800829
45801341
45801853
45802365
45802877
45803389
45803901
45799294
45799806
45800318
45800830
45801342
45801854
45802366
45802878
45803390
45803902
45799295
45799807
45800319
45800831
45801343
45801855
45802367
45802879
45803391
45803903
45799296
45799808
45800320
45800832
45801344
45801856
45802368
45802880
45803392
45803904
59599501
59600013
59600525
59601037
59601549
59602061
59602573
59603085
59603597
59604109
59599502
59600014
59600526
59601038
59601550
59602062
59602574
59603086
59603598
59604110
59599503
59600015
59600527
59601039
59601551
59602063
59602575
59603087
59603599
59604111
59599504
59600016
59600528
59601040
59601552
59602064
59602576
59603088
59603600
59604112
59599505
59600017
59600529
59601041
59601553
59602065
59602577
59603089
59603601
59604113
59599506
59600018
59600530
59601042
59601554
59602066
59602578
59603090
59603602
59604114
59599507
59600019
59600531
59601043
59601555
59602067
59602579
59603091
59603603
59604115
59599508
59600020
59600532
59601044
59601556
59602068
59602580
59603092
59603604
59604116
59599509
59600021
59600533
59601045
59601557
59602069
59602581
59603093
59603605
59604117
59599510
59600022
59600534
59601046
59601558
59602070
59602582
59603094
59603606
59604118
38016892
38017404
38017916
38018428
38018940
38019452
38019964
38020476
38020988
38021500
38016893
38017405
38017917
38018429
38018941
38019453
38019965
38020477
38020989
38021501
38016894
38017406
38017918
38018430
38018942
38019454
38019966
38020478
38020990
38021502
38016895
38017407
38017919
38018431
38018943
38019455
38019967
38020479
38020991
38021503
38016896
38017408
38017920
38018432
38018944
38019456
38019968
38020480
38020992
38021504
38016897
38017409
38017921
38018433
38018945
38019457
38019969
38020481
38020993
38021505
38016898
38017410
38017922
38018434
38018946
38019458
38019970
38020482
38020994
38021506
38016899
38017411
38017923
38018435
38018947
38019459
38019971
38020483
38020995
38021507
38016900
38017412
38017924
38018436
38018948
38019460
38019972
38020484
38020996
38021508
38016901
38017413
38017925
38018437
38018949
38019461
38019973
38020485
38020997
38021509
16779532
16780044
16780556
16781068
16781580
16782092
16782604
16783116
16783628
16784140
16779533
16780045
16780557
16781069
16781581
16782093
16782605
16783117
16783629
16784141
16779534
16780046
16780558
16781070
16781582
16782094
16782606
16783118
16783630
16784142
16779535
16780047
16780559
16781071
16781583
16782095
16782607
16783119
16783631
16784143
16779536
16780048
16780560
16781072
16781584
16782096
16782608
16783120
16783632
16784144
16779537
16780049
16780561
16781073
16781585
16782097
16782609
16783121
16783633
16784145
16779538
16780050
16780562
16781074
16781586
16782098
16782610
16783122
16783634
16784146
16779539
16780051
16780563
16781075
16781587
16782099
16782611
16783123
16783635
16784147
16779540
16780052
16780564
16781076
16781588
16782100
16782612
16783124
16783636
16784148
16779541
16780053
16780565
16781077
16781589
16782101
16782613
16783125
16783637
16784149
14055620
14056132
14056644
14057156
14057668
14058180
14058692
14059204
14059716
14060228
14055621
14056133
14056645
14057157
14057669
14058181
14058693
14059205
14059717
14060229
14055622
14056134
14056646
14057158
14057670
14058182
14058694
14059206
14059718
14060230
14055623
14056135
14056647
14057159
14057671
14058183
14058695
14059207
14059719
14060231
14055624
14056136
14056648
14057160
14057672
14058184
14058696
14059208
14059720
14060232
14055625
14056137
14056649
14057161
14057673
14058185
14058697
14059209
14059721
14060233
14055626
14056138
14056650
14057162
14057674
14058186
14058698
14059210
14059722
14060234
14055627
14056139
14056651
14057163
14057675
14058187
14058699
14059211
14059723
14060235
14055628
14056140
14056652
14057164
14057676
14058188
14058700
14059212
14059724
14060236
14055629
14056141
14056653
14057165
14057677
14058189
14058701
14059213
14059725
14060237
2660711
2661223
2661735
2662247
2662759
2663271
2663783
2664295
2664807
2665319
2660712
2661224
2661736
2662248
2662760
2663272
2663784
2664296
2664808
2665320
2660713
2661225
2661737
2662249
2662761
2663273
2663785
2664297
2664809
2665321
2660714
2661226
2661738
2662250
2662762
2663274
2663786
2664298
2664810
2665322
2660715
2661227
2661739
2662251
2662763
2663275
2663787
2664299
2664811
2665323
2660716
2661228
2661740
2662252
2662764
2663276
2663788
2664300
2664812
2665324
2660717
2661229
2661741
2662253
2662765
2663277
2663789
2664301
2664813
2665325
2660718
2661230
2661742
2662254
2662766
2663278
2663790
2664302
2664814
2665326
2660719
2661231
2661743
2662255
2662767
2663279
2663791
2664303
2664815
2665327
2660720
2661232
2661744
2662256
2662768
2663280
2663792
2664304
2664816
2665328
50521583
50522095
50522607
50523119
50523631
50524143
50524655
50525167
50525679
50526191
50521584
50522096
50522608
50523120
50523632
50524144
50524656
50525168
50525680
50526192
50521585
50522097
50522609
50523121
50523633
50524145
50524657
50525169
50525681
50526193
50521586
50522098
50522610
50523122
50523634
50524146
50524658
50525170
50525682
50526194
50521587
50522099
50522611
50523123
50523635
50524147
50524659
50525171
50525683
50526195
50521588
50522100
50522612
50523124
50523636
50524148
50524660
50525172
50525684
50526196
50521589
50522101
50522613
50523125
50523637
50524149
50524661
50525173
50525685
50526197
50521590
50522102
50522614
50523126
50523638
50524150
50524662
50525174
50525686
50526198
50521591
50522103
50522615
50523127
50523639
50524151
50524663
50525175
50525687
50526199
50521592
50522104
50522616
50523128
50523640
50524152
50524664
50525176
50525688
50526200
44059461
44059973
44060485
44060997
44061509
44062021
44062533
44063045
44063557
44064069
44059462
44059974
44060486
44060998
44061510
44062022
44062534
44063046
44063558
44064070
44059463
44059975
44060487
44060999
44061511
44062023
44062535
44063047
44063559
44064071
44059464
44059976
44060488
44061000
44061512
44062024
44062536
44063048
44063560
44064072
44059465
44059977
44060489
44061001
44061513
44062025
44062537
44063049
44063561
44064073
44059466
44059978
44060490
44061002
44061514
44062026
44062538
44063050
44063562
44064074
44059467
44059979
44060491
44061003
44061515
44062027
44062539
44063051
44063563
44064075
44059468
44059980
44060492
44061004
44061516
44062028
44062540
44063052
44063564
44064076
44059469
44059981
44060493
44061005
44061517
44062029
44062541
44063053
44063565
44064077
44059470
44059982
44060494
44061006
44061518
44062030
44062542
44063054
44063566
44064078
20273394
20273906
20274418
20274930
20275442
20275954
20276466
20276978
20277490
20278002
20273395
20273907
20274419
20274931
20275443
20275955
20276467
20276979
20277491
20278003
20273396
20273908
20274420
20274932
20275444
20275956
20276468
20276980
20277492
20278004
20273397
20273909
20274421
20274933
20275445
20275957
20276469
20276981
20277493
20278005
20273398
20273910
20274422
20274934
20275446
20275958
20276470
20276982
20277494
20278006
20273399
20273911
20274423
20274935
20275447
20275959
20276471
20276983
20277495
20278007
20273400
20273912
20274424
20274936
20275448
20275960
20276472
20276984
20277496
20278008
20273401
20273913
20274425
20274937
20275449
20275961
20276473
20276985
20277497
20278009
20273402
20273914
20274426
20274938
20275450
20275962
20276474
20276986
20277498
20278010
20273403
20273915
20274427
20274939
20275451
20275963
20276475
20276987
20277499
20278011
21737378
21737890
21738402
21738914
21739426
21739938
21740450
21740962
21741474
21741986
21737379
21737891
21738403
21738915
21739427
21739939
21740451
21740963
21741475
21741987
21737380
21737892
21738404
21738916
21739428
21739940
21740452
21740964
21741476
21741988
21737381
21737893
21738405
21738917
21739429
21739941
21740453
21740965
21741477
21741989
21737382
21737894
21738406
21738918
21739430
21739942
21740454
21740966
21741478
21741990
21737383
21737895
21738407
21738919
21739431
21739943
21740455
21740967
21741479
21741991
21737384
21737896
21738408
21738920
21739432
21739944
21740456
21740968
21741480
21741992
21737385
21737897
21738409
21738921
21739433
21739945
21740457
21740969
21741481
21741993
21737386
21737898
21738410
21738922
21739434
21739946
21740458
21740970
21741482
21741994
21737387
21737899
21738411
21738923
21739435
21739947
21740459
21740971
21741483
21741995
19572211
19572723
19573235
19573747
19574259
19574771
19575283
19575795
19576307
19576819
19572212
19572724
19573236
19573748
19574260
19574772
19575284
19575796
19576308
19576820
19572213
19572725
19573237
19573749
19574261
19574773
19575285
19575797
19576309
19576821
19572214
19572726
19573238
19573750
19574262
19574774
19575286
19575798
19576310
19576822
19572215
19572727
19573239
19573751
19574263
19574775
19575287
19575799
19576311
19576823
19572216
19572728
19573240
19573752
19574264
19574776
19575288
19575800
19576312
19576824
19572217
19572729
19573241
19573753
19574265
19574777
19575289
19575801
19576313
19576825
19572218
19572730
19573242
19573754
19574266
19574778
19575290
19575802
19576314
19576826
19572219
19572731
19573243
19573755
19574267
19574779
19575291
19575803
19576315
19576827
19572220
19572732
19573244
19573756
19574268
19574780
19575292
19575804
19576316
19576828
16605132
16605644
16606156
16606668
16607180
16607692
16608204
16608716
16609228
16609740
16605133
16605645
16606157
16606669
16607181
16607693
16608205
16608717
16609229
16609741
16605134
16605646
16606158
16606670
16607182
16607694
16608206
16608718
16609230
16609742
16605135
16605647
16606159
16606671
16607183
16607695
16608207
16608719
16609231
16609743
16605136
16605648
16606160
16606672
16607184
16607696
16608208
16608720
16609232
16609744
16605137
16605649
16606161
16606673
16607185
16607697
16608209
16608721
16609233
16609745
16605138
16605650
16606162
16606674
16607186
16607698
16608210
16608722
16609234
16609746
16605139
16605651
16606163
16606675
16607187
16607699
16608211
16608723
16609235
16609747
16605140
16605652
16606164
16606676
16607188
16607700
16608212
16608724
16609236
16609748
16605141
16605653
16606165
16606677
16607189
16607701
16608213
16608725
16609237
16609749
25598759
25599271
25599783
25600295
25600807
25601319
25601831
25602343
25602855
25603367
25598760
25599272
25599784
25600296
25600808
25601320
25601832
25602344
25602856
25603368
25598761
25599273
25599785
25600297
25600809
25601321
25601833
25602345
25602857
25603369
25598762
25599274
25599786
25600298
25600810
25601322
25601834
25602346
25602858
25603370
25598763
25599275
25599787
25600299
25600811
25601323
25601835
25602347
25602859
25603371
25598764
25599276
25599788
25600300
25600812
25601324
25601836
25602348
25602860
25603372
25598765
25599277
25599789
25600301
25600813
25601325
25601837
25602349
25602861
25603373
25598766
25599278
25599790
25600302
25600814
25601326
25601838
25602350
25602862
25603374
25598767
25599279
25599791
25600303
25600815
25601327
25601839
25602351
25602863
25603375
25598768
25599280
25599792
25600304
25600816
25601328
25601840
25602352
25602864
25603376
31677147
31677659
31678171
31678683
31679195
31679707
31680219
31680731
31681243
31681755
31677148
31677660
31678172
31678684
31679196
31679708
31680220
31680732
31681244
31681756
31677149
31677661
31678173
31678685
31679197
31679709
31680221
31680733
31681245
31681757
31677150
31677662
31678174
31678686
31679198
31679710
31680222
31680734
31681246
31681758
31677151
31677663
31678175
31678687
31679199
31679711
31680223
31680735
31681247
31681759
31677152
31677664
31678176
31678688
31679200
31679712
31680224
31680736
31681248
31681760
31677153
31677665
31678177
31678689
31679201
31679713
31680225
31680737
31681249
31681761
31677154
31677666
31678178
31678690
31679202
31679714
31680226
31680738
31681250
31681762
31677155
31677667
31678179
31678691
31679203
31679715
31680227
31680739
31681251
31681763
31677156
31677668
31678180
31678692
31679204
31679716
31680228
31680740
31681252
31681764
64130107
64130619
64131131
64131643
64132155
64132667
64133179
64133691
64134203
64134715
64130108
64130620
64131132
64131644
64132156
64132668
64133180
64133692
64134204
64134716
64130109
64130621
64131133
64131645
64132157
64132669
64133181
64133693
64134205
64134717
64130110
64130622
64131134
64131646
64132158
64132670
64133182
64133694
64134206
64134718
64130111
64130623
64131135
64131647
64132159
64132671
64133183
64133695
64134207
64134719
64130112
64130624
64131136
64131648
64132160
64132672
64133184
64133696
64134208
64134720
64130113
64130625
64131137
64131649
64132161
64132673
64133185
64133697
64134209
64134721
64130114
64130626
64131138
64131650
64132162
64132674
64133186
64133698
64134210
64134722
64130115
64130627
64131139
64131651
64132163
64132675
64133187
64133699
64134211
64134723
64130116
64130628
64131140
64131652
64132164
64132676
64133188
64133700
64134212
64134724
50646423
50646935
50647447
50647959
50648471
50648983
50649495
50650007
50650519
50651031
50646424
50646936
50647448
50647960
50648472
50648984
50649496
50650008
50650520
50651032
50646425
50646937
50647449
50647961
50648473
50648985
50649497
50650009
50650521
50651033
50646426
50646938
50647450
50647962
50648474
50648986
50649498
50650010
50650522
50651034
50646427
50646939
50647451
50647963
50648475
50648987
50649499
50650011
50650523
50651035
50646428
50646940
50647452
50647964
50648476
50648988
50649500
50650012
50650524
50651036
50646429
50646941
50647453
50647965
50648477
50648989
50649501
50650013
50650525
50651037
50646430
50646942
50647454
50647966
50648478
50648990
50649502
50650014
50650526
50651038
50646431
50646943
50647455
50647967
50648479
50648991
50649503
50650015
50650527
50651039
50646432
50646944
50647456
50647968
50648480
50648992
50649504
50650016
50650528
50651040
4212592
4213104
4213616
4214128
4214640
4215152
4215664
4216176
4216688
4217200
4212593
4213105
4213617
4214129
4214641
4215153
4215665
4216177
4216689
4217201
4212594
4213106
4213618
4214130
4214642
4215154
4215666
4216178
4216690
4217202
4212595
4213107
4213619
4214131
4214643
4215155
4215667
4216179
4216691
4217203
4212596
4213108
4213620
4214132
4214644
4215156
4215668
4216180
4216692
4217204
4212597
4213109
4213621
4214133
4214645
4215157
4215669
4216181
4216693
4217205
4212598
4213110
4213622
4214134
4214646
4215158
4215670
4216182
4216694
4217206
4212599
4213111
4213623
4214135
4214647
4215159
4215671
4216183
4216695
4217207
4212600
4213112
4213624
4214136
4214648
4215160
4215672
4216184
4216696
4217208
4212601
4213113
4213625
4214137
4214649
4215161
4215673
4216185
4216697
4217209
