51239096
51239608
51240120
51240632
51241144
51241656
51242168
51242680
51243192
51243704
51239097
51239609
51240121
51240633
51241145
51241657
51242169
51242681
51243193
51243705
51239098
51239610
51240122
51240634
51241146
51241658
51242170
51242682
51243194
51243706
51239099
51239611
51240123
51240635
51241147
51241659
51242171
51242683
51243195
51243707
51239100
51239612
51240124
51240636
51241148
51241660
51242172
51242684
51243196
51243708
51239101
51239613
51240125
51240637
51241149
51241661
51242173
51242685
51243197
51243709
51239102
51239614
51240126
51240638
51241150
51241662
51242174
51242686
51243198
51243710
51239103
51239615
51240127
51240639
51241151
51241663
51242175
51242687
51243199
51243711
51239104
51239616
51240128
51240640
51241152
51241664
51242176
51242688
51243200
51243712
51239105
51239617
51240129
51240641
51241153
51241665
51242177
51242689
51243201
51243713
57544412
57544924
57545436
57545948
57546460
57546972
57547484
57547996
57548508
57549020
57544413
57544925
57545437
57545949
57546461
57546973
57547485
57547997
57548509
57549021
57544414
57544926
57545438
57545950
57546462
57546974
57547486
57547998
57548510
57549022
57544415
57544927
57545439
57545951
57546463
57546975
57547487
57547999
57548511
57549023
57544416
57544928
57545440
57545952
57546464
57546976
57547488
57548000
57548512
57549024
57544417
57544929
57545441
57545953
57546465
57546977
57547489
57548001
57548513
57549025
57544418
57544930
57545442
57545954
57546466
57546978
57547490
57548002
57548514
57549026
57544419
57544931
57545443
57545955
57546467
57546979
57547491
57548003
57548515
57549027
57544420
57544932
57545444
57545956
57546468
57546980
57547492
57548004
57548516
57549028
57544421
57544933
57545445
57545957
57546469
57546981
57547493
57548005
57548517
57549029
48632546
48633058
48633570
48634082
48634594
48635106
48635618
48636130
48636642
48637154
48632547
48633059
48633571
48634083
48634595
48635107
48635619
48636131
48636643
48637155
48632548
48633060
48633572
48634084
48634596
48635108
48635620
48636132
48636644
48637156
48632549
48633061
48633573
48634085
48634597
48635109
48635621
48636133
48636645
48637157
48632550
48633062
48633574
48634086
48634598
48635110
48635622
48636134
48636646
48637158
48632551
48633063
48633575
48634087
48634599
48635111
48635623
48636135
48636647
48637159
48632552
48633064
48633576
48634088
48634600
48635112
48635624
48636136
48636648
48637160
48632553
48633065
48633577
48634089
48634601
48635113
48635625
48636137
48636649
48637161
48632554
48633066
48633578
48634090
48634602
48635114
48635626
48636138
48636650
48637162
48632555
48633067
48633579
48634091
48634603
48635115
48635627
48636139
48636651
48637163
51196664
51197176
51197688
51198200
51198712
51199224
51199736
51200248
51200760
51201272
51196665
51197177
51197689
51198201
51198713
51199225
51199737
51200249
51200761
51201273
51196666
51197178
51197690
51198202
51198714
51199226
51199738
51200250
51200762
51201274
51196667
51197179
51197691
51198203
51198715
51199227
51199739
51200251
51200763
51201275
51196668
51197180
51197692
51198204
51198716
51199228
51199740
51200252
51200764
51201276
51196669
51197181
51197693
51198205
51198717
51199229
51199741
51200253
51200765
51201277
51196670
51197182
51197694
51198206
51198718
51199230
51199742
51200254
51200766
51201278
51196671
51197183
51197695
51198207
51198719
51199231
51199743
51200255
51200767
51201279
51196672
51197184
51197696
51198208
51198720
51199232
51199744
51200256
51200768
51201280
51196673
51197185
51197697
51198209
51198721
51199233
51199745
51200257
51200769
51201281
53343401
53343913
53344425
53344937
53345449
53345961
53346473
53346985
53347497
53348009
53343402
53343914
53344426
53344938
53345450
53345962
53346474
53346986
53347498
53348010
53343403
53343915
53344427
53344939
53345451
53345963
53346475
53346987
53347499
53348011
53343404
53343916
53344428
53344940
53345452
53345964
53346476
53346988
53347500
53348012
53343405
53343917
53344429
53344941
53345453
53345965
53346477
53346989
53347501
53348013
53343406
53343918
53344430
53344942
53345454
53345966
53346478
53346990
53347502
53348014
53343407
53343919
53344431
53344943
53345455
53345967
53346479
53346991
53347503
53348015
53343408
53343920
53344432
53344944
53345456
53345968
53346480
53346992
53347504
53348016
53343409
53343921
53344433
53344945
53345457
53345969
53346481
53346993
53347505
53348017
53343410
53343922
53344434
53344946
53345458
53345970
53346482
53346994
53347506
53348018
52264729
52265241
52265753
52266265
52266777
52267289
52267801
52268313
52268825
52269337
52264730
52265242
52265754
52266266
52266778
52267290
52267802
52268314
52268826
52269338
52264731
52265243
52265755
52266267
52266779
52267291
52267803
52268315
52268827
52269339
52264732
52265244
52265756
52266268
52266780
52267292
52267804
52268316
52268828
52269340
52264733
52265245
52265757
52266269
52266781
52267293
52267805
52268317
52268829
52269341
52264734
52265246
52265758
52266270
52266782
52267294
52267806
52268318
52268830
52269342
52264735
52265247
52265759
52266271
52266783
52267295
52267807
52268319
52268831
52269343
52264736
52265248
52265760
52266272
52266784
52267296
52267808
52268320
52268832
52269344
52264737
52265249
52265761
52266273
52266785
52267297
52267809
52268321
52268833
52269345
52264738
52265250
52265762
52266274
52266786
52267298
52267810
52268322
52268834
52269346
45208284
45208796
45209308
45209820
45210332
45210844
45211356
45211868
45212380
45212892
45208285
45208797
45209309
45209821
45210333
45210845
45211357
45211869
45212381
45212893
45208286
45208798
45209310
45209822
45210334
45210846
45211358
45211870
45212382
45212894
45208287
45208799
45209311
45209823
45210335
45210847
45211359
45211871
45212383
45212895
45208288
45208800
45209312
45209824
45210336
45210848
45211360
45211872
45212384
45212896
45208289
45208801
45209313
45209825
45210337
45210849
45211361
45211873
45212385
45212897
45208290
45208802
45209314
45209826
45210338
45210850
45211362
45211874
45212386
45212898
45208291
45208803
45209315
45209827
45210339
45210851
45211363
45211875
45212387
45212899
45208292
45208804
45209316
45209828
45210340
45210852
45211364
45211876
45212388
45212900
45208293
45208805
45209317
45209829
45210341
45210853
45211365
45211877
45212389
45212901
34696366
34696878
34697390
34697902
34698414
34698926
34699438
34699950
34700462
34700974
34696367
34696879
34697391
34697903
34698415
34698927
34699439
34699951
34700463
34700975
34696368
34696880
34697392
34697904
34698416
34698928
34699440
34699952
34700464
34700976
34696369
34696881
34697393
34697905
34698417
34698929
34699441
34699953
34700465
34700977
34696370
34696882
34697394
34697906
34698418
34698930
34699442
34699954
34700466
34700978
34696371
34696883
34697395
34697907
34698419
34698931
34699443
34699955
34700467
34700979
34696372
34696884
34697396
34697908
34698420
34698932
34699444
34699956
34700468
34700980
34696373
34696885
34697397
34697909
34698421
34698933
34699445
34699957
34700469
34700981
34696374
34696886
34697398
34697910
34698422
34698934
34699446
34699958
34700470
34700982
34696375
34696887
34697399
34697911
34698423
34698935
34699447
34699959
34700471
34700983
41492718
41493230
41493742
41494254
41494766
41495278
41495790
41496302
41496814
41497326
41492719
41493231
41493743
41494255
41494767
41495279
41495791
41496303
41496815
41497327
41492720
41493232
41493744
41494256
41494768
41495280
41495792
41496304
41496816
41497328
41492721
41493233
41493745
41494257
41494769
41495281
41495793
41496305
41496817
41497329
41492722
41493234
41493746
41494258
41494770
41495282
41495794
41496306
41496818
41497330
41492723
41493235
41493747
41494259
41494771
41495283
41495795
41496307
41496819
41497331
41492724
41493236
41493748
41494260
41494772
41495284
41495796
41496308
41496820
41497332
41492725
41493237
41493749
41494261
41494773
41495285
41495797
41496309
41496821
41497333
41492726
41493238
41493750
41494262
41494774
41495286
41495798
41496310
41496822
41497334
41492727
41493239
41493751
41494263
41494775
41495287
41495799
41496311
41496823
41497335
28399288
28399800
28400312
28400824
28401336
28401848
28402360
28402872
28403384
28403896
28399289
28399801
28400313
28400825
28401337
28401849
28402361
28402873
28403385
28403897
28399290
28399802
28400314
28400826
28401338
28401850
28402362
28402874
28403386
28403898
28399291
28399803
28400315
28400827
28401339
28401851
28402363
28402875
28403387
28403899
28399292
28399804
28400316
28400828
28401340
28401852
28402364
28402876
28403388
28403900
28399293
28399805
28400317
28400829
28401341
28401853
28402365
28402877
28403389
28403901
28399294
28399806
28400318
28400830
28401342
28401854
28402366
28402878
28403390
28403902
28399295
28399807
28400319
28400831
28401343
28401855
28402367
28402879
28403391
28403903
28399296
28399808
28400320
28400832
28401344
28401856
28402368
28402880
28403392
28403904
28399297
28399809
28400321
28400833
28401345
28401857
28402369
28402881
28403393
28403905
33880840
33881352
33881864
33882376
33882888
33883400
33883912
33884424
33884936
33885448
33880841
33881353
33881865
33882377
33882889
33883401
33883913
33884425
33884937
33885449
33880842
33881354
33881866
33882378
33882890
33883402
33883914
33884426
33884938
33885450
33880843
33881355
33881867
33882379
33882891
33883403
33883915
33884427
33884939
33885451
33880844
33881356
33881868
33882380
33882892
33883404
33883916
33884428
33884940
33885452
33880845
33881357
33881869
33882381
33882893
33883405
33883917
33884429
33884941
33885453
33880846
33881358
33881870
33882382
33882894
33883406
33883918
33884430
33884942
33885454
33880847
33881359
33881871
33882383
33882895
33883407
33883919
33884431
33884943
33885455
33880848
33881360
33881872
33882384
33882896
33883408
33883920
33884432
33884944
33885456
33880849
33881361
33881873
33882385
33882897
33883409
33883921
33884433
33884945
33885457
36544151
36544663
36545175
36545687
36546199
36546711
36547223
36547735
36548247
36548759
36544152
36544664
36545176
36545688
36546200
36546712
36547224
36547736
36548248
36548760
36544153
36544665
36545177
36545689
36546201
36546713
36547225
36547737
36548249
36548761
36544154
36544666
36545178
36545690
36546202
36546714
36547226
36547738
36548250
36548762
36544155
36544667
36545179
36545691
36546203
36546715
36547227
36547739
36548251
36548763
36544156
36544668
36545180
36545692
36546204
36546716
36547228
36547740
36548252
36548764
36544157
36544669
36545181
36545693
36546205
36546717
36547229
36547741
36548253
36548765
36544158
36544670
36545182
36545694
36546206
36546718
36547230
36547742
36548254
36548766
36544159
36544671
36545183
36545695
36546207
36546719
36547231
36547743
36548255
36548767
36544160
36544672
36545184
36545696
36546208
36546720
36547232
36547744
36548256
36548768
40222907
40223419
40223931
40224443
40224955
40225467
40225979
40226491
40227003
40227515
40222908
40223420
40223932
40224444
40224956
40225468
40225980
40226492
40227004
40227516
40222909
40223421
40223933
40224445
40224957
40225469
40225981
40226493
40227005
40227517
40222910
40223422
40223934
40224446
40224958
40225470
40225982
40226494
40227006
40227518
40222911
40223423
40223935
40224447
40224959
40225471
40225983
40226495
40227007
40227519
40222912
40223424
40223936
40224448
40224960
40225472
40225984
40226496
40227008
40227520
40222913
40223425
40223937
40224449
40224961
40225473
40225985
40226497
40227009
40227521
40222914
40223426
40223938
40224450
40224962
40225474
40225986
40226498
40227010
40227522
40222915
40223427
40223939
40224451
40224963
40225475
40225987
40226499
40227011
40227523
40222916
40223428
40223940
40224452
40224964
40225476
40225988
40226500
40227012
40227524
56198920
56199432
56199944
56200456
56200968
56201480
56201992
56202504
56203016
56203528
56198921
56199433
56199945
56200457
56200969
56201481
56201993
56202505
56203017
56203529
56198922
56199434
56199946
56200458
56200970
56201482
56201994
56202506
56203018
56203530
56198923
56199435
56199947
56200459
56200971
56201483
56201995
56202507
56203019
56203531
56198924
56199436
56199948
56200460
56200972
56201484
56201996
56202508
56203020
56203532
56198925
56199437
56199949
56200461
56200973
56201485
56201997
56202509
56203021
56203533
56198926
56199438
56199950
56200462
56200974
56201486
56201998
56202510
56203022
56203534
56198927
56199439
56199951
56200463
56200975
56201487
56201999
56202511
56203023
56203535
56198928
56199440
56199952
56200464
56200976
56201488
56202000
56202512
56203024
56203536
56198929
56199441
56199953
56200465
56200977
56201489
56202001
56202513
56203025
56203537
37842643
37843155
37843667
37844179
37844691
37845203
37845715
37846227
37846739
37847251
37842644
37843156
37843668
37844180
37844692
37845204
37845716
37846228
37846740
37847252
37842645
37843157
37843669
37844181
37844693
37845205
37845717
37846229
37846741
37847253
37842646
37843158
37843670
37844182
37844694
37845206
37845718
37846230
37846742
37847254
37842647
37843159
37843671
37844183
37844695
37845207
37845719
37846231
37846743
37847255
37842648
37843160
37843672
37844184
37844696
37845208
37845720
37846232
37846744
37847256
37842649
37843161
37843673
37844185
37844697
37845209
37845721
37846233
37846745
37847257
37842650
37843162
37843674
37844186
37844698
37845210
37845722
37846234
37846746
37847258
37842651
37843163
37843675
37844187
37844699
37845211
37845723
37846235
37846747
37847259
37842652
37843164
37843676
37844188
37844700
37845212
37845724
37846236
37846748
37847260
13758651
13759163
13759675
13760187
13760699
13761211
13761723
13762235
13762747
13763259
13758652
13759164
13759676
13760188
13760700
13761212
13761724
13762236
13762748
13763260
13758653
13759165
13759677
13760189
13760701
13761213
13761725
13762237
13762749
13763261
13758654
13759166
13759678
13760190
13760702
13761214
13761726
13762238
13762750
13763262
13758655
13759167
13759679
13760191
13760703
13761215
13761727
13762239
13762751
13763263
13758656
13759168
13759680
13760192
13760704
13761216
13761728
13762240
13762752
13763264
13758657
13759169
13759681
13760193
13760705
13761217
13761729
13762241
13762753
13763265
13758658
13759170
13759682
13760194
13760706
13761218
13761730
13762242
13762754
13763266
13758659
13759171
13759683
13760195
13760707
13761219
13761731
13762243
13762755
13763267
13758660
13759172
13759684
13760196
13760708
13761220
13761732
13762244
13762756
13763268
19992264
19992776
19993288
19993800
19994312
19994824
19995336
19995848
19996360
19996872
19992265
19992777
19993289
19993801
19994313
19994825
19995337
19995849
19996361
19996873
19992266
19992778
19993290
19993802
19994314
19994826
19995338
19995850
19996362
19996874
19992267
19992779
19993291
19993803
19994315
19994827
19995339
19995851
19996363
19996875
19992268
19992780
19993292
19993804
19994316
19994828
19995340
19995852
19996364
19996876
19992269
19992781
19993293
19993805
19994317
19994829
19995341
19995853
19996365
19996877
19992270
19992782
19993294
19993806
19994318
19994830
19995342
19995854
19996366
19996878
19992271
19992783
19993295
19993807
19994319
19994831
19995343
19995855
19996367
19996879
19992272
19992784
19993296
19993808
19994320
19994832
19995344
19995856
19996368
19996880
19992273
19992785
19993297
19993809
19994321
19994833
19995345
19995857
19996369
19996881
10584250
10584762
10585274
10585786
10586298
10586810
10587322
10587834
10588346
10588858
10584251
10584763
10585275
10585787
10586299
10586811
10587323
10587835
10588347
10588859
10584252
10584764
10585276
10585788
10586300
10586812
10587324
10587836
10588348
10588860
10584253
10584765
10585277
10585789
10586301
10586813
10587325
10587837
10588349
10588861
10584254
10584766
10585278
10585790
10586302
10586814
10587326
10587838
10588350
10588862
10584255
10584767
10585279
10585791
10586303
10586815
10587327
10587839
10588351
10588863
10584256
10584768
10585280
10585792
10586304
10586816
10587328
10587840
10588352
10588864
10584257
10584769
10585281
10585793
10586305
10586817
10587329
10587841
10588353
10588865
10584258
10584770
10585282
10585794
10586306
10586818
10587330
10587842
10588354
10588866
10584259
10584771
10585283
10585795
10586307
10586819
10587331
10587843
10588355
10588867
58557642
58558154
58558666
58559178
58559690
58560202
58560714
58561226
58561738
58562250
58557643
58558155
58558667
58559179
58559691
58560203
58560715
58561227
58561739
58562251
58557644
58558156
58558668
58559180
58559692
58560204
58560716
58561228
58561740
58562252
58557645
58558157
58558669
58559181
58559693
58560205
58560717
58561229
58561741
58562253
58557646
58558158
58558670
58559182
58559694
58560206
58560718
58561230
58561742
58562254
58557647
58558159
58558671
58559183
58559695
58560207
58560719
58561231
58561743
58562255
58557648
58558160
58558672
58559184
58559696
58560208
58560720
58561232
58561744
58562256
58557649
58558161
58558673
58559185
58559697
58560209
58560721
58561233
58561745
58562257
58557650
58558162
58558674
58559186
58559698
58560210
58560722
58561234
58561746
58562258
58557651
58558163
58558675
58559187
58559699
58560211
58560723
58561235
58561747
58562259
10859696
10860208
10860720
10861232
10861744
10862256
10862768
10863280
10863792
10864304
10859697
10860209
10860721
10861233
10861745
10862257
10862769
10863281
10863793
10864305
10859698
10860210
10860722
10861234
10861746
10862258
10862770
10863282
10863794
10864306
10859699
10860211
10860723
10861235
10861747
10862259
10862771
10863283
10863795
10864307
10859700
10860212
10860724
10861236
10861748
10862260
10862772
10863284
10863796
10864308
10859701
10860213
10860725
10861237
10861749
10862261
10862773
10863285
10863797
10864309
10859702
10860214
10860726
10861238
10861750
10862262
10862774
10863286
10863798
10864310
10859703
10860215
10860727
10861239
10861751
10862263
10862775
10863287
10863799
10864311
10859704
10860216
10860728
10861240
10861752
10862264
10862776
10863288
10863800
10864312
10859705
10860217
10860729
10861241
10861753
10862265
10862777
10863289
10863801
10864313
44381446
44381958
44382470
44382982
44383494
44384006
44384518
44385030
44385542
44386054
44381447
44381959
44382471
44382983
44383495
44384007
44384519
44385031
44385543
44386055
44381448
44381960
44382472
44382984
44383496
44384008
44384520
44385032
44385544
44386056
44381449
44381961
44382473
44382985
44383497
44384009
44384521
44385033
44385545
44386057
44381450
44381962
44382474
44382986
44383498
44384010
44384522
44385034
44385546
44386058
44381451
44381963
44382475
44382987
44383499
44384011
44384523
44385035
44385547
44386059
44381452
44381964
44382476
44382988
44383500
44384012
44384524
44385036
44385548
44386060
44381453
44381965
44382477
44382989
44383501
44384013
44384525
44385037
44385549
44386061
44381454
44381966
44382478
44382990
44383502
44384014
44384526
44385038
44385550
44386062
44381455
44381967
44382479
44382991
44383503
44384015
44384527
44385039
44385551
44386063
55946492
55947004
55947516
55948028
55948540
55949052
55949564
55950076
55950588
55951100
55946493
55947005
55947517
55948029
55948541
55949053
55949565
55950077
55950589
55951101
55946494
55947006
55947518
55948030
55948542
55949054
55949566
55950078
55950590
55951102
55946495
55947007
55947519
55948031
55948543
55949055
55949567
55950079
55950591
55951103
55946496
55947008
55947520
55948032
55948544
55949056
55949568
55950080
55950592
55951104
55946497
55947009
55947521
55948033
55948545
55949057
55949569
55950081
55950593
55951105
55946498
55947010
55947522
55948034
55948546
55949058
55949570
55950082
55950594
55951106
55946499
55947011
55947523
55948035
55948547
55949059
55949571
55950083
55950595
55951107
55946500
55947012
55947524
55948036
55948548
55949060
55949572
55950084
55950596
55951108
55946501
55947013
55947525
55948037
55948549
55949061
55949573
55950085
55950597
55951109
44692647
44693159
44693671
44694183
44694695
44695207
44695719
44696231
44696743
44697255
44692648
44693160
44693672
44694184
44694696
44695208
44695720
44696232
44696744
44697256
44692649
44693161
44693673
44694185
44694697
44695209
44695721
44696233
44696745
44697257
44692650
44693162
44693674
44694186
44694698
44695210
44695722
44696234
44696746
44697258
44692651
44693163
44693675
44694187
44694699
44695211
44695723
44696235
44696747
44697259
44692652
44693164
44693676
44694188
44694700
44695212
44695724
44696236
44696748
44697260
44692653
44693165
44693677
44694189
44694701
44695213
44695725
44696237
44696749
44697261
44692654
44693166
44693678
44694190
44694702
44695214
44695726
44696238
44696750
44697262
44692655
44693167
44693679
44694191
44694703
44695215
44695727
44696239
44696751
44697263
44692656
44693168
44693680
44694192
44694704
44695216
44695728
44696240
44696752
44697264
57548490
57549002
57549514
57550026
57550538
57551050
57551562
57552074
57552586
57553098
57548491
57549003
57549515
57550027
57550539
57551051
57551563
57552075
57552587
57553099
57548492
57549004
57549516
57550028
57550540
57551052
57551564
57552076
57552588
57553100
57548493
57549005
57549517
57550029
57550541
57551053
57551565
57552077
57552589
57553101
57548494
57549006
57549518
57550030
57550542
57551054
57551566
57552078
57552590
57553102
57548495
57549007
57549519
57550031
57550543
57551055
57551567
57552079
57552591
57553103
57548496
57549008
57549520
57550032
57550544
57551056
57551568
57552080
57552592
57553104
57548497
57549009
57549521
57550033
57550545
57551057
57551569
57552081
57552593
57553105
57548498
57549010
57549522
57550034
57550546
57551058
57551570
57552082
57552594
57553106
57548499
57549011
57549523
57550035
57550547
57551059
57551571
57552083
57552595
57553107
55167741
55168253
55168765
55169277
55169789
55170301
55170813
55171325
55171837
55172349
55167742
55168254
55168766
55169278
55169790
55170302
55170814
55171326
55171838
55172350
55167743
55168255
55168767
55169279
55169791
55170303
55170815
55171327
55171839
55172351
55167744
55168256
55168768
55169280
55169792
55170304
55170816
55171328
55171840
55172352
55167745
55168257
55168769
55169281
55169793
55170305
55170817
55171329
55171841
55172353
55167746
55168258
55168770
55169282
55169794
55170306
55170818
55171330
55171842
55172354
55167747
55168259
55168771
55169283
55169795
55170307
55170819
55171331
55171843
55172355
55167748
55168260
55168772
55169284
55169796
55170308
55170820
55171332
55171844
55172356
55167749
55168261
55168773
55169285
55169797
55170309
55170821
55171333
55171845
55172357
55167750
55168262
55168774
55169286
55169798
55170310
55170822
55171334
55171846
55172358
47283955
47284467
47284979
47285491
47286003
47286515
47287027
47287539
47288051
47288563
47283956
47284468
47284980
47285492
47286004
47286516
47287028
47287540
47288052
47288564
47283957
47284469
47284981
47285493
47286005
47286517
47287029
47287541
47288053
47288565
47283958
47284470
47284982
47285494
47286006
47286518
47287030
47287542
47288054
47288566
47283959
47284471
47284983
47285495
47286007
47286519
47287031
47287543
47288055
47288567
47283960
47284472
47284984
47285496
47286008
47286520
47287032
47287544
47288056
47288568
47283961
47284473
47284985
47285497
47286009
47286521
47287033
47287545
47288057
47288569
47283962
47284474
47284986
47285498
47286010
47286522
47287034
47287546
47288058
47288570
47283963
47284475
47284987
47285499
47286011
47286523
47287035
47287547
47288059
47288571
47283964
47284476
47284988
47285500
47286012
47286524
47287036
47287548
47288060
47288572
59625150
59625662
59626174
59626686
59627198
59627710
59628222
59628734
59629246
59629758
59625151
59625663
59626175
59626687
59627199
59627711
59628223
59628735
59629247
59629759
59625152
59625664
59626176
59626688
59627200
59627712
59628224
59628736
59629248
59629760
59625153
59625665
59626177
59626689
59627201
59627713
59628225
59628737
59629249
59629761
59625154
59625666
59626178
59626690
59627202
59627714
59628226
59628738
59629250
59629762
59625155
59625667
59626179
59626691
59627203
59627715
59628227
59628739
59629251
59629763
59625156
59625668
59626180
59626692
59627204
59627716
59628228
59628740
59629252
59629764
59625157
59625669
59626181
59626693
59627205
59627717
59628229
59628741
59629253
59629765
59625158
59625670
59626182
59626694
59627206
59627718
59628230
59628742
59629254
59629766
59625159
59625671
59626183
59626695
59627207
59627719
59628231
59628743
59629255
59629767
56180430
56180942
56181454
56181966
56182478
56182990
56183502
56184014
56184526
56185038
56180431
56180943
56181455
56181967
56182479
56182991
56183503
56184015
56184527
56185039
56180432
56180944
56181456
56181968
56182480
56182992
56183504
56184016
56184528
56185040
56180433
56180945
56181457
56181969
56182481
56182993
56183505
56184017
56184529
56185041
56180434
56180946
56181458
56181970
56182482
56182994
56183506
56184018
56184530
56185042
56180435
56180947
56181459
56181971
56182483
56182995
56183507
56184019
56184531
56185043
56180436
56180948
56181460
56181972
56182484
56182996
56183508
56184020
56184532
56185044
56180437
56180949
56181461
56181973
56182485
56182997
56183509
56184021
56184533
56185045
56180438
56180950
56181462
56181974
56182486
56182998
56183510
56184022
56184534
56185046
56180439
56180951
56181463
56181975
56182487
56182999
56183511
56184023
56184535
56185047
14000854
14001366
14001878
14002390
14002902
14003414
14003926
14004438
14004950
14005462
14000855
14001367
14001879
14002391
14002903
14003415
14003927
14004439
14004951
14005463
14000856
14001368
14001880
14002392
14002904
14003416
14003928
14004440
14004952
14005464
14000857
14001369
14001881
14002393
14002905
14003417
14003929
14004441
14004953
14005465
14000858
14001370
14001882
14002394
14002906
14003418
14003930
14004442
14004954
14005466
14000859
14001371
14001883
14002395
14002907
14003419
14003931
14004443
14004955
14005467
14000860
14001372
14001884
14002396
14002908
14003420
14003932
14004444
14004956
14005468
14000861
14001373
14001885
14002397
14002909
14003421
14003933
14004445
14004957
14005469
14000862
14001374
14001886
14002398
14002910
14003422
14003934
14004446
14004958
14005470
14000863
14001375
14001887
14002399
14002911
14003423
14003935
14004447
14004959
14005471
42075811
42076323
42076835
42077347
42077859
42078371
42078883
42079395
42079907
42080419
42075812
42076324
42076836
42077348
42077860
42078372
42078884
42079396
42079908
42080420
42075813
42076325
42076837
42077349
42077861
42078373
42078885
42079397
42079909
42080421
42075814
42076326
42076838
42077350
42077862
42078374
42078886
42079398
42079910
42080422
42075815
42076327
42076839
42077351
42077863
42078375
42078887
42079399
42079911
42080423
42075816
42076328
42076840
42077352
42077864
42078376
42078888
42079400
42079912
42080424
42075817
42076329
42076841
42077353
42077865
42078377
42078889
42079401
42079913
42080425
42075818
42076330
42076842
42077354
42077866
42078378
42078890
42079402
42079914
42080426
42075819
42076331
42076843
42077355
42077867
42078379
42078891
42079403
42079915
42080427
42075820
42076332
42076844
42077356
42077868
42078380
42078892
42079404
42079916
42080428
