44959943
44960455
44960967
44961479
44961991
44962503
44963015
44963527
44964039
44964551
44959944
44960456
44960968
44961480
44961992
44962504
44963016
44963528
44964040
44964552
44959945
44960457
44960969
44961481
44961993
44962505
44963017
44963529
44964041
44964553
44959946
44960458
44960970
44961482
44961994
44962506
44963018
44963530
44964042
44964554
44959947
44960459
44960971
44961483
44961995
44962507
44963019
44963531
44964043
44964555
44959948
44960460
44960972
44961484
44961996
44962508
44963020
44963532
44964044
44964556
44959949
44960461
44960973
44961485
44961997
44962509
44963021
44963533
44964045
44964557
44959950
44960462
44960974
44961486
44961998
44962510
44963022
44963534
44964046
44964558
44959951
44960463
44960975
44961487
44961999
44962511
44963023
44963535
44964047
44964559
44959952
44960464
44960976
44961488
44962000
44962512
44963024
44963536
44964048
44964560
52840654
52841166
52841678
52842190
52842702
52843214
52843726
52844238
52844750
52845262
52840655
52841167
52841679
52842191
52842703
52843215
52843727
52844239
52844751
52845263
52840656
52841168
52841680
52842192
52842704
52843216
52843728
52844240
52844752
52845264
52840657
52841169
52841681
52842193
52842705
52843217
52843729
52844241
52844753
52845265
52840658
52841170
52841682
52842194
52842706
52843218
52843730
52844242
52844754
52845266
52840659
52841171
52841683
52842195
52842707
52843219
52843731
52844243
52844755
52845267
52840660
52841172
52841684
52842196
52842708
52843220
52843732
52844244
52844756
52845268
52840661
52841173
52841685
52842197
52842709
52843221
52843733
52844245
52844757
52845269
52840662
52841174
52841686
52842198
52842710
52843222
52843734
52844246
52844758
52845270
52840663
52841175
52841687
52842199
52842711
52843223
52843735
52844247
52844759
52845271
41774778
41775290
41775802
41776314
41776826
41777338
41777850
41778362
41778874
41779386
41774779
41775291
41775803
41776315
41776827
41777339
41777851
41778363
41778875
41779387
41774780
41775292
41775804
41776316
41776828
41777340
41777852
41778364
41778876
41779388
41774781
41775293
41775805
41776317
41776829
41777341
41777853
41778365
41778877
41779389
41774782
41775294
41775806
41776318
41776830
41777342
41777854
41778366
41778878
41779390
41774783
41775295
41775807
41776319
41776831
41777343
41777855
41778367
41778879
41779391
41774784
41775296
41775808
41776320
41776832
41777344
41777856
41778368
41778880
41779392
41774785
41775297
41775809
41776321
41776833
41777345
41777857
41778369
41778881
41779393
41774786
41775298
41775810
41776322
41776834
41777346
41777858
41778370
41778882
41779394
41774787
41775299
41775811
41776323
41776835
41777347
41777859
41778371
41778883
41779395
49715891
49716403
49716915
49717427
49717939
49718451
49718963
49719475
49719987
49720499
49715892
49716404
49716916
49717428
49717940
49718452
49718964
49719476
49719988
49720500
49715893
49716405
49716917
49717429
49717941
49718453
49718965
49719477
49719989
49720501
49715894
49716406
49716918
49717430
49717942
49718454
49718966
49719478
49719990
49720502
49715895
49716407
49716919
49717431
49717943
49718455
49718967
49719479
49719991
49720503
49715896
49716408
49716920
49717432
49717944
49718456
49718968
49719480
49719992
49720504
49715897
49716409
49716921
49717433
49717945
49718457
49718969
49719481
49719993
49720505
49715898
49716410
49716922
49717434
49717946
49718458
49718970
49719482
49719994
49720506
49715899
49716411
49716923
49717435
49717947
49718459
49718971
49719483
49719995
49720507
49715900
49716412
49716924
49717436
49717948
49718460
49718972
49719484
49719996
49720508
29202593
29203105
29203617
29204129
29204641
29205153
29205665
29206177
29206689
29207201
29202594
29203106
29203618
29204130
29204642
29205154
29205666
29206178
29206690
29207202
29202595
29203107
29203619
29204131
29204643
29205155
29205667
29206179
29206691
29207203
29202596
29203108
29203620
29204132
29204644
29205156
29205668
29206180
29206692
29207204
29202597
29203109
29203621
29204133
29204645
29205157
29205669
29206181
29206693
29207205
29202598
29203110
29203622
29204134
29204646
29205158
29205670
29206182
29206694
29207206
29202599
29203111
29203623
29204135
29204647
29205159
29205671
29206183
29206695
29207207
29202600
29203112
29203624
29204136
29204648
29205160
29205672
29206184
29206696
29207208
29202601
29203113
29203625
29204137
29204649
29205161
29205673
29206185
29206697
29207209
29202602
29203114
29203626
29204138
29204650
29205162
29205674
29206186
29206698
29207210
53303575
53304087
53304599
53305111
53305623
53306135
53306647
53307159
53307671
53308183
53303576
53304088
53304600
53305112
53305624
53306136
53306648
53307160
53307672
53308184
53303577
53304089
53304601
53305113
53305625
53306137
53306649
53307161
53307673
53308185
53303578
53304090
53304602
53305114
53305626
53306138
53306650
53307162
53307674
53308186
53303579
53304091
53304603
53305115
53305627
53306139
53306651
53307163
53307675
53308187
53303580
53304092
53304604
53305116
53305628
53306140
53306652
53307164
53307676
53308188
53303581
53304093
53304605
53305117
53305629
53306141
53306653
53307165
53307677
53308189
53303582
53304094
53304606
53305118
53305630
53306142
53306654
53307166
53307678
53308190
53303583
53304095
53304607
53305119
53305631
53306143
53306655
53307167
53307679
53308191
53303584
53304096
53304608
53305120
53305632
53306144
53306656
53307168
53307680
53308192
10860707
10861219
10861731
10862243
10862755
10863267
10863779
10864291
10864803
10865315
10860708
10861220
10861732
10862244
10862756
10863268
10863780
10864292
10864804
10865316
10860709
10861221
10861733
10862245
10862757
10863269
10863781
10864293
10864805
10865317
10860710
10861222
10861734
10862246
10862758
10863270
10863782
10864294
10864806
10865318
10860711
10861223
10861735
10862247
10862759
10863271
10863783
10864295
10864807
10865319
10860712
10861224
10861736
10862248
10862760
10863272
10863784
10864296
10864808
10865320
10860713
10861225
10861737
10862249
10862761
10863273
10863785
10864297
10864809
10865321
10860714
10861226
10861738
10862250
10862762
10863274
10863786
10864298
10864810
10865322
10860715
10861227
10861739
10862251
10862763
10863275
10863787
10864299
10864811
10865323
10860716
10861228
10861740
10862252
10862764
10863276
10863788
10864300
10864812
10865324
41819304
41819816
41820328
41820840
41821352
41821864
41822376
41822888
41823400
41823912
41819305
41819817
41820329
41820841
41821353
41821865
41822377
41822889
41823401
41823913
41819306
41819818
41820330
41820842
41821354
41821866
41822378
41822890
41823402
41823914
41819307
41819819
41820331
41820843
41821355
41821867
41822379
41822891
41823403
41823915
41819308
41819820
41820332
41820844
41821356
41821868
41822380
41822892
41823404
41823916
41819309
41819821
41820333
41820845
41821357
41821869
41822381
41822893
41823405
41823917
41819310
41819822
41820334
41820846
41821358
41821870
41822382
41822894
41823406
41823918
41819311
41819823
41820335
41820847
41821359
41821871
41822383
41822895
41823407
41823919
41819312
41819824
41820336
41820848
41821360
41821872
41822384
41822896
41823408
41823920
41819313
41819825
41820337
41820849
41821361
41821873
41822385
41822897
41823409
41823921
45205226
45205738
45206250
45206762
45207274
45207786
45208298
45208810
45209322
45209834
45205227
45205739
45206251
45206763
45207275
45207787
45208299
45208811
45209323
45209835
45205228
45205740
45206252
45206764
45207276
45207788
45208300
45208812
45209324
45209836
45205229
45205741
45206253
45206765
45207277
45207789
45208301
45208813
45209325
45209837
45205230
45205742
45206254
45206766
45207278
45207790
45208302
45208814
45209326
45209838
45205231
45205743
45206255
45206767
45207279
45207791
45208303
45208815
45209327
45209839
45205232
45205744
45206256
45206768
45207280
45207792
45208304
45208816
45209328
45209840
45205233
45205745
45206257
45206769
45207281
45207793
45208305
45208817
45209329
45209841
45205234
45205746
45206258
45206770
45207282
45207794
45208306
45208818
45209330
45209842
45205235
45205747
45206259
45206771
45207283
45207795
45208307
45208819
45209331
45209843
48331013
48331525
48332037
48332549
48333061
48333573
48334085
48334597
48335109
48335621
48331014
48331526
48332038
48332550
48333062
48333574
48334086
48334598
48335110
48335622
48331015
48331527
48332039
48332551
48333063
48333575
48334087
48334599
48335111
48335623
48331016
48331528
48332040
48332552
48333064
48333576
48334088
48334600
48335112
48335624
48331017
48331529
48332041
48332553
48333065
48333577
48334089
48334601
48335113
48335625
48331018
48331530
48332042
48332554
48333066
48333578
48334090
48334602
48335114
48335626
48331019
48331531
48332043
48332555
48333067
48333579
48334091
48334603
48335115
48335627
48331020
48331532
48332044
48332556
48333068
48333580
48334092
48334604
48335116
48335628
48331021
48331533
48332045
48332557
48333069
48333581
48334093
48334605
48335117
48335629
48331022
48331534
48332046
48332558
48333070
48333582
48334094
48334606
48335118
48335630
53592315
53592827
53593339
53593851
53594363
53594875
53595387
53595899
53596411
53596923
53592316
53592828
53593340
53593852
53594364
53594876
53595388
53595900
53596412
53596924
53592317
53592829
53593341
53593853
53594365
53594877
53595389
53595901
53596413
53596925
53592318
53592830
53593342
53593854
53594366
53594878
53595390
53595902
53596414
53596926
53592319
53592831
53593343
53593855
53594367
53594879
53595391
53595903
53596415
53596927
53592320
53592832
53593344
53593856
53594368
53594880
53595392
53595904
53596416
53596928
53592321
53592833
53593345
53593857
53594369
53594881
53595393
53595905
53596417
53596929
53592322
53592834
53593346
53593858
53594370
53594882
53595394
53595906
53596418
53596930
53592323
53592835
53593347
53593859
53594371
53594883
53595395
53595907
53596419
53596931
53592324
53592836
53593348
53593860
53594372
53594884
53595396
53595908
53596420
53596932
51802316
51802828
51803340
51803852
51804364
51804876
51805388
51805900
51806412
51806924
51802317
51802829
51803341
51803853
51804365
51804877
51805389
51805901
51806413
51806925
51802318
51802830
51803342
51803854
51804366
51804878
51805390
51805902
51806414
51806926
51802319
51802831
51803343
51803855
51804367
51804879
51805391
51805903
51806415
51806927
51802320
51802832
51803344
51803856
51804368
51804880
51805392
51805904
51806416
51806928
51802321
51802833
51803345
51803857
51804369
51804881
51805393
51805905
51806417
51806929
51802322
51802834
51803346
51803858
51804370
51804882
51805394
51805906
51806418
51806930
51802323
51802835
51803347
51803859
51804371
51804883
51805395
51805907
51806419
51806931
51802324
51802836
51803348
51803860
51804372
51804884
51805396
51805908
51806420
51806932
51802325
51802837
51803349
51803861
51804373
51804885
51805397
51805909
51806421
51806933
52798183
52798695
52799207
52799719
52800231
52800743
52801255
52801767
52802279
52802791
52798184
52798696
52799208
52799720
52800232
52800744
52801256
52801768
52802280
52802792
52798185
52798697
52799209
52799721
52800233
52800745
52801257
52801769
52802281
52802793
52798186
52798698
52799210
52799722
52800234
52800746
52801258
52801770
52802282
52802794
52798187
52798699
52799211
52799723
52800235
52800747
52801259
52801771
52802283
52802795
52798188
52798700
52799212
52799724
52800236
52800748
52801260
52801772
52802284
52802796
52798189
52798701
52799213
52799725
52800237
52800749
52801261
52801773
52802285
52802797
52798190
52798702
52799214
52799726
52800238
52800750
52801262
52801774
52802286
52802798
52798191
52798703
52799215
52799727
52800239
52800751
52801263
52801775
52802287
52802799
52798192
52798704
52799216
52799728
52800240
52800752
52801264
52801776
52802288
52802800
51487457
51487969
51488481
51488993
51489505
51490017
51490529
51491041
51491553
51492065
51487458
51487970
51488482
51488994
51489506
51490018
51490530
51491042
51491554
51492066
51487459
51487971
51488483
51488995
51489507
51490019
51490531
51491043
51491555
51492067
51487460
51487972
51488484
51488996
51489508
51490020
51490532
51491044
51491556
51492068
51487461
51487973
51488485
51488997
51489509
51490021
51490533
51491045
51491557
51492069
51487462
51487974
51488486
51488998
51489510
51490022
51490534
51491046
51491558
51492070
51487463
51487975
51488487
51488999
51489511
51490023
51490535
51491047
51491559
51492071
51487464
51487976
51488488
51489000
51489512
51490024
51490536
51491048
51491560
51492072
51487465
51487977
51488489
51489001
51489513
51490025
51490537
51491049
51491561
51492073
51487466
51487978
51488490
51489002
51489514
51490026
51490538
51491050
51491562
51492074
42591405
42591917
42592429
42592941
42593453
42593965
42594477
42594989
42595501
42596013
42591406
42591918
42592430
42592942
42593454
42593966
42594478
42594990
42595502
42596014
42591407
42591919
42592431
42592943
42593455
42593967
42594479
42594991
42595503
42596015
42591408
42591920
42592432
42592944
42593456
42593968
42594480
42594992
42595504
42596016
42591409
42591921
42592433
42592945
42593457
42593969
42594481
42594993
42595505
42596017
42591410
42591922
42592434
42592946
42593458
42593970
42594482
42594994
42595506
42596018
42591411
42591923
42592435
42592947
42593459
42593971
42594483
42594995
42595507
42596019
42591412
42591924
42592436
42592948
42593460
42593972
42594484
42594996
42595508
42596020
42591413
42591925
42592437
42592949
42593461
42593973
42594485
42594997
42595509
42596021
42591414
42591926
42592438
42592950
42593462
42593974
42594486
42594998
42595510
42596022
59373810
59374322
59374834
59375346
59375858
59376370
59376882
59377394
59377906
59378418
59373811
59374323
59374835
59375347
59375859
59376371
59376883
59377395
59377907
59378419
59373812
59374324
59374836
59375348
59375860
59376372
59376884
59377396
59377908
59378420
59373813
59374325
59374837
59375349
59375861
59376373
59376885
59377397
59377909
59378421
59373814
59374326
59374838
59375350
59375862
59376374
59376886
59377398
59377910
59378422
59373815
59374327
59374839
59375351
59375863
59376375
59376887
59377399
59377911
59378423
59373816
59374328
59374840
59375352
59375864
59376376
59376888
59377400
59377912
59378424
59373817
59374329
59374841
59375353
59375865
59376377
59376889
59377401
59377913
59378425
59373818
59374330
59374842
59375354
59375866
59376378
59376890
59377402
59377914
59378426
59373819
59374331
59374843
59375355
59375867
59376379
59376891
59377403
59377915
59378427
46710024
46710536
46711048
46711560
46712072
46712584
46713096
46713608
46714120
46714632
46710025
46710537
46711049
46711561
46712073
46712585
46713097
46713609
46714121
46714633
46710026
46710538
46711050
46711562
46712074
46712586
46713098
46713610
46714122
46714634
46710027
46710539
46711051
46711563
46712075
46712587
46713099
46713611
46714123
46714635
46710028
46710540
46711052
46711564
46712076
46712588
46713100
46713612
46714124
46714636
46710029
46710541
46711053
46711565
46712077
46712589
46713101
46713613
46714125
46714637
46710030
46710542
46711054
46711566
46712078
46712590
46713102
46713614
46714126
46714638
46710031
46710543
46711055
46711567
46712079
46712591
46713103
46713615
46714127
46714639
46710032
46710544
46711056
46711568
46712080
46712592
46713104
46713616
46714128
46714640
46710033
46710545
46711057
46711569
46712081
46712593
46713105
46713617
46714129
46714641
55123664
55124176
55124688
55125200
55125712
55126224
55126736
55127248
55127760
55128272
55123665
55124177
55124689
55125201
55125713
55126225
55126737
55127249
55127761
55128273
55123666
55124178
55124690
55125202
55125714
55126226
55126738
55127250
55127762
55128274
55123667
55124179
55124691
55125203
55125715
55126227
55126739
55127251
55127763
55128275
55123668
55124180
55124692
55125204
55125716
55126228
55126740
55127252
55127764
55128276
55123669
55124181
55124693
55125205
55125717
55126229
55126741
55127253
55127765
55128277
55123670
55124182
55124694
55125206
55125718
55126230
55126742
55127254
55127766
55128278
55123671
55124183
55124695
55125207
55125719
55126231
55126743
55127255
55127767
55128279
55123672
55124184
55124696
55125208
55125720
55126232
55126744
55127256
55127768
55128280
55123673
55124185
55124697
55125209
55125721
55126233
55126745
55127257
55127769
55128281
48368856
48369368
48369880
48370392
48370904
48371416
48371928
48372440
48372952
48373464
48368857
48369369
48369881
48370393
48370905
48371417
48371929
48372441
48372953
48373465
48368858
48369370
48369882
48370394
48370906
48371418
48371930
48372442
48372954
48373466
48368859
48369371
48369883
48370395
48370907
48371419
48371931
48372443
48372955
48373467
48368860
48369372
48369884
48370396
48370908
48371420
48371932
48372444
48372956
48373468
48368861
48369373
48369885
48370397
48370909
48371421
48371933
48372445
48372957
48373469
48368862
48369374
48369886
48370398
48370910
48371422
48371934
48372446
48372958
48373470
48368863
48369375
48369887
48370399
48370911
48371423
48371935
48372447
48372959
48373471
48368864
48369376
48369888
48370400
48370912
48371424
48371936
48372448
48372960
48373472
48368865
48369377
48369889
48370401
48370913
48371425
48371937
48372449
48372961
48373473
9781436
9781948
9782460
9782972
9783484
9783996
9784508
9785020
9785532
9786044
9781437
9781949
9782461
9782973
9783485
9783997
9784509
9785021
9785533
9786045
9781438
9781950
9782462
9782974
9783486
9783998
9784510
9785022
9785534
9786046
9781439
9781951
9782463
9782975
9783487
9783999
9784511
9785023
9785535
9786047
9781440
9781952
9782464
9782976
9783488
9784000
9784512
9785024
9785536
9786048
9781441
9781953
9782465
9782977
9783489
9784001
9784513
9785025
9785537
9786049
9781442
9781954
9782466
9782978
9783490
9784002
9784514
9785026
9785538
9786050
9781443
9781955
9782467
9782979
9783491
9784003
9784515
9785027
9785539
9786051
9781444
9781956
9782468
9782980
9783492
9784004
9784516
9785028
9785540
9786052
9781445
9781957
9782469
9782981
9783493
9784005
9784517
9785029
9785541
9786053
61963008
61963520
61964032
61964544
61965056
61965568
61966080
61966592
61967104
61967616
61963009
61963521
61964033
61964545
61965057
61965569
61966081
61966593
61967105
61967617
61963010
61963522
61964034
61964546
61965058
61965570
61966082
61966594
61967106
61967618
61963011
61963523
61964035
61964547
61965059
61965571
61966083
61966595
61967107
61967619
61963012
61963524
61964036
61964548
61965060
61965572
61966084
61966596
61967108
61967620
61963013
61963525
61964037
61964549
61965061
61965573
61966085
61966597
61967109
61967621
61963014
61963526
61964038
61964550
61965062
61965574
61966086
61966598
61967110
61967622
61963015
61963527
61964039
61964551
61965063
61965575
61966087
61966599
61967111
61967623
61963016
61963528
61964040
61964552
61965064
61965576
61966088
61966600
61967112
61967624
61963017
61963529
61964041
61964553
61965065
61965577
61966089
61966601
61967113
61967625
57326290
57326802
57327314
57327826
57328338
57328850
57329362
57329874
57330386
57330898
57326291
57326803
57327315
57327827
57328339
57328851
57329363
57329875
57330387
57330899
57326292
57326804
57327316
57327828
57328340
57328852
57329364
57329876
57330388
57330900
57326293
57326805
57327317
57327829
57328341
57328853
57329365
57329877
57330389
57330901
57326294
57326806
57327318
57327830
57328342
57328854
57329366
57329878
57330390
57330902
57326295
57326807
57327319
57327831
57328343
57328855
57329367
57329879
57330391
57330903
57326296
57326808
57327320
57327832
57328344
57328856
57329368
57329880
57330392
57330904
57326297
57326809
57327321
57327833
57328345
57328857
57329369
57329881
57330393
57330905
57326298
57326810
57327322
57327834
57328346
57328858
57329370
57329882
57330394
57330906
57326299
57326811
57327323
57327835
57328347
57328859
57329371
57329883
57330395
57330907
53379253
53379765
53380277
53380789
53381301
53381813
53382325
53382837
53383349
53383861
53379254
53379766
53380278
53380790
53381302
53381814
53382326
53382838
53383350
53383862
53379255
53379767
53380279
53380791
53381303
53381815
53382327
53382839
53383351
53383863
53379256
53379768
53380280
53380792
53381304
53381816
53382328
53382840
53383352
53383864
53379257
53379769
53380281
53380793
53381305
53381817
53382329
53382841
53383353
53383865
53379258
53379770
53380282
53380794
53381306
53381818
53382330
53382842
53383354
53383866
53379259
53379771
53380283
53380795
53381307
53381819
53382331
53382843
53383355
53383867
53379260
53379772
53380284
53380796
53381308
53381820
53382332
53382844
53383356
53383868
53379261
53379773
53380285
53380797
53381309
53381821
53382333
53382845
53383357
53383869
53379262
53379774
53380286
53380798
53381310
53381822
53382334
53382846
53383358
53383870
61943546
61944058
61944570
61945082
61945594
61946106
61946618
61947130
61947642
61948154
61943547
61944059
61944571
61945083
61945595
61946107
61946619
61947131
61947643
61948155
61943548
61944060
61944572
61945084
61945596
61946108
61946620
61947132
61947644
61948156
61943549
61944061
61944573
61945085
61945597
61946109
61946621
61947133
61947645
61948157
61943550
61944062
61944574
61945086
61945598
61946110
61946622
61947134
61947646
61948158
61943551
61944063
61944575
61945087
61945599
61946111
61946623
61947135
61947647
61948159
61943552
61944064
61944576
61945088
61945600
61946112
61946624
61947136
61947648
61948160
61943553
61944065
61944577
61945089
61945601
61946113
61946625
61947137
61947649
61948161
61943554
61944066
61944578
61945090
61945602
61946114
61946626
61947138
61947650
61948162
61943555
61944067
61944579
61945091
61945603
61946115
61946627
61947139
61947651
61948163
23399622
23400134
23400646
23401158
23401670
23402182
23402694
23403206
23403718
23404230
23399623
23400135
23400647
23401159
23401671
23402183
23402695
23403207
23403719
23404231
23399624
23400136
23400648
23401160
23401672
23402184
23402696
23403208
23403720
23404232
23399625
23400137
23400649
23401161
23401673
23402185
23402697
23403209
23403721
23404233
23399626
23400138
23400650
23401162
23401674
23402186
23402698
23403210
23403722
23404234
23399627
23400139
23400651
23401163
23401675
23402187
23402699
23403211
23403723
23404235
23399628
23400140
23400652
23401164
23401676
23402188
23402700
23403212
23403724
23404236
23399629
23400141
23400653
23401165
23401677
23402189
23402701
23403213
23403725
23404237
23399630
23400142
23400654
23401166
23401678
23402190
23402702
23403214
23403726
23404238
23399631
23400143
23400655
23401167
23401679
23402191
23402703
23403215
23403727
23404239
14498990
14499502
14500014
14500526
14501038
14501550
14502062
14502574
14503086
14503598
14498991
14499503
14500015
14500527
14501039
14501551
14502063
14502575
14503087
14503599
14498992
14499504
14500016
14500528
14501040
14501552
14502064
14502576
14503088
14503600
14498993
14499505
14500017
14500529
14501041
14501553
14502065
14502577
14503089
14503601
14498994
14499506
14500018
14500530
14501042
14501554
14502066
14502578
14503090
14503602
14498995
14499507
14500019
14500531
14501043
14501555
14502067
14502579
14503091
14503603
14498996
14499508
14500020
14500532
14501044
14501556
14502068
14502580
14503092
14503604
14498997
14499509
14500021
14500533
14501045
14501557
14502069
14502581
14503093
14503605
14498998
14499510
14500022
14500534
14501046
14501558
14502070
14502582
14503094
14503606
14498999
14499511
14500023
14500535
14501047
14501559
14502071
14502583
14503095
14503607
54943945
54944457
54944969
54945481
54945993
54946505
54947017
54947529
54948041
54948553
54943946
54944458
54944970
54945482
54945994
54946506
54947018
54947530
54948042
54948554
54943947
54944459
54944971
54945483
54945995
54946507
54947019
54947531
54948043
54948555
54943948
54944460
54944972
54945484
54945996
54946508
54947020
54947532
54948044
54948556
54943949
54944461
54944973
54945485
54945997
54946509
54947021
54947533
54948045
54948557
54943950
54944462
54944974
54945486
54945998
54946510
54947022
54947534
54948046
54948558
54943951
54944463
54944975
54945487
54945999
54946511
54947023
54947535
54948047
54948559
54943952
54944464
54944976
54945488
54946000
54946512
54947024
54947536
54948048
54948560
54943953
54944465
54944977
54945489
54946001
54946513
54947025
54947537
54948049
54948561
54943954
54944466
54944978
54945490
54946002
54946514
54947026
54947538
54948050
54948562
46478138
46478650
46479162
46479674
46480186
46480698
46481210
46481722
46482234
46482746
46478139
46478651
46479163
46479675
46480187
46480699
46481211
46481723
46482235
46482747
46478140
46478652
46479164
46479676
46480188
46480700
46481212
46481724
46482236
46482748
46478141
46478653
46479165
46479677
46480189
46480701
46481213
46481725
46482237
46482749
46478142
46478654
46479166
46479678
46480190
46480702
46481214
46481726
46482238
46482750
46478143
46478655
46479167
46479679
46480191
46480703
46481215
46481727
46482239
46482751
46478144
46478656
46479168
46479680
46480192
46480704
46481216
46481728
46482240
46482752
46478145
46478657
46479169
46479681
46480193
46480705
46481217
46481729
46482241
46482753
46478146
46478658
46479170
46479682
46480194
46480706
46481218
46481730
46482242
46482754
46478147
46478659
46479171
46479683
46480195
46480707
46481219
46481731
46482243
46482755
40954076
40954588
40955100
40955612
40956124
40956636
40957148
40957660
40958172
40958684
40954077
40954589
40955101
40955613
40956125
40956637
40957149
40957661
40958173
40958685
40954078
40954590
40955102
40955614
40956126
40956638
40957150
40957662
40958174
40958686
40954079
40954591
40955103
40955615
40956127
40956639
40957151
40957663
40958175
40958687
40954080
40954592
40955104
40955616
40956128
40956640
40957152
40957664
40958176
40958688
40954081
40954593
40955105
40955617
40956129
40956641
40957153
40957665
40958177
40958689
40954082
40954594
40955106
40955618
40956130
40956642
40957154
40957666
40958178
40958690
40954083
40954595
40955107
40955619
40956131
40956643
40957155
40957667
40958179
40958691
40954084
40954596
40955108
40955620
40956132
40956644
40957156
40957668
40958180
40958692
40954085
40954597
40955109
40955621
40956133
40956645
40957157
40957669
40958181
40958693
37105810
37106322
37106834
37107346
37107858
37108370
37108882
37109394
37109906
37110418
37105811
37106323
37106835
37107347
37107859
37108371
37108883
37109395
37109907
37110419
37105812
37106324
37106836
37107348
37107860
37108372
37108884
37109396
37109908
37110420
37105813
37106325
37106837
37107349
37107861
37108373
37108885
37109397
37109909
37110421
37105814
37106326
37106838
37107350
37107862
37108374
37108886
37109398
37109910
37110422
37105815
37106327
37106839
37107351
37107863
37108375
37108887
37109399
37109911
37110423
37105816
37106328
37106840
37107352
37107864
37108376
37108888
37109400
37109912
37110424
37105817
37106329
37106841
37107353
37107865
37108377
37108889
37109401
37109913
37110425
37105818
37106330
37106842
37107354
37107866
37108378
37108890
37109402
37109914
37110426
37105819
37106331
37106843
37107355
37107867
37108379
37108891
37109403
37109915
37110427
