57342018
57342530
57343042
57343554
57344066
57344578
57345090
57345602
57346114
57346626
57342019
57342531
57343043
57343555
57344067
57344579
57345091
57345603
57346115
57346627
57342020
57342532
57343044
57343556
57344068
57344580
57345092
57345604
57346116
57346628
57342021
57342533
57343045
57343557
57344069
57344581
57345093
57345605
57346117
57346629
57342022
57342534
57343046
57343558
57344070
57344582
57345094
57345606
57346118
57346630
57342023
57342535
57343047
57343559
57344071
57344583
57345095
57345607
57346119
57346631
57342024
57342536
57343048
57343560
57344072
57344584
57345096
57345608
57346120
57346632
57342025
57342537
57343049
57343561
57344073
57344585
57345097
57345609
57346121
57346633
57342026
57342538
57343050
57343562
57344074
57344586
57345098
57345610
57346122
57346634
57342027
57342539
57343051
57343563
57344075
57344587
57345099
57345611
57346123
57346635
32491630
32492142
32492654
32493166
32493678
32494190
32494702
32495214
32495726
32496238
32491631
32492143
32492655
32493167
32493679
32494191
32494703
32495215
32495727
32496239
32491632
32492144
32492656
32493168
32493680
32494192
32494704
32495216
32495728
32496240
32491633
32492145
32492657
32493169
32493681
32494193
32494705
32495217
32495729
32496241
32491634
32492146
32492658
32493170
32493682
32494194
32494706
32495218
32495730
32496242
32491635
32492147
32492659
32493171
32493683
32494195
32494707
32495219
32495731
32496243
32491636
32492148
32492660
32493172
32493684
32494196
32494708
32495220
32495732
32496244
32491637
32492149
32492661
32493173
32493685
32494197
32494709
32495221
32495733
32496245
32491638
32492150
32492662
32493174
32493686
32494198
32494710
32495222
32495734
32496246
32491639
32492151
32492663
32493175
32493687
32494199
32494711
32495223
32495735
32496247
2336967
2337479
2337991
2338503
2339015
2339527
2340039
2340551
2341063
2341575
2336968
2337480
2337992
2338504
2339016
2339528
2340040
2340552
2341064
2341576
2336969
2337481
2337993
2338505
2339017
2339529
2340041
2340553
2341065
2341577
2336970
2337482
2337994
2338506
2339018
2339530
2340042
2340554
2341066
2341578
2336971
2337483
2337995
2338507
2339019
2339531
2340043
2340555
2341067
2341579
2336972
2337484
2337996
2338508
2339020
2339532
2340044
2340556
2341068
2341580
2336973
2337485
2337997
2338509
2339021
2339533
2340045
2340557
2341069
2341581
2336974
2337486
2337998
2338510
2339022
2339534
2340046
2340558
2341070
2341582
2336975
2337487
2337999
2338511
2339023
2339535
2340047
2340559
2341071
2341583
2336976
2337488
2338000
2338512
2339024
2339536
2340048
2340560
2341072
2341584
59265856
59266368
59266880
59267392
59267904
59268416
59268928
59269440
59269952
59270464
59265857
59266369
59266881
59267393
59267905
59268417
59268929
59269441
59269953
59270465
59265858
59266370
59266882
59267394
59267906
59268418
59268930
59269442
59269954
59270466
59265859
59266371
59266883
59267395
59267907
59268419
59268931
59269443
59269955
59270467
59265860
59266372
59266884
59267396
59267908
59268420
59268932
59269444
59269956
59270468
59265861
59266373
59266885
59267397
59267909
59268421
59268933
59269445
59269957
59270469
59265862
59266374
59266886
59267398
59267910
59268422
59268934
59269446
59269958
59270470
59265863
59266375
59266887
59267399
59267911
59268423
59268935
59269447
59269959
59270471
59265864
59266376
59266888
59267400
59267912
59268424
59268936
59269448
59269960
59270472
59265865
59266377
59266889
59267401
59267913
59268425
59268937
59269449
59269961
59270473
62392224
62392736
62393248
62393760
62394272
62394784
62395296
62395808
62396320
62396832
62392225
62392737
62393249
62393761
62394273
62394785
62395297
62395809
62396321
62396833
62392226
62392738
62393250
62393762
62394274
62394786
62395298
62395810
62396322
62396834
62392227
62392739
62393251
62393763
62394275
62394787
62395299
62395811
62396323
62396835
62392228
62392740
62393252
62393764
62394276
62394788
62395300
62395812
62396324
62396836
62392229
62392741
62393253
62393765
62394277
62394789
62395301
62395813
62396325
62396837
62392230
62392742
62393254
62393766
62394278
62394790
62395302
62395814
62396326
62396838
62392231
62392743
62393255
62393767
62394279
62394791
62395303
62395815
62396327
62396839
62392232
62392744
62393256
62393768
62394280
62394792
62395304
62395816
62396328
62396840
62392233
62392745
62393257
62393769
62394281
62394793
62395305
62395817
62396329
62396841
4618392
4618904
4619416
4619928
4620440
4620952
4621464
4621976
4622488
4623000
4618393
4618905
4619417
4619929
4620441
4620953
4621465
4621977
4622489
4623001
4618394
4618906
4619418
4619930
4620442
4620954
4621466
4621978
4622490
4623002
4618395
4618907
4619419
4619931
4620443
4620955
4621467
4621979
4622491
4623003
4618396
4618908
4619420
4619932
4620444
4620956
4621468
4621980
4622492
4623004
4618397
4618909
4619421
4619933
4620445
4620957
4621469
4621981
4622493
4623005
4618398
4618910
4619422
4619934
4620446
4620958
4621470
4621982
4622494
4623006
4618399
4618911
4619423
4619935
4620447
4620959
4621471
4621983
4622495
4623007
4618400
4618912
4619424
4619936
4620448
4620960
4621472
4621984
4622496
4623008
4618401
4618913
4619425
4619937
4620449
4620961
4621473
4621985
4622497
4623009
33066313
33066825
33067337
33067849
33068361
33068873
33069385
33069897
33070409
33070921
33066314
33066826
33067338
33067850
33068362
33068874
33069386
33069898
33070410
33070922
33066315
33066827
33067339
33067851
33068363
33068875
33069387
33069899
33070411
33070923
33066316
33066828
33067340
33067852
33068364
33068876
33069388
33069900
33070412
33070924
33066317
33066829
33067341
33067853
33068365
33068877
33069389
33069901
33070413
33070925
33066318
33066830
33067342
33067854
33068366
33068878
33069390
33069902
33070414
33070926
33066319
33066831
33067343
33067855
33068367
33068879
33069391
33069903
33070415
33070927
33066320
33066832
33067344
33067856
33068368
33068880
33069392
33069904
33070416
33070928
33066321
33066833
33067345
33067857
33068369
33068881
33069393
33069905
33070417
33070929
33066322
33066834
33067346
33067858
33068370
33068882
33069394
33069906
33070418
33070930
21487776
21488288
21488800
21489312
21489824
21490336
21490848
21491360
21491872
21492384
21487777
21488289
21488801
21489313
21489825
21490337
21490849
21491361
21491873
21492385
21487778
21488290
21488802
21489314
21489826
21490338
21490850
21491362
21491874
21492386
21487779
21488291
21488803
21489315
21489827
21490339
21490851
21491363
21491875
21492387
21487780
21488292
21488804
21489316
21489828
21490340
21490852
21491364
21491876
21492388
21487781
21488293
21488805
21489317
21489829
21490341
21490853
21491365
21491877
21492389
21487782
21488294
21488806
21489318
21489830
21490342
21490854
21491366
21491878
21492390
21487783
21488295
21488807
21489319
21489831
21490343
21490855
21491367
21491879
21492391
21487784
21488296
21488808
21489320
21489832
21490344
21490856
21491368
21491880
21492392
21487785
21488297
21488809
21489321
21489833
21490345
21490857
21491369
21491881
21492393
12340302
12340814
12341326
12341838
12342350
12342862
12343374
12343886
12344398
12344910
12340303
12340815
12341327
12341839
12342351
12342863
12343375
12343887
12344399
12344911
12340304
12340816
12341328
12341840
12342352
12342864
12343376
12343888
12344400
12344912
12340305
12340817
12341329
12341841
12342353
12342865
12343377
12343889
12344401
12344913
12340306
12340818
12341330
12341842
12342354
12342866
12343378
12343890
12344402
12344914
12340307
12340819
12341331
12341843
12342355
12342867
12343379
12343891
12344403
12344915
12340308
12340820
12341332
12341844
12342356
12342868
12343380
12343892
12344404
12344916
12340309
12340821
12341333
12341845
12342357
12342869
12343381
12343893
12344405
12344917
12340310
12340822
12341334
12341846
12342358
12342870
12343382
12343894
12344406
12344918
12340311
12340823
12341335
12341847
12342359
12342871
12343383
12343895
12344407
12344919
4952741
4953253
4953765
4954277
4954789
4955301
4955813
4956325
4956837
4957349
4952742
4953254
4953766
4954278
4954790
4955302
4955814
4956326
4956838
4957350
4952743
4953255
4953767
4954279
4954791
4955303
4955815
4956327
4956839
4957351
4952744
4953256
4953768
4954280
4954792
4955304
4955816
4956328
4956840
4957352
4952745
4953257
4953769
4954281
4954793
4955305
4955817
4956329
4956841
4957353
4952746
4953258
4953770
4954282
4954794
4955306
4955818
4956330
4956842
4957354
4952747
4953259
4953771
4954283
4954795
4955307
4955819
4956331
4956843
4957355
4952748
4953260
4953772
4954284
4954796
4955308
4955820
4956332
4956844
4957356
4952749
4953261
4953773
4954285
4954797
4955309
4955821
4956333
4956845
4957357
4952750
4953262
4953774
4954286
4954798
4955310
4955822
4956334
4956846
4957358
25550170
25550682
25551194
25551706
25552218
25552730
25553242
25553754
25554266
25554778
25550171
25550683
25551195
25551707
25552219
25552731
25553243
25553755
25554267
25554779
25550172
25550684
25551196
25551708
25552220
25552732
25553244
25553756
25554268
25554780
25550173
25550685
25551197
25551709
25552221
25552733
25553245
25553757
25554269
25554781
25550174
25550686
25551198
25551710
25552222
25552734
25553246
25553758
25554270
25554782
25550175
25550687
25551199
25551711
25552223
25552735
25553247
25553759
25554271
25554783
25550176
25550688
25551200
25551712
25552224
25552736
25553248
25553760
25554272
25554784
25550177
25550689
25551201
25551713
25552225
25552737
25553249
25553761
25554273
25554785
25550178
25550690
25551202
25551714
25552226
25552738
25553250
25553762
25554274
25554786
25550179
25550691
25551203
25551715
25552227
25552739
25553251
25553763
25554275
25554787
57948203
57948715
57949227
57949739
57950251
57950763
57951275
57951787
57952299
57952811
57948204
57948716
57949228
57949740
57950252
57950764
57951276
57951788
57952300
57952812
57948205
57948717
57949229
57949741
57950253
57950765
57951277
57951789
57952301
57952813
57948206
57948718
57949230
57949742
57950254
57950766
57951278
57951790
57952302
57952814
57948207
57948719
57949231
57949743
57950255
57950767
57951279
57951791
57952303
57952815
57948208
57948720
57949232
57949744
57950256
57950768
57951280
57951792
57952304
57952816
57948209
57948721
57949233
57949745
57950257
57950769
57951281
57951793
57952305
57952817
57948210
57948722
57949234
57949746
57950258
57950770
57951282
57951794
57952306
57952818
57948211
57948723
57949235
57949747
57950259
57950771
57951283
57951795
57952307
57952819
57948212
57948724
57949236
57949748
57950260
57950772
57951284
57951796
57952308
57952820
33248244
33248756
33249268
33249780
33250292
33250804
33251316
33251828
33252340
33252852
33248245
33248757
33249269
33249781
33250293
33250805
33251317
33251829
33252341
33252853
33248246
33248758
33249270
33249782
33250294
33250806
33251318
33251830
33252342
33252854
33248247
33248759
33249271
33249783
33250295
33250807
33251319
33251831
33252343
33252855
33248248
33248760
33249272
33249784
33250296
33250808
33251320
33251832
33252344
33252856
33248249
33248761
33249273
33249785
33250297
33250809
33251321
33251833
33252345
33252857
33248250
33248762
33249274
33249786
33250298
33250810
33251322
33251834
33252346
33252858
33248251
33248763
33249275
33249787
33250299
33250811
33251323
33251835
33252347
33252859
33248252
33248764
33249276
33249788
33250300
33250812
33251324
33251836
33252348
33252860
33248253
33248765
33249277
33249789
33250301
33250813
33251325
33251837
33252349
33252861
38454705
38455217
38455729
38456241
38456753
38457265
38457777
38458289
38458801
38459313
38454706
38455218
38455730
38456242
38456754
38457266
38457778
38458290
38458802
38459314
38454707
38455219
38455731
38456243
38456755
38457267
38457779
38458291
38458803
38459315
38454708
38455220
38455732
38456244
38456756
38457268
38457780
38458292
38458804
38459316
38454709
38455221
38455733
38456245
38456757
38457269
38457781
38458293
38458805
38459317
38454710
38455222
38455734
38456246
38456758
38457270
38457782
38458294
38458806
38459318
38454711
38455223
38455735
38456247
38456759
38457271
38457783
38458295
38458807
38459319
38454712
38455224
38455736
38456248
38456760
38457272
38457784
38458296
38458808
38459320
38454713
38455225
38455737
38456249
38456761
38457273
38457785
38458297
38458809
38459321
38454714
38455226
38455738
38456250
38456762
38457274
38457786
38458298
38458810
38459322
9852783
9853295
9853807
9854319
9854831
9855343
9855855
9856367
9856879
9857391
9852784
9853296
9853808
9854320
9854832
9855344
9855856
9856368
9856880
9857392
9852785
9853297
9853809
9854321
9854833
9855345
9855857
9856369
9856881
9857393
9852786
9853298
9853810
9854322
9854834
9855346
9855858
9856370
9856882
9857394
9852787
9853299
9853811
9854323
9854835
9855347
9855859
9856371
9856883
9857395
9852788
9853300
9853812
9854324
9854836
9855348
9855860
9856372
9856884
9857396
9852789
9853301
9853813
9854325
9854837
9855349
9855861
9856373
9856885
9857397
9852790
9853302
9853814
9854326
9854838
9855350
9855862
9856374
9856886
9857398
9852791
9853303
9853815
9854327
9854839
9855351
9855863
9856375
9856887
9857399
9852792
9853304
9853816
9854328
9854840
9855352
9855864
9856376
9856888
9857400
38780763
38781275
38781787
38782299
38782811
38783323
38783835
38784347
38784859
38785371
38780764
38781276
38781788
38782300
38782812
38783324
38783836
38784348
38784860
38785372
38780765
38781277
38781789
38782301
38782813
38783325
38783837
38784349
38784861
38785373
38780766
38781278
38781790
38782302
38782814
38783326
38783838
38784350
38784862
38785374
38780767
38781279
38781791
38782303
38782815
38783327
38783839
38784351
38784863
38785375
38780768
38781280
38781792
38782304
38782816
38783328
38783840
38784352
38784864
38785376
38780769
38781281
38781793
38782305
38782817
38783329
38783841
38784353
38784865
38785377
38780770
38781282
38781794
38782306
38782818
38783330
38783842
38784354
38784866
38785378
38780771
38781283
38781795
38782307
38782819
38783331
38783843
38784355
38784867
38785379
38780772
38781284
38781796
38782308
38782820
38783332
38783844
38784356
38784868
38785380
31700522
31701034
31701546
31702058
31702570
31703082
31703594
31704106
31704618
31705130
31700523
31701035
31701547
31702059
31702571
31703083
31703595
31704107
31704619
31705131
31700524
31701036
31701548
31702060
31702572
31703084
31703596
31704108
31704620
31705132
31700525
31701037
31701549
31702061
31702573
31703085
31703597
31704109
31704621
31705133
31700526
31701038
31701550
31702062
31702574
31703086
31703598
31704110
31704622
31705134
31700527
31701039
31701551
31702063
31702575
31703087
31703599
31704111
31704623
31705135
31700528
31701040
31701552
31702064
31702576
31703088
31703600
31704112
31704624
31705136
31700529
31701041
31701553
31702065
31702577
31703089
31703601
31704113
31704625
31705137
31700530
31701042
31701554
31702066
31702578
31703090
31703602
31704114
31704626
31705138
31700531
31701043
31701555
31702067
31702579
31703091
31703603
31704115
31704627
31705139
14830378
14830890
14831402
14831914
14832426
14832938
14833450
14833962
14834474
14834986
14830379
14830891
14831403
14831915
14832427
14832939
14833451
14833963
14834475
14834987
14830380
14830892
14831404
14831916
14832428
14832940
14833452
14833964
14834476
14834988
14830381
14830893
14831405
14831917
14832429
14832941
14833453
14833965
14834477
14834989
14830382
14830894
14831406
14831918
14832430
14832942
14833454
14833966
14834478
14834990
14830383
14830895
14831407
14831919
14832431
14832943
14833455
14833967
14834479
14834991
14830384
14830896
14831408
14831920
14832432
14832944
14833456
14833968
14834480
14834992
14830385
14830897
14831409
14831921
14832433
14832945
14833457
14833969
14834481
14834993
14830386
14830898
14831410
14831922
14832434
14832946
14833458
14833970
14834482
14834994
14830387
14830899
14831411
14831923
14832435
14832947
14833459
14833971
14834483
14834995
27208024
27208536
27209048
27209560
27210072
27210584
27211096
27211608
27212120
27212632
27208025
27208537
27209049
27209561
27210073
27210585
27211097
27211609
27212121
27212633
27208026
27208538
27209050
27209562
27210074
27210586
27211098
27211610
27212122
27212634
27208027
27208539
27209051
27209563
27210075
27210587
27211099
27211611
27212123
27212635
27208028
27208540
27209052
27209564
27210076
27210588
27211100
27211612
27212124
27212636
27208029
27208541
27209053
27209565
27210077
27210589
27211101
27211613
27212125
27212637
27208030
27208542
27209054
27209566
27210078
27210590
27211102
27211614
27212126
27212638
27208031
27208543
27209055
27209567
27210079
27210591
27211103
27211615
27212127
27212639
27208032
27208544
27209056
27209568
27210080
27210592
27211104
27211616
27212128
27212640
27208033
27208545
27209057
27209569
27210081
27210593
27211105
27211617
27212129
27212641
59757005
59757517
59758029
59758541
59759053
59759565
59760077
59760589
59761101
59761613
59757006
59757518
59758030
59758542
59759054
59759566
59760078
59760590
59761102
59761614
59757007
59757519
59758031
59758543
59759055
59759567
59760079
59760591
59761103
59761615
59757008
59757520
59758032
59758544
59759056
59759568
59760080
59760592
59761104
59761616
59757009
59757521
59758033
59758545
59759057
59759569
59760081
59760593
59761105
59761617
59757010
59757522
59758034
59758546
59759058
59759570
59760082
59760594
59761106
59761618
59757011
59757523
59758035
59758547
59759059
59759571
59760083
59760595
59761107
59761619
59757012
59757524
59758036
59758548
59759060
59759572
59760084
59760596
59761108
59761620
59757013
59757525
59758037
59758549
59759061
59759573
59760085
59760597
59761109
59761621
59757014
59757526
59758038
59758550
59759062
59759574
59760086
59760598
59761110
59761622
32663091
32663603
32664115
32664627
32665139
32665651
32666163
32666675
32667187
32667699
32663092
32663604
32664116
32664628
32665140
32665652
32666164
32666676
32667188
32667700
32663093
32663605
32664117
32664629
32665141
32665653
32666165
32666677
32667189
32667701
32663094
32663606
32664118
32664630
32665142
32665654
32666166
32666678
32667190
32667702
32663095
32663607
32664119
32664631
32665143
32665655
32666167
32666679
32667191
32667703
32663096
32663608
32664120
32664632
32665144
32665656
32666168
32666680
32667192
32667704
32663097
32663609
32664121
32664633
32665145
32665657
32666169
32666681
32667193
32667705
32663098
32663610
32664122
32664634
32665146
32665658
32666170
32666682
32667194
32667706
32663099
32663611
32664123
32664635
32665147
32665659
32666171
32666683
32667195
32667707
32663100
32663612
32664124
32664636
32665148
32665660
32666172
32666684
32667196
32667708
15517310
15517822
15518334
15518846
15519358
15519870
15520382
15520894
15521406
15521918
15517311
15517823
15518335
15518847
15519359
15519871
15520383
15520895
15521407
15521919
15517312
15517824
15518336
15518848
15519360
15519872
15520384
15520896
15521408
15521920
15517313
15517825
15518337
15518849
15519361
15519873
15520385
15520897
15521409
15521921
15517314
15517826
15518338
15518850
15519362
15519874
15520386
15520898
15521410
15521922
15517315
15517827
15518339
15518851
15519363
15519875
15520387
15520899
15521411
15521923
15517316
15517828
15518340
15518852
15519364
15519876
15520388
15520900
15521412
15521924
15517317
15517829
15518341
15518853
15519365
15519877
15520389
15520901
15521413
15521925
15517318
15517830
15518342
15518854
15519366
15519878
15520390
15520902
15521414
15521926
15517319
15517831
15518343
15518855
15519367
15519879
15520391
15520903
15521415
15521927
6079914
6080426
6080938
6081450
6081962
6082474
6082986
6083498
6084010
6084522
6079915
6080427
6080939
6081451
6081963
6082475
6082987
6083499
6084011
6084523
6079916
6080428
6080940
6081452
6081964
6082476
6082988
6083500
6084012
6084524
6079917
6080429
6080941
6081453
6081965
6082477
6082989
6083501
6084013
6084525
6079918
6080430
6080942
6081454
6081966
6082478
6082990
6083502
6084014
6084526
6079919
6080431
6080943
6081455
6081967
6082479
6082991
6083503
6084015
6084527
6079920
6080432
6080944
6081456
6081968
6082480
6082992
6083504
6084016
6084528
6079921
6080433
6080945
6081457
6081969
6082481
6082993
6083505
6084017
6084529
6079922
6080434
6080946
6081458
6081970
6082482
6082994
6083506
6084018
6084530
6079923
6080435
6080947
6081459
6081971
6082483
6082995
6083507
6084019
6084531
42112946
42113458
42113970
42114482
42114994
42115506
42116018
42116530
42117042
42117554
42112947
42113459
42113971
42114483
42114995
42115507
42116019
42116531
42117043
42117555
42112948
42113460
42113972
42114484
42114996
42115508
42116020
42116532
42117044
42117556
42112949
42113461
42113973
42114485
42114997
42115509
42116021
42116533
42117045
42117557
42112950
42113462
42113974
42114486
42114998
42115510
42116022
42116534
42117046
42117558
42112951
42113463
42113975
42114487
42114999
42115511
42116023
42116535
42117047
42117559
42112952
42113464
42113976
42114488
42115000
42115512
42116024
42116536
42117048
42117560
42112953
42113465
42113977
42114489
42115001
42115513
42116025
42116537
42117049
42117561
42112954
42113466
42113978
42114490
42115002
42115514
42116026
42116538
42117050
42117562
42112955
42113467
42113979
42114491
42115003
42115515
42116027
42116539
42117051
42117563
10156771
10157283
10157795
10158307
10158819
10159331
10159843
10160355
10160867
10161379
10156772
10157284
10157796
10158308
10158820
10159332
10159844
10160356
10160868
10161380
10156773
10157285
10157797
10158309
10158821
10159333
10159845
10160357
10160869
10161381
10156774
10157286
10157798
10158310
10158822
10159334
10159846
10160358
10160870
10161382
10156775
10157287
10157799
10158311
10158823
10159335
10159847
10160359
10160871
10161383
10156776
10157288
10157800
10158312
10158824
10159336
10159848
10160360
10160872
10161384
10156777
10157289
10157801
10158313
10158825
10159337
10159849
10160361
10160873
10161385
10156778
10157290
10157802
10158314
10158826
10159338
10159850
10160362
10160874
10161386
10156779
10157291
10157803
10158315
10158827
10159339
10159851
10160363
10160875
10161387
10156780
10157292
10157804
10158316
10158828
10159340
10159852
10160364
10160876
10161388
51372020
51372532
51373044
51373556
51374068
51374580
51375092
51375604
51376116
51376628
51372021
51372533
51373045
51373557
51374069
51374581
51375093
51375605
51376117
51376629
51372022
51372534
51373046
51373558
51374070
51374582
51375094
51375606
51376118
51376630
51372023
51372535
51373047
51373559
51374071
51374583
51375095
51375607
51376119
51376631
51372024
51372536
51373048
51373560
51374072
51374584
51375096
51375608
51376120
51376632
51372025
51372537
51373049
51373561
51374073
51374585
51375097
51375609
51376121
51376633
51372026
51372538
51373050
51373562
51374074
51374586
51375098
51375610
51376122
51376634
51372027
51372539
51373051
51373563
51374075
51374587
51375099
51375611
51376123
51376635
51372028
51372540
51373052
51373564
51374076
51374588
51375100
51375612
51376124
51376636
51372029
51372541
51373053
51373565
51374077
51374589
51375101
51375613
51376125
51376637
56472735
56473247
56473759
56474271
56474783
56475295
56475807
56476319
56476831
56477343
56472736
56473248
56473760
56474272
56474784
56475296
56475808
56476320
56476832
56477344
56472737
56473249
56473761
56474273
56474785
56475297
56475809
56476321
56476833
56477345
56472738
56473250
56473762
56474274
56474786
56475298
56475810
56476322
56476834
56477346
56472739
56473251
56473763
56474275
56474787
56475299
56475811
56476323
56476835
56477347
56472740
56473252
56473764
56474276
56474788
56475300
56475812
56476324
56476836
56477348
56472741
56473253
56473765
56474277
56474789
56475301
56475813
56476325
56476837
56477349
56472742
56473254
56473766
56474278
56474790
56475302
56475814
56476326
56476838
56477350
56472743
56473255
56473767
56474279
56474791
56475303
56475815
56476327
56476839
56477351
56472744
56473256
56473768
56474280
56474792
56475304
56475816
56476328
56476840
56477352
22186333
22186845
22187357
22187869
22188381
22188893
22189405
22189917
22190429
22190941
22186334
22186846
22187358
22187870
22188382
22188894
22189406
22189918
22190430
22190942
22186335
22186847
22187359
22187871
22188383
22188895
22189407
22189919
22190431
22190943
22186336
22186848
22187360
22187872
22188384
22188896
22189408
22189920
22190432
22190944
22186337
22186849
22187361
22187873
22188385
22188897
22189409
22189921
22190433
22190945
22186338
22186850
22187362
22187874
22188386
22188898
22189410
22189922
22190434
22190946
22186339
22186851
22187363
22187875
22188387
22188899
22189411
22189923
22190435
22190947
22186340
22186852
22187364
22187876
22188388
22188900
22189412
22189924
22190436
22190948
22186341
22186853
22187365
22187877
22188389
22188901
22189413
22189925
22190437
22190949
22186342
22186854
22187366
22187878
22188390
22188902
22189414
22189926
22190438
22190950
1458561
1459073
1459585
1460097
1460609
1461121
1461633
1462145
1462657
1463169
1458562
1459074
1459586
1460098
1460610
1461122
1461634
1462146
1462658
1463170
1458563
1459075
1459587
1460099
1460611
1461123
1461635
1462147
1462659
1463171
1458564
1459076
1459588
1460100
1460612
1461124
1461636
1462148
1462660
1463172
1458565
1459077
1459589
1460101
1460613
1461125
1461637
1462149
1462661
1463173
1458566
1459078
1459590
1460102
1460614
1461126
1461638
1462150
1462662
1463174
1458567
1459079
1459591
1460103
1460615
1461127
1461639
1462151
1462663
1463175
1458568
1459080
1459592
1460104
1460616
1461128
1461640
1462152
1462664
1463176
1458569
1459081
1459593
1460105
1460617
1461129
1461641
1462153
1462665
1463177
1458570
1459082
1459594
1460106
1460618
1461130
1461642
1462154
1462666
1463178
2637497
2638009
2638521
2639033
2639545
2640057
2640569
2641081
2641593
2642105
2637498
2638010
2638522
2639034
2639546
2640058
2640570
2641082
2641594
2642106
2637499
2638011
2638523
2639035
2639547
2640059
2640571
2641083
2641595
2642107
2637500
2638012
2638524
2639036
2639548
2640060
2640572
2641084
2641596
2642108
2637501
2638013
2638525
2639037
2639549
2640061
2640573
2641085
2641597
2642109
2637502
2638014
2638526
2639038
2639550
2640062
2640574
2641086
2641598
2642110
2637503
2638015
2638527
2639039
2639551
2640063
2640575
2641087
2641599
2642111
2637504
2638016
2638528
2639040
2639552
2640064
2640576
2641088
2641600
2642112
2637505
2638017
2638529
2639041
2639553
2640065
2640577
2641089
2641601
2642113
2637506
2638018
2638530
2639042
2639554
2640066
2640578
2641090
2641602
2642114
