54626008
54626520
54627032
54627544
54628056
54628568
54629080
54629592
54630104
54630616
54626009
54626521
54627033
54627545
54628057
54628569
54629081
54629593
54630105
54630617
54626010
54626522
54627034
54627546
54628058
54628570
54629082
54629594
54630106
54630618
54626011
54626523
54627035
54627547
54628059
54628571
54629083
54629595
54630107
54630619
54626012
54626524
54627036
54627548
54628060
54628572
54629084
54629596
54630108
54630620
54626013
54626525
54627037
54627549
54628061
54628573
54629085
54629597
54630109
54630621
54626014
54626526
54627038
54627550
54628062
54628574
54629086
54629598
54630110
54630622
54626015
54626527
54627039
54627551
54628063
54628575
54629087
54629599
54630111
54630623
54626016
54626528
54627040
54627552
54628064
54628576
54629088
54629600
54630112
54630624
54626017
54626529
54627041
54627553
54628065
54628577
54629089
54629601
54630113
54630625
39475885
39476397
39476909
39477421
39477933
39478445
39478957
39479469
39479981
39480493
39475886
39476398
39476910
39477422
39477934
39478446
39478958
39479470
39479982
39480494
39475887
39476399
39476911
39477423
39477935
39478447
39478959
39479471
39479983
39480495
39475888
39476400
39476912
39477424
39477936
39478448
39478960
39479472
39479984
39480496
39475889
39476401
39476913
39477425
39477937
39478449
39478961
39479473
39479985
39480497
39475890
39476402
39476914
39477426
39477938
39478450
39478962
39479474
39479986
39480498
39475891
39476403
39476915
39477427
39477939
39478451
39478963
39479475
39479987
39480499
39475892
39476404
39476916
39477428
39477940
39478452
39478964
39479476
39479988
39480500
39475893
39476405
39476917
39477429
39477941
39478453
39478965
39479477
39479989
39480501
39475894
39476406
39476918
39477430
39477942
39478454
39478966
39479478
39479990
39480502
45395215
45395727
45396239
45396751
45397263
45397775
45398287
45398799
45399311
45399823
45395216
45395728
45396240
45396752
45397264
45397776
45398288
45398800
45399312
45399824
45395217
45395729
45396241
45396753
45397265
45397777
45398289
45398801
45399313
45399825
45395218
45395730
45396242
45396754
45397266
45397778
45398290
45398802
45399314
45399826
45395219
45395731
45396243
45396755
45397267
45397779
45398291
45398803
45399315
45399827
45395220
45395732
45396244
45396756
45397268
45397780
45398292
45398804
45399316
45399828
45395221
45395733
45396245
45396757
45397269
45397781
45398293
45398805
45399317
45399829
45395222
45395734
45396246
45396758
45397270
45397782
45398294
45398806
45399318
45399830
45395223
45395735
45396247
45396759
45397271
45397783
45398295
45398807
45399319
45399831
45395224
45395736
45396248
45396760
45397272
45397784
45398296
45398808
45399320
45399832
58821321
58821833
58822345
58822857
58823369
58823881
58824393
58824905
58825417
58825929
58821322
58821834
58822346
58822858
58823370
58823882
58824394
58824906
58825418
58825930
58821323
58821835
58822347
58822859
58823371
58823883
58824395
58824907
58825419
58825931
58821324
58821836
58822348
58822860
58823372
58823884
58824396
58824908
58825420
58825932
58821325
58821837
58822349
58822861
58823373
58823885
58824397
58824909
58825421
58825933
58821326
58821838
58822350
58822862
58823374
58823886
58824398
58824910
58825422
58825934
58821327
58821839
58822351
58822863
58823375
58823887
58824399
58824911
58825423
58825935
58821328
58821840
58822352
58822864
58823376
58823888
58824400
58824912
58825424
58825936
58821329
58821841
58822353
58822865
58823377
58823889
58824401
58824913
58825425
58825937
58821330
58821842
58822354
58822866
58823378
58823890
58824402
58824914
58825426
58825938
36525812
36526324
36526836
36527348
36527860
36528372
36528884
36529396
36529908
36530420
36525813
36526325
36526837
36527349
36527861
36528373
36528885
36529397
36529909
36530421
36525814
36526326
36526838
36527350
36527862
36528374
36528886
36529398
36529910
36530422
36525815
36526327
36526839
36527351
36527863
36528375
36528887
36529399
36529911
36530423
36525816
36526328
36526840
36527352
36527864
36528376
36528888
36529400
36529912
36530424
36525817
36526329
36526841
36527353
36527865
36528377
36528889
36529401
36529913
36530425
36525818
36526330
36526842
36527354
36527866
36528378
36528890
36529402
36529914
36530426
36525819
36526331
36526843
36527355
36527867
36528379
36528891
36529403
36529915
36530427
36525820
36526332
36526844
36527356
36527868
36528380
36528892
36529404
36529916
36530428
36525821
36526333
36526845
36527357
36527869
36528381
36528893
36529405
36529917
36530429
35194127
35194639
35195151
35195663
35196175
35196687
35197199
35197711
35198223
35198735
35194128
35194640
35195152
35195664
35196176
35196688
35197200
35197712
35198224
35198736
35194129
35194641
35195153
35195665
35196177
35196689
35197201
35197713
35198225
35198737
35194130
35194642
35195154
35195666
35196178
35196690
35197202
35197714
35198226
35198738
35194131
35194643
35195155
35195667
35196179
35196691
35197203
35197715
35198227
35198739
35194132
35194644
35195156
35195668
35196180
35196692
35197204
35197716
35198228
35198740
35194133
35194645
35195157
35195669
35196181
35196693
35197205
35197717
35198229
35198741
35194134
35194646
35195158
35195670
35196182
35196694
35197206
35197718
35198230
35198742
35194135
35194647
35195159
35195671
35196183
35196695
35197207
35197719
35198231
35198743
35194136
35194648
35195160
35195672
35196184
35196696
35197208
35197720
35198232
35198744
37806861
37807373
37807885
37808397
37808909
37809421
37809933
37810445
37810957
37811469
37806862
37807374
37807886
37808398
37808910
37809422
37809934
37810446
37810958
37811470
37806863
37807375
37807887
37808399
37808911
37809423
37809935
37810447
37810959
37811471
37806864
37807376
37807888
37808400
37808912
37809424
37809936
37810448
37810960
37811472
37806865
37807377
37807889
37808401
37808913
37809425
37809937
37810449
37810961
37811473
37806866
37807378
37807890
37808402
37808914
37809426
37809938
37810450
37810962
37811474
37806867
37807379
37807891
37808403
37808915
37809427
37809939
37810451
37810963
37811475
37806868
37807380
37807892
37808404
37808916
37809428
37809940
37810452
37810964
37811476
37806869
37807381
37807893
37808405
37808917
37809429
37809941
37810453
37810965
37811477
37806870
37807382
37807894
37808406
37808918
37809430
37809942
37810454
37810966
37811478
51985188
51985700
51986212
51986724
51987236
51987748
51988260
51988772
51989284
51989796
51985189
51985701
51986213
51986725
51987237
51987749
51988261
51988773
51989285
51989797
51985190
51985702
51986214
51986726
51987238
51987750
51988262
51988774
51989286
51989798
51985191
51985703
51986215
51986727
51987239
51987751
51988263
51988775
51989287
51989799
51985192
51985704
51986216
51986728
51987240
51987752
51988264
51988776
51989288
51989800
51985193
51985705
51986217
51986729
51987241
51987753
51988265
51988777
51989289
51989801
51985194
51985706
51986218
51986730
51987242
51987754
51988266
51988778
51989290
51989802
51985195
51985707
51986219
51986731
51987243
51987755
51988267
51988779
51989291
51989803
51985196
51985708
51986220
51986732
51987244
51987756
51988268
51988780
51989292
51989804
51985197
51985709
51986221
51986733
51987245
51987757
51988269
51988781
51989293
51989805
60376856
60377368
60377880
60378392
60378904
60379416
60379928
60380440
60380952
60381464
60376857
60377369
60377881
60378393
60378905
60379417
60379929
60380441
60380953
60381465
60376858
60377370
60377882
60378394
60378906
60379418
60379930
60380442
60380954
60381466
60376859
60377371
60377883
60378395
60378907
60379419
60379931
60380443
60380955
60381467
60376860
60377372
60377884
60378396
60378908
60379420
60379932
60380444
60380956
60381468
60376861
60377373
60377885
60378397
60378909
60379421
60379933
60380445
60380957
60381469
60376862
60377374
60377886
60378398
60378910
60379422
60379934
60380446
60380958
60381470
60376863
60377375
60377887
60378399
60378911
60379423
60379935
60380447
60380959
60381471
60376864
60377376
60377888
60378400
60378912
60379424
60379936
60380448
60380960
60381472
60376865
60377377
60377889
60378401
60378913
60379425
60379937
60380449
60380961
60381473
57292470
57292982
57293494
57294006
57294518
57295030
57295542
57296054
57296566
57297078
57292471
57292983
57293495
57294007
57294519
57295031
57295543
57296055
57296567
57297079
57292472
57292984
57293496
57294008
57294520
57295032
57295544
57296056
57296568
57297080
57292473
57292985
57293497
57294009
57294521
57295033
57295545
57296057
57296569
57297081
57292474
57292986
57293498
57294010
57294522
57295034
57295546
57296058
57296570
57297082
57292475
57292987
57293499
57294011
57294523
57295035
57295547
57296059
57296571
57297083
57292476
57292988
57293500
57294012
57294524
57295036
57295548
57296060
57296572
57297084
57292477
57292989
57293501
57294013
57294525
57295037
57295549
57296061
57296573
57297085
57292478
57292990
57293502
57294014
57294526
57295038
57295550
57296062
57296574
57297086
57292479
57292991
57293503
57294015
57294527
57295039
57295551
57296063
57296575
57297087
51963692
51964204
51964716
51965228
51965740
51966252
51966764
51967276
51967788
51968300
51963693
51964205
51964717
51965229
51965741
51966253
51966765
51967277
51967789
51968301
51963694
51964206
51964718
51965230
51965742
51966254
51966766
51967278
51967790
51968302
51963695
51964207
51964719
51965231
51965743
51966255
51966767
51967279
51967791
51968303
51963696
51964208
51964720
51965232
51965744
51966256
51966768
51967280
51967792
51968304
51963697
51964209
51964721
51965233
51965745
51966257
51966769
51967281
51967793
51968305
51963698
51964210
51964722
51965234
51965746
51966258
51966770
51967282
51967794
51968306
51963699
51964211
51964723
51965235
51965747
51966259
51966771
51967283
51967795
51968307
51963700
51964212
51964724
51965236
51965748
51966260
51966772
51967284
51967796
51968308
51963701
51964213
51964725
51965237
51965749
51966261
51966773
51967285
51967797
51968309
49384215
49384727
49385239
49385751
49386263
49386775
49387287
49387799
49388311
49388823
49384216
49384728
49385240
49385752
49386264
49386776
49387288
49387800
49388312
49388824
49384217
49384729
49385241
49385753
49386265
49386777
49387289
49387801
49388313
49388825
49384218
49384730
49385242
49385754
49386266
49386778
49387290
49387802
49388314
49388826
49384219
49384731
49385243
49385755
49386267
49386779
49387291
49387803
49388315
49388827
49384220
49384732
49385244
49385756
49386268
49386780
49387292
49387804
49388316
49388828
49384221
49384733
49385245
49385757
49386269
49386781
49387293
49387805
49388317
49388829
49384222
49384734
49385246
49385758
49386270
49386782
49387294
49387806
49388318
49388830
49384223
49384735
49385247
49385759
49386271
49386783
49387295
49387807
49388319
49388831
49384224
49384736
49385248
49385760
49386272
49386784
49387296
49387808
49388320
49388832
29987999
29988511
29989023
29989535
29990047
29990559
29991071
29991583
29992095
29992607
29988000
29988512
29989024
29989536
29990048
29990560
29991072
29991584
29992096
29992608
29988001
29988513
29989025
29989537
29990049
29990561
29991073
29991585
29992097
29992609
29988002
29988514
29989026
29989538
29990050
29990562
29991074
29991586
29992098
29992610
29988003
29988515
29989027
29989539
29990051
29990563
29991075
29991587
29992099
29992611
29988004
29988516
29989028
29989540
29990052
29990564
29991076
29991588
29992100
29992612
29988005
29988517
29989029
29989541
29990053
29990565
29991077
29991589
29992101
29992613
29988006
29988518
29989030
29989542
29990054
29990566
29991078
29991590
29992102
29992614
29988007
29988519
29989031
29989543
29990055
29990567
29991079
29991591
29992103
29992615
29988008
29988520
29989032
29989544
29990056
29990568
29991080
29991592
29992104
29992616
59087593
59088105
59088617
59089129
59089641
59090153
59090665
59091177
59091689
59092201
59087594
59088106
59088618
59089130
59089642
59090154
59090666
59091178
59091690
59092202
59087595
59088107
59088619
59089131
59089643
59090155
59090667
59091179
59091691
59092203
59087596
59088108
59088620
59089132
59089644
59090156
59090668
59091180
59091692
59092204
59087597
59088109
59088621
59089133
59089645
59090157
59090669
59091181
59091693
59092205
59087598
59088110
59088622
59089134
59089646
59090158
59090670
59091182
59091694
59092206
59087599
59088111
59088623
59089135
59089647
59090159
59090671
59091183
59091695
59092207
59087600
59088112
59088624
59089136
59089648
59090160
59090672
59091184
59091696
59092208
59087601
59088113
59088625
59089137
59089649
59090161
59090673
59091185
59091697
59092209
59087602
59088114
59088626
59089138
59089650
59090162
59090674
59091186
59091698
59092210
46572203
46572715
46573227
46573739
46574251
46574763
46575275
46575787
46576299
46576811
46572204
46572716
46573228
46573740
46574252
46574764
46575276
46575788
46576300
46576812
46572205
46572717
46573229
46573741
46574253
46574765
46575277
46575789
46576301
46576813
46572206
46572718
46573230
46573742
46574254
46574766
46575278
46575790
46576302
46576814
46572207
46572719
46573231
46573743
46574255
46574767
46575279
46575791
46576303
46576815
46572208
46572720
46573232
46573744
46574256
46574768
46575280
46575792
46576304
46576816
46572209
46572721
46573233
46573745
46574257
46574769
46575281
46575793
46576305
46576817
46572210
46572722
46573234
46573746
46574258
46574770
46575282
46575794
46576306
46576818
46572211
46572723
46573235
46573747
46574259
46574771
46575283
46575795
46576307
46576819
46572212
46572724
46573236
46573748
46574260
46574772
46575284
46575796
46576308
46576820
10065054
10065566
10066078
10066590
10067102
10067614
10068126
10068638
10069150
10069662
10065055
10065567
10066079
10066591
10067103
10067615
10068127
10068639
10069151
10069663
10065056
10065568
10066080
10066592
10067104
10067616
10068128
10068640
10069152
10069664
10065057
10065569
10066081
10066593
10067105
10067617
10068129
10068641
10069153
10069665
10065058
10065570
10066082
10066594
10067106
10067618
10068130
10068642
10069154
10069666
10065059
10065571
10066083
10066595
10067107
10067619
10068131
10068643
10069155
10069667
10065060
10065572
10066084
10066596
10067108
10067620
10068132
10068644
10069156
10069668
10065061
10065573
10066085
10066597
10067109
10067621
10068133
10068645
10069157
10069669
10065062
10065574
10066086
10066598
10067110
10067622
10068134
10068646
10069158
10069670
10065063
10065575
10066087
10066599
10067111
10067623
10068135
10068647
10069159
10069671
45160679
45161191
45161703
45162215
45162727
45163239
45163751
45164263
45164775
45165287
45160680
45161192
45161704
45162216
45162728
45163240
45163752
45164264
45164776
45165288
45160681
45161193
45161705
45162217
45162729
45163241
45163753
45164265
45164777
45165289
45160682
45161194
45161706
45162218
45162730
45163242
45163754
45164266
45164778
45165290
45160683
45161195
45161707
45162219
45162731
45163243
45163755
45164267
45164779
45165291
45160684
45161196
45161708
45162220
45162732
45163244
45163756
45164268
45164780
45165292
45160685
45161197
45161709
45162221
45162733
45163245
45163757
45164269
45164781
45165293
45160686
45161198
45161710
45162222
45162734
45163246
45163758
45164270
45164782
45165294
45160687
45161199
45161711
45162223
45162735
45163247
45163759
45164271
45164783
45165295
45160688
45161200
45161712
45162224
45162736
45163248
45163760
45164272
45164784
45165296
38104245
38104757
38105269
38105781
38106293
38106805
38107317
38107829
38108341
38108853
38104246
38104758
38105270
38105782
38106294
38106806
38107318
38107830
38108342
38108854
38104247
38104759
38105271
38105783
38106295
38106807
38107319
38107831
38108343
38108855
38104248
38104760
38105272
38105784
38106296
38106808
38107320
38107832
38108344
38108856
38104249
38104761
38105273
38105785
38106297
38106809
38107321
38107833
38108345
38108857
38104250
38104762
38105274
38105786
38106298
38106810
38107322
38107834
38108346
38108858
38104251
38104763
38105275
38105787
38106299
38106811
38107323
38107835
38108347
38108859
38104252
38104764
38105276
38105788
38106300
38106812
38107324
38107836
38108348
38108860
38104253
38104765
38105277
38105789
38106301
38106813
38107325
38107837
38108349
38108861
38104254
38104766
38105278
38105790
38106302
38106814
38107326
38107838
38108350
38108862
54590718
54591230
54591742
54592254
54592766
54593278
54593790
54594302
54594814
54595326
54590719
54591231
54591743
54592255
54592767
54593279
54593791
54594303
54594815
54595327
54590720
54591232
54591744
54592256
54592768
54593280
54593792
54594304
54594816
54595328
54590721
54591233
54591745
54592257
54592769
54593281
54593793
54594305
54594817
54595329
54590722
54591234
54591746
54592258
54592770
54593282
54593794
54594306
54594818
54595330
54590723
54591235
54591747
54592259
54592771
54593283
54593795
54594307
54594819
54595331
54590724
54591236
54591748
54592260
54592772
54593284
54593796
54594308
54594820
54595332
54590725
54591237
54591749
54592261
54592773
54593285
54593797
54594309
54594821
54595333
54590726
54591238
54591750
54592262
54592774
54593286
54593798
54594310
54594822
54595334
54590727
54591239
54591751
54592263
54592775
54593287
54593799
54594311
54594823
54595335
36798686
36799198
36799710
36800222
36800734
36801246
36801758
36802270
36802782
36803294
36798687
36799199
36799711
36800223
36800735
36801247
36801759
36802271
36802783
36803295
36798688
36799200
36799712
36800224
36800736
36801248
36801760
36802272
36802784
36803296
36798689
36799201
36799713
36800225
36800737
36801249
36801761
36802273
36802785
36803297
36798690
36799202
36799714
36800226
36800738
36801250
36801762
36802274
36802786
36803298
36798691
36799203
36799715
36800227
36800739
36801251
36801763
36802275
36802787
36803299
36798692
36799204
36799716
36800228
36800740
36801252
36801764
36802276
36802788
36803300
36798693
36799205
36799717
36800229
36800741
36801253
36801765
36802277
36802789
36803301
36798694
36799206
36799718
36800230
36800742
36801254
36801766
36802278
36802790
36803302
36798695
36799207
36799719
36800231
36800743
36801255
36801767
36802279
36802791
36803303
22076649
22077161
22077673
22078185
22078697
22079209
22079721
22080233
22080745
22081257
22076650
22077162
22077674
22078186
22078698
22079210
22079722
22080234
22080746
22081258
22076651
22077163
22077675
22078187
22078699
22079211
22079723
22080235
22080747
22081259
22076652
22077164
22077676
22078188
22078700
22079212
22079724
22080236
22080748
22081260
22076653
22077165
22077677
22078189
22078701
22079213
22079725
22080237
22080749
22081261
22076654
22077166
22077678
22078190
22078702
22079214
22079726
22080238
22080750
22081262
22076655
22077167
22077679
22078191
22078703
22079215
22079727
22080239
22080751
22081263
22076656
22077168
22077680
22078192
22078704
22079216
22079728
22080240
22080752
22081264
22076657
22077169
22077681
22078193
22078705
22079217
22079729
22080241
22080753
22081265
22076658
22077170
22077682
22078194
22078706
22079218
22079730
22080242
22080754
22081266
35754162
35754674
35755186
35755698
35756210
35756722
35757234
35757746
35758258
35758770
35754163
35754675
35755187
35755699
35756211
35756723
35757235
35757747
35758259
35758771
35754164
35754676
35755188
35755700
35756212
35756724
35757236
35757748
35758260
35758772
35754165
35754677
35755189
35755701
35756213
35756725
35757237
35757749
35758261
35758773
35754166
35754678
35755190
35755702
35756214
35756726
35757238
35757750
35758262
35758774
35754167
35754679
35755191
35755703
35756215
35756727
35757239
35757751
35758263
35758775
35754168
35754680
35755192
35755704
35756216
35756728
35757240
35757752
35758264
35758776
35754169
35754681
35755193
35755705
35756217
35756729
35757241
35757753
35758265
35758777
35754170
35754682
35755194
35755706
35756218
35756730
35757242
35757754
35758266
35758778
35754171
35754683
35755195
35755707
35756219
35756731
35757243
35757755
35758267
35758779
46236367
46236879
46237391
46237903
46238415
46238927
46239439
46239951
46240463
46240975
46236368
46236880
46237392
46237904
46238416
46238928
46239440
46239952
46240464
46240976
46236369
46236881
46237393
46237905
46238417
46238929
46239441
46239953
46240465
46240977
46236370
46236882
46237394
46237906
46238418
46238930
46239442
46239954
46240466
46240978
46236371
46236883
46237395
46237907
46238419
46238931
46239443
46239955
46240467
46240979
46236372
46236884
46237396
46237908
46238420
46238932
46239444
46239956
46240468
46240980
46236373
46236885
46237397
46237909
46238421
46238933
46239445
46239957
46240469
46240981
46236374
46236886
46237398
46237910
46238422
46238934
46239446
46239958
46240470
46240982
46236375
46236887
46237399
46237911
46238423
46238935
46239447
46239959
46240471
46240983
46236376
46236888
46237400
46237912
46238424
46238936
46239448
46239960
46240472
46240984
43601639
43602151
43602663
43603175
43603687
43604199
43604711
43605223
43605735
43606247
43601640
43602152
43602664
43603176
43603688
43604200
43604712
43605224
43605736
43606248
43601641
43602153
43602665
43603177
43603689
43604201
43604713
43605225
43605737
43606249
43601642
43602154
43602666
43603178
43603690
43604202
43604714
43605226
43605738
43606250
43601643
43602155
43602667
43603179
43603691
43604203
43604715
43605227
43605739
43606251
43601644
43602156
43602668
43603180
43603692
43604204
43604716
43605228
43605740
43606252
43601645
43602157
43602669
43603181
43603693
43604205
43604717
43605229
43605741
43606253
43601646
43602158
43602670
43603182
43603694
43604206
43604718
43605230
43605742
43606254
43601647
43602159
43602671
43603183
43603695
43604207
43604719
43605231
43605743
43606255
43601648
43602160
43602672
43603184
43603696
43604208
43604720
43605232
43605744
43606256
41065628
41066140
41066652
41067164
41067676
41068188
41068700
41069212
41069724
41070236
41065629
41066141
41066653
41067165
41067677
41068189
41068701
41069213
41069725
41070237
41065630
41066142
41066654
41067166
41067678
41068190
41068702
41069214
41069726
41070238
41065631
41066143
41066655
41067167
41067679
41068191
41068703
41069215
41069727
41070239
41065632
41066144
41066656
41067168
41067680
41068192
41068704
41069216
41069728
41070240
41065633
41066145
41066657
41067169
41067681
41068193
41068705
41069217
41069729
41070241
41065634
41066146
41066658
41067170
41067682
41068194
41068706
41069218
41069730
41070242
41065635
41066147
41066659
41067171
41067683
41068195
41068707
41069219
41069731
41070243
41065636
41066148
41066660
41067172
41067684
41068196
41068708
41069220
41069732
41070244
41065637
41066149
41066661
41067173
41067685
41068197
41068709
41069221
41069733
41070245
50642712
50643224
50643736
50644248
50644760
50645272
50645784
50646296
50646808
50647320
50642713
50643225
50643737
50644249
50644761
50645273
50645785
50646297
50646809
50647321
50642714
50643226
50643738
50644250
50644762
50645274
50645786
50646298
50646810
50647322
50642715
50643227
50643739
50644251
50644763
50645275
50645787
50646299
50646811
50647323
50642716
50643228
50643740
50644252
50644764
50645276
50645788
50646300
50646812
50647324
50642717
50643229
50643741
50644253
50644765
50645277
50645789
50646301
50646813
50647325
50642718
50643230
50643742
50644254
50644766
50645278
50645790
50646302
50646814
50647326
50642719
50643231
50643743
50644255
50644767
50645279
50645791
50646303
50646815
50647327
50642720
50643232
50643744
50644256
50644768
50645280
50645792
50646304
50646816
50647328
50642721
50643233
50643745
50644257
50644769
50645281
50645793
50646305
50646817
50647329
55450355
55450867
55451379
55451891
55452403
55452915
55453427
55453939
55454451
55454963
55450356
55450868
55451380
55451892
55452404
55452916
55453428
55453940
55454452
55454964
55450357
55450869
55451381
55451893
55452405
55452917
55453429
55453941
55454453
55454965
55450358
55450870
55451382
55451894
55452406
55452918
55453430
55453942
55454454
55454966
55450359
55450871
55451383
55451895
55452407
55452919
55453431
55453943
55454455
55454967
55450360
55450872
55451384
55451896
55452408
55452920
55453432
55453944
55454456
55454968
55450361
55450873
55451385
55451897
55452409
55452921
55453433
55453945
55454457
55454969
55450362
55450874
55451386
55451898
55452410
55452922
55453434
55453946
55454458
55454970
55450363
55450875
55451387
55451899
55452411
55452923
55453435
55453947
55454459
55454971
55450364
55450876
55451388
55451900
55452412
55452924
55453436
55453948
55454460
55454972
28636394
28636906
28637418
28637930
28638442
28638954
28639466
28639978
28640490
28641002
28636395
28636907
28637419
28637931
28638443
28638955
28639467
28639979
28640491
28641003
28636396
28636908
28637420
28637932
28638444
28638956
28639468
28639980
28640492
28641004
28636397
28636909
28637421
28637933
28638445
28638957
28639469
28639981
28640493
28641005
28636398
28636910
28637422
28637934
28638446
28638958
28639470
28639982
28640494
28641006
28636399
28636911
28637423
28637935
28638447
28638959
28639471
28639983
28640495
28641007
28636400
28636912
28637424
28637936
28638448
28638960
28639472
28639984
28640496
28641008
28636401
28636913
28637425
28637937
28638449
28638961
28639473
28639985
28640497
28641009
28636402
28636914
28637426
28637938
28638450
28638962
28639474
28639986
28640498
28641010
28636403
28636915
28637427
28637939
28638451
28638963
28639475
28639987
28640499
28641011
54072007
54072519
54073031
54073543
54074055
54074567
54075079
54075591
54076103
54076615
54072008
54072520
54073032
54073544
54074056
54074568
54075080
54075592
54076104
54076616
54072009
54072521
54073033
54073545
54074057
54074569
54075081
54075593
54076105
54076617
54072010
54072522
54073034
54073546
54074058
54074570
54075082
54075594
54076106
54076618
54072011
54072523
54073035
54073547
54074059
54074571
54075083
54075595
54076107
54076619
54072012
54072524
54073036
54073548
54074060
54074572
54075084
54075596
54076108
54076620
54072013
54072525
54073037
54073549
54074061
54074573
54075085
54075597
54076109
54076621
54072014
54072526
54073038
54073550
54074062
54074574
54075086
54075598
54076110
54076622
54072015
54072527
54073039
54073551
54074063
54074575
54075087
54075599
54076111
54076623
54072016
54072528
54073040
54073552
54074064
54074576
54075088
54075600
54076112
54076624
55406347
55406859
55407371
55407883
55408395
55408907
55409419
55409931
55410443
55410955
55406348
55406860
55407372
55407884
55408396
55408908
55409420
55409932
55410444
55410956
55406349
55406861
55407373
55407885
55408397
55408909
55409421
55409933
55410445
55410957
55406350
55406862
55407374
55407886
55408398
55408910
55409422
55409934
55410446
55410958
55406351
55406863
55407375
55407887
55408399
55408911
55409423
55409935
55410447
55410959
55406352
55406864
55407376
55407888
55408400
55408912
55409424
55409936
55410448
55410960
55406353
55406865
55407377
55407889
55408401
55408913
55409425
55409937
55410449
55410961
55406354
55406866
55407378
55407890
55408402
55408914
55409426
55409938
55410450
55410962
55406355
55406867
55407379
55407891
55408403
55408915
55409427
55409939
55410451
55410963
55406356
55406868
55407380
55407892
55408404
55408916
55409428
55409940
55410452
55410964
