31242415
31242927
31243439
31243951
31244463
31244975
31245487
31245999
31246511
31247023
31242416
31242928
31243440
31243952
31244464
31244976
31245488
31246000
31246512
31247024
31242417
31242929
31243441
31243953
31244465
31244977
31245489
31246001
31246513
31247025
31242418
31242930
31243442
31243954
31244466
31244978
31245490
31246002
31246514
31247026
31242419
31242931
31243443
31243955
31244467
31244979
31245491
31246003
31246515
31247027
31242420
31242932
31243444
31243956
31244468
31244980
31245492
31246004
31246516
31247028
31242421
31242933
31243445
31243957
31244469
31244981
31245493
31246005
31246517
31247029
31242422
31242934
31243446
31243958
31244470
31244982
31245494
31246006
31246518
31247030
31242423
31242935
31243447
31243959
31244471
31244983
31245495
31246007
31246519
31247031
31242424
31242936
31243448
31243960
31244472
31244984
31245496
31246008
31246520
31247032
35082045
35082557
35083069
35083581
35084093
35084605
35085117
35085629
35086141
35086653
35082046
35082558
35083070
35083582
35084094
35084606
35085118
35085630
35086142
35086654
35082047
35082559
35083071
35083583
35084095
35084607
35085119
35085631
35086143
35086655
35082048
35082560
35083072
35083584
35084096
35084608
35085120
35085632
35086144
35086656
35082049
35082561
35083073
35083585
35084097
35084609
35085121
35085633
35086145
35086657
35082050
35082562
35083074
35083586
35084098
35084610
35085122
35085634
35086146
35086658
35082051
35082563
35083075
35083587
35084099
35084611
35085123
35085635
35086147
35086659
35082052
35082564
35083076
35083588
35084100
35084612
35085124
35085636
35086148
35086660
35082053
35082565
35083077
35083589
35084101
35084613
35085125
35085637
35086149
35086661
35082054
35082566
35083078
35083590
35084102
35084614
35085126
35085638
35086150
35086662
39788197
39788709
39789221
39789733
39790245
39790757
39791269
39791781
39792293
39792805
39788198
39788710
39789222
39789734
39790246
39790758
39791270
39791782
39792294
39792806
39788199
39788711
39789223
39789735
39790247
39790759
39791271
39791783
39792295
39792807
39788200
39788712
39789224
39789736
39790248
39790760
39791272
39791784
39792296
39792808
39788201
39788713
39789225
39789737
39790249
39790761
39791273
39791785
39792297
39792809
39788202
39788714
39789226
39789738
39790250
39790762
39791274
39791786
39792298
39792810
39788203
39788715
39789227
39789739
39790251
39790763
39791275
39791787
39792299
39792811
39788204
39788716
39789228
39789740
39790252
39790764
39791276
39791788
39792300
39792812
39788205
39788717
39789229
39789741
39790253
39790765
39791277
39791789
39792301
39792813
39788206
39788718
39789230
39789742
39790254
39790766
39791278
39791790
39792302
39792814
50738955
50739467
50739979
50740491
50741003
50741515
50742027
50742539
50743051
50743563
50738956
50739468
50739980
50740492
50741004
50741516
50742028
50742540
50743052
50743564
50738957
50739469
50739981
50740493
50741005
50741517
50742029
50742541
50743053
50743565
50738958
50739470
50739982
50740494
50741006
50741518
50742030
50742542
50743054
50743566
50738959
50739471
50739983
50740495
50741007
50741519
50742031
50742543
50743055
50743567
50738960
50739472
50739984
50740496
50741008
50741520
50742032
50742544
50743056
50743568
50738961
50739473
50739985
50740497
50741009
50741521
50742033
50742545
50743057
50743569
50738962
50739474
50739986
50740498
50741010
50741522
50742034
50742546
50743058
50743570
50738963
50739475
50739987
50740499
50741011
50741523
50742035
50742547
50743059
50743571
50738964
50739476
50739988
50740500
50741012
50741524
50742036
50742548
50743060
50743572
7592054
7592566
7593078
7593590
7594102
7594614
7595126
7595638
7596150
7596662
7592055
7592567
7593079
7593591
7594103
7594615
7595127
7595639
7596151
7596663
7592056
7592568
7593080
7593592
7594104
7594616
7595128
7595640
7596152
7596664
7592057
7592569
7593081
7593593
7594105
7594617
7595129
7595641
7596153
7596665
7592058
7592570
7593082
7593594
7594106
7594618
7595130
7595642
7596154
7596666
7592059
7592571
7593083
7593595
7594107
7594619
7595131
7595643
7596155
7596667
7592060
7592572
7593084
7593596
7594108
7594620
7595132
7595644
7596156
7596668
7592061
7592573
7593085
7593597
7594109
7594621
7595133
7595645
7596157
7596669
7592062
7592574
7593086
7593598
7594110
7594622
7595134
7595646
7596158
7596670
7592063
7592575
7593087
7593599
7594111
7594623
7595135
7595647
7596159
7596671
57613404
57613916
57614428
57614940
57615452
57615964
57616476
57616988
57617500
57618012
57613405
57613917
57614429
57614941
57615453
57615965
57616477
57616989
57617501
57618013
57613406
57613918
57614430
57614942
57615454
57615966
57616478
57616990
57617502
57618014
57613407
57613919
57614431
57614943
57615455
57615967
57616479
57616991
57617503
57618015
57613408
57613920
57614432
57614944
57615456
57615968
57616480
57616992
57617504
57618016
57613409
57613921
57614433
57614945
57615457
57615969
57616481
57616993
57617505
57618017
57613410
57613922
57614434
57614946
57615458
57615970
57616482
57616994
57617506
57618018
57613411
57613923
57614435
57614947
57615459
57615971
57616483
57616995
57617507
57618019
57613412
57613924
57614436
57614948
57615460
57615972
57616484
57616996
57617508
57618020
57613413
57613925
57614437
57614949
57615461
57615973
57616485
57616997
57617509
57618021
21570432
21570944
21571456
21571968
21572480
21572992
21573504
21574016
21574528
21575040
21570433
21570945
21571457
21571969
21572481
21572993
21573505
21574017
21574529
21575041
21570434
21570946
21571458
21571970
21572482
21572994
21573506
21574018
21574530
21575042
21570435
21570947
21571459
21571971
21572483
21572995
21573507
21574019
21574531
21575043
21570436
21570948
21571460
21571972
21572484
21572996
21573508
21574020
21574532
21575044
21570437
21570949
21571461
21571973
21572485
21572997
21573509
21574021
21574533
21575045
21570438
21570950
21571462
21571974
21572486
21572998
21573510
21574022
21574534
21575046
21570439
21570951
21571463
21571975
21572487
21572999
21573511
21574023
21574535
21575047
21570440
21570952
21571464
21571976
21572488
21573000
21573512
21574024
21574536
21575048
21570441
21570953
21571465
21571977
21572489
21573001
21573513
21574025
21574537
21575049
27217663
27218175
27218687
27219199
27219711
27220223
27220735
27221247
27221759
27222271
27217664
27218176
27218688
27219200
27219712
27220224
27220736
27221248
27221760
27222272
27217665
27218177
27218689
27219201
27219713
27220225
27220737
27221249
27221761
27222273
27217666
27218178
27218690
27219202
27219714
27220226
27220738
27221250
27221762
27222274
27217667
27218179
27218691
27219203
27219715
27220227
27220739
27221251
27221763
27222275
27217668
27218180
27218692
27219204
27219716
27220228
27220740
27221252
27221764
27222276
27217669
27218181
27218693
27219205
27219717
27220229
27220741
27221253
27221765
27222277
27217670
27218182
27218694
27219206
27219718
27220230
27220742
27221254
27221766
27222278
27217671
27218183
27218695
27219207
27219719
27220231
27220743
27221255
27221767
27222279
27217672
27218184
27218696
27219208
27219720
27220232
27220744
27221256
27221768
27222280
4660932
4661444
4661956
4662468
4662980
4663492
4664004
4664516
4665028
4665540
4660933
4661445
4661957
4662469
4662981
4663493
4664005
4664517
4665029
4665541
4660934
4661446
4661958
4662470
4662982
4663494
4664006
4664518
4665030
4665542
4660935
4661447
4661959
4662471
4662983
4663495
4664007
4664519
4665031
4665543
4660936
4661448
4661960
4662472
4662984
4663496
4664008
4664520
4665032
4665544
4660937
4661449
4661961
4662473
4662985
4663497
4664009
4664521
4665033
4665545
4660938
4661450
4661962
4662474
4662986
4663498
4664010
4664522
4665034
4665546
4660939
4661451
4661963
4662475
4662987
4663499
4664011
4664523
4665035
4665547
4660940
4661452
4661964
4662476
4662988
4663500
4664012
4664524
4665036
4665548
4660941
4661453
4661965
4662477
4662989
4663501
4664013
4664525
4665037
4665549
7826350
7826862
7827374
7827886
7828398
7828910
7829422
7829934
7830446
7830958
7826351
7826863
7827375
7827887
7828399
7828911
7829423
7829935
7830447
7830959
7826352
7826864
7827376
7827888
7828400
7828912
7829424
7829936
7830448
7830960
7826353
7826865
7827377
7827889
7828401
7828913
7829425
7829937
7830449
7830961
7826354
7826866
7827378
7827890
7828402
7828914
7829426
7829938
7830450
7830962
7826355
7826867
7827379
7827891
7828403
7828915
7829427
7829939
7830451
7830963
7826356
7826868
7827380
7827892
7828404
7828916
7829428
7829940
7830452
7830964
7826357
7826869
7827381
7827893
7828405
7828917
7829429
7829941
7830453
7830965
7826358
7826870
7827382
7827894
7828406
7828918
7829430
7829942
7830454
7830966
7826359
7826871
7827383
7827895
7828407
7828919
7829431
7829943
7830455
7830967
63530134
63530646
63531158
63531670
63532182
63532694
63533206
63533718
63534230
63534742
63530135
63530647
63531159
63531671
63532183
63532695
63533207
63533719
63534231
63534743
63530136
63530648
63531160
63531672
63532184
63532696
63533208
63533720
63534232
63534744
63530137
63530649
63531161
63531673
63532185
63532697
63533209
63533721
63534233
63534745
63530138
63530650
63531162
63531674
63532186
63532698
63533210
63533722
63534234
63534746
63530139
63530651
63531163
63531675
63532187
63532699
63533211
63533723
63534235
63534747
63530140
63530652
63531164
63531676
63532188
63532700
63533212
63533724
63534236
63534748
63530141
63530653
63531165
63531677
63532189
63532701
63533213
63533725
63534237
63534749
63530142
63530654
63531166
63531678
63532190
63532702
63533214
63533726
63534238
63534750
63530143
63530655
63531167
63531679
63532191
63532703
63533215
63533727
63534239
63534751
64038985
64039497
64040009
64040521
64041033
64041545
64042057
64042569
64043081
64043593
64038986
64039498
64040010
64040522
64041034
64041546
64042058
64042570
64043082
64043594
64038987
64039499
64040011
64040523
64041035
64041547
64042059
64042571
64043083
64043595
64038988
64039500
64040012
64040524
64041036
64041548
64042060
64042572
64043084
64043596
64038989
64039501
64040013
64040525
64041037
64041549
64042061
64042573
64043085
64043597
64038990
64039502
64040014
64040526
64041038
64041550
64042062
64042574
64043086
64043598
64038991
64039503
64040015
64040527
64041039
64041551
64042063
64042575
64043087
64043599
64038992
64039504
64040016
64040528
64041040
64041552
64042064
64042576
64043088
64043600
64038993
64039505
64040017
64040529
64041041
64041553
64042065
64042577
64043089
64043601
64038994
64039506
64040018
64040530
64041042
64041554
64042066
64042578
64043090
64043602
16435649
16436161
16436673
16437185
16437697
16438209
16438721
16439233
16439745
16440257
16435650
16436162
16436674
16437186
16437698
16438210
16438722
16439234
16439746
16440258
16435651
16436163
16436675
16437187
16437699
16438211
16438723
16439235
16439747
16440259
16435652
16436164
16436676
16437188
16437700
16438212
16438724
16439236
16439748
16440260
16435653
16436165
16436677
16437189
16437701
16438213
16438725
16439237
16439749
16440261
16435654
16436166
16436678
16437190
16437702
16438214
16438726
16439238
16439750
16440262
16435655
16436167
16436679
16437191
16437703
16438215
16438727
16439239
16439751
16440263
16435656
16436168
16436680
16437192
16437704
16438216
16438728
16439240
16439752
16440264
16435657
16436169
16436681
16437193
16437705
16438217
16438729
16439241
16439753
16440265
16435658
16436170
16436682
16437194
16437706
16438218
16438730
16439242
16439754
16440266
45812590
45813102
45813614
45814126
45814638
45815150
45815662
45816174
45816686
45817198
45812591
45813103
45813615
45814127
45814639
45815151
45815663
45816175
45816687
45817199
45812592
45813104
45813616
45814128
45814640
45815152
45815664
45816176
45816688
45817200
45812593
45813105
45813617
45814129
45814641
45815153
45815665
45816177
45816689
45817201
45812594
45813106
45813618
45814130
45814642
45815154
45815666
45816178
45816690
45817202
45812595
45813107
45813619
45814131
45814643
45815155
45815667
45816179
45816691
45817203
45812596
45813108
45813620
45814132
45814644
45815156
45815668
45816180
45816692
45817204
45812597
45813109
45813621
45814133
45814645
45815157
45815669
45816181
45816693
45817205
45812598
45813110
45813622
45814134
45814646
45815158
45815670
45816182
45816694
45817206
45812599
45813111
45813623
45814135
45814647
45815159
45815671
45816183
45816695
45817207
62373519
62374031
62374543
62375055
62375567
62376079
62376591
62377103
62377615
62378127
62373520
62374032
62374544
62375056
62375568
62376080
62376592
62377104
62377616
62378128
62373521
62374033
62374545
62375057
62375569
62376081
62376593
62377105
62377617
62378129
62373522
62374034
62374546
62375058
62375570
62376082
62376594
62377106
62377618
62378130
62373523
62374035
62374547
62375059
62375571
62376083
62376595
62377107
62377619
62378131
62373524
62374036
62374548
62375060
62375572
62376084
62376596
62377108
62377620
62378132
62373525
62374037
62374549
62375061
62375573
62376085
62376597
62377109
62377621
62378133
62373526
62374038
62374550
62375062
62375574
62376086
62376598
62377110
62377622
62378134
62373527
62374039
62374551
62375063
62375575
62376087
62376599
62377111
62377623
62378135
62373528
62374040
62374552
62375064
62375576
62376088
62376600
62377112
62377624
62378136
54126619
54127131
54127643
54128155
54128667
54129179
54129691
54130203
54130715
54131227
54126620
54127132
54127644
54128156
54128668
54129180
54129692
54130204
54130716
54131228
54126621
54127133
54127645
54128157
54128669
54129181
54129693
54130205
54130717
54131229
54126622
54127134
54127646
54128158
54128670
54129182
54129694
54130206
54130718
54131230
54126623
54127135
54127647
54128159
54128671
54129183
54129695
54130207
54130719
54131231
54126624
54127136
54127648
54128160
54128672
54129184
54129696
54130208
54130720
54131232
54126625
54127137
54127649
54128161
54128673
54129185
54129697
54130209
54130721
54131233
54126626
54127138
54127650
54128162
54128674
54129186
54129698
54130210
54130722
54131234
54126627
54127139
54127651
54128163
54128675
54129187
54129699
54130211
54130723
54131235
54126628
54127140
54127652
54128164
54128676
54129188
54129700
54130212
54130724
54131236
63141986
63142498
63143010
63143522
63144034
63144546
63145058
63145570
63146082
63146594
63141987
63142499
63143011
63143523
63144035
63144547
63145059
63145571
63146083
63146595
63141988
63142500
63143012
63143524
63144036
63144548
63145060
63145572
63146084
63146596
63141989
63142501
63143013
63143525
63144037
63144549
63145061
63145573
63146085
63146597
63141990
63142502
63143014
63143526
63144038
63144550
63145062
63145574
63146086
63146598
63141991
63142503
63143015
63143527
63144039
63144551
63145063
63145575
63146087
63146599
63141992
63142504
63143016
63143528
63144040
63144552
63145064
63145576
63146088
63146600
63141993
63142505
63143017
63143529
63144041
63144553
63145065
63145577
63146089
63146601
63141994
63142506
63143018
63143530
63144042
63144554
63145066
63145578
63146090
63146602
63141995
63142507
63143019
63143531
63144043
63144555
63145067
63145579
63146091
63146603
7581218
7581730
7582242
7582754
7583266
7583778
7584290
7584802
7585314
7585826
7581219
7581731
7582243
7582755
7583267
7583779
7584291
7584803
7585315
7585827
7581220
7581732
7582244
7582756
7583268
7583780
7584292
7584804
7585316
7585828
7581221
7581733
7582245
7582757
7583269
7583781
7584293
7584805
7585317
7585829
7581222
7581734
7582246
7582758
7583270
7583782
7584294
7584806
7585318
7585830
7581223
7581735
7582247
7582759
7583271
7583783
7584295
7584807
7585319
7585831
7581224
7581736
7582248
7582760
7583272
7583784
7584296
7584808
7585320
7585832
7581225
7581737
7582249
7582761
7583273
7583785
7584297
7584809
7585321
7585833
7581226
7581738
7582250
7582762
7583274
7583786
7584298
7584810
7585322
7585834
7581227
7581739
7582251
7582763
7583275
7583787
7584299
7584811
7585323
7585835
52328859
52329371
52329883
52330395
52330907
52331419
52331931
52332443
52332955
52333467
52328860
52329372
52329884
52330396
52330908
52331420
52331932
52332444
52332956
52333468
52328861
52329373
52329885
52330397
52330909
52331421
52331933
52332445
52332957
52333469
52328862
52329374
52329886
52330398
52330910
52331422
52331934
52332446
52332958
52333470
52328863
52329375
52329887
52330399
52330911
52331423
52331935
52332447
52332959
52333471
52328864
52329376
52329888
52330400
52330912
52331424
52331936
52332448
52332960
52333472
52328865
52329377
52329889
52330401
52330913
52331425
52331937
52332449
52332961
52333473
52328866
52329378
52329890
52330402
52330914
52331426
52331938
52332450
52332962
52333474
52328867
52329379
52329891
52330403
52330915
52331427
52331939
52332451
52332963
52333475
52328868
52329380
52329892
52330404
52330916
52331428
52331940
52332452
52332964
52333476
50936809
50937321
50937833
50938345
50938857
50939369
50939881
50940393
50940905
50941417
50936810
50937322
50937834
50938346
50938858
50939370
50939882
50940394
50940906
50941418
50936811
50937323
50937835
50938347
50938859
50939371
50939883
50940395
50940907
50941419
50936812
50937324
50937836
50938348
50938860
50939372
50939884
50940396
50940908
50941420
50936813
50937325
50937837
50938349
50938861
50939373
50939885
50940397
50940909
50941421
50936814
50937326
50937838
50938350
50938862
50939374
50939886
50940398
50940910
50941422
50936815
50937327
50937839
50938351
50938863
50939375
50939887
50940399
50940911
50941423
50936816
50937328
50937840
50938352
50938864
50939376
50939888
50940400
50940912
50941424
50936817
50937329
50937841
50938353
50938865
50939377
50939889
50940401
50940913
50941425
50936818
50937330
50937842
50938354
50938866
50939378
50939890
50940402
50940914
50941426
39868642
39869154
39869666
39870178
39870690
39871202
39871714
39872226
39872738
39873250
39868643
39869155
39869667
39870179
39870691
39871203
39871715
39872227
39872739
39873251
39868644
39869156
39869668
39870180
39870692
39871204
39871716
39872228
39872740
39873252
39868645
39869157
39869669
39870181
39870693
39871205
39871717
39872229
39872741
39873253
39868646
39869158
39869670
39870182
39870694
39871206
39871718
39872230
39872742
39873254
39868647
39869159
39869671
39870183
39870695
39871207
39871719
39872231
39872743
39873255
39868648
39869160
39869672
39870184
39870696
39871208
39871720
39872232
39872744
39873256
39868649
39869161
39869673
39870185
39870697
39871209
39871721
39872233
39872745
39873257
39868650
39869162
39869674
39870186
39870698
39871210
39871722
39872234
39872746
39873258
39868651
39869163
39869675
39870187
39870699
39871211
39871723
39872235
39872747
39873259
3217093
3217605
3218117
3218629
3219141
3219653
3220165
3220677
3221189
3221701
3217094
3217606
3218118
3218630
3219142
3219654
3220166
3220678
3221190
3221702
3217095
3217607
3218119
3218631
3219143
3219655
3220167
3220679
3221191
3221703
3217096
3217608
3218120
3218632
3219144
3219656
3220168
3220680
3221192
3221704
3217097
3217609
3218121
3218633
3219145
3219657
3220169
3220681
3221193
3221705
3217098
3217610
3218122
3218634
3219146
3219658
3220170
3220682
3221194
3221706
3217099
3217611
3218123
3218635
3219147
3219659
3220171
3220683
3221195
3221707
3217100
3217612
3218124
3218636
3219148
3219660
3220172
3220684
3221196
3221708
3217101
3217613
3218125
3218637
3219149
3219661
3220173
3220685
3221197
3221709
3217102
3217614
3218126
3218638
3219150
3219662
3220174
3220686
3221198
3221710
30298949
30299461
30299973
30300485
30300997
30301509
30302021
30302533
30303045
30303557
30298950
30299462
30299974
30300486
30300998
30301510
30302022
30302534
30303046
30303558
30298951
30299463
30299975
30300487
30300999
30301511
30302023
30302535
30303047
30303559
30298952
30299464
30299976
30300488
30301000
30301512
30302024
30302536
30303048
30303560
30298953
30299465
30299977
30300489
30301001
30301513
30302025
30302537
30303049
30303561
30298954
30299466
30299978
30300490
30301002
30301514
30302026
30302538
30303050
30303562
30298955
30299467
30299979
30300491
30301003
30301515
30302027
30302539
30303051
30303563
30298956
30299468
30299980
30300492
30301004
30301516
30302028
30302540
30303052
30303564
30298957
30299469
30299981
30300493
30301005
30301517
30302029
30302541
30303053
30303565
30298958
30299470
30299982
30300494
30301006
30301518
30302030
30302542
30303054
30303566
51607260
51607772
51608284
51608796
51609308
51609820
51610332
51610844
51611356
51611868
51607261
51607773
51608285
51608797
51609309
51609821
51610333
51610845
51611357
51611869
51607262
51607774
51608286
51608798
51609310
51609822
51610334
51610846
51611358
51611870
51607263
51607775
51608287
51608799
51609311
51609823
51610335
51610847
51611359
51611871
51607264
51607776
51608288
51608800
51609312
51609824
51610336
51610848
51611360
51611872
51607265
51607777
51608289
51608801
51609313
51609825
51610337
51610849
51611361
51611873
51607266
51607778
51608290
51608802
51609314
51609826
51610338
51610850
51611362
51611874
51607267
51607779
51608291
51608803
51609315
51609827
51610339
51610851
51611363
51611875
51607268
51607780
51608292
51608804
51609316
51609828
51610340
51610852
51611364
51611876
51607269
51607781
51608293
51608805
51609317
51609829
51610341
51610853
51611365
51611877
66569660
66570172
66570684
66571196
66571708
66572220
66572732
66573244
66573756
66574268
66569661
66570173
66570685
66571197
66571709
66572221
66572733
66573245
66573757
66574269
66569662
66570174
66570686
66571198
66571710
66572222
66572734
66573246
66573758
66574270
66569663
66570175
66570687
66571199
66571711
66572223
66572735
66573247
66573759
66574271
66569664
66570176
66570688
66571200
66571712
66572224
66572736
66573248
66573760
66574272
66569665
66570177
66570689
66571201
66571713
66572225
66572737
66573249
66573761
66574273
66569666
66570178
66570690
66571202
66571714
66572226
66572738
66573250
66573762
66574274
66569667
66570179
66570691
66571203
66571715
66572227
66572739
66573251
66573763
66574275
66569668
66570180
66570692
66571204
66571716
66572228
66572740
66573252
66573764
66574276
66569669
66570181
66570693
66571205
66571717
66572229
66572741
66573253
66573765
66574277
815447
815959
816471
816983
817495
818007
818519
819031
819543
820055
815448
815960
816472
816984
817496
818008
818520
819032
819544
820056
815449
815961
816473
816985
817497
818009
818521
819033
819545
820057
815450
815962
816474
816986
817498
818010
818522
819034
819546
820058
815451
815963
816475
816987
817499
818011
818523
819035
819547
820059
815452
815964
816476
816988
817500
818012
818524
819036
819548
820060
815453
815965
816477
816989
817501
818013
818525
819037
819549
820061
815454
815966
816478
816990
817502
818014
818526
819038
819550
820062
815455
815967
816479
816991
817503
818015
818527
819039
819551
820063
815456
815968
816480
816992
817504
818016
818528
819040
819552
820064
23554781
23555293
23555805
23556317
23556829
23557341
23557853
23558365
23558877
23559389
23554782
23555294
23555806
23556318
23556830
23557342
23557854
23558366
23558878
23559390
23554783
23555295
23555807
23556319
23556831
23557343
23557855
23558367
23558879
23559391
23554784
23555296
23555808
23556320
23556832
23557344
23557856
23558368
23558880
23559392
23554785
23555297
23555809
23556321
23556833
23557345
23557857
23558369
23558881
23559393
23554786
23555298
23555810
23556322
23556834
23557346
23557858
23558370
23558882
23559394
23554787
23555299
23555811
23556323
23556835
23557347
23557859
23558371
23558883
23559395
23554788
23555300
23555812
23556324
23556836
23557348
23557860
23558372
23558884
23559396
23554789
23555301
23555813
23556325
23556837
23557349
23557861
23558373
23558885
23559397
23554790
23555302
23555814
23556326
23556838
23557350
23557862
23558374
23558886
23559398
22775471
22775983
22776495
22777007
22777519
22778031
22778543
22779055
22779567
22780079
22775472
22775984
22776496
22777008
22777520
22778032
22778544
22779056
22779568
22780080
22775473
22775985
22776497
22777009
22777521
22778033
22778545
22779057
22779569
22780081
22775474
22775986
22776498
22777010
22777522
22778034
22778546
22779058
22779570
22780082
22775475
22775987
22776499
22777011
22777523
22778035
22778547
22779059
22779571
22780083
22775476
22775988
22776500
22777012
22777524
22778036
22778548
22779060
22779572
22780084
22775477
22775989
22776501
22777013
22777525
22778037
22778549
22779061
22779573
22780085
22775478
22775990
22776502
22777014
22777526
22778038
22778550
22779062
22779574
22780086
22775479
22775991
22776503
22777015
22777527
22778039
22778551
22779063
22779575
22780087
22775480
22775992
22776504
22777016
22777528
22778040
22778552
22779064
22779576
22780088
60595507
60596019
60596531
60597043
60597555
60598067
60598579
60599091
60599603
60600115
60595508
60596020
60596532
60597044
60597556
60598068
60598580
60599092
60599604
60600116
60595509
60596021
60596533
60597045
60597557
60598069
60598581
60599093
60599605
60600117
60595510
60596022
60596534
60597046
60597558
60598070
60598582
60599094
60599606
60600118
60595511
60596023
60596535
60597047
60597559
60598071
60598583
60599095
60599607
60600119
60595512
60596024
60596536
60597048
60597560
60598072
60598584
60599096
60599608
60600120
60595513
60596025
60596537
60597049
60597561
60598073
60598585
60599097
60599609
60600121
60595514
60596026
60596538
60597050
60597562
60598074
60598586
60599098
60599610
60600122
60595515
60596027
60596539
60597051
60597563
60598075
60598587
60599099
60599611
60600123
60595516
60596028
60596540
60597052
60597564
60598076
60598588
60599100
60599612
60600124
23751545
23752057
23752569
23753081
23753593
23754105
23754617
23755129
23755641
23756153
23751546
23752058
23752570
23753082
23753594
23754106
23754618
23755130
23755642
23756154
23751547
23752059
23752571
23753083
23753595
23754107
23754619
23755131
23755643
23756155
23751548
23752060
23752572
23753084
23753596
23754108
23754620
23755132
23755644
23756156
23751549
23752061
23752573
23753085
23753597
23754109
23754621
23755133
23755645
23756157
23751550
23752062
23752574
23753086
23753598
23754110
23754622
23755134
23755646
23756158
23751551
23752063
23752575
23753087
23753599
23754111
23754623
23755135
23755647
23756159
23751552
23752064
23752576
23753088
23753600
23754112
23754624
23755136
23755648
23756160
23751553
23752065
23752577
23753089
23753601
23754113
23754625
23755137
23755649
23756161
23751554
23752066
23752578
23753090
23753602
23754114
23754626
23755138
23755650
23756162
