33358552
33359064
33359576
33360088
33360600
33361112
33361624
33362136
33362648
33363160
33358553
33359065
33359577
33360089
33360601
33361113
33361625
33362137
33362649
33363161
33358554
33359066
33359578
33360090
33360602
33361114
33361626
33362138
33362650
33363162
33358555
33359067
33359579
33360091
33360603
33361115
33361627
33362139
33362651
33363163
33358556
33359068
33359580
33360092
33360604
33361116
33361628
33362140
33362652
33363164
33358557
33359069
33359581
33360093
33360605
33361117
33361629
33362141
33362653
33363165
33358558
33359070
33359582
33360094
33360606
33361118
33361630
33362142
33362654
33363166
33358559
33359071
33359583
33360095
33360607
33361119
33361631
33362143
33362655
33363167
33358560
33359072
33359584
33360096
33360608
33361120
33361632
33362144
33362656
33363168
33358561
33359073
33359585
33360097
33360609
33361121
33361633
33362145
33362657
33363169
37295855
37296367
37296879
37297391
37297903
37298415
37298927
37299439
37299951
37300463
37295856
37296368
37296880
37297392
37297904
37298416
37298928
37299440
37299952
37300464
37295857
37296369
37296881
37297393
37297905
37298417
37298929
37299441
37299953
37300465
37295858
37296370
37296882
37297394
37297906
37298418
37298930
37299442
37299954
37300466
37295859
37296371
37296883
37297395
37297907
37298419
37298931
37299443
37299955
37300467
37295860
37296372
37296884
37297396
37297908
37298420
37298932
37299444
37299956
37300468
37295861
37296373
37296885
37297397
37297909
37298421
37298933
37299445
37299957
37300469
37295862
37296374
37296886
37297398
37297910
37298422
37298934
37299446
37299958
37300470
37295863
37296375
37296887
37297399
37297911
37298423
37298935
37299447
37299959
37300471
37295864
37296376
37296888
37297400
37297912
37298424
37298936
37299448
37299960
37300472
39673538
39674050
39674562
39675074
39675586
39676098
39676610
39677122
39677634
39678146
39673539
39674051
39674563
39675075
39675587
39676099
39676611
39677123
39677635
39678147
39673540
39674052
39674564
39675076
39675588
39676100
39676612
39677124
39677636
39678148
39673541
39674053
39674565
39675077
39675589
39676101
39676613
39677125
39677637
39678149
39673542
39674054
39674566
39675078
39675590
39676102
39676614
39677126
39677638
39678150
39673543
39674055
39674567
39675079
39675591
39676103
39676615
39677127
39677639
39678151
39673544
39674056
39674568
39675080
39675592
39676104
39676616
39677128
39677640
39678152
39673545
39674057
39674569
39675081
39675593
39676105
39676617
39677129
39677641
39678153
39673546
39674058
39674570
39675082
39675594
39676106
39676618
39677130
39677642
39678154
39673547
39674059
39674571
39675083
39675595
39676107
39676619
39677131
39677643
39678155
53081774
53082286
53082798
53083310
53083822
53084334
53084846
53085358
53085870
53086382
53081775
53082287
53082799
53083311
53083823
53084335
53084847
53085359
53085871
53086383
53081776
53082288
53082800
53083312
53083824
53084336
53084848
53085360
53085872
53086384
53081777
53082289
53082801
53083313
53083825
53084337
53084849
53085361
53085873
53086385
53081778
53082290
53082802
53083314
53083826
53084338
53084850
53085362
53085874
53086386
53081779
53082291
53082803
53083315
53083827
53084339
53084851
53085363
53085875
53086387
53081780
53082292
53082804
53083316
53083828
53084340
53084852
53085364
53085876
53086388
53081781
53082293
53082805
53083317
53083829
53084341
53084853
53085365
53085877
53086389
53081782
53082294
53082806
53083318
53083830
53084342
53084854
53085366
53085878
53086390
53081783
53082295
53082807
53083319
53083831
53084343
53084855
53085367
53085879
53086391
47267023
47267535
47268047
47268559
47269071
47269583
47270095
47270607
47271119
47271631
47267024
47267536
47268048
47268560
47269072
47269584
47270096
47270608
47271120
47271632
47267025
47267537
47268049
47268561
47269073
47269585
47270097
47270609
47271121
47271633
47267026
47267538
47268050
47268562
47269074
47269586
47270098
47270610
47271122
47271634
47267027
47267539
47268051
47268563
47269075
47269587
47270099
47270611
47271123
47271635
47267028
47267540
47268052
47268564
47269076
47269588
47270100
47270612
47271124
47271636
47267029
47267541
47268053
47268565
47269077
47269589
47270101
47270613
47271125
47271637
47267030
47267542
47268054
47268566
47269078
47269590
47270102
47270614
47271126
47271638
47267031
47267543
47268055
47268567
47269079
47269591
47270103
47270615
47271127
47271639
47267032
47267544
47268056
47268568
47269080
47269592
47270104
47270616
47271128
47271640
31548594
31549106
31549618
31550130
31550642
31551154
31551666
31552178
31552690
31553202
31548595
31549107
31549619
31550131
31550643
31551155
31551667
31552179
31552691
31553203
31548596
31549108
31549620
31550132
31550644
31551156
31551668
31552180
31552692
31553204
31548597
31549109
31549621
31550133
31550645
31551157
31551669
31552181
31552693
31553205
31548598
31549110
31549622
31550134
31550646
31551158
31551670
31552182
31552694
31553206
31548599
31549111
31549623
31550135
31550647
31551159
31551671
31552183
31552695
31553207
31548600
31549112
31549624
31550136
31550648
31551160
31551672
31552184
31552696
31553208
31548601
31549113
31549625
31550137
31550649
31551161
31551673
31552185
31552697
31553209
31548602
31549114
31549626
31550138
31550650
31551162
31551674
31552186
31552698
31553210
31548603
31549115
31549627
31550139
31550651
31551163
31551675
31552187
31552699
31553211
54097695
54098207
54098719
54099231
54099743
54100255
54100767
54101279
54101791
54102303
54097696
54098208
54098720
54099232
54099744
54100256
54100768
54101280
54101792
54102304
54097697
54098209
54098721
54099233
54099745
54100257
54100769
54101281
54101793
54102305
54097698
54098210
54098722
54099234
54099746
54100258
54100770
54101282
54101794
54102306
54097699
54098211
54098723
54099235
54099747
54100259
54100771
54101283
54101795
54102307
54097700
54098212
54098724
54099236
54099748
54100260
54100772
54101284
54101796
54102308
54097701
54098213
54098725
54099237
54099749
54100261
54100773
54101285
54101797
54102309
54097702
54098214
54098726
54099238
54099750
54100262
54100774
54101286
54101798
54102310
54097703
54098215
54098727
54099239
54099751
54100263
54100775
54101287
54101799
54102311
54097704
54098216
54098728
54099240
54099752
54100264
54100776
54101288
54101800
54102312
49384248
49384760
49385272
49385784
49386296
49386808
49387320
49387832
49388344
49388856
49384249
49384761
49385273
49385785
49386297
49386809
49387321
49387833
49388345
49388857
49384250
49384762
49385274
49385786
49386298
49386810
49387322
49387834
49388346
49388858
49384251
49384763
49385275
49385787
49386299
49386811
49387323
49387835
49388347
49388859
49384252
49384764
49385276
49385788
49386300
49386812
49387324
49387836
49388348
49388860
49384253
49384765
49385277
49385789
49386301
49386813
49387325
49387837
49388349
49388861
49384254
49384766
49385278
49385790
49386302
49386814
49387326
49387838
49388350
49388862
49384255
49384767
49385279
49385791
49386303
49386815
49387327
49387839
49388351
49388863
49384256
49384768
49385280
49385792
49386304
49386816
49387328
49387840
49388352
49388864
49384257
49384769
49385281
49385793
49386305
49386817
49387329
49387841
49388353
49388865
45990618
45991130
45991642
45992154
45992666
45993178
45993690
45994202
45994714
45995226
45990619
45991131
45991643
45992155
45992667
45993179
45993691
45994203
45994715
45995227
45990620
45991132
45991644
45992156
45992668
45993180
45993692
45994204
45994716
45995228
45990621
45991133
45991645
45992157
45992669
45993181
45993693
45994205
45994717
45995229
45990622
45991134
45991646
45992158
45992670
45993182
45993694
45994206
45994718
45995230
45990623
45991135
45991647
45992159
45992671
45993183
45993695
45994207
45994719
45995231
45990624
45991136
45991648
45992160
45992672
45993184
45993696
45994208
45994720
45995232
45990625
45991137
45991649
45992161
45992673
45993185
45993697
45994209
45994721
45995233
45990626
45991138
45991650
45992162
45992674
45993186
45993698
45994210
45994722
45995234
45990627
45991139
45991651
45992163
45992675
45993187
45993699
45994211
45994723
45995235
52831410
52831922
52832434
52832946
52833458
52833970
52834482
52834994
52835506
52836018
52831411
52831923
52832435
52832947
52833459
52833971
52834483
52834995
52835507
52836019
52831412
52831924
52832436
52832948
52833460
52833972
52834484
52834996
52835508
52836020
52831413
52831925
52832437
52832949
52833461
52833973
52834485
52834997
52835509
52836021
52831414
52831926
52832438
52832950
52833462
52833974
52834486
52834998
52835510
52836022
52831415
52831927
52832439
52832951
52833463
52833975
52834487
52834999
52835511
52836023
52831416
52831928
52832440
52832952
52833464
52833976
52834488
52835000
52835512
52836024
52831417
52831929
52832441
52832953
52833465
52833977
52834489
52835001
52835513
52836025
52831418
52831930
52832442
52832954
52833466
52833978
52834490
52835002
52835514
52836026
52831419
52831931
52832443
52832955
52833467
52833979
52834491
52835003
52835515
52836027
43098317
43098829
43099341
43099853
43100365
43100877
43101389
43101901
43102413
43102925
43098318
43098830
43099342
43099854
43100366
43100878
43101390
43101902
43102414
43102926
43098319
43098831
43099343
43099855
43100367
43100879
43101391
43101903
43102415
43102927
43098320
43098832
43099344
43099856
43100368
43100880
43101392
43101904
43102416
43102928
43098321
43098833
43099345
43099857
43100369
43100881
43101393
43101905
43102417
43102929
43098322
43098834
43099346
43099858
43100370
43100882
43101394
43101906
43102418
43102930
43098323
43098835
43099347
43099859
43100371
43100883
43101395
43101907
43102419
43102931
43098324
43098836
43099348
43099860
43100372
43100884
43101396
43101908
43102420
43102932
43098325
43098837
43099349
43099861
43100373
43100885
43101397
43101909
43102421
43102933
43098326
43098838
43099350
43099862
43100374
43100886
43101398
43101910
43102422
43102934
50699054
50699566
50700078
50700590
50701102
50701614
50702126
50702638
50703150
50703662
50699055
50699567
50700079
50700591
50701103
50701615
50702127
50702639
50703151
50703663
50699056
50699568
50700080
50700592
50701104
50701616
50702128
50702640
50703152
50703664
50699057
50699569
50700081
50700593
50701105
50701617
50702129
50702641
50703153
50703665
50699058
50699570
50700082
50700594
50701106
50701618
50702130
50702642
50703154
50703666
50699059
50699571
50700083
50700595
50701107
50701619
50702131
50702643
50703155
50703667
50699060
50699572
50700084
50700596
50701108
50701620
50702132
50702644
50703156
50703668
50699061
50699573
50700085
50700597
50701109
50701621
50702133
50702645
50703157
50703669
50699062
50699574
50700086
50700598
50701110
50701622
50702134
50702646
50703158
50703670
50699063
50699575
50700087
50700599
50701111
50701623
50702135
50702647
50703159
50703671
30752428
30752940
30753452
30753964
30754476
30754988
30755500
30756012
30756524
30757036
30752429
30752941
30753453
30753965
30754477
30754989
30755501
30756013
30756525
30757037
30752430
30752942
30753454
30753966
30754478
30754990
30755502
30756014
30756526
30757038
30752431
30752943
30753455
30753967
30754479
30754991
30755503
30756015
30756527
30757039
30752432
30752944
30753456
30753968
30754480
30754992
30755504
30756016
30756528
30757040
30752433
30752945
30753457
30753969
30754481
30754993
30755505
30756017
30756529
30757041
30752434
30752946
30753458
30753970
30754482
30754994
30755506
30756018
30756530
30757042
30752435
30752947
30753459
30753971
30754483
30754995
30755507
30756019
30756531
30757043
30752436
30752948
30753460
30753972
30754484
30754996
30755508
30756020
30756532
30757044
30752437
30752949
30753461
30753973
30754485
30754997
30755509
30756021
30756533
30757045
33883397
33883909
33884421
33884933
33885445
33885957
33886469
33886981
33887493
33888005
33883398
33883910
33884422
33884934
33885446
33885958
33886470
33886982
33887494
33888006
33883399
33883911
33884423
33884935
33885447
33885959
33886471
33886983
33887495
33888007
33883400
33883912
33884424
33884936
33885448
33885960
33886472
33886984
33887496
33888008
33883401
33883913
33884425
33884937
33885449
33885961
33886473
33886985
33887497
33888009
33883402
33883914
33884426
33884938
33885450
33885962
33886474
33886986
33887498
33888010
33883403
33883915
33884427
33884939
33885451
33885963
33886475
33886987
33887499
33888011
33883404
33883916
33884428
33884940
33885452
33885964
33886476
33886988
33887500
33888012
33883405
33883917
33884429
33884941
33885453
33885965
33886477
33886989
33887501
33888013
33883406
33883918
33884430
33884942
33885454
33885966
33886478
33886990
33887502
33888014
55464614
55465126
55465638
55466150
55466662
55467174
55467686
55468198
55468710
55469222
55464615
55465127
55465639
55466151
55466663
55467175
55467687
55468199
55468711
55469223
55464616
55465128
55465640
55466152
55466664
55467176
55467688
55468200
55468712
55469224
55464617
55465129
55465641
55466153
55466665
55467177
55467689
55468201
55468713
55469225
55464618
55465130
55465642
55466154
55466666
55467178
55467690
55468202
55468714
55469226
55464619
55465131
55465643
55466155
55466667
55467179
55467691
55468203
55468715
55469227
55464620
55465132
55465644
55466156
55466668
55467180
55467692
55468204
55468716
55469228
55464621
55465133
55465645
55466157
55466669
55467181
55467693
55468205
55468717
55469229
55464622
55465134
55465646
55466158
55466670
55467182
55467694
55468206
55468718
55469230
55464623
55465135
55465647
55466159
55466671
55467183
55467695
55468207
55468719
55469231
57268484
57268996
57269508
57270020
57270532
57271044
57271556
57272068
57272580
57273092
57268485
57268997
57269509
57270021
57270533
57271045
57271557
57272069
57272581
57273093
57268486
57268998
57269510
57270022
57270534
57271046
57271558
57272070
57272582
57273094
57268487
57268999
57269511
57270023
57270535
57271047
57271559
57272071
57272583
57273095
57268488
57269000
57269512
57270024
57270536
57271048
57271560
57272072
57272584
57273096
57268489
57269001
57269513
57270025
57270537
57271049
57271561
57272073
57272585
57273097
57268490
57269002
57269514
57270026
57270538
57271050
57271562
57272074
57272586
57273098
57268491
57269003
57269515
57270027
57270539
57271051
57271563
57272075
57272587
57273099
57268492
57269004
57269516
57270028
57270540
57271052
57271564
57272076
57272588
57273100
57268493
57269005
57269517
57270029
57270541
57271053
57271565
57272077
57272589
57273101
59037476
59037988
59038500
59039012
59039524
59040036
59040548
59041060
59041572
59042084
59037477
59037989
59038501
59039013
59039525
59040037
59040549
59041061
59041573
59042085
59037478
59037990
59038502
59039014
59039526
59040038
59040550
59041062
59041574
59042086
59037479
59037991
59038503
59039015
59039527
59040039
59040551
59041063
59041575
59042087
59037480
59037992
59038504
59039016
59039528
59040040
59040552
59041064
59041576
59042088
59037481
59037993
59038505
59039017
59039529
59040041
59040553
59041065
59041577
59042089
59037482
59037994
59038506
59039018
59039530
59040042
59040554
59041066
59041578
59042090
59037483
59037995
59038507
59039019
59039531
59040043
59040555
59041067
59041579
59042091
59037484
59037996
59038508
59039020
59039532
59040044
59040556
59041068
59041580
59042092
59037485
59037997
59038509
59039021
59039533
59040045
59040557
59041069
59041581
59042093
34672895
34673407
34673919
34674431
34674943
34675455
34675967
34676479
34676991
34677503
34672896
34673408
34673920
34674432
34674944
34675456
34675968
34676480
34676992
34677504
34672897
34673409
34673921
34674433
34674945
34675457
34675969
34676481
34676993
34677505
34672898
34673410
34673922
34674434
34674946
34675458
34675970
34676482
34676994
34677506
34672899
34673411
34673923
34674435
34674947
34675459
34675971
34676483
34676995
34677507
34672900
34673412
34673924
34674436
34674948
34675460
34675972
34676484
34676996
34677508
34672901
34673413
34673925
34674437
34674949
34675461
34675973
34676485
34676997
34677509
34672902
34673414
34673926
34674438
34674950
34675462
34675974
34676486
34676998
34677510
34672903
34673415
34673927
34674439
34674951
34675463
34675975
34676487
34676999
34677511
34672904
34673416
34673928
34674440
34674952
34675464
34675976
34676488
34677000
34677512
60446403
60446915
60447427
60447939
60448451
60448963
60449475
60449987
60450499
60451011
60446404
60446916
60447428
60447940
60448452
60448964
60449476
60449988
60450500
60451012
60446405
60446917
60447429
60447941
60448453
60448965
60449477
60449989
60450501
60451013
60446406
60446918
60447430
60447942
60448454
60448966
60449478
60449990
60450502
60451014
60446407
60446919
60447431
60447943
60448455
60448967
60449479
60449991
60450503
60451015
60446408
60446920
60447432
60447944
60448456
60448968
60449480
60449992
60450504
60451016
60446409
60446921
60447433
60447945
60448457
60448969
60449481
60449993
60450505
60451017
60446410
60446922
60447434
60447946
60448458
60448970
60449482
60449994
60450506
60451018
60446411
60446923
60447435
60447947
60448459
60448971
60449483
60449995
60450507
60451019
60446412
60446924
60447436
60447948
60448460
60448972
60449484
60449996
60450508
60451020
55667973
55668485
55668997
55669509
55670021
55670533
55671045
55671557
55672069
55672581
55667974
55668486
55668998
55669510
55670022
55670534
55671046
55671558
55672070
55672582
55667975
55668487
55668999
55669511
55670023
55670535
55671047
55671559
55672071
55672583
55667976
55668488
55669000
55669512
55670024
55670536
55671048
55671560
55672072
55672584
55667977
55668489
55669001
55669513
55670025
55670537
55671049
55671561
55672073
55672585
55667978
55668490
55669002
55669514
55670026
55670538
55671050
55671562
55672074
55672586
55667979
55668491
55669003
55669515
55670027
55670539
55671051
55671563
55672075
55672587
55667980
55668492
55669004
55669516
55670028
55670540
55671052
55671564
55672076
55672588
55667981
55668493
55669005
55669517
55670029
55670541
55671053
55671565
55672077
55672589
55667982
55668494
55669006
55669518
55670030
55670542
55671054
55671566
55672078
55672590
46284964
46285476
46285988
46286500
46287012
46287524
46288036
46288548
46289060
46289572
46284965
46285477
46285989
46286501
46287013
46287525
46288037
46288549
46289061
46289573
46284966
46285478
46285990
46286502
46287014
46287526
46288038
46288550
46289062
46289574
46284967
46285479
46285991
46286503
46287015
46287527
46288039
46288551
46289063
46289575
46284968
46285480
46285992
46286504
46287016
46287528
46288040
46288552
46289064
46289576
46284969
46285481
46285993
46286505
46287017
46287529
46288041
46288553
46289065
46289577
46284970
46285482
46285994
46286506
46287018
46287530
46288042
46288554
46289066
46289578
46284971
46285483
46285995
46286507
46287019
46287531
46288043
46288555
46289067
46289579
46284972
46285484
46285996
46286508
46287020
46287532
46288044
46288556
46289068
46289580
46284973
46285485
46285997
46286509
46287021
46287533
46288045
46288557
46289069
46289581
51289273
51289785
51290297
51290809
51291321
51291833
51292345
51292857
51293369
51293881
51289274
51289786
51290298
51290810
51291322
51291834
51292346
51292858
51293370
51293882
51289275
51289787
51290299
51290811
51291323
51291835
51292347
51292859
51293371
51293883
51289276
51289788
51290300
51290812
51291324
51291836
51292348
51292860
51293372
51293884
51289277
51289789
51290301
51290813
51291325
51291837
51292349
51292861
51293373
51293885
51289278
51289790
51290302
51290814
51291326
51291838
51292350
51292862
51293374
51293886
51289279
51289791
51290303
51290815
51291327
51291839
51292351
51292863
51293375
51293887
51289280
51289792
51290304
51290816
51291328
51291840
51292352
51292864
51293376
51293888
51289281
51289793
51290305
51290817
51291329
51291841
51292353
51292865
51293377
51293889
51289282
51289794
51290306
51290818
51291330
51291842
51292354
51292866
51293378
51293890
43421342
43421854
43422366
43422878
43423390
43423902
43424414
43424926
43425438
43425950
43421343
43421855
43422367
43422879
43423391
43423903
43424415
43424927
43425439
43425951
43421344
43421856
43422368
43422880
43423392
43423904
43424416
43424928
43425440
43425952
43421345
43421857
43422369
43422881
43423393
43423905
43424417
43424929
43425441
43425953
43421346
43421858
43422370
43422882
43423394
43423906
43424418
43424930
43425442
43425954
43421347
43421859
43422371
43422883
43423395
43423907
43424419
43424931
43425443
43425955
43421348
43421860
43422372
43422884
43423396
43423908
43424420
43424932
43425444
43425956
43421349
43421861
43422373
43422885
43423397
43423909
43424421
43424933
43425445
43425957
43421350
43421862
43422374
43422886
43423398
43423910
43424422
43424934
43425446
43425958
43421351
43421863
43422375
43422887
43423399
43423911
43424423
43424935
43425447
43425959
58080434
58080946
58081458
58081970
58082482
58082994
58083506
58084018
58084530
58085042
58080435
58080947
58081459
58081971
58082483
58082995
58083507
58084019
58084531
58085043
58080436
58080948
58081460
58081972
58082484
58082996
58083508
58084020
58084532
58085044
58080437
58080949
58081461
58081973
58082485
58082997
58083509
58084021
58084533
58085045
58080438
58080950
58081462
58081974
58082486
58082998
58083510
58084022
58084534
58085046
58080439
58080951
58081463
58081975
58082487
58082999
58083511
58084023
58084535
58085047
58080440
58080952
58081464
58081976
58082488
58083000
58083512
58084024
58084536
58085048
58080441
58080953
58081465
58081977
58082489
58083001
58083513
58084025
58084537
58085049
58080442
58080954
58081466
58081978
58082490
58083002
58083514
58084026
58084538
58085050
58080443
58080955
58081467
58081979
58082491
58083003
58083515
58084027
58084539
58085051
59406030
59406542
59407054
59407566
59408078
59408590
59409102
59409614
59410126
59410638
59406031
59406543
59407055
59407567
59408079
59408591
59409103
59409615
59410127
59410639
59406032
59406544
59407056
59407568
59408080
59408592
59409104
59409616
59410128
59410640
59406033
59406545
59407057
59407569
59408081
59408593
59409105
59409617
59410129
59410641
59406034
59406546
59407058
59407570
59408082
59408594
59409106
59409618
59410130
59410642
59406035
59406547
59407059
59407571
59408083
59408595
59409107
59409619
59410131
59410643
59406036
59406548
59407060
59407572
59408084
59408596
59409108
59409620
59410132
59410644
59406037
59406549
59407061
59407573
59408085
59408597
59409109
59409621
59410133
59410645
59406038
59406550
59407062
59407574
59408086
59408598
59409110
59409622
59410134
59410646
59406039
59406551
59407063
59407575
59408087
59408599
59409111
59409623
59410135
59410647
41807512
41808024
41808536
41809048
41809560
41810072
41810584
41811096
41811608
41812120
41807513
41808025
41808537
41809049
41809561
41810073
41810585
41811097
41811609
41812121
41807514
41808026
41808538
41809050
41809562
41810074
41810586
41811098
41811610
41812122
41807515
41808027
41808539
41809051
41809563
41810075
41810587
41811099
41811611
41812123
41807516
41808028
41808540
41809052
41809564
41810076
41810588
41811100
41811612
41812124
41807517
41808029
41808541
41809053
41809565
41810077
41810589
41811101
41811613
41812125
41807518
41808030
41808542
41809054
41809566
41810078
41810590
41811102
41811614
41812126
41807519
41808031
41808543
41809055
41809567
41810079
41810591
41811103
41811615
41812127
41807520
41808032
41808544
41809056
41809568
41810080
41810592
41811104
41811616
41812128
41807521
41808033
41808545
41809057
41809569
41810081
41810593
41811105
41811617
41812129
50922760
50923272
50923784
50924296
50924808
50925320
50925832
50926344
50926856
50927368
50922761
50923273
50923785
50924297
50924809
50925321
50925833
50926345
50926857
50927369
50922762
50923274
50923786
50924298
50924810
50925322
50925834
50926346
50926858
50927370
50922763
50923275
50923787
50924299
50924811
50925323
50925835
50926347
50926859
50927371
50922764
50923276
50923788
50924300
50924812
50925324
50925836
50926348
50926860
50927372
50922765
50923277
50923789
50924301
50924813
50925325
50925837
50926349
50926861
50927373
50922766
50923278
50923790
50924302
50924814
50925326
50925838
50926350
50926862
50927374
50922767
50923279
50923791
50924303
50924815
50925327
50925839
50926351
50926863
50927375
50922768
50923280
50923792
50924304
50924816
50925328
50925840
50926352
50926864
50927376
50922769
50923281
50923793
50924305
50924817
50925329
50925841
50926353
50926865
50927377
12952277
12952789
12953301
12953813
12954325
12954837
12955349
12955861
12956373
12956885
12952278
12952790
12953302
12953814
12954326
12954838
12955350
12955862
12956374
12956886
12952279
12952791
12953303
12953815
12954327
12954839
12955351
12955863
12956375
12956887
12952280
12952792
12953304
12953816
12954328
12954840
12955352
12955864
12956376
12956888
12952281
12952793
12953305
12953817
12954329
12954841
12955353
12955865
12956377
12956889
12952282
12952794
12953306
12953818
12954330
12954842
12955354
12955866
12956378
12956890
12952283
12952795
12953307
12953819
12954331
12954843
12955355
12955867
12956379
12956891
12952284
12952796
12953308
12953820
12954332
12954844
12955356
12955868
12956380
12956892
12952285
12952797
12953309
12953821
12954333
12954845
12955357
12955869
12956381
12956893
12952286
12952798
12953310
12953822
12954334
12954846
12955358
12955870
12956382
12956894
46206232
46206744
46207256
46207768
46208280
46208792
46209304
46209816
46210328
46210840
46206233
46206745
46207257
46207769
46208281
46208793
46209305
46209817
46210329
46210841
46206234
46206746
46207258
46207770
46208282
46208794
46209306
46209818
46210330
46210842
46206235
46206747
46207259
46207771
46208283
46208795
46209307
46209819
46210331
46210843
46206236
46206748
46207260
46207772
46208284
46208796
46209308
46209820
46210332
46210844
46206237
46206749
46207261
46207773
46208285
46208797
46209309
46209821
46210333
46210845
46206238
46206750
46207262
46207774
46208286
46208798
46209310
46209822
46210334
46210846
46206239
46206751
46207263
46207775
46208287
46208799
46209311
46209823
46210335
46210847
46206240
46206752
46207264
46207776
46208288
46208800
46209312
46209824
46210336
46210848
46206241
46206753
46207265
46207777
46208289
46208801
46209313
46209825
46210337
46210849
55979690
55980202
55980714
55981226
55981738
55982250
55982762
55983274
55983786
55984298
55979691
55980203
55980715
55981227
55981739
55982251
55982763
55983275
55983787
55984299
55979692
55980204
55980716
55981228
55981740
55982252
55982764
55983276
55983788
55984300
55979693
55980205
55980717
55981229
55981741
55982253
55982765
55983277
55983789
55984301
55979694
55980206
55980718
55981230
55981742
55982254
55982766
55983278
55983790
55984302
55979695
55980207
55980719
55981231
55981743
55982255
55982767
55983279
55983791
55984303
55979696
55980208
55980720
55981232
55981744
55982256
55982768
55983280
55983792
55984304
55979697
55980209
55980721
55981233
55981745
55982257
55982769
55983281
55983793
55984305
55979698
55980210
55980722
55981234
55981746
55982258
55982770
55983282
55983794
55984306
55979699
55980211
55980723
55981235
55981747
55982259
55982771
55983283
55983795
55984307
