31428495
31429007
31429519
31430031
31430543
31431055
31431567
31432079
31432591
31433103
31428496
31429008
31429520
31430032
31430544
31431056
31431568
31432080
31432592
31433104
31428497
31429009
31429521
31430033
31430545
31431057
31431569
31432081
31432593
31433105
31428498
31429010
31429522
31430034
31430546
31431058
31431570
31432082
31432594
31433106
31428499
31429011
31429523
31430035
31430547
31431059
31431571
31432083
31432595
31433107
31428500
31429012
31429524
31430036
31430548
31431060
31431572
31432084
31432596
31433108
31428501
31429013
31429525
31430037
31430549
31431061
31431573
31432085
31432597
31433109
31428502
31429014
31429526
31430038
31430550
31431062
31431574
31432086
31432598
31433110
31428503
31429015
31429527
31430039
31430551
31431063
31431575
31432087
31432599
31433111
31428504
31429016
31429528
31430040
31430552
31431064
31431576
31432088
31432600
31433112
58082904
58083416
58083928
58084440
58084952
58085464
58085976
58086488
58087000
58087512
58082905
58083417
58083929
58084441
58084953
58085465
58085977
58086489
58087001
58087513
58082906
58083418
58083930
58084442
58084954
58085466
58085978
58086490
58087002
58087514
58082907
58083419
58083931
58084443
58084955
58085467
58085979
58086491
58087003
58087515
58082908
58083420
58083932
58084444
58084956
58085468
58085980
58086492
58087004
58087516
58082909
58083421
58083933
58084445
58084957
58085469
58085981
58086493
58087005
58087517
58082910
58083422
58083934
58084446
58084958
58085470
58085982
58086494
58087006
58087518
58082911
58083423
58083935
58084447
58084959
58085471
58085983
58086495
58087007
58087519
58082912
58083424
58083936
58084448
58084960
58085472
58085984
58086496
58087008
58087520
58082913
58083425
58083937
58084449
58084961
58085473
58085985
58086497
58087009
58087521
34292297
34292809
34293321
34293833
34294345
34294857
34295369
34295881
34296393
34296905
34292298
34292810
34293322
34293834
34294346
34294858
34295370
34295882
34296394
34296906
34292299
34292811
34293323
34293835
34294347
34294859
34295371
34295883
34296395
34296907
34292300
34292812
34293324
34293836
34294348
34294860
34295372
34295884
34296396
34296908
34292301
34292813
34293325
34293837
34294349
34294861
34295373
34295885
34296397
34296909
34292302
34292814
34293326
34293838
34294350
34294862
34295374
34295886
34296398
34296910
34292303
34292815
34293327
34293839
34294351
34294863
34295375
34295887
34296399
34296911
34292304
34292816
34293328
34293840
34294352
34294864
34295376
34295888
34296400
34296912
34292305
34292817
34293329
34293841
34294353
34294865
34295377
34295889
34296401
34296913
34292306
34292818
34293330
34293842
34294354
34294866
34295378
34295890
34296402
34296914
26142849
26143361
26143873
26144385
26144897
26145409
26145921
26146433
26146945
26147457
26142850
26143362
26143874
26144386
26144898
26145410
26145922
26146434
26146946
26147458
26142851
26143363
26143875
26144387
26144899
26145411
26145923
26146435
26146947
26147459
26142852
26143364
26143876
26144388
26144900
26145412
26145924
26146436
26146948
26147460
26142853
26143365
26143877
26144389
26144901
26145413
26145925
26146437
26146949
26147461
26142854
26143366
26143878
26144390
26144902
26145414
26145926
26146438
26146950
26147462
26142855
26143367
26143879
26144391
26144903
26145415
26145927
26146439
26146951
26147463
26142856
26143368
26143880
26144392
26144904
26145416
26145928
26146440
26146952
26147464
26142857
26143369
26143881
26144393
26144905
26145417
26145929
26146441
26146953
26147465
26142858
26143370
26143882
26144394
26144906
26145418
26145930
26146442
26146954
26147466
15108201
15108713
15109225
15109737
15110249
15110761
15111273
15111785
15112297
15112809
15108202
15108714
15109226
15109738
15110250
15110762
15111274
15111786
15112298
15112810
15108203
15108715
15109227
15109739
15110251
15110763
15111275
15111787
15112299
15112811
15108204
15108716
15109228
15109740
15110252
15110764
15111276
15111788
15112300
15112812
15108205
15108717
15109229
15109741
15110253
15110765
15111277
15111789
15112301
15112813
15108206
15108718
15109230
15109742
15110254
15110766
15111278
15111790
15112302
15112814
15108207
15108719
15109231
15109743
15110255
15110767
15111279
15111791
15112303
15112815
15108208
15108720
15109232
15109744
15110256
15110768
15111280
15111792
15112304
15112816
15108209
15108721
15109233
15109745
15110257
15110769
15111281
15111793
15112305
15112817
15108210
15108722
15109234
15109746
15110258
15110770
15111282
15111794
15112306
15112818
34085567
34086079
34086591
34087103
34087615
34088127
34088639
34089151
34089663
34090175
34085568
34086080
34086592
34087104
34087616
34088128
34088640
34089152
34089664
34090176
34085569
34086081
34086593
34087105
34087617
34088129
34088641
34089153
34089665
34090177
34085570
34086082
34086594
34087106
34087618
34088130
34088642
34089154
34089666
34090178
34085571
34086083
34086595
34087107
34087619
34088131
34088643
34089155
34089667
34090179
34085572
34086084
34086596
34087108
34087620
34088132
34088644
34089156
34089668
34090180
34085573
34086085
34086597
34087109
34087621
34088133
34088645
34089157
34089669
34090181
34085574
34086086
34086598
34087110
34087622
34088134
34088646
34089158
34089670
34090182
34085575
34086087
34086599
34087111
34087623
34088135
34088647
34089159
34089671
34090183
34085576
34086088
34086600
34087112
34087624
34088136
34088648
34089160
34089672
34090184
36235830
36236342
36236854
36237366
36237878
36238390
36238902
36239414
36239926
36240438
36235831
36236343
36236855
36237367
36237879
36238391
36238903
36239415
36239927
36240439
36235832
36236344
36236856
36237368
36237880
36238392
36238904
36239416
36239928
36240440
36235833
36236345
36236857
36237369
36237881
36238393
36238905
36239417
36239929
36240441
36235834
36236346
36236858
36237370
36237882
36238394
36238906
36239418
36239930
36240442
36235835
36236347
36236859
36237371
36237883
36238395
36238907
36239419
36239931
36240443
36235836
36236348
36236860
36237372
36237884
36238396
36238908
36239420
36239932
36240444
36235837
36236349
36236861
36237373
36237885
36238397
36238909
36239421
36239933
36240445
36235838
36236350
36236862
36237374
36237886
36238398
36238910
36239422
36239934
36240446
36235839
36236351
36236863
36237375
36237887
36238399
36238911
36239423
36239935
36240447
17476363
17476875
17477387
17477899
17478411
17478923
17479435
17479947
17480459
17480971
17476364
17476876
17477388
17477900
17478412
17478924
17479436
17479948
17480460
17480972
17476365
17476877
17477389
17477901
17478413
17478925
17479437
17479949
17480461
17480973
17476366
17476878
17477390
17477902
17478414
17478926
17479438
17479950
17480462
17480974
17476367
17476879
17477391
17477903
17478415
17478927
17479439
17479951
17480463
17480975
17476368
17476880
17477392
17477904
17478416
17478928
17479440
17479952
17480464
17480976
17476369
17476881
17477393
17477905
17478417
17478929
17479441
17479953
17480465
17480977
17476370
17476882
17477394
17477906
17478418
17478930
17479442
17479954
17480466
17480978
17476371
17476883
17477395
17477907
17478419
17478931
17479443
17479955
17480467
17480979
17476372
17476884
17477396
17477908
17478420
17478932
17479444
17479956
17480468
17480980
55135063
55135575
55136087
55136599
55137111
55137623
55138135
55138647
55139159
55139671
55135064
55135576
55136088
55136600
55137112
55137624
55138136
55138648
55139160
55139672
55135065
55135577
55136089
55136601
55137113
55137625
55138137
55138649
55139161
55139673
55135066
55135578
55136090
55136602
55137114
55137626
55138138
55138650
55139162
55139674
55135067
55135579
55136091
55136603
55137115
55137627
55138139
55138651
55139163
55139675
55135068
55135580
55136092
55136604
55137116
55137628
55138140
55138652
55139164
55139676
55135069
55135581
55136093
55136605
55137117
55137629
55138141
55138653
55139165
55139677
55135070
55135582
55136094
55136606
55137118
55137630
55138142
55138654
55139166
55139678
55135071
55135583
55136095
55136607
55137119
55137631
55138143
55138655
55139167
55139679
55135072
55135584
55136096
55136608
55137120
55137632
55138144
55138656
55139168
55139680
17214378
17214890
17215402
17215914
17216426
17216938
17217450
17217962
17218474
17218986
17214379
17214891
17215403
17215915
17216427
17216939
17217451
17217963
17218475
17218987
17214380
17214892
17215404
17215916
17216428
17216940
17217452
17217964
17218476
17218988
17214381
17214893
17215405
17215917
17216429
17216941
17217453
17217965
17218477
17218989
17214382
17214894
17215406
17215918
17216430
17216942
17217454
17217966
17218478
17218990
17214383
17214895
17215407
17215919
17216431
17216943
17217455
17217967
17218479
17218991
17214384
17214896
17215408
17215920
17216432
17216944
17217456
17217968
17218480
17218992
17214385
17214897
17215409
17215921
17216433
17216945
17217457
17217969
17218481
17218993
17214386
17214898
17215410
17215922
17216434
17216946
17217458
17217970
17218482
17218994
17214387
17214899
17215411
17215923
17216435
17216947
17217459
17217971
17218483
17218995
64770879
64771391
64771903
64772415
64772927
64773439
64773951
64774463
64774975
64775487
64770880
64771392
64771904
64772416
64772928
64773440
64773952
64774464
64774976
64775488
64770881
64771393
64771905
64772417
64772929
64773441
64773953
64774465
64774977
64775489
64770882
64771394
64771906
64772418
64772930
64773442
64773954
64774466
64774978
64775490
64770883
64771395
64771907
64772419
64772931
64773443
64773955
64774467
64774979
64775491
64770884
64771396
64771908
64772420
64772932
64773444
64773956
64774468
64774980
64775492
64770885
64771397
64771909
64772421
64772933
64773445
64773957
64774469
64774981
64775493
64770886
64771398
64771910
64772422
64772934
64773446
64773958
64774470
64774982
64775494
64770887
64771399
64771911
64772423
64772935
64773447
64773959
64774471
64774983
64775495
64770888
64771400
64771912
64772424
64772936
64773448
64773960
64774472
64774984
64775496
6363954
6364466
6364978
6365490
6366002
6366514
6367026
6367538
6368050
6368562
6363955
6364467
6364979
6365491
6366003
6366515
6367027
6367539
6368051
6368563
6363956
6364468
6364980
6365492
6366004
6366516
6367028
6367540
6368052
6368564
6363957
6364469
6364981
6365493
6366005
6366517
6367029
6367541
6368053
6368565
6363958
6364470
6364982
6365494
6366006
6366518
6367030
6367542
6368054
6368566
6363959
6364471
6364983
6365495
6366007
6366519
6367031
6367543
6368055
6368567
6363960
6364472
6364984
6365496
6366008
6366520
6367032
6367544
6368056
6368568
6363961
6364473
6364985
6365497
6366009
6366521
6367033
6367545
6368057
6368569
6363962
6364474
6364986
6365498
6366010
6366522
6367034
6367546
6368058
6368570
6363963
6364475
6364987
6365499
6366011
6366523
6367035
6367547
6368059
6368571
17231655
17232167
17232679
17233191
17233703
17234215
17234727
17235239
17235751
17236263
17231656
17232168
17232680
17233192
17233704
17234216
17234728
17235240
17235752
17236264
17231657
17232169
17232681
17233193
17233705
17234217
17234729
17235241
17235753
17236265
17231658
17232170
17232682
17233194
17233706
17234218
17234730
17235242
17235754
17236266
17231659
17232171
17232683
17233195
17233707
17234219
17234731
17235243
17235755
17236267
17231660
17232172
17232684
17233196
17233708
17234220
17234732
17235244
17235756
17236268
17231661
17232173
17232685
17233197
17233709
17234221
17234733
17235245
17235757
17236269
17231662
17232174
17232686
17233198
17233710
17234222
17234734
17235246
17235758
17236270
17231663
17232175
17232687
17233199
17233711
17234223
17234735
17235247
17235759
17236271
17231664
17232176
17232688
17233200
17233712
17234224
17234736
17235248
17235760
17236272
14441777
14442289
14442801
14443313
14443825
14444337
14444849
14445361
14445873
14446385
14441778
14442290
14442802
14443314
14443826
14444338
14444850
14445362
14445874
14446386
14441779
14442291
14442803
14443315
14443827
14444339
14444851
14445363
14445875
14446387
14441780
14442292
14442804
14443316
14443828
14444340
14444852
14445364
14445876
14446388
14441781
14442293
14442805
14443317
14443829
14444341
14444853
14445365
14445877
14446389
14441782
14442294
14442806
14443318
14443830
14444342
14444854
14445366
14445878
14446390
14441783
14442295
14442807
14443319
14443831
14444343
14444855
14445367
14445879
14446391
14441784
14442296
14442808
14443320
14443832
14444344
14444856
14445368
14445880
14446392
14441785
14442297
14442809
14443321
14443833
14444345
14444857
14445369
14445881
14446393
14441786
14442298
14442810
14443322
14443834
14444346
14444858
14445370
14445882
14446394
14411591
14412103
14412615
14413127
14413639
14414151
14414663
14415175
14415687
14416199
14411592
14412104
14412616
14413128
14413640
14414152
14414664
14415176
14415688
14416200
14411593
14412105
14412617
14413129
14413641
14414153
14414665
14415177
14415689
14416201
14411594
14412106
14412618
14413130
14413642
14414154
14414666
14415178
14415690
14416202
14411595
14412107
14412619
14413131
14413643
14414155
14414667
14415179
14415691
14416203
14411596
14412108
14412620
14413132
14413644
14414156
14414668
14415180
14415692
14416204
14411597
14412109
14412621
14413133
14413645
14414157
14414669
14415181
14415693
14416205
14411598
14412110
14412622
14413134
14413646
14414158
14414670
14415182
14415694
14416206
14411599
14412111
14412623
14413135
14413647
14414159
14414671
14415183
14415695
14416207
14411600
14412112
14412624
14413136
14413648
14414160
14414672
14415184
14415696
14416208
17321830
17322342
17322854
17323366
17323878
17324390
17324902
17325414
17325926
17326438
17321831
17322343
17322855
17323367
17323879
17324391
17324903
17325415
17325927
17326439
17321832
17322344
17322856
17323368
17323880
17324392
17324904
17325416
17325928
17326440
17321833
17322345
17322857
17323369
17323881
17324393
17324905
17325417
17325929
17326441
17321834
17322346
17322858
17323370
17323882
17324394
17324906
17325418
17325930
17326442
17321835
17322347
17322859
17323371
17323883
17324395
17324907
17325419
17325931
17326443
17321836
17322348
17322860
17323372
17323884
17324396
17324908
17325420
17325932
17326444
17321837
17322349
17322861
17323373
17323885
17324397
17324909
17325421
17325933
17326445
17321838
17322350
17322862
17323374
17323886
17324398
17324910
17325422
17325934
17326446
17321839
17322351
17322863
17323375
17323887
17324399
17324911
17325423
17325935
17326447
14762216
14762728
14763240
14763752
14764264
14764776
14765288
14765800
14766312
14766824
14762217
14762729
14763241
14763753
14764265
14764777
14765289
14765801
14766313
14766825
14762218
14762730
14763242
14763754
14764266
14764778
14765290
14765802
14766314
14766826
14762219
14762731
14763243
14763755
14764267
14764779
14765291
14765803
14766315
14766827
14762220
14762732
14763244
14763756
14764268
14764780
14765292
14765804
14766316
14766828
14762221
14762733
14763245
14763757
14764269
14764781
14765293
14765805
14766317
14766829
14762222
14762734
14763246
14763758
14764270
14764782
14765294
14765806
14766318
14766830
14762223
14762735
14763247
14763759
14764271
14764783
14765295
14765807
14766319
14766831
14762224
14762736
14763248
14763760
14764272
14764784
14765296
14765808
14766320
14766832
14762225
14762737
14763249
14763761
14764273
14764785
14765297
14765809
14766321
14766833
38026982
38027494
38028006
38028518
38029030
38029542
38030054
38030566
38031078
38031590
38026983
38027495
38028007
38028519
38029031
38029543
38030055
38030567
38031079
38031591
38026984
38027496
38028008
38028520
38029032
38029544
38030056
38030568
38031080
38031592
38026985
38027497
38028009
38028521
38029033
38029545
38030057
38030569
38031081
38031593
38026986
38027498
38028010
38028522
38029034
38029546
38030058
38030570
38031082
38031594
38026987
38027499
38028011
38028523
38029035
38029547
38030059
38030571
38031083
38031595
38026988
38027500
38028012
38028524
38029036
38029548
38030060
38030572
38031084
38031596
38026989
38027501
38028013
38028525
38029037
38029549
38030061
38030573
38031085
38031597
38026990
38027502
38028014
38028526
38029038
38029550
38030062
38030574
38031086
38031598
38026991
38027503
38028015
38028527
38029039
38029551
38030063
38030575
38031087
38031599
30589384
30589896
30590408
30590920
30591432
30591944
30592456
30592968
30593480
30593992
30589385
30589897
30590409
30590921
30591433
30591945
30592457
30592969
30593481
30593993
30589386
30589898
30590410
30590922
30591434
30591946
30592458
30592970
30593482
30593994
30589387
30589899
30590411
30590923
30591435
30591947
30592459
30592971
30593483
30593995
30589388
30589900
30590412
30590924
30591436
30591948
30592460
30592972
30593484
30593996
30589389
30589901
30590413
30590925
30591437
30591949
30592461
30592973
30593485
30593997
30589390
30589902
30590414
30590926
30591438
30591950
30592462
30592974
30593486
30593998
30589391
30589903
30590415
30590927
30591439
30591951
30592463
30592975
30593487
30593999
30589392
30589904
30590416
30590928
30591440
30591952
30592464
30592976
30593488
30594000
30589393
30589905
30590417
30590929
30591441
30591953
30592465
30592977
30593489
30594001
38721148
38721660
38722172
38722684
38723196
38723708
38724220
38724732
38725244
38725756
38721149
38721661
38722173
38722685
38723197
38723709
38724221
38724733
38725245
38725757
38721150
38721662
38722174
38722686
38723198
38723710
38724222
38724734
38725246
38725758
38721151
38721663
38722175
38722687
38723199
38723711
38724223
38724735
38725247
38725759
38721152
38721664
38722176
38722688
38723200
38723712
38724224
38724736
38725248
38725760
38721153
38721665
38722177
38722689
38723201
38723713
38724225
38724737
38725249
38725761
38721154
38721666
38722178
38722690
38723202
38723714
38724226
38724738
38725250
38725762
38721155
38721667
38722179
38722691
38723203
38723715
38724227
38724739
38725251
38725763
38721156
38721668
38722180
38722692
38723204
38723716
38724228
38724740
38725252
38725764
38721157
38721669
38722181
38722693
38723205
38723717
38724229
38724741
38725253
38725765
35548108
35548620
35549132
35549644
35550156
35550668
35551180
35551692
35552204
35552716
35548109
35548621
35549133
35549645
35550157
35550669
35551181
35551693
35552205
35552717
35548110
35548622
35549134
35549646
35550158
35550670
35551182
35551694
35552206
35552718
35548111
35548623
35549135
35549647
35550159
35550671
35551183
35551695
35552207
35552719
35548112
35548624
35549136
35549648
35550160
35550672
35551184
35551696
35552208
35552720
35548113
35548625
35549137
35549649
35550161
35550673
35551185
35551697
35552209
35552721
35548114
35548626
35549138
35549650
35550162
35550674
35551186
35551698
35552210
35552722
35548115
35548627
35549139
35549651
35550163
35550675
35551187
35551699
35552211
35552723
35548116
35548628
35549140
35549652
35550164
35550676
35551188
35551700
35552212
35552724
35548117
35548629
35549141
35549653
35550165
35550677
35551189
35551701
35552213
35552725
58882854
58883366
58883878
58884390
58884902
58885414
58885926
58886438
58886950
58887462
58882855
58883367
58883879
58884391
58884903
58885415
58885927
58886439
58886951
58887463
58882856
58883368
58883880
58884392
58884904
58885416
58885928
58886440
58886952
58887464
58882857
58883369
58883881
58884393
58884905
58885417
58885929
58886441
58886953
58887465
58882858
58883370
58883882
58884394
58884906
58885418
58885930
58886442
58886954
58887466
58882859
58883371
58883883
58884395
58884907
58885419
58885931
58886443
58886955
58887467
58882860
58883372
58883884
58884396
58884908
58885420
58885932
58886444
58886956
58887468
58882861
58883373
58883885
58884397
58884909
58885421
58885933
58886445
58886957
58887469
58882862
58883374
58883886
58884398
58884910
58885422
58885934
58886446
58886958
58887470
58882863
58883375
58883887
58884399
58884911
58885423
58885935
58886447
58886959
58887471
13768492
13769004
13769516
13770028
13770540
13771052
13771564
13772076
13772588
13773100
13768493
13769005
13769517
13770029
13770541
13771053
13771565
13772077
13772589
13773101
13768494
13769006
13769518
13770030
13770542
13771054
13771566
13772078
13772590
13773102
13768495
13769007
13769519
13770031
13770543
13771055
13771567
13772079
13772591
13773103
13768496
13769008
13769520
13770032
13770544
13771056
13771568
13772080
13772592
13773104
13768497
13769009
13769521
13770033
13770545
13771057
13771569
13772081
13772593
13773105
13768498
13769010
13769522
13770034
13770546
13771058
13771570
13772082
13772594
13773106
13768499
13769011
13769523
13770035
13770547
13771059
13771571
13772083
13772595
13773107
13768500
13769012
13769524
13770036
13770548
13771060
13771572
13772084
13772596
13773108
13768501
13769013
13769525
13770037
13770549
13771061
13771573
13772085
13772597
13773109
65785726
65786238
65786750
65787262
65787774
65788286
65788798
65789310
65789822
65790334
65785727
65786239
65786751
65787263
65787775
65788287
65788799
65789311
65789823
65790335
65785728
65786240
65786752
65787264
65787776
65788288
65788800
65789312
65789824
65790336
65785729
65786241
65786753
65787265
65787777
65788289
65788801
65789313
65789825
65790337
65785730
65786242
65786754
65787266
65787778
65788290
65788802
65789314
65789826
65790338
65785731
65786243
65786755
65787267
65787779
65788291
65788803
65789315
65789827
65790339
65785732
65786244
65786756
65787268
65787780
65788292
65788804
65789316
65789828
65790340
65785733
65786245
65786757
65787269
65787781
65788293
65788805
65789317
65789829
65790341
65785734
65786246
65786758
65787270
65787782
65788294
65788806
65789318
65789830
65790342
65785735
65786247
65786759
65787271
65787783
65788295
65788807
65789319
65789831
65790343
35355322
35355834
35356346
35356858
35357370
35357882
35358394
35358906
35359418
35359930
35355323
35355835
35356347
35356859
35357371
35357883
35358395
35358907
35359419
35359931
35355324
35355836
35356348
35356860
35357372
35357884
35358396
35358908
35359420
35359932
35355325
35355837
35356349
35356861
35357373
35357885
35358397
35358909
35359421
35359933
35355326
35355838
35356350
35356862
35357374
35357886
35358398
35358910
35359422
35359934
35355327
35355839
35356351
35356863
35357375
35357887
35358399
35358911
35359423
35359935
35355328
35355840
35356352
35356864
35357376
35357888
35358400
35358912
35359424
35359936
35355329
35355841
35356353
35356865
35357377
35357889
35358401
35358913
35359425
35359937
35355330
35355842
35356354
35356866
35357378
35357890
35358402
35358914
35359426
35359938
35355331
35355843
35356355
35356867
35357379
35357891
35358403
35358915
35359427
35359939
67954069
67954581
67955093
67955605
67956117
67956629
67957141
67957653
67958165
67958677
67954070
67954582
67955094
67955606
67956118
67956630
67957142
67957654
67958166
67958678
67954071
67954583
67955095
67955607
67956119
67956631
67957143
67957655
67958167
67958679
67954072
67954584
67955096
67955608
67956120
67956632
67957144
67957656
67958168
67958680
67954073
67954585
67955097
67955609
67956121
67956633
67957145
67957657
67958169
67958681
67954074
67954586
67955098
67955610
67956122
67956634
67957146
67957658
67958170
67958682
67954075
67954587
67955099
67955611
67956123
67956635
67957147
67957659
67958171
67958683
67954076
67954588
67955100
67955612
67956124
67956636
67957148
67957660
67958172
67958684
67954077
67954589
67955101
67955613
67956125
67956637
67957149
67957661
67958173
67958685
67954078
67954590
67955102
67955614
67956126
67956638
67957150
67957662
67958174
67958686
18082622
18083134
18083646
18084158
18084670
18085182
18085694
18086206
18086718
18087230
18082623
18083135
18083647
18084159
18084671
18085183
18085695
18086207
18086719
18087231
18082624
18083136
18083648
18084160
18084672
18085184
18085696
18086208
18086720
18087232
18082625
18083137
18083649
18084161
18084673
18085185
18085697
18086209
18086721
18087233
18082626
18083138
18083650
18084162
18084674
18085186
18085698
18086210
18086722
18087234
18082627
18083139
18083651
18084163
18084675
18085187
18085699
18086211
18086723
18087235
18082628
18083140
18083652
18084164
18084676
18085188
18085700
18086212
18086724
18087236
18082629
18083141
18083653
18084165
18084677
18085189
18085701
18086213
18086725
18087237
18082630
18083142
18083654
18084166
18084678
18085190
18085702
18086214
18086726
18087238
18082631
18083143
18083655
18084167
18084679
18085191
18085703
18086215
18086727
18087239
47606692
47607204
47607716
47608228
47608740
47609252
47609764
47610276
47610788
47611300
47606693
47607205
47607717
47608229
47608741
47609253
47609765
47610277
47610789
47611301
47606694
47607206
47607718
47608230
47608742
47609254
47609766
47610278
47610790
47611302
47606695
47607207
47607719
47608231
47608743
47609255
47609767
47610279
47610791
47611303
47606696
47607208
47607720
47608232
47608744
47609256
47609768
47610280
47610792
47611304
47606697
47607209
47607721
47608233
47608745
47609257
47609769
47610281
47610793
47611305
47606698
47607210
47607722
47608234
47608746
47609258
47609770
47610282
47610794
47611306
47606699
47607211
47607723
47608235
47608747
47609259
47609771
47610283
47610795
47611307
47606700
47607212
47607724
47608236
47608748
47609260
47609772
47610284
47610796
47611308
47606701
47607213
47607725
47608237
47608749
47609261
47609773
47610285
47610797
47611309
28116276
28116788
28117300
28117812
28118324
28118836
28119348
28119860
28120372
28120884
28116277
28116789
28117301
28117813
28118325
28118837
28119349
28119861
28120373
28120885
28116278
28116790
28117302
28117814
28118326
28118838
28119350
28119862
28120374
28120886
28116279
28116791
28117303
28117815
28118327
28118839
28119351
28119863
28120375
28120887
28116280
28116792
28117304
28117816
28118328
28118840
28119352
28119864
28120376
28120888
28116281
28116793
28117305
28117817
28118329
28118841
28119353
28119865
28120377
28120889
28116282
28116794
28117306
28117818
28118330
28118842
28119354
28119866
28120378
28120890
28116283
28116795
28117307
28117819
28118331
28118843
28119355
28119867
28120379
28120891
28116284
28116796
28117308
28117820
28118332
28118844
28119356
28119868
28120380
28120892
28116285
28116797
28117309
28117821
28118333
28118845
28119357
28119869
28120381
28120893
16102775
16103287
16103799
16104311
16104823
16105335
16105847
16106359
16106871
16107383
16102776
16103288
16103800
16104312
16104824
16105336
16105848
16106360
16106872
16107384
16102777
16103289
16103801
16104313
16104825
16105337
16105849
16106361
16106873
16107385
16102778
16103290
16103802
16104314
16104826
16105338
16105850
16106362
16106874
16107386
16102779
16103291
16103803
16104315
16104827
16105339
16105851
16106363
16106875
16107387
16102780
16103292
16103804
16104316
16104828
16105340
16105852
16106364
16106876
16107388
16102781
16103293
16103805
16104317
16104829
16105341
16105853
16106365
16106877
16107389
16102782
16103294
16103806
16104318
16104830
16105342
16105854
16106366
16106878
16107390
16102783
16103295
16103807
16104319
16104831
16105343
16105855
16106367
16106879
16107391
16102784
16103296
16103808
16104320
16104832
16105344
16105856
16106368
16106880
16107392
