17167970
17168482
17168994
17169506
17170018
17170530
17171042
17171554
17172066
17172578
17167971
17168483
17168995
17169507
17170019
17170531
17171043
17171555
17172067
17172579
17167972
17168484
17168996
17169508
17170020
17170532
17171044
17171556
17172068
17172580
17167973
17168485
17168997
17169509
17170021
17170533
17171045
17171557
17172069
17172581
17167974
17168486
17168998
17169510
17170022
17170534
17171046
17171558
17172070
17172582
17167975
17168487
17168999
17169511
17170023
17170535
17171047
17171559
17172071
17172583
17167976
17168488
17169000
17169512
17170024
17170536
17171048
17171560
17172072
17172584
17167977
17168489
17169001
17169513
17170025
17170537
17171049
17171561
17172073
17172585
17167978
17168490
17169002
17169514
17170026
17170538
17171050
17171562
17172074
17172586
17167979
17168491
17169003
17169515
17170027
17170539
17171051
17171563
17172075
17172587
26145918
26146430
26146942
26147454
26147966
26148478
26148990
26149502
26150014
26150526
26145919
26146431
26146943
26147455
26147967
26148479
26148991
26149503
26150015
26150527
26145920
26146432
26146944
26147456
26147968
26148480
26148992
26149504
26150016
26150528
26145921
26146433
26146945
26147457
26147969
26148481
26148993
26149505
26150017
26150529
26145922
26146434
26146946
26147458
26147970
26148482
26148994
26149506
26150018
26150530
26145923
26146435
26146947
26147459
26147971
26148483
26148995
26149507
26150019
26150531
26145924
26146436
26146948
26147460
26147972
26148484
26148996
26149508
26150020
26150532
26145925
26146437
26146949
26147461
26147973
26148485
26148997
26149509
26150021
26150533
26145926
26146438
26146950
26147462
26147974
26148486
26148998
26149510
26150022
26150534
26145927
26146439
26146951
26147463
26147975
26148487
26148999
26149511
26150023
26150535
60791542
60792054
60792566
60793078
60793590
60794102
60794614
60795126
60795638
60796150
60791543
60792055
60792567
60793079
60793591
60794103
60794615
60795127
60795639
60796151
60791544
60792056
60792568
60793080
60793592
60794104
60794616
60795128
60795640
60796152
60791545
60792057
60792569
60793081
60793593
60794105
60794617
60795129
60795641
60796153
60791546
60792058
60792570
60793082
60793594
60794106
60794618
60795130
60795642
60796154
60791547
60792059
60792571
60793083
60793595
60794107
60794619
60795131
60795643
60796155
60791548
60792060
60792572
60793084
60793596
60794108
60794620
60795132
60795644
60796156
60791549
60792061
60792573
60793085
60793597
60794109
60794621
60795133
60795645
60796157
60791550
60792062
60792574
60793086
60793598
60794110
60794622
60795134
60795646
60796158
60791551
60792063
60792575
60793087
60793599
60794111
60794623
60795135
60795647
60796159
2346658
2347170
2347682
2348194
2348706
2349218
2349730
2350242
2350754
2351266
2346659
2347171
2347683
2348195
2348707
2349219
2349731
2350243
2350755
2351267
2346660
2347172
2347684
2348196
2348708
2349220
2349732
2350244
2350756
2351268
2346661
2347173
2347685
2348197
2348709
2349221
2349733
2350245
2350757
2351269
2346662
2347174
2347686
2348198
2348710
2349222
2349734
2350246
2350758
2351270
2346663
2347175
2347687
2348199
2348711
2349223
2349735
2350247
2350759
2351271
2346664
2347176
2347688
2348200
2348712
2349224
2349736
2350248
2350760
2351272
2346665
2347177
2347689
2348201
2348713
2349225
2349737
2350249
2350761
2351273
2346666
2347178
2347690
2348202
2348714
2349226
2349738
2350250
2350762
2351274
2346667
2347179
2347691
2348203
2348715
2349227
2349739
2350251
2350763
2351275
33563509
33564021
33564533
33565045
33565557
33566069
33566581
33567093
33567605
33568117
33563510
33564022
33564534
33565046
33565558
33566070
33566582
33567094
33567606
33568118
33563511
33564023
33564535
33565047
33565559
33566071
33566583
33567095
33567607
33568119
33563512
33564024
33564536
33565048
33565560
33566072
33566584
33567096
33567608
33568120
33563513
33564025
33564537
33565049
33565561
33566073
33566585
33567097
33567609
33568121
33563514
33564026
33564538
33565050
33565562
33566074
33566586
33567098
33567610
33568122
33563515
33564027
33564539
33565051
33565563
33566075
33566587
33567099
33567611
33568123
33563516
33564028
33564540
33565052
33565564
33566076
33566588
33567100
33567612
33568124
33563517
33564029
33564541
33565053
33565565
33566077
33566589
33567101
33567613
33568125
33563518
33564030
33564542
33565054
33565566
33566078
33566590
33567102
33567614
33568126
36327966
36328478
36328990
36329502
36330014
36330526
36331038
36331550
36332062
36332574
36327967
36328479
36328991
36329503
36330015
36330527
36331039
36331551
36332063
36332575
36327968
36328480
36328992
36329504
36330016
36330528
36331040
36331552
36332064
36332576
36327969
36328481
36328993
36329505
36330017
36330529
36331041
36331553
36332065
36332577
36327970
36328482
36328994
36329506
36330018
36330530
36331042
36331554
36332066
36332578
36327971
36328483
36328995
36329507
36330019
36330531
36331043
36331555
36332067
36332579
36327972
36328484
36328996
36329508
36330020
36330532
36331044
36331556
36332068
36332580
36327973
36328485
36328997
36329509
36330021
36330533
36331045
36331557
36332069
36332581
36327974
36328486
36328998
36329510
36330022
36330534
36331046
36331558
36332070
36332582
36327975
36328487
36328999
36329511
36330023
36330535
36331047
36331559
36332071
36332583
28495691
28496203
28496715
28497227
28497739
28498251
28498763
28499275
28499787
28500299
28495692
28496204
28496716
28497228
28497740
28498252
28498764
28499276
28499788
28500300
28495693
28496205
28496717
28497229
28497741
28498253
28498765
28499277
28499789
28500301
28495694
28496206
28496718
28497230
28497742
28498254
28498766
28499278
28499790
28500302
28495695
28496207
28496719
28497231
28497743
28498255
28498767
28499279
28499791
28500303
28495696
28496208
28496720
28497232
28497744
28498256
28498768
28499280
28499792
28500304
28495697
28496209
28496721
28497233
28497745
28498257
28498769
28499281
28499793
28500305
28495698
28496210
28496722
28497234
28497746
28498258
28498770
28499282
28499794
28500306
28495699
28496211
28496723
28497235
28497747
28498259
28498771
28499283
28499795
28500307
28495700
28496212
28496724
28497236
28497748
28498260
28498772
28499284
28499796
28500308
12484818
12485330
12485842
12486354
12486866
12487378
12487890
12488402
12488914
12489426
12484819
12485331
12485843
12486355
12486867
12487379
12487891
12488403
12488915
12489427
12484820
12485332
12485844
12486356
12486868
12487380
12487892
12488404
12488916
12489428
12484821
12485333
12485845
12486357
12486869
12487381
12487893
12488405
12488917
12489429
12484822
12485334
12485846
12486358
12486870
12487382
12487894
12488406
12488918
12489430
12484823
12485335
12485847
12486359
12486871
12487383
12487895
12488407
12488919
12489431
12484824
12485336
12485848
12486360
12486872
12487384
12487896
12488408
12488920
12489432
12484825
12485337
12485849
12486361
12486873
12487385
12487897
12488409
12488921
12489433
12484826
12485338
12485850
12486362
12486874
12487386
12487898
12488410
12488922
12489434
12484827
12485339
12485851
12486363
12486875
12487387
12487899
12488411
12488923
12489435
22776953
22777465
22777977
22778489
22779001
22779513
22780025
22780537
22781049
22781561
22776954
22777466
22777978
22778490
22779002
22779514
22780026
22780538
22781050
22781562
22776955
22777467
22777979
22778491
22779003
22779515
22780027
22780539
22781051
22781563
22776956
22777468
22777980
22778492
22779004
22779516
22780028
22780540
22781052
22781564
22776957
22777469
22777981
22778493
22779005
22779517
22780029
22780541
22781053
22781565
22776958
22777470
22777982
22778494
22779006
22779518
22780030
22780542
22781054
22781566
22776959
22777471
22777983
22778495
22779007
22779519
22780031
22780543
22781055
22781567
22776960
22777472
22777984
22778496
22779008
22779520
22780032
22780544
22781056
22781568
22776961
22777473
22777985
22778497
22779009
22779521
22780033
22780545
22781057
22781569
22776962
22777474
22777986
22778498
22779010
22779522
22780034
22780546
22781058
22781570
66020724
66021236
66021748
66022260
66022772
66023284
66023796
66024308
66024820
66025332
66020725
66021237
66021749
66022261
66022773
66023285
66023797
66024309
66024821
66025333
66020726
66021238
66021750
66022262
66022774
66023286
66023798
66024310
66024822
66025334
66020727
66021239
66021751
66022263
66022775
66023287
66023799
66024311
66024823
66025335
66020728
66021240
66021752
66022264
66022776
66023288
66023800
66024312
66024824
66025336
66020729
66021241
66021753
66022265
66022777
66023289
66023801
66024313
66024825
66025337
66020730
66021242
66021754
66022266
66022778
66023290
66023802
66024314
66024826
66025338
66020731
66021243
66021755
66022267
66022779
66023291
66023803
66024315
66024827
66025339
66020732
66021244
66021756
66022268
66022780
66023292
66023804
66024316
66024828
66025340
66020733
66021245
66021757
66022269
66022781
66023293
66023805
66024317
66024829
66025341
63343328
63343840
63344352
63344864
63345376
63345888
63346400
63346912
63347424
63347936
63343329
63343841
63344353
63344865
63345377
63345889
63346401
63346913
63347425
63347937
63343330
63343842
63344354
63344866
63345378
63345890
63346402
63346914
63347426
63347938
63343331
63343843
63344355
63344867
63345379
63345891
63346403
63346915
63347427
63347939
63343332
63343844
63344356
63344868
63345380
63345892
63346404
63346916
63347428
63347940
63343333
63343845
63344357
63344869
63345381
63345893
63346405
63346917
63347429
63347941
63343334
63343846
63344358
63344870
63345382
63345894
63346406
63346918
63347430
63347942
63343335
63343847
63344359
63344871
63345383
63345895
63346407
63346919
63347431
63347943
63343336
63343848
63344360
63344872
63345384
63345896
63346408
63346920
63347432
63347944
63343337
63343849
63344361
63344873
63345385
63345897
63346409
63346921
63347433
63347945
66159411
66159923
66160435
66160947
66161459
66161971
66162483
66162995
66163507
66164019
66159412
66159924
66160436
66160948
66161460
66161972
66162484
66162996
66163508
66164020
66159413
66159925
66160437
66160949
66161461
66161973
66162485
66162997
66163509
66164021
66159414
66159926
66160438
66160950
66161462
66161974
66162486
66162998
66163510
66164022
66159415
66159927
66160439
66160951
66161463
66161975
66162487
66162999
66163511
66164023
66159416
66159928
66160440
66160952
66161464
66161976
66162488
66163000
66163512
66164024
66159417
66159929
66160441
66160953
66161465
66161977
66162489
66163001
66163513
66164025
66159418
66159930
66160442
66160954
66161466
66161978
66162490
66163002
66163514
66164026
66159419
66159931
66160443
66160955
66161467
66161979
66162491
66163003
66163515
66164027
66159420
66159932
66160444
66160956
66161468
66161980
66162492
66163004
66163516
66164028
9162008
9162520
9163032
9163544
9164056
9164568
9165080
9165592
9166104
9166616
9162009
9162521
9163033
9163545
9164057
9164569
9165081
9165593
9166105
9166617
9162010
9162522
9163034
9163546
9164058
9164570
9165082
9165594
9166106
9166618
9162011
9162523
9163035
9163547
9164059
9164571
9165083
9165595
9166107
9166619
9162012
9162524
9163036
9163548
9164060
9164572
9165084
9165596
9166108
9166620
9162013
9162525
9163037
9163549
9164061
9164573
9165085
9165597
9166109
9166621
9162014
9162526
9163038
9163550
9164062
9164574
9165086
9165598
9166110
9166622
9162015
9162527
9163039
9163551
9164063
9164575
9165087
9165599
9166111
9166623
9162016
9162528
9163040
9163552
9164064
9164576
9165088
9165600
9166112
9166624
9162017
9162529
9163041
9163553
9164065
9164577
9165089
9165601
9166113
9166625
7421904
7422416
7422928
7423440
7423952
7424464
7424976
7425488
7426000
7426512
7421905
7422417
7422929
7423441
7423953
7424465
7424977
7425489
7426001
7426513
7421906
7422418
7422930
7423442
7423954
7424466
7424978
7425490
7426002
7426514
7421907
7422419
7422931
7423443
7423955
7424467
7424979
7425491
7426003
7426515
7421908
7422420
7422932
7423444
7423956
7424468
7424980
7425492
7426004
7426516
7421909
7422421
7422933
7423445
7423957
7424469
7424981
7425493
7426005
7426517
7421910
7422422
7422934
7423446
7423958
7424470
7424982
7425494
7426006
7426518
7421911
7422423
7422935
7423447
7423959
7424471
7424983
7425495
7426007
7426519
7421912
7422424
7422936
7423448
7423960
7424472
7424984
7425496
7426008
7426520
7421913
7422425
7422937
7423449
7423961
7424473
7424985
7425497
7426009
7426521
60304634
60305146
60305658
60306170
60306682
60307194
60307706
60308218
60308730
60309242
60304635
60305147
60305659
60306171
60306683
60307195
60307707
60308219
60308731
60309243
60304636
60305148
60305660
60306172
60306684
60307196
60307708
60308220
60308732
60309244
60304637
60305149
60305661
60306173
60306685
60307197
60307709
60308221
60308733
60309245
60304638
60305150
60305662
60306174
60306686
60307198
60307710
60308222
60308734
60309246
60304639
60305151
60305663
60306175
60306687
60307199
60307711
60308223
60308735
60309247
60304640
60305152
60305664
60306176
60306688
60307200
60307712
60308224
60308736
60309248
60304641
60305153
60305665
60306177
60306689
60307201
60307713
60308225
60308737
60309249
60304642
60305154
60305666
60306178
60306690
60307202
60307714
60308226
60308738
60309250
60304643
60305155
60305667
60306179
60306691
60307203
60307715
60308227
60308739
60309251
24363256
24363768
24364280
24364792
24365304
24365816
24366328
24366840
24367352
24367864
24363257
24363769
24364281
24364793
24365305
24365817
24366329
24366841
24367353
24367865
24363258
24363770
24364282
24364794
24365306
24365818
24366330
24366842
24367354
24367866
24363259
24363771
24364283
24364795
24365307
24365819
24366331
24366843
24367355
24367867
24363260
24363772
24364284
24364796
24365308
24365820
24366332
24366844
24367356
24367868
24363261
24363773
24364285
24364797
24365309
24365821
24366333
24366845
24367357
24367869
24363262
24363774
24364286
24364798
24365310
24365822
24366334
24366846
24367358
24367870
24363263
24363775
24364287
24364799
24365311
24365823
24366335
24366847
24367359
24367871
24363264
24363776
24364288
24364800
24365312
24365824
24366336
24366848
24367360
24367872
24363265
24363777
24364289
24364801
24365313
24365825
24366337
24366849
24367361
24367873
41334545
41335057
41335569
41336081
41336593
41337105
41337617
41338129
41338641
41339153
41334546
41335058
41335570
41336082
41336594
41337106
41337618
41338130
41338642
41339154
41334547
41335059
41335571
41336083
41336595
41337107
41337619
41338131
41338643
41339155
41334548
41335060
41335572
41336084
41336596
41337108
41337620
41338132
41338644
41339156
41334549
41335061
41335573
41336085
41336597
41337109
41337621
41338133
41338645
41339157
41334550
41335062
41335574
41336086
41336598
41337110
41337622
41338134
41338646
41339158
41334551
41335063
41335575
41336087
41336599
41337111
41337623
41338135
41338647
41339159
41334552
41335064
41335576
41336088
41336600
41337112
41337624
41338136
41338648
41339160
41334553
41335065
41335577
41336089
41336601
41337113
41337625
41338137
41338649
41339161
41334554
41335066
41335578
41336090
41336602
41337114
41337626
41338138
41338650
41339162
52957314
52957826
52958338
52958850
52959362
52959874
52960386
52960898
52961410
52961922
52957315
52957827
52958339
52958851
52959363
52959875
52960387
52960899
52961411
52961923
52957316
52957828
52958340
52958852
52959364
52959876
52960388
52960900
52961412
52961924
52957317
52957829
52958341
52958853
52959365
52959877
52960389
52960901
52961413
52961925
52957318
52957830
52958342
52958854
52959366
52959878
52960390
52960902
52961414
52961926
52957319
52957831
52958343
52958855
52959367
52959879
52960391
52960903
52961415
52961927
52957320
52957832
52958344
52958856
52959368
52959880
52960392
52960904
52961416
52961928
52957321
52957833
52958345
52958857
52959369
52959881
52960393
52960905
52961417
52961929
52957322
52957834
52958346
52958858
52959370
52959882
52960394
52960906
52961418
52961930
52957323
52957835
52958347
52958859
52959371
52959883
52960395
52960907
52961419
52961931
60084854
60085366
60085878
60086390
60086902
60087414
60087926
60088438
60088950
60089462
60084855
60085367
60085879
60086391
60086903
60087415
60087927
60088439
60088951
60089463
60084856
60085368
60085880
60086392
60086904
60087416
60087928
60088440
60088952
60089464
60084857
60085369
60085881
60086393
60086905
60087417
60087929
60088441
60088953
60089465
60084858
60085370
60085882
60086394
60086906
60087418
60087930
60088442
60088954
60089466
60084859
60085371
60085883
60086395
60086907
60087419
60087931
60088443
60088955
60089467
60084860
60085372
60085884
60086396
60086908
60087420
60087932
60088444
60088956
60089468
60084861
60085373
60085885
60086397
60086909
60087421
60087933
60088445
60088957
60089469
60084862
60085374
60085886
60086398
60086910
60087422
60087934
60088446
60088958
60089470
60084863
60085375
60085887
60086399
60086911
60087423
60087935
60088447
60088959
60089471
50496336
50496848
50497360
50497872
50498384
50498896
50499408
50499920
50500432
50500944
50496337
50496849
50497361
50497873
50498385
50498897
50499409
50499921
50500433
50500945
50496338
50496850
50497362
50497874
50498386
50498898
50499410
50499922
50500434
50500946
50496339
50496851
50497363
50497875
50498387
50498899
50499411
50499923
50500435
50500947
50496340
50496852
50497364
50497876
50498388
50498900
50499412
50499924
50500436
50500948
50496341
50496853
50497365
50497877
50498389
50498901
50499413
50499925
50500437
50500949
50496342
50496854
50497366
50497878
50498390
50498902
50499414
50499926
50500438
50500950
50496343
50496855
50497367
50497879
50498391
50498903
50499415
50499927
50500439
50500951
50496344
50496856
50497368
50497880
50498392
50498904
50499416
50499928
50500440
50500952
50496345
50496857
50497369
50497881
50498393
50498905
50499417
50499929
50500441
50500953
49890475
49890987
49891499
49892011
49892523
49893035
49893547
49894059
49894571
49895083
49890476
49890988
49891500
49892012
49892524
49893036
49893548
49894060
49894572
49895084
49890477
49890989
49891501
49892013
49892525
49893037
49893549
49894061
49894573
49895085
49890478
49890990
49891502
49892014
49892526
49893038
49893550
49894062
49894574
49895086
49890479
49890991
49891503
49892015
49892527
49893039
49893551
49894063
49894575
49895087
49890480
49890992
49891504
49892016
49892528
49893040
49893552
49894064
49894576
49895088
49890481
49890993
49891505
49892017
49892529
49893041
49893553
49894065
49894577
49895089
49890482
49890994
49891506
49892018
49892530
49893042
49893554
49894066
49894578
49895090
49890483
49890995
49891507
49892019
49892531
49893043
49893555
49894067
49894579
49895091
49890484
49890996
49891508
49892020
49892532
49893044
49893556
49894068
49894580
49895092
5909949
5910461
5910973
5911485
5911997
5912509
5913021
5913533
5914045
5914557
5909950
5910462
5910974
5911486
5911998
5912510
5913022
5913534
5914046
5914558
5909951
5910463
5910975
5911487
5911999
5912511
5913023
5913535
5914047
5914559
5909952
5910464
5910976
5911488
5912000
5912512
5913024
5913536
5914048
5914560
5909953
5910465
5910977
5911489
5912001
5912513
5913025
5913537
5914049
5914561
5909954
5910466
5910978
5911490
5912002
5912514
5913026
5913538
5914050
5914562
5909955
5910467
5910979
5911491
5912003
5912515
5913027
5913539
5914051
5914563
5909956
5910468
5910980
5911492
5912004
5912516
5913028
5913540
5914052
5914564
5909957
5910469
5910981
5911493
5912005
5912517
5913029
5913541
5914053
5914565
5909958
5910470
5910982
5911494
5912006
5912518
5913030
5913542
5914054
5914566
49268793
49269305
49269817
49270329
49270841
49271353
49271865
49272377
49272889
49273401
49268794
49269306
49269818
49270330
49270842
49271354
49271866
49272378
49272890
49273402
49268795
49269307
49269819
49270331
49270843
49271355
49271867
49272379
49272891
49273403
49268796
49269308
49269820
49270332
49270844
49271356
49271868
49272380
49272892
49273404
49268797
49269309
49269821
49270333
49270845
49271357
49271869
49272381
49272893
49273405
49268798
49269310
49269822
49270334
49270846
49271358
49271870
49272382
49272894
49273406
49268799
49269311
49269823
49270335
49270847
49271359
49271871
49272383
49272895
49273407
49268800
49269312
49269824
49270336
49270848
49271360
49271872
49272384
49272896
49273408
49268801
49269313
49269825
49270337
49270849
49271361
49271873
49272385
49272897
49273409
49268802
49269314
49269826
49270338
49270850
49271362
49271874
49272386
49272898
49273410
14251436
14251948
14252460
14252972
14253484
14253996
14254508
14255020
14255532
14256044
14251437
14251949
14252461
14252973
14253485
14253997
14254509
14255021
14255533
14256045
14251438
14251950
14252462
14252974
14253486
14253998
14254510
14255022
14255534
14256046
14251439
14251951
14252463
14252975
14253487
14253999
14254511
14255023
14255535
14256047
14251440
14251952
14252464
14252976
14253488
14254000
14254512
14255024
14255536
14256048
14251441
14251953
14252465
14252977
14253489
14254001
14254513
14255025
14255537
14256049
14251442
14251954
14252466
14252978
14253490
14254002
14254514
14255026
14255538
14256050
14251443
14251955
14252467
14252979
14253491
14254003
14254515
14255027
14255539
14256051
14251444
14251956
14252468
14252980
14253492
14254004
14254516
14255028
14255540
14256052
14251445
14251957
14252469
14252981
14253493
14254005
14254517
14255029
14255541
14256053
53642377
53642889
53643401
53643913
53644425
53644937
53645449
53645961
53646473
53646985
53642378
53642890
53643402
53643914
53644426
53644938
53645450
53645962
53646474
53646986
53642379
53642891
53643403
53643915
53644427
53644939
53645451
53645963
53646475
53646987
53642380
53642892
53643404
53643916
53644428
53644940
53645452
53645964
53646476
53646988
53642381
53642893
53643405
53643917
53644429
53644941
53645453
53645965
53646477
53646989
53642382
53642894
53643406
53643918
53644430
53644942
53645454
53645966
53646478
53646990
53642383
53642895
53643407
53643919
53644431
53644943
53645455
53645967
53646479
53646991
53642384
53642896
53643408
53643920
53644432
53644944
53645456
53645968
53646480
53646992
53642385
53642897
53643409
53643921
53644433
53644945
53645457
53645969
53646481
53646993
53642386
53642898
53643410
53643922
53644434
53644946
53645458
53645970
53646482
53646994
42014857
42015369
42015881
42016393
42016905
42017417
42017929
42018441
42018953
42019465
42014858
42015370
42015882
42016394
42016906
42017418
42017930
42018442
42018954
42019466
42014859
42015371
42015883
42016395
42016907
42017419
42017931
42018443
42018955
42019467
42014860
42015372
42015884
42016396
42016908
42017420
42017932
42018444
42018956
42019468
42014861
42015373
42015885
42016397
42016909
42017421
42017933
42018445
42018957
42019469
42014862
42015374
42015886
42016398
42016910
42017422
42017934
42018446
42018958
42019470
42014863
42015375
42015887
42016399
42016911
42017423
42017935
42018447
42018959
42019471
42014864
42015376
42015888
42016400
42016912
42017424
42017936
42018448
42018960
42019472
42014865
42015377
42015889
42016401
42016913
42017425
42017937
42018449
42018961
42019473
42014866
42015378
42015890
42016402
42016914
42017426
42017938
42018450
42018962
42019474
25215895
25216407
25216919
25217431
25217943
25218455
25218967
25219479
25219991
25220503
25215896
25216408
25216920
25217432
25217944
25218456
25218968
25219480
25219992
25220504
25215897
25216409
25216921
25217433
25217945
25218457
25218969
25219481
25219993
25220505
25215898
25216410
25216922
25217434
25217946
25218458
25218970
25219482
25219994
25220506
25215899
25216411
25216923
25217435
25217947
25218459
25218971
25219483
25219995
25220507
25215900
25216412
25216924
25217436
25217948
25218460
25218972
25219484
25219996
25220508
25215901
25216413
25216925
25217437
25217949
25218461
25218973
25219485
25219997
25220509
25215902
25216414
25216926
25217438
25217950
25218462
25218974
25219486
25219998
25220510
25215903
25216415
25216927
25217439
25217951
25218463
25218975
25219487
25219999
25220511
25215904
25216416
25216928
25217440
25217952
25218464
25218976
25219488
25220000
25220512
6175100
6175612
6176124
6176636
6177148
6177660
6178172
6178684
6179196
6179708
6175101
6175613
6176125
6176637
6177149
6177661
6178173
6178685
6179197
6179709
6175102
6175614
6176126
6176638
6177150
6177662
6178174
6178686
6179198
6179710
6175103
6175615
6176127
6176639
6177151
6177663
6178175
6178687
6179199
6179711
6175104
6175616
6176128
6176640
6177152
6177664
6178176
6178688
6179200
6179712
6175105
6175617
6176129
6176641
6177153
6177665
6178177
6178689
6179201
6179713
6175106
6175618
6176130
6176642
6177154
6177666
6178178
6178690
6179202
6179714
6175107
6175619
6176131
6176643
6177155
6177667
6178179
6178691
6179203
6179715
6175108
6175620
6176132
6176644
6177156
6177668
6178180
6178692
6179204
6179716
6175109
6175621
6176133
6176645
6177157
6177669
6178181
6178693
6179205
6179717
33017589
33018101
33018613
33019125
33019637
33020149
33020661
33021173
33021685
33022197
33017590
33018102
33018614
33019126
33019638
33020150
33020662
33021174
33021686
33022198
33017591
33018103
33018615
33019127
33019639
33020151
33020663
33021175
33021687
33022199
33017592
33018104
33018616
33019128
33019640
33020152
33020664
33021176
33021688
33022200
33017593
33018105
33018617
33019129
33019641
33020153
33020665
33021177
33021689
33022201
33017594
33018106
33018618
33019130
33019642
33020154
33020666
33021178
33021690
33022202
33017595
33018107
33018619
33019131
33019643
33020155
33020667
33021179
33021691
33022203
33017596
33018108
33018620
33019132
33019644
33020156
33020668
33021180
33021692
33022204
33017597
33018109
33018621
33019133
33019645
33020157
33020669
33021181
33021693
33022205
33017598
33018110
33018622
33019134
33019646
33020158
33020670
33021182
33021694
33022206
1185073
1185585
1186097
1186609
1187121
1187633
1188145
1188657
1189169
1189681
1185074
1185586
1186098
1186610
1187122
1187634
1188146
1188658
1189170
1189682
1185075
1185587
1186099
1186611
1187123
1187635
1188147
1188659
1189171
1189683
1185076
1185588
1186100
1186612
1187124
1187636
1188148
1188660
1189172
1189684
1185077
1185589
1186101
1186613
1187125
1187637
1188149
1188661
1189173
1189685
1185078
1185590
1186102
1186614
1187126
1187638
1188150
1188662
1189174
1189686
1185079
1185591
1186103
1186615
1187127
1187639
1188151
1188663
1189175
1189687
1185080
1185592
1186104
1186616
1187128
1187640
1188152
1188664
1189176
1189688
1185081
1185593
1186105
1186617
1187129
1187641
1188153
1188665
1189177
1189689
1185082
1185594
1186106
1186618
1187130
1187642
1188154
1188666
1189178
1189690
