10587020
10587532
10588044
10588556
10589068
10589580
10590092
10590604
10591116
10591628
10587021
10587533
10588045
10588557
10589069
10589581
10590093
10590605
10591117
10591629
10587022
10587534
10588046
10588558
10589070
10589582
10590094
10590606
10591118
10591630
10587023
10587535
10588047
10588559
10589071
10589583
10590095
10590607
10591119
10591631
10587024
10587536
10588048
10588560
10589072
10589584
10590096
10590608
10591120
10591632
10587025
10587537
10588049
10588561
10589073
10589585
10590097
10590609
10591121
10591633
10587026
10587538
10588050
10588562
10589074
10589586
10590098
10590610
10591122
10591634
10587027
10587539
10588051
10588563
10589075
10589587
10590099
10590611
10591123
10591635
10587028
10587540
10588052
10588564
10589076
10589588
10590100
10590612
10591124
10591636
10587029
10587541
10588053
10588565
10589077
10589589
10590101
10590613
10591125
10591637
4971486
4971998
4972510
4973022
4973534
4974046
4974558
4975070
4975582
4976094
4971487
4971999
4972511
4973023
4973535
4974047
4974559
4975071
4975583
4976095
4971488
4972000
4972512
4973024
4973536
4974048
4974560
4975072
4975584
4976096
4971489
4972001
4972513
4973025
4973537
4974049
4974561
4975073
4975585
4976097
4971490
4972002
4972514
4973026
4973538
4974050
4974562
4975074
4975586
4976098
4971491
4972003
4972515
4973027
4973539
4974051
4974563
4975075
4975587
4976099
4971492
4972004
4972516
4973028
4973540
4974052
4974564
4975076
4975588
4976100
4971493
4972005
4972517
4973029
4973541
4974053
4974565
4975077
4975589
4976101
4971494
4972006
4972518
4973030
4973542
4974054
4974566
4975078
4975590
4976102
4971495
4972007
4972519
4973031
4973543
4974055
4974567
4975079
4975591
4976103
61782555
61783067
61783579
61784091
61784603
61785115
61785627
61786139
61786651
61787163
61782556
61783068
61783580
61784092
61784604
61785116
61785628
61786140
61786652
61787164
61782557
61783069
61783581
61784093
61784605
61785117
61785629
61786141
61786653
61787165
61782558
61783070
61783582
61784094
61784606
61785118
61785630
61786142
61786654
61787166
61782559
61783071
61783583
61784095
61784607
61785119
61785631
61786143
61786655
61787167
61782560
61783072
61783584
61784096
61784608
61785120
61785632
61786144
61786656
61787168
61782561
61783073
61783585
61784097
61784609
61785121
61785633
61786145
61786657
61787169
61782562
61783074
61783586
61784098
61784610
61785122
61785634
61786146
61786658
61787170
61782563
61783075
61783587
61784099
61784611
61785123
61785635
61786147
61786659
61787171
61782564
61783076
61783588
61784100
61784612
61785124
61785636
61786148
61786660
61787172
1247691
1248203
1248715
1249227
1249739
1250251
1250763
1251275
1251787
1252299
1247692
1248204
1248716
1249228
1249740
1250252
1250764
1251276
1251788
1252300
1247693
1248205
1248717
1249229
1249741
1250253
1250765
1251277
1251789
1252301
1247694
1248206
1248718
1249230
1249742
1250254
1250766
1251278
1251790
1252302
1247695
1248207
1248719
1249231
1249743
1250255
1250767
1251279
1251791
1252303
1247696
1248208
1248720
1249232
1249744
1250256
1250768
1251280
1251792
1252304
1247697
1248209
1248721
1249233
1249745
1250257
1250769
1251281
1251793
1252305
1247698
1248210
1248722
1249234
1249746
1250258
1250770
1251282
1251794
1252306
1247699
1248211
1248723
1249235
1249747
1250259
1250771
1251283
1251795
1252307
1247700
1248212
1248724
1249236
1249748
1250260
1250772
1251284
1251796
1252308
37522127
37522639
37523151
37523663
37524175
37524687
37525199
37525711
37526223
37526735
37522128
37522640
37523152
37523664
37524176
37524688
37525200
37525712
37526224
37526736
37522129
37522641
37523153
37523665
37524177
37524689
37525201
37525713
37526225
37526737
37522130
37522642
37523154
37523666
37524178
37524690
37525202
37525714
37526226
37526738
37522131
37522643
37523155
37523667
37524179
37524691
37525203
37525715
37526227
37526739
37522132
37522644
37523156
37523668
37524180
37524692
37525204
37525716
37526228
37526740
37522133
37522645
37523157
37523669
37524181
37524693
37525205
37525717
37526229
37526741
37522134
37522646
37523158
37523670
37524182
37524694
37525206
37525718
37526230
37526742
37522135
37522647
37523159
37523671
37524183
37524695
37525207
37525719
37526231
37526743
37522136
37522648
37523160
37523672
37524184
37524696
37525208
37525720
37526232
37526744
28059870
28060382
28060894
28061406
28061918
28062430
28062942
28063454
28063966
28064478
28059871
28060383
28060895
28061407
28061919
28062431
28062943
28063455
28063967
28064479
28059872
28060384
28060896
28061408
28061920
28062432
28062944
28063456
28063968
28064480
28059873
28060385
28060897
28061409
28061921
28062433
28062945
28063457
28063969
28064481
28059874
28060386
28060898
28061410
28061922
28062434
28062946
28063458
28063970
28064482
28059875
28060387
28060899
28061411
28061923
28062435
28062947
28063459
28063971
28064483
28059876
28060388
28060900
28061412
28061924
28062436
28062948
28063460
28063972
28064484
28059877
28060389
28060901
28061413
28061925
28062437
28062949
28063461
28063973
28064485
28059878
28060390
28060902
28061414
28061926
28062438
28062950
28063462
28063974
28064486
28059879
28060391
28060903
28061415
28061927
28062439
28062951
28063463
28063975
28064487
31536560
31537072
31537584
31538096
31538608
31539120
31539632
31540144
31540656
31541168
31536561
31537073
31537585
31538097
31538609
31539121
31539633
31540145
31540657
31541169
31536562
31537074
31537586
31538098
31538610
31539122
31539634
31540146
31540658
31541170
31536563
31537075
31537587
31538099
31538611
31539123
31539635
31540147
31540659
31541171
31536564
31537076
31537588
31538100
31538612
31539124
31539636
31540148
31540660
31541172
31536565
31537077
31537589
31538101
31538613
31539125
31539637
31540149
31540661
31541173
31536566
31537078
31537590
31538102
31538614
31539126
31539638
31540150
31540662
31541174
31536567
31537079
31537591
31538103
31538615
31539127
31539639
31540151
31540663
31541175
31536568
31537080
31537592
31538104
31538616
31539128
31539640
31540152
31540664
31541176
31536569
31537081
31537593
31538105
31538617
31539129
31539641
31540153
31540665
31541177
27759282
27759794
27760306
27760818
27761330
27761842
27762354
27762866
27763378
27763890
27759283
27759795
27760307
27760819
27761331
27761843
27762355
27762867
27763379
27763891
27759284
27759796
27760308
27760820
27761332
27761844
27762356
27762868
27763380
27763892
27759285
27759797
27760309
27760821
27761333
27761845
27762357
27762869
27763381
27763893
27759286
27759798
27760310
27760822
27761334
27761846
27762358
27762870
27763382
27763894
27759287
27759799
27760311
27760823
27761335
27761847
27762359
27762871
27763383
27763895
27759288
27759800
27760312
27760824
27761336
27761848
27762360
27762872
27763384
27763896
27759289
27759801
27760313
27760825
27761337
27761849
27762361
27762873
27763385
27763897
27759290
27759802
27760314
27760826
27761338
27761850
27762362
27762874
27763386
27763898
27759291
27759803
27760315
27760827
27761339
27761851
27762363
27762875
27763387
27763899
45219902
45220414
45220926
45221438
45221950
45222462
45222974
45223486
45223998
45224510
45219903
45220415
45220927
45221439
45221951
45222463
45222975
45223487
45223999
45224511
45219904
45220416
45220928
45221440
45221952
45222464
45222976
45223488
45224000
45224512
45219905
45220417
45220929
45221441
45221953
45222465
45222977
45223489
45224001
45224513
45219906
45220418
45220930
45221442
45221954
45222466
45222978
45223490
45224002
45224514
45219907
45220419
45220931
45221443
45221955
45222467
45222979
45223491
45224003
45224515
45219908
45220420
45220932
45221444
45221956
45222468
45222980
45223492
45224004
45224516
45219909
45220421
45220933
45221445
45221957
45222469
45222981
45223493
45224005
45224517
45219910
45220422
45220934
45221446
45221958
45222470
45222982
45223494
45224006
45224518
45219911
45220423
45220935
45221447
45221959
45222471
45222983
45223495
45224007
45224519
25156355
25156867
25157379
25157891
25158403
25158915
25159427
25159939
25160451
25160963
25156356
25156868
25157380
25157892
25158404
25158916
25159428
25159940
25160452
25160964
25156357
25156869
25157381
25157893
25158405
25158917
25159429
25159941
25160453
25160965
25156358
25156870
25157382
25157894
25158406
25158918
25159430
25159942
25160454
25160966
25156359
25156871
25157383
25157895
25158407
25158919
25159431
25159943
25160455
25160967
25156360
25156872
25157384
25157896
25158408
25158920
25159432
25159944
25160456
25160968
25156361
25156873
25157385
25157897
25158409
25158921
25159433
25159945
25160457
25160969
25156362
25156874
25157386
25157898
25158410
25158922
25159434
25159946
25160458
25160970
25156363
25156875
25157387
25157899
25158411
25158923
25159435
25159947
25160459
25160971
25156364
25156876
25157388
25157900
25158412
25158924
25159436
25159948
25160460
25160972
24500786
24501298
24501810
24502322
24502834
24503346
24503858
24504370
24504882
24505394
24500787
24501299
24501811
24502323
24502835
24503347
24503859
24504371
24504883
24505395
24500788
24501300
24501812
24502324
24502836
24503348
24503860
24504372
24504884
24505396
24500789
24501301
24501813
24502325
24502837
24503349
24503861
24504373
24504885
24505397
24500790
24501302
24501814
24502326
24502838
24503350
24503862
24504374
24504886
24505398
24500791
24501303
24501815
24502327
24502839
24503351
24503863
24504375
24504887
24505399
24500792
24501304
24501816
24502328
24502840
24503352
24503864
24504376
24504888
24505400
24500793
24501305
24501817
24502329
24502841
24503353
24503865
24504377
24504889
24505401
24500794
24501306
24501818
24502330
24502842
24503354
24503866
24504378
24504890
24505402
24500795
24501307
24501819
24502331
24502843
24503355
24503867
24504379
24504891
24505403
27894025
27894537
27895049
27895561
27896073
27896585
27897097
27897609
27898121
27898633
27894026
27894538
27895050
27895562
27896074
27896586
27897098
27897610
27898122
27898634
27894027
27894539
27895051
27895563
27896075
27896587
27897099
27897611
27898123
27898635
27894028
27894540
27895052
27895564
27896076
27896588
27897100
27897612
27898124
27898636
27894029
27894541
27895053
27895565
27896077
27896589
27897101
27897613
27898125
27898637
27894030
27894542
27895054
27895566
27896078
27896590
27897102
27897614
27898126
27898638
27894031
27894543
27895055
27895567
27896079
27896591
27897103
27897615
27898127
27898639
27894032
27894544
27895056
27895568
27896080
27896592
27897104
27897616
27898128
27898640
27894033
27894545
27895057
27895569
27896081
27896593
27897105
27897617
27898129
27898641
27894034
27894546
27895058
27895570
27896082
27896594
27897106
27897618
27898130
27898642
453793
454305
454817
455329
455841
456353
456865
457377
457889
458401
453794
454306
454818
455330
455842
456354
456866
457378
457890
458402
453795
454307
454819
455331
455843
456355
456867
457379
457891
458403
453796
454308
454820
455332
455844
456356
456868
457380
457892
458404
453797
454309
454821
455333
455845
456357
456869
457381
457893
458405
453798
454310
454822
455334
455846
456358
456870
457382
457894
458406
453799
454311
454823
455335
455847
456359
456871
457383
457895
458407
453800
454312
454824
455336
455848
456360
456872
457384
457896
458408
453801
454313
454825
455337
455849
456361
456873
457385
457897
458409
453802
454314
454826
455338
455850
456362
456874
457386
457898
458410
19978532
19979044
19979556
19980068
19980580
19981092
19981604
19982116
19982628
19983140
19978533
19979045
19979557
19980069
19980581
19981093
19981605
19982117
19982629
19983141
19978534
19979046
19979558
19980070
19980582
19981094
19981606
19982118
19982630
19983142
19978535
19979047
19979559
19980071
19980583
19981095
19981607
19982119
19982631
19983143
19978536
19979048
19979560
19980072
19980584
19981096
19981608
19982120
19982632
19983144
19978537
19979049
19979561
19980073
19980585
19981097
19981609
19982121
19982633
19983145
19978538
19979050
19979562
19980074
19980586
19981098
19981610
19982122
19982634
19983146
19978539
19979051
19979563
19980075
19980587
19981099
19981611
19982123
19982635
19983147
19978540
19979052
19979564
19980076
19980588
19981100
19981612
19982124
19982636
19983148
19978541
19979053
19979565
19980077
19980589
19981101
19981613
19982125
19982637
19983149
23761886
23762398
23762910
23763422
23763934
23764446
23764958
23765470
23765982
23766494
23761887
23762399
23762911
23763423
23763935
23764447
23764959
23765471
23765983
23766495
23761888
23762400
23762912
23763424
23763936
23764448
23764960
23765472
23765984
23766496
23761889
23762401
23762913
23763425
23763937
23764449
23764961
23765473
23765985
23766497
23761890
23762402
23762914
23763426
23763938
23764450
23764962
23765474
23765986
23766498
23761891
23762403
23762915
23763427
23763939
23764451
23764963
23765475
23765987
23766499
23761892
23762404
23762916
23763428
23763940
23764452
23764964
23765476
23765988
23766500
23761893
23762405
23762917
23763429
23763941
23764453
23764965
23765477
23765989
23766501
23761894
23762406
23762918
23763430
23763942
23764454
23764966
23765478
23765990
23766502
23761895
23762407
23762919
23763431
23763943
23764455
23764967
23765479
23765991
23766503
10667113
10667625
10668137
10668649
10669161
10669673
10670185
10670697
10671209
10671721
10667114
10667626
10668138
10668650
10669162
10669674
10670186
10670698
10671210
10671722
10667115
10667627
10668139
10668651
10669163
10669675
10670187
10670699
10671211
10671723
10667116
10667628
10668140
10668652
10669164
10669676
10670188
10670700
10671212
10671724
10667117
10667629
10668141
10668653
10669165
10669677
10670189
10670701
10671213
10671725
10667118
10667630
10668142
10668654
10669166
10669678
10670190
10670702
10671214
10671726
10667119
10667631
10668143
10668655
10669167
10669679
10670191
10670703
10671215
10671727
10667120
10667632
10668144
10668656
10669168
10669680
10670192
10670704
10671216
10671728
10667121
10667633
10668145
10668657
10669169
10669681
10670193
10670705
10671217
10671729
10667122
10667634
10668146
10668658
10669170
10669682
10670194
10670706
10671218
10671730
50289848
50290360
50290872
50291384
50291896
50292408
50292920
50293432
50293944
50294456
50289849
50290361
50290873
50291385
50291897
50292409
50292921
50293433
50293945
50294457
50289850
50290362
50290874
50291386
50291898
50292410
50292922
50293434
50293946
50294458
50289851
50290363
50290875
50291387
50291899
50292411
50292923
50293435
50293947
50294459
50289852
50290364
50290876
50291388
50291900
50292412
50292924
50293436
50293948
50294460
50289853
50290365
50290877
50291389
50291901
50292413
50292925
50293437
50293949
50294461
50289854
50290366
50290878
50291390
50291902
50292414
50292926
50293438
50293950
50294462
50289855
50290367
50290879
50291391
50291903
50292415
50292927
50293439
50293951
50294463
50289856
50290368
50290880
50291392
50291904
50292416
50292928
50293440
50293952
50294464
50289857
50290369
50290881
50291393
50291905
50292417
50292929
50293441
50293953
50294465
19463250
19463762
19464274
19464786
19465298
19465810
19466322
19466834
19467346
19467858
19463251
19463763
19464275
19464787
19465299
19465811
19466323
19466835
19467347
19467859
19463252
19463764
19464276
19464788
19465300
19465812
19466324
19466836
19467348
19467860
19463253
19463765
19464277
19464789
19465301
19465813
19466325
19466837
19467349
19467861
19463254
19463766
19464278
19464790
19465302
19465814
19466326
19466838
19467350
19467862
19463255
19463767
19464279
19464791
19465303
19465815
19466327
19466839
19467351
19467863
19463256
19463768
19464280
19464792
19465304
19465816
19466328
19466840
19467352
19467864
19463257
19463769
19464281
19464793
19465305
19465817
19466329
19466841
19467353
19467865
19463258
19463770
19464282
19464794
19465306
19465818
19466330
19466842
19467354
19467866
19463259
19463771
19464283
19464795
19465307
19465819
19466331
19466843
19467355
19467867
38608230
38608742
38609254
38609766
38610278
38610790
38611302
38611814
38612326
38612838
38608231
38608743
38609255
38609767
38610279
38610791
38611303
38611815
38612327
38612839
38608232
38608744
38609256
38609768
38610280
38610792
38611304
38611816
38612328
38612840
38608233
38608745
38609257
38609769
38610281
38610793
38611305
38611817
38612329
38612841
38608234
38608746
38609258
38609770
38610282
38610794
38611306
38611818
38612330
38612842
38608235
38608747
38609259
38609771
38610283
38610795
38611307
38611819
38612331
38612843
38608236
38608748
38609260
38609772
38610284
38610796
38611308
38611820
38612332
38612844
38608237
38608749
38609261
38609773
38610285
38610797
38611309
38611821
38612333
38612845
38608238
38608750
38609262
38609774
38610286
38610798
38611310
38611822
38612334
38612846
38608239
38608751
38609263
38609775
38610287
38610799
38611311
38611823
38612335
38612847
66919782
66920294
66920806
66921318
66921830
66922342
66922854
66923366
66923878
66924390
66919783
66920295
66920807
66921319
66921831
66922343
66922855
66923367
66923879
66924391
66919784
66920296
66920808
66921320
66921832
66922344
66922856
66923368
66923880
66924392
66919785
66920297
66920809
66921321
66921833
66922345
66922857
66923369
66923881
66924393
66919786
66920298
66920810
66921322
66921834
66922346
66922858
66923370
66923882
66924394
66919787
66920299
66920811
66921323
66921835
66922347
66922859
66923371
66923883
66924395
66919788
66920300
66920812
66921324
66921836
66922348
66922860
66923372
66923884
66924396
66919789
66920301
66920813
66921325
66921837
66922349
66922861
66923373
66923885
66924397
66919790
66920302
66920814
66921326
66921838
66922350
66922862
66923374
66923886
66924398
66919791
66920303
66920815
66921327
66921839
66922351
66922863
66923375
66923887
66924399
26832734
26833246
26833758
26834270
26834782
26835294
26835806
26836318
26836830
26837342
26832735
26833247
26833759
26834271
26834783
26835295
26835807
26836319
26836831
26837343
26832736
26833248
26833760
26834272
26834784
26835296
26835808
26836320
26836832
26837344
26832737
26833249
26833761
26834273
26834785
26835297
26835809
26836321
26836833
26837345
26832738
26833250
26833762
26834274
26834786
26835298
26835810
26836322
26836834
26837346
26832739
26833251
26833763
26834275
26834787
26835299
26835811
26836323
26836835
26837347
26832740
26833252
26833764
26834276
26834788
26835300
26835812
26836324
26836836
26837348
26832741
26833253
26833765
26834277
26834789
26835301
26835813
26836325
26836837
26837349
26832742
26833254
26833766
26834278
26834790
26835302
26835814
26836326
26836838
26837350
26832743
26833255
26833767
26834279
26834791
26835303
26835815
26836327
26836839
26837351
59163930
59164442
59164954
59165466
59165978
59166490
59167002
59167514
59168026
59168538
59163931
59164443
59164955
59165467
59165979
59166491
59167003
59167515
59168027
59168539
59163932
59164444
59164956
59165468
59165980
59166492
59167004
59167516
59168028
59168540
59163933
59164445
59164957
59165469
59165981
59166493
59167005
59167517
59168029
59168541
59163934
59164446
59164958
59165470
59165982
59166494
59167006
59167518
59168030
59168542
59163935
59164447
59164959
59165471
59165983
59166495
59167007
59167519
59168031
59168543
59163936
59164448
59164960
59165472
59165984
59166496
59167008
59167520
59168032
59168544
59163937
59164449
59164961
59165473
59165985
59166497
59167009
59167521
59168033
59168545
59163938
59164450
59164962
59165474
59165986
59166498
59167010
59167522
59168034
59168546
59163939
59164451
59164963
59165475
59165987
59166499
59167011
59167523
59168035
59168547
36884844
36885356
36885868
36886380
36886892
36887404
36887916
36888428
36888940
36889452
36884845
36885357
36885869
36886381
36886893
36887405
36887917
36888429
36888941
36889453
36884846
36885358
36885870
36886382
36886894
36887406
36887918
36888430
36888942
36889454
36884847
36885359
36885871
36886383
36886895
36887407
36887919
36888431
36888943
36889455
36884848
36885360
36885872
36886384
36886896
36887408
36887920
36888432
36888944
36889456
36884849
36885361
36885873
36886385
36886897
36887409
36887921
36888433
36888945
36889457
36884850
36885362
36885874
36886386
36886898
36887410
36887922
36888434
36888946
36889458
36884851
36885363
36885875
36886387
36886899
36887411
36887923
36888435
36888947
36889459
36884852
36885364
36885876
36886388
36886900
36887412
36887924
36888436
36888948
36889460
36884853
36885365
36885877
36886389
36886901
36887413
36887925
36888437
36888949
36889461
18604995
18605507
18606019
18606531
18607043
18607555
18608067
18608579
18609091
18609603
18604996
18605508
18606020
18606532
18607044
18607556
18608068
18608580
18609092
18609604
18604997
18605509
18606021
18606533
18607045
18607557
18608069
18608581
18609093
18609605
18604998
18605510
18606022
18606534
18607046
18607558
18608070
18608582
18609094
18609606
18604999
18605511
18606023
18606535
18607047
18607559
18608071
18608583
18609095
18609607
18605000
18605512
18606024
18606536
18607048
18607560
18608072
18608584
18609096
18609608
18605001
18605513
18606025
18606537
18607049
18607561
18608073
18608585
18609097
18609609
18605002
18605514
18606026
18606538
18607050
18607562
18608074
18608586
18609098
18609610
18605003
18605515
18606027
18606539
18607051
18607563
18608075
18608587
18609099
18609611
18605004
18605516
18606028
18606540
18607052
18607564
18608076
18608588
18609100
18609612
1695031
1695543
1696055
1696567
1697079
1697591
1698103
1698615
1699127
1699639
1695032
1695544
1696056
1696568
1697080
1697592
1698104
1698616
1699128
1699640
1695033
1695545
1696057
1696569
1697081
1697593
1698105
1698617
1699129
1699641
1695034
1695546
1696058
1696570
1697082
1697594
1698106
1698618
1699130
1699642
1695035
1695547
1696059
1696571
1697083
1697595
1698107
1698619
1699131
1699643
1695036
1695548
1696060
1696572
1697084
1697596
1698108
1698620
1699132
1699644
1695037
1695549
1696061
1696573
1697085
1697597
1698109
1698621
1699133
1699645
1695038
1695550
1696062
1696574
1697086
1697598
1698110
1698622
1699134
1699646
1695039
1695551
1696063
1696575
1697087
1697599
1698111
1698623
1699135
1699647
1695040
1695552
1696064
1696576
1697088
1697600
1698112
1698624
1699136
1699648
5705355
5705867
5706379
5706891
5707403
5707915
5708427
5708939
5709451
5709963
5705356
5705868
5706380
5706892
5707404
5707916
5708428
5708940
5709452
5709964
5705357
5705869
5706381
5706893
5707405
5707917
5708429
5708941
5709453
5709965
5705358
5705870
5706382
5706894
5707406
5707918
5708430
5708942
5709454
5709966
5705359
5705871
5706383
5706895
5707407
5707919
5708431
5708943
5709455
5709967
5705360
5705872
5706384
5706896
5707408
5707920
5708432
5708944
5709456
5709968
5705361
5705873
5706385
5706897
5707409
5707921
5708433
5708945
5709457
5709969
5705362
5705874
5706386
5706898
5707410
5707922
5708434
5708946
5709458
5709970
5705363
5705875
5706387
5706899
5707411
5707923
5708435
5708947
5709459
5709971
5705364
5705876
5706388
5706900
5707412
5707924
5708436
5708948
5709460
5709972
7425379
7425891
7426403
7426915
7427427
7427939
7428451
7428963
7429475
7429987
7425380
7425892
7426404
7426916
7427428
7427940
7428452
7428964
7429476
7429988
7425381
7425893
7426405
7426917
7427429
7427941
7428453
7428965
7429477
7429989
7425382
7425894
7426406
7426918
7427430
7427942
7428454
7428966
7429478
7429990
7425383
7425895
7426407
7426919
7427431
7427943
7428455
7428967
7429479
7429991
7425384
7425896
7426408
7426920
7427432
7427944
7428456
7428968
7429480
7429992
7425385
7425897
7426409
7426921
7427433
7427945
7428457
7428969
7429481
7429993
7425386
7425898
7426410
7426922
7427434
7427946
7428458
7428970
7429482
7429994
7425387
7425899
7426411
7426923
7427435
7427947
7428459
7428971
7429483
7429995
7425388
7425900
7426412
7426924
7427436
7427948
7428460
7428972
7429484
7429996
62303660
62304172
62304684
62305196
62305708
62306220
62306732
62307244
62307756
62308268
62303661
62304173
62304685
62305197
62305709
62306221
62306733
62307245
62307757
62308269
62303662
62304174
62304686
62305198
62305710
62306222
62306734
62307246
62307758
62308270
62303663
62304175
62304687
62305199
62305711
62306223
62306735
62307247
62307759
62308271
62303664
62304176
62304688
62305200
62305712
62306224
62306736
62307248
62307760
62308272
62303665
62304177
62304689
62305201
62305713
62306225
62306737
62307249
62307761
62308273
62303666
62304178
62304690
62305202
62305714
62306226
62306738
62307250
62307762
62308274
62303667
62304179
62304691
62305203
62305715
62306227
62306739
62307251
62307763
62308275
62303668
62304180
62304692
62305204
62305716
62306228
62306740
62307252
62307764
62308276
62303669
62304181
62304693
62305205
62305717
62306229
62306741
62307253
62307765
62308277
20950932
20951444
20951956
20952468
20952980
20953492
20954004
20954516
20955028
20955540
20950933
20951445
20951957
20952469
20952981
20953493
20954005
20954517
20955029
20955541
20950934
20951446
20951958
20952470
20952982
20953494
20954006
20954518
20955030
20955542
20950935
20951447
20951959
20952471
20952983
20953495
20954007
20954519
20955031
20955543
20950936
20951448
20951960
20952472
20952984
20953496
20954008
20954520
20955032
20955544
20950937
20951449
20951961
20952473
20952985
20953497
20954009
20954521
20955033
20955545
20950938
20951450
20951962
20952474
20952986
20953498
20954010
20954522
20955034
20955546
20950939
20951451
20951963
20952475
20952987
20953499
20954011
20954523
20955035
20955547
20950940
20951452
20951964
20952476
20952988
20953500
20954012
20954524
20955036
20955548
20950941
20951453
20951965
20952477
20952989
20953501
20954013
20954525
20955037
20955549
62228805
62229317
62229829
62230341
62230853
62231365
62231877
62232389
62232901
62233413
62228806
62229318
62229830
62230342
62230854
62231366
62231878
62232390
62232902
62233414
62228807
62229319
62229831
62230343
62230855
62231367
62231879
62232391
62232903
62233415
62228808
62229320
62229832
62230344
62230856
62231368
62231880
62232392
62232904
62233416
62228809
62229321
62229833
62230345
62230857
62231369
62231881
62232393
62232905
62233417
62228810
62229322
62229834
62230346
62230858
62231370
62231882
62232394
62232906
62233418
62228811
62229323
62229835
62230347
62230859
62231371
62231883
62232395
62232907
62233419
62228812
62229324
62229836
62230348
62230860
62231372
62231884
62232396
62232908
62233420
62228813
62229325
62229837
62230349
62230861
62231373
62231885
62232397
62232909
62233421
62228814
62229326
62229838
62230350
62230862
62231374
62231886
62232398
62232910
62233422
