10391844
10392356
10392868
10393380
10393892
10394404
10394916
10395428
10395940
10396452
10391845
10392357
10392869
10393381
10393893
10394405
10394917
10395429
10395941
10396453
10391846
10392358
10392870
10393382
10393894
10394406
10394918
10395430
10395942
10396454
10391847
10392359
10392871
10393383
10393895
10394407
10394919
10395431
10395943
10396455
10391848
10392360
10392872
10393384
10393896
10394408
10394920
10395432
10395944
10396456
10391849
10392361
10392873
10393385
10393897
10394409
10394921
10395433
10395945
10396457
10391850
10392362
10392874
10393386
10393898
10394410
10394922
10395434
10395946
10396458
10391851
10392363
10392875
10393387
10393899
10394411
10394923
10395435
10395947
10396459
10391852
10392364
10392876
10393388
10393900
10394412
10394924
10395436
10395948
10396460
10391853
10392365
10392877
10393389
10393901
10394413
10394925
10395437
10395949
10396461
25452319
25452831
25453343
25453855
25454367
25454879
25455391
25455903
25456415
25456927
25452320
25452832
25453344
25453856
25454368
25454880
25455392
25455904
25456416
25456928
25452321
25452833
25453345
25453857
25454369
25454881
25455393
25455905
25456417
25456929
25452322
25452834
25453346
25453858
25454370
25454882
25455394
25455906
25456418
25456930
25452323
25452835
25453347
25453859
25454371
25454883
25455395
25455907
25456419
25456931
25452324
25452836
25453348
25453860
25454372
25454884
25455396
25455908
25456420
25456932
25452325
25452837
25453349
25453861
25454373
25454885
25455397
25455909
25456421
25456933
25452326
25452838
25453350
25453862
25454374
25454886
25455398
25455910
25456422
25456934
25452327
25452839
25453351
25453863
25454375
25454887
25455399
25455911
25456423
25456935
25452328
25452840
25453352
25453864
25454376
25454888
25455400
25455912
25456424
25456936
30308730
30309242
30309754
30310266
30310778
30311290
30311802
30312314
30312826
30313338
30308731
30309243
30309755
30310267
30310779
30311291
30311803
30312315
30312827
30313339
30308732
30309244
30309756
30310268
30310780
30311292
30311804
30312316
30312828
30313340
30308733
30309245
30309757
30310269
30310781
30311293
30311805
30312317
30312829
30313341
30308734
30309246
30309758
30310270
30310782
30311294
30311806
30312318
30312830
30313342
30308735
30309247
30309759
30310271
30310783
30311295
30311807
30312319
30312831
30313343
30308736
30309248
30309760
30310272
30310784
30311296
30311808
30312320
30312832
30313344
30308737
30309249
30309761
30310273
30310785
30311297
30311809
30312321
30312833
30313345
30308738
30309250
30309762
30310274
30310786
30311298
30311810
30312322
30312834
30313346
30308739
30309251
30309763
30310275
30310787
30311299
30311811
30312323
30312835
30313347
36104180
36104692
36105204
36105716
36106228
36106740
36107252
36107764
36108276
36108788
36104181
36104693
36105205
36105717
36106229
36106741
36107253
36107765
36108277
36108789
36104182
36104694
36105206
36105718
36106230
36106742
36107254
36107766
36108278
36108790
36104183
36104695
36105207
36105719
36106231
36106743
36107255
36107767
36108279
36108791
36104184
36104696
36105208
36105720
36106232
36106744
36107256
36107768
36108280
36108792
36104185
36104697
36105209
36105721
36106233
36106745
36107257
36107769
36108281
36108793
36104186
36104698
36105210
36105722
36106234
36106746
36107258
36107770
36108282
36108794
36104187
36104699
36105211
36105723
36106235
36106747
36107259
36107771
36108283
36108795
36104188
36104700
36105212
36105724
36106236
36106748
36107260
36107772
36108284
36108796
36104189
36104701
36105213
36105725
36106237
36106749
36107261
36107773
36108285
36108797
51768235
51768747
51769259
51769771
51770283
51770795
51771307
51771819
51772331
51772843
51768236
51768748
51769260
51769772
51770284
51770796
51771308
51771820
51772332
51772844
51768237
51768749
51769261
51769773
51770285
51770797
51771309
51771821
51772333
51772845
51768238
51768750
51769262
51769774
51770286
51770798
51771310
51771822
51772334
51772846
51768239
51768751
51769263
51769775
51770287
51770799
51771311
51771823
51772335
51772847
51768240
51768752
51769264
51769776
51770288
51770800
51771312
51771824
51772336
51772848
51768241
51768753
51769265
51769777
51770289
51770801
51771313
51771825
51772337
51772849
51768242
51768754
51769266
51769778
51770290
51770802
51771314
51771826
51772338
51772850
51768243
51768755
51769267
51769779
51770291
51770803
51771315
51771827
51772339
51772851
51768244
51768756
51769268
51769780
51770292
51770804
51771316
51771828
51772340
51772852
36127816
36128328
36128840
36129352
36129864
36130376
36130888
36131400
36131912
36132424
36127817
36128329
36128841
36129353
36129865
36130377
36130889
36131401
36131913
36132425
36127818
36128330
36128842
36129354
36129866
36130378
36130890
36131402
36131914
36132426
36127819
36128331
36128843
36129355
36129867
36130379
36130891
36131403
36131915
36132427
36127820
36128332
36128844
36129356
36129868
36130380
36130892
36131404
36131916
36132428
36127821
36128333
36128845
36129357
36129869
36130381
36130893
36131405
36131917
36132429
36127822
36128334
36128846
36129358
36129870
36130382
36130894
36131406
36131918
36132430
36127823
36128335
36128847
36129359
36129871
36130383
36130895
36131407
36131919
36132431
36127824
36128336
36128848
36129360
36129872
36130384
36130896
36131408
36131920
36132432
36127825
36128337
36128849
36129361
36129873
36130385
36130897
36131409
36131921
36132433
66801353
66801865
66802377
66802889
66803401
66803913
66804425
66804937
66805449
66805961
66801354
66801866
66802378
66802890
66803402
66803914
66804426
66804938
66805450
66805962
66801355
66801867
66802379
66802891
66803403
66803915
66804427
66804939
66805451
66805963
66801356
66801868
66802380
66802892
66803404
66803916
66804428
66804940
66805452
66805964
66801357
66801869
66802381
66802893
66803405
66803917
66804429
66804941
66805453
66805965
66801358
66801870
66802382
66802894
66803406
66803918
66804430
66804942
66805454
66805966
66801359
66801871
66802383
66802895
66803407
66803919
66804431
66804943
66805455
66805967
66801360
66801872
66802384
66802896
66803408
66803920
66804432
66804944
66805456
66805968
66801361
66801873
66802385
66802897
66803409
66803921
66804433
66804945
66805457
66805969
66801362
66801874
66802386
66802898
66803410
66803922
66804434
66804946
66805458
66805970
36665609
36666121
36666633
36667145
36667657
36668169
36668681
36669193
36669705
36670217
36665610
36666122
36666634
36667146
36667658
36668170
36668682
36669194
36669706
36670218
36665611
36666123
36666635
36667147
36667659
36668171
36668683
36669195
36669707
36670219
36665612
36666124
36666636
36667148
36667660
36668172
36668684
36669196
36669708
36670220
36665613
36666125
36666637
36667149
36667661
36668173
36668685
36669197
36669709
36670221
36665614
36666126
36666638
36667150
36667662
36668174
36668686
36669198
36669710
36670222
36665615
36666127
36666639
36667151
36667663
36668175
36668687
36669199
36669711
36670223
36665616
36666128
36666640
36667152
36667664
36668176
36668688
36669200
36669712
36670224
36665617
36666129
36666641
36667153
36667665
36668177
36668689
36669201
36669713
36670225
36665618
36666130
36666642
36667154
36667666
36668178
36668690
36669202
36669714
36670226
7049630
7050142
7050654
7051166
7051678
7052190
7052702
7053214
7053726
7054238
7049631
7050143
7050655
7051167
7051679
7052191
7052703
7053215
7053727
7054239
7049632
7050144
7050656
7051168
7051680
7052192
7052704
7053216
7053728
7054240
7049633
7050145
7050657
7051169
7051681
7052193
7052705
7053217
7053729
7054241
7049634
7050146
7050658
7051170
7051682
7052194
7052706
7053218
7053730
7054242
7049635
7050147
7050659
7051171
7051683
7052195
7052707
7053219
7053731
7054243
7049636
7050148
7050660
7051172
7051684
7052196
7052708
7053220
7053732
7054244
7049637
7050149
7050661
7051173
7051685
7052197
7052709
7053221
7053733
7054245
7049638
7050150
7050662
7051174
7051686
7052198
7052710
7053222
7053734
7054246
7049639
7050151
7050663
7051175
7051687
7052199
7052711
7053223
7053735
7054247
37700016
37700528
37701040
37701552
37702064
37702576
37703088
37703600
37704112
37704624
37700017
37700529
37701041
37701553
37702065
37702577
37703089
37703601
37704113
37704625
37700018
37700530
37701042
37701554
37702066
37702578
37703090
37703602
37704114
37704626
37700019
37700531
37701043
37701555
37702067
37702579
37703091
37703603
37704115
37704627
37700020
37700532
37701044
37701556
37702068
37702580
37703092
37703604
37704116
37704628
37700021
37700533
37701045
37701557
37702069
37702581
37703093
37703605
37704117
37704629
37700022
37700534
37701046
37701558
37702070
37702582
37703094
37703606
37704118
37704630
37700023
37700535
37701047
37701559
37702071
37702583
37703095
37703607
37704119
37704631
37700024
37700536
37701048
37701560
37702072
37702584
37703096
37703608
37704120
37704632
37700025
37700537
37701049
37701561
37702073
37702585
37703097
37703609
37704121
37704633
32944347
32944859
32945371
32945883
32946395
32946907
32947419
32947931
32948443
32948955
32944348
32944860
32945372
32945884
32946396
32946908
32947420
32947932
32948444
32948956
32944349
32944861
32945373
32945885
32946397
32946909
32947421
32947933
32948445
32948957
32944350
32944862
32945374
32945886
32946398
32946910
32947422
32947934
32948446
32948958
32944351
32944863
32945375
32945887
32946399
32946911
32947423
32947935
32948447
32948959
32944352
32944864
32945376
32945888
32946400
32946912
32947424
32947936
32948448
32948960
32944353
32944865
32945377
32945889
32946401
32946913
32947425
32947937
32948449
32948961
32944354
32944866
32945378
32945890
32946402
32946914
32947426
32947938
32948450
32948962
32944355
32944867
32945379
32945891
32946403
32946915
32947427
32947939
32948451
32948963
32944356
32944868
32945380
32945892
32946404
32946916
32947428
32947940
32948452
32948964
41192575
41193087
41193599
41194111
41194623
41195135
41195647
41196159
41196671
41197183
41192576
41193088
41193600
41194112
41194624
41195136
41195648
41196160
41196672
41197184
41192577
41193089
41193601
41194113
41194625
41195137
41195649
41196161
41196673
41197185
41192578
41193090
41193602
41194114
41194626
41195138
41195650
41196162
41196674
41197186
41192579
41193091
41193603
41194115
41194627
41195139
41195651
41196163
41196675
41197187
41192580
41193092
41193604
41194116
41194628
41195140
41195652
41196164
41196676
41197188
41192581
41193093
41193605
41194117
41194629
41195141
41195653
41196165
41196677
41197189
41192582
41193094
41193606
41194118
41194630
41195142
41195654
41196166
41196678
41197190
41192583
41193095
41193607
41194119
41194631
41195143
41195655
41196167
41196679
41197191
41192584
41193096
41193608
41194120
41194632
41195144
41195656
41196168
41196680
41197192
61315630
61316142
61316654
61317166
61317678
61318190
61318702
61319214
61319726
61320238
61315631
61316143
61316655
61317167
61317679
61318191
61318703
61319215
61319727
61320239
61315632
61316144
61316656
61317168
61317680
61318192
61318704
61319216
61319728
61320240
61315633
61316145
61316657
61317169
61317681
61318193
61318705
61319217
61319729
61320241
61315634
61316146
61316658
61317170
61317682
61318194
61318706
61319218
61319730
61320242
61315635
61316147
61316659
61317171
61317683
61318195
61318707
61319219
61319731
61320243
61315636
61316148
61316660
61317172
61317684
61318196
61318708
61319220
61319732
61320244
61315637
61316149
61316661
61317173
61317685
61318197
61318709
61319221
61319733
61320245
61315638
61316150
61316662
61317174
61317686
61318198
61318710
61319222
61319734
61320246
61315639
61316151
61316663
61317175
61317687
61318199
61318711
61319223
61319735
61320247
24322777
24323289
24323801
24324313
24324825
24325337
24325849
24326361
24326873
24327385
24322778
24323290
24323802
24324314
24324826
24325338
24325850
24326362
24326874
24327386
24322779
24323291
24323803
24324315
24324827
24325339
24325851
24326363
24326875
24327387
24322780
24323292
24323804
24324316
24324828
24325340
24325852
24326364
24326876
24327388
24322781
24323293
24323805
24324317
24324829
24325341
24325853
24326365
24326877
24327389
24322782
24323294
24323806
24324318
24324830
24325342
24325854
24326366
24326878
24327390
24322783
24323295
24323807
24324319
24324831
24325343
24325855
24326367
24326879
24327391
24322784
24323296
24323808
24324320
24324832
24325344
24325856
24326368
24326880
24327392
24322785
24323297
24323809
24324321
24324833
24325345
24325857
24326369
24326881
24327393
24322786
24323298
24323810
24324322
24324834
24325346
24325858
24326370
24326882
24327394
7579191
7579703
7580215
7580727
7581239
7581751
7582263
7582775
7583287
7583799
7579192
7579704
7580216
7580728
7581240
7581752
7582264
7582776
7583288
7583800
7579193
7579705
7580217
7580729
7581241
7581753
7582265
7582777
7583289
7583801
7579194
7579706
7580218
7580730
7581242
7581754
7582266
7582778
7583290
7583802
7579195
7579707
7580219
7580731
7581243
7581755
7582267
7582779
7583291
7583803
7579196
7579708
7580220
7580732
7581244
7581756
7582268
7582780
7583292
7583804
7579197
7579709
7580221
7580733
7581245
7581757
7582269
7582781
7583293
7583805
7579198
7579710
7580222
7580734
7581246
7581758
7582270
7582782
7583294
7583806
7579199
7579711
7580223
7580735
7581247
7581759
7582271
7582783
7583295
7583807
7579200
7579712
7580224
7580736
7581248
7581760
7582272
7582784
7583296
7583808
53878417
53878929
53879441
53879953
53880465
53880977
53881489
53882001
53882513
53883025
53878418
53878930
53879442
53879954
53880466
53880978
53881490
53882002
53882514
53883026
53878419
53878931
53879443
53879955
53880467
53880979
53881491
53882003
53882515
53883027
53878420
53878932
53879444
53879956
53880468
53880980
53881492
53882004
53882516
53883028
53878421
53878933
53879445
53879957
53880469
53880981
53881493
53882005
53882517
53883029
53878422
53878934
53879446
53879958
53880470
53880982
53881494
53882006
53882518
53883030
53878423
53878935
53879447
53879959
53880471
53880983
53881495
53882007
53882519
53883031
53878424
53878936
53879448
53879960
53880472
53880984
53881496
53882008
53882520
53883032
53878425
53878937
53879449
53879961
53880473
53880985
53881497
53882009
53882521
53883033
53878426
53878938
53879450
53879962
53880474
53880986
53881498
53882010
53882522
53883034
31469980
31470492
31471004
31471516
31472028
31472540
31473052
31473564
31474076
31474588
31469981
31470493
31471005
31471517
31472029
31472541
31473053
31473565
31474077
31474589
31469982
31470494
31471006
31471518
31472030
31472542
31473054
31473566
31474078
31474590
31469983
31470495
31471007
31471519
31472031
31472543
31473055
31473567
31474079
31474591
31469984
31470496
31471008
31471520
31472032
31472544
31473056
31473568
31474080
31474592
31469985
31470497
31471009
31471521
31472033
31472545
31473057
31473569
31474081
31474593
31469986
31470498
31471010
31471522
31472034
31472546
31473058
31473570
31474082
31474594
31469987
31470499
31471011
31471523
31472035
31472547
31473059
31473571
31474083
31474595
31469988
31470500
31471012
31471524
31472036
31472548
31473060
31473572
31474084
31474596
31469989
31470501
31471013
31471525
31472037
31472549
31473061
31473573
31474085
31474597
59814524
59815036
59815548
59816060
59816572
59817084
59817596
59818108
59818620
59819132
59814525
59815037
59815549
59816061
59816573
59817085
59817597
59818109
59818621
59819133
59814526
59815038
59815550
59816062
59816574
59817086
59817598
59818110
59818622
59819134
59814527
59815039
59815551
59816063
59816575
59817087
59817599
59818111
59818623
59819135
59814528
59815040
59815552
59816064
59816576
59817088
59817600
59818112
59818624
59819136
59814529
59815041
59815553
59816065
59816577
59817089
59817601
59818113
59818625
59819137
59814530
59815042
59815554
59816066
59816578
59817090
59817602
59818114
59818626
59819138
59814531
59815043
59815555
59816067
59816579
59817091
59817603
59818115
59818627
59819139
59814532
59815044
59815556
59816068
59816580
59817092
59817604
59818116
59818628
59819140
59814533
59815045
59815557
59816069
59816581
59817093
59817605
59818117
59818629
59819141
39849540
39850052
39850564
39851076
39851588
39852100
39852612
39853124
39853636
39854148
39849541
39850053
39850565
39851077
39851589
39852101
39852613
39853125
39853637
39854149
39849542
39850054
39850566
39851078
39851590
39852102
39852614
39853126
39853638
39854150
39849543
39850055
39850567
39851079
39851591
39852103
39852615
39853127
39853639
39854151
39849544
39850056
39850568
39851080
39851592
39852104
39852616
39853128
39853640
39854152
39849545
39850057
39850569
39851081
39851593
39852105
39852617
39853129
39853641
39854153
39849546
39850058
39850570
39851082
39851594
39852106
39852618
39853130
39853642
39854154
39849547
39850059
39850571
39851083
39851595
39852107
39852619
39853131
39853643
39854155
39849548
39850060
39850572
39851084
39851596
39852108
39852620
39853132
39853644
39854156
39849549
39850061
39850573
39851085
39851597
39852109
39852621
39853133
39853645
39854157
941240
941752
942264
942776
943288
943800
944312
944824
945336
945848
941241
941753
942265
942777
943289
943801
944313
944825
945337
945849
941242
941754
942266
942778
943290
943802
944314
944826
945338
945850
941243
941755
942267
942779
943291
943803
944315
944827
945339
945851
941244
941756
942268
942780
943292
943804
944316
944828
945340
945852
941245
941757
942269
942781
943293
943805
944317
944829
945341
945853
941246
941758
942270
942782
943294
943806
944318
944830
945342
945854
941247
941759
942271
942783
943295
943807
944319
944831
945343
945855
941248
941760
942272
942784
943296
943808
944320
944832
945344
945856
941249
941761
942273
942785
943297
943809
944321
944833
945345
945857
23102059
23102571
23103083
23103595
23104107
23104619
23105131
23105643
23106155
23106667
23102060
23102572
23103084
23103596
23104108
23104620
23105132
23105644
23106156
23106668
23102061
23102573
23103085
23103597
23104109
23104621
23105133
23105645
23106157
23106669
23102062
23102574
23103086
23103598
23104110
23104622
23105134
23105646
23106158
23106670
23102063
23102575
23103087
23103599
23104111
23104623
23105135
23105647
23106159
23106671
23102064
23102576
23103088
23103600
23104112
23104624
23105136
23105648
23106160
23106672
23102065
23102577
23103089
23103601
23104113
23104625
23105137
23105649
23106161
23106673
23102066
23102578
23103090
23103602
23104114
23104626
23105138
23105650
23106162
23106674
23102067
23102579
23103091
23103603
23104115
23104627
23105139
23105651
23106163
23106675
23102068
23102580
23103092
23103604
23104116
23104628
23105140
23105652
23106164
23106676
18996633
18997145
18997657
18998169
18998681
18999193
18999705
19000217
19000729
19001241
18996634
18997146
18997658
18998170
18998682
18999194
18999706
19000218
19000730
19001242
18996635
18997147
18997659
18998171
18998683
18999195
18999707
19000219
19000731
19001243
18996636
18997148
18997660
18998172
18998684
18999196
18999708
19000220
19000732
19001244
18996637
18997149
18997661
18998173
18998685
18999197
18999709
19000221
19000733
19001245
18996638
18997150
18997662
18998174
18998686
18999198
18999710
19000222
19000734
19001246
18996639
18997151
18997663
18998175
18998687
18999199
18999711
19000223
19000735
19001247
18996640
18997152
18997664
18998176
18998688
18999200
18999712
19000224
19000736
19001248
18996641
18997153
18997665
18998177
18998689
18999201
18999713
19000225
19000737
19001249
18996642
18997154
18997666
18998178
18998690
18999202
18999714
19000226
19000738
19001250
67080102
67080614
67081126
67081638
67082150
67082662
67083174
67083686
67084198
67084710
67080103
67080615
67081127
67081639
67082151
67082663
67083175
67083687
67084199
67084711
67080104
67080616
67081128
67081640
67082152
67082664
67083176
67083688
67084200
67084712
67080105
67080617
67081129
67081641
67082153
67082665
67083177
67083689
67084201
67084713
67080106
67080618
67081130
67081642
67082154
67082666
67083178
67083690
67084202
67084714
67080107
67080619
67081131
67081643
67082155
67082667
67083179
67083691
67084203
67084715
67080108
67080620
67081132
67081644
67082156
67082668
67083180
67083692
67084204
67084716
67080109
67080621
67081133
67081645
67082157
67082669
67083181
67083693
67084205
67084717
67080110
67080622
67081134
67081646
67082158
67082670
67083182
67083694
67084206
67084718
67080111
67080623
67081135
67081647
67082159
67082671
67083183
67083695
67084207
67084719
15215592
15216104
15216616
15217128
15217640
15218152
15218664
15219176
15219688
15220200
15215593
15216105
15216617
15217129
15217641
15218153
15218665
15219177
15219689
15220201
15215594
15216106
15216618
15217130
15217642
15218154
15218666
15219178
15219690
15220202
15215595
15216107
15216619
15217131
15217643
15218155
15218667
15219179
15219691
15220203
15215596
15216108
15216620
15217132
15217644
15218156
15218668
15219180
15219692
15220204
15215597
15216109
15216621
15217133
15217645
15218157
15218669
15219181
15219693
15220205
15215598
15216110
15216622
15217134
15217646
15218158
15218670
15219182
15219694
15220206
15215599
15216111
15216623
15217135
15217647
15218159
15218671
15219183
15219695
15220207
15215600
15216112
15216624
15217136
15217648
15218160
15218672
15219184
15219696
15220208
15215601
15216113
15216625
15217137
15217649
15218161
15218673
15219185
15219697
15220209
42015747
42016259
42016771
42017283
42017795
42018307
42018819
42019331
42019843
42020355
42015748
42016260
42016772
42017284
42017796
42018308
42018820
42019332
42019844
42020356
42015749
42016261
42016773
42017285
42017797
42018309
42018821
42019333
42019845
42020357
42015750
42016262
42016774
42017286
42017798
42018310
42018822
42019334
42019846
42020358
42015751
42016263
42016775
42017287
42017799
42018311
42018823
42019335
42019847
42020359
42015752
42016264
42016776
42017288
42017800
42018312
42018824
42019336
42019848
42020360
42015753
42016265
42016777
42017289
42017801
42018313
42018825
42019337
42019849
42020361
42015754
42016266
42016778
42017290
42017802
42018314
42018826
42019338
42019850
42020362
42015755
42016267
42016779
42017291
42017803
42018315
42018827
42019339
42019851
42020363
42015756
42016268
42016780
42017292
42017804
42018316
42018828
42019340
42019852
42020364
52170431
52170943
52171455
52171967
52172479
52172991
52173503
52174015
52174527
52175039
52170432
52170944
52171456
52171968
52172480
52172992
52173504
52174016
52174528
52175040
52170433
52170945
52171457
52171969
52172481
52172993
52173505
52174017
52174529
52175041
52170434
52170946
52171458
52171970
52172482
52172994
52173506
52174018
52174530
52175042
52170435
52170947
52171459
52171971
52172483
52172995
52173507
52174019
52174531
52175043
52170436
52170948
52171460
52171972
52172484
52172996
52173508
52174020
52174532
52175044
52170437
52170949
52171461
52171973
52172485
52172997
52173509
52174021
52174533
52175045
52170438
52170950
52171462
52171974
52172486
52172998
52173510
52174022
52174534
52175046
52170439
52170951
52171463
52171975
52172487
52172999
52173511
52174023
52174535
52175047
52170440
52170952
52171464
52171976
52172488
52173000
52173512
52174024
52174536
52175048
49473819
49474331
49474843
49475355
49475867
49476379
49476891
49477403
49477915
49478427
49473820
49474332
49474844
49475356
49475868
49476380
49476892
49477404
49477916
49478428
49473821
49474333
49474845
49475357
49475869
49476381
49476893
49477405
49477917
49478429
49473822
49474334
49474846
49475358
49475870
49476382
49476894
49477406
49477918
49478430
49473823
49474335
49474847
49475359
49475871
49476383
49476895
49477407
49477919
49478431
49473824
49474336
49474848
49475360
49475872
49476384
49476896
49477408
49477920
49478432
49473825
49474337
49474849
49475361
49475873
49476385
49476897
49477409
49477921
49478433
49473826
49474338
49474850
49475362
49475874
49476386
49476898
49477410
49477922
49478434
49473827
49474339
49474851
49475363
49475875
49476387
49476899
49477411
49477923
49478435
49473828
49474340
49474852
49475364
49475876
49476388
49476900
49477412
49477924
49478436
60129618
60130130
60130642
60131154
60131666
60132178
60132690
60133202
60133714
60134226
60129619
60130131
60130643
60131155
60131667
60132179
60132691
60133203
60133715
60134227
60129620
60130132
60130644
60131156
60131668
60132180
60132692
60133204
60133716
60134228
60129621
60130133
60130645
60131157
60131669
60132181
60132693
60133205
60133717
60134229
60129622
60130134
60130646
60131158
60131670
60132182
60132694
60133206
60133718
60134230
60129623
60130135
60130647
60131159
60131671
60132183
60132695
60133207
60133719
60134231
60129624
60130136
60130648
60131160
60131672
60132184
60132696
60133208
60133720
60134232
60129625
60130137
60130649
60131161
60131673
60132185
60132697
60133209
60133721
60134233
60129626
60130138
60130650
60131162
60131674
60132186
60132698
60133210
60133722
60134234
60129627
60130139
60130651
60131163
60131675
60132187
60132699
60133211
60133723
60134235
1444716
1445228
1445740
1446252
1446764
1447276
1447788
1448300
1448812
1449324
1444717
1445229
1445741
1446253
1446765
1447277
1447789
1448301
1448813
1449325
1444718
1445230
1445742
1446254
1446766
1447278
1447790
1448302
1448814
1449326
1444719
1445231
1445743
1446255
1446767
1447279
1447791
1448303
1448815
1449327
1444720
1445232
1445744
1446256
1446768
1447280
1447792
1448304
1448816
1449328
1444721
1445233
1445745
1446257
1446769
1447281
1447793
1448305
1448817
1449329
1444722
1445234
1445746
1446258
1446770
1447282
1447794
1448306
1448818
1449330
1444723
1445235
1445747
1446259
1446771
1447283
1447795
1448307
1448819
1449331
1444724
1445236
1445748
1446260
1446772
1447284
1447796
1448308
1448820
1449332
1444725
1445237
1445749
1446261
1446773
1447285
1447797
1448309
1448821
1449333
25184291
25184803
25185315
25185827
25186339
25186851
25187363
25187875
25188387
25188899
25184292
25184804
25185316
25185828
25186340
25186852
25187364
25187876
25188388
25188900
25184293
25184805
25185317
25185829
25186341
25186853
25187365
25187877
25188389
25188901
25184294
25184806
25185318
25185830
25186342
25186854
25187366
25187878
25188390
25188902
25184295
25184807
25185319
25185831
25186343
25186855
25187367
25187879
25188391
25188903
25184296
25184808
25185320
25185832
25186344
25186856
25187368
25187880
25188392
25188904
25184297
25184809
25185321
25185833
25186345
25186857
25187369
25187881
25188393
25188905
25184298
25184810
25185322
25185834
25186346
25186858
25187370
25187882
25188394
25188906
25184299
25184811
25185323
25185835
25186347
25186859
25187371
25187883
25188395
25188907
25184300
25184812
25185324
25185836
25186348
25186860
25187372
25187884
25188396
25188908
