4903368
4903880
4904392
4904904
4905416
4905928
4906440
4906952
4907464
4907976
4903369
4903881
4904393
4904905
4905417
4905929
4906441
4906953
4907465
4907977
4903370
4903882
4904394
4904906
4905418
4905930
4906442
4906954
4907466
4907978
4903371
4903883
4904395
4904907
4905419
4905931
4906443
4906955
4907467
4907979
4903372
4903884
4904396
4904908
4905420
4905932
4906444
4906956
4907468
4907980
4903373
4903885
4904397
4904909
4905421
4905933
4906445
4906957
4907469
4907981
4903374
4903886
4904398
4904910
4905422
4905934
4906446
4906958
4907470
4907982
4903375
4903887
4904399
4904911
4905423
4905935
4906447
4906959
4907471
4907983
4903376
4903888
4904400
4904912
4905424
4905936
4906448
4906960
4907472
4907984
4903377
4903889
4904401
4904913
4905425
4905937
4906449
4906961
4907473
4907985
13995640
13996152
13996664
13997176
13997688
13998200
13998712
13999224
13999736
14000248
13995641
13996153
13996665
13997177
13997689
13998201
13998713
13999225
13999737
14000249
13995642
13996154
13996666
13997178
13997690
13998202
13998714
13999226
13999738
14000250
13995643
13996155
13996667
13997179
13997691
13998203
13998715
13999227
13999739
14000251
13995644
13996156
13996668
13997180
13997692
13998204
13998716
13999228
13999740
14000252
13995645
13996157
13996669
13997181
13997693
13998205
13998717
13999229
13999741
14000253
13995646
13996158
13996670
13997182
13997694
13998206
13998718
13999230
13999742
14000254
13995647
13996159
13996671
13997183
13997695
13998207
13998719
13999231
13999743
14000255
13995648
13996160
13996672
13997184
13997696
13998208
13998720
13999232
13999744
14000256
13995649
13996161
13996673
13997185
13997697
13998209
13998721
13999233
13999745
14000257
53711187
53711699
53712211
53712723
53713235
53713747
53714259
53714771
53715283
53715795
53711188
53711700
53712212
53712724
53713236
53713748
53714260
53714772
53715284
53715796
53711189
53711701
53712213
53712725
53713237
53713749
53714261
53714773
53715285
53715797
53711190
53711702
53712214
53712726
53713238
53713750
53714262
53714774
53715286
53715798
53711191
53711703
53712215
53712727
53713239
53713751
53714263
53714775
53715287
53715799
53711192
53711704
53712216
53712728
53713240
53713752
53714264
53714776
53715288
53715800
53711193
53711705
53712217
53712729
53713241
53713753
53714265
53714777
53715289
53715801
53711194
53711706
53712218
53712730
53713242
53713754
53714266
53714778
53715290
53715802
53711195
53711707
53712219
53712731
53713243
53713755
53714267
53714779
53715291
53715803
53711196
53711708
53712220
53712732
53713244
53713756
53714268
53714780
53715292
53715804
4067908
4068420
4068932
4069444
4069956
4070468
4070980
4071492
4072004
4072516
4067909
4068421
4068933
4069445
4069957
4070469
4070981
4071493
4072005
4072517
4067910
4068422
4068934
4069446
4069958
4070470
4070982
4071494
4072006
4072518
4067911
4068423
4068935
4069447
4069959
4070471
4070983
4071495
4072007
4072519
4067912
4068424
4068936
4069448
4069960
4070472
4070984
4071496
4072008
4072520
4067913
4068425
4068937
4069449
4069961
4070473
4070985
4071497
4072009
4072521
4067914
4068426
4068938
4069450
4069962
4070474
4070986
4071498
4072010
4072522
4067915
4068427
4068939
4069451
4069963
4070475
4070987
4071499
4072011
4072523
4067916
4068428
4068940
4069452
4069964
4070476
4070988
4071500
4072012
4072524
4067917
4068429
4068941
4069453
4069965
4070477
4070989
4071501
4072013
4072525
18605575
18606087
18606599
18607111
18607623
18608135
18608647
18609159
18609671
18610183
18605576
18606088
18606600
18607112
18607624
18608136
18608648
18609160
18609672
18610184
18605577
18606089
18606601
18607113
18607625
18608137
18608649
18609161
18609673
18610185
18605578
18606090
18606602
18607114
18607626
18608138
18608650
18609162
18609674
18610186
18605579
18606091
18606603
18607115
18607627
18608139
18608651
18609163
18609675
18610187
18605580
18606092
18606604
18607116
18607628
18608140
18608652
18609164
18609676
18610188
18605581
18606093
18606605
18607117
18607629
18608141
18608653
18609165
18609677
18610189
18605582
18606094
18606606
18607118
18607630
18608142
18608654
18609166
18609678
18610190
18605583
18606095
18606607
18607119
18607631
18608143
18608655
18609167
18609679
18610191
18605584
18606096
18606608
18607120
18607632
18608144
18608656
18609168
18609680
18610192
35528022
35528534
35529046
35529558
35530070
35530582
35531094
35531606
35532118
35532630
35528023
35528535
35529047
35529559
35530071
35530583
35531095
35531607
35532119
35532631
35528024
35528536
35529048
35529560
35530072
35530584
35531096
35531608
35532120
35532632
35528025
35528537
35529049
35529561
35530073
35530585
35531097
35531609
35532121
35532633
35528026
35528538
35529050
35529562
35530074
35530586
35531098
35531610
35532122
35532634
35528027
35528539
35529051
35529563
35530075
35530587
35531099
35531611
35532123
35532635
35528028
35528540
35529052
35529564
35530076
35530588
35531100
35531612
35532124
35532636
35528029
35528541
35529053
35529565
35530077
35530589
35531101
35531613
35532125
35532637
35528030
35528542
35529054
35529566
35530078
35530590
35531102
35531614
35532126
35532638
35528031
35528543
35529055
35529567
35530079
35530591
35531103
35531615
35532127
35532639
22770347
22770859
22771371
22771883
22772395
22772907
22773419
22773931
22774443
22774955
22770348
22770860
22771372
22771884
22772396
22772908
22773420
22773932
22774444
22774956
22770349
22770861
22771373
22771885
22772397
22772909
22773421
22773933
22774445
22774957
22770350
22770862
22771374
22771886
22772398
22772910
22773422
22773934
22774446
22774958
22770351
22770863
22771375
22771887
22772399
22772911
22773423
22773935
22774447
22774959
22770352
22770864
22771376
22771888
22772400
22772912
22773424
22773936
22774448
22774960
22770353
22770865
22771377
22771889
22772401
22772913
22773425
22773937
22774449
22774961
22770354
22770866
22771378
22771890
22772402
22772914
22773426
22773938
22774450
22774962
22770355
22770867
22771379
22771891
22772403
22772915
22773427
22773939
22774451
22774963
22770356
22770868
22771380
22771892
22772404
22772916
22773428
22773940
22774452
22774964
53590899
53591411
53591923
53592435
53592947
53593459
53593971
53594483
53594995
53595507
53590900
53591412
53591924
53592436
53592948
53593460
53593972
53594484
53594996
53595508
53590901
53591413
53591925
53592437
53592949
53593461
53593973
53594485
53594997
53595509
53590902
53591414
53591926
53592438
53592950
53593462
53593974
53594486
53594998
53595510
53590903
53591415
53591927
53592439
53592951
53593463
53593975
53594487
53594999
53595511
53590904
53591416
53591928
53592440
53592952
53593464
53593976
53594488
53595000
53595512
53590905
53591417
53591929
53592441
53592953
53593465
53593977
53594489
53595001
53595513
53590906
53591418
53591930
53592442
53592954
53593466
53593978
53594490
53595002
53595514
53590907
53591419
53591931
53592443
53592955
53593467
53593979
53594491
53595003
53595515
53590908
53591420
53591932
53592444
53592956
53593468
53593980
53594492
53595004
53595516
17279028
17279540
17280052
17280564
17281076
17281588
17282100
17282612
17283124
17283636
17279029
17279541
17280053
17280565
17281077
17281589
17282101
17282613
17283125
17283637
17279030
17279542
17280054
17280566
17281078
17281590
17282102
17282614
17283126
17283638
17279031
17279543
17280055
17280567
17281079
17281591
17282103
17282615
17283127
17283639
17279032
17279544
17280056
17280568
17281080
17281592
17282104
17282616
17283128
17283640
17279033
17279545
17280057
17280569
17281081
17281593
17282105
17282617
17283129
17283641
17279034
17279546
17280058
17280570
17281082
17281594
17282106
17282618
17283130
17283642
17279035
17279547
17280059
17280571
17281083
17281595
17282107
17282619
17283131
17283643
17279036
17279548
17280060
17280572
17281084
17281596
17282108
17282620
17283132
17283644
17279037
17279549
17280061
17280573
17281085
17281597
17282109
17282621
17283133
17283645
9920419
9920931
9921443
9921955
9922467
9922979
9923491
9924003
9924515
9925027
9920420
9920932
9921444
9921956
9922468
9922980
9923492
9924004
9924516
9925028
9920421
9920933
9921445
9921957
9922469
9922981
9923493
9924005
9924517
9925029
9920422
9920934
9921446
9921958
9922470
9922982
9923494
9924006
9924518
9925030
9920423
9920935
9921447
9921959
9922471
9922983
9923495
9924007
9924519
9925031
9920424
9920936
9921448
9921960
9922472
9922984
9923496
9924008
9924520
9925032
9920425
9920937
9921449
9921961
9922473
9922985
9923497
9924009
9924521
9925033
9920426
9920938
9921450
9921962
9922474
9922986
9923498
9924010
9924522
9925034
9920427
9920939
9921451
9921963
9922475
9922987
9923499
9924011
9924523
9925035
9920428
9920940
9921452
9921964
9922476
9922988
9923500
9924012
9924524
9925036
19107717
19108229
19108741
19109253
19109765
19110277
19110789
19111301
19111813
19112325
19107718
19108230
19108742
19109254
19109766
19110278
19110790
19111302
19111814
19112326
19107719
19108231
19108743
19109255
19109767
19110279
19110791
19111303
19111815
19112327
19107720
19108232
19108744
19109256
19109768
19110280
19110792
19111304
19111816
19112328
19107721
19108233
19108745
19109257
19109769
19110281
19110793
19111305
19111817
19112329
19107722
19108234
19108746
19109258
19109770
19110282
19110794
19111306
19111818
19112330
19107723
19108235
19108747
19109259
19109771
19110283
19110795
19111307
19111819
19112331
19107724
19108236
19108748
19109260
19109772
19110284
19110796
19111308
19111820
19112332
19107725
19108237
19108749
19109261
19109773
19110285
19110797
19111309
19111821
19112333
19107726
19108238
19108750
19109262
19109774
19110286
19110798
19111310
19111822
19112334
46074103
46074615
46075127
46075639
46076151
46076663
46077175
46077687
46078199
46078711
46074104
46074616
46075128
46075640
46076152
46076664
46077176
46077688
46078200
46078712
46074105
46074617
46075129
46075641
46076153
46076665
46077177
46077689
46078201
46078713
46074106
46074618
46075130
46075642
46076154
46076666
46077178
46077690
46078202
46078714
46074107
46074619
46075131
46075643
46076155
46076667
46077179
46077691
46078203
46078715
46074108
46074620
46075132
46075644
46076156
46076668
46077180
46077692
46078204
46078716
46074109
46074621
46075133
46075645
46076157
46076669
46077181
46077693
46078205
46078717
46074110
46074622
46075134
46075646
46076158
46076670
46077182
46077694
46078206
46078718
46074111
46074623
46075135
46075647
46076159
46076671
46077183
46077695
46078207
46078719
46074112
46074624
46075136
46075648
46076160
46076672
46077184
46077696
46078208
46078720
15935441
15935953
15936465
15936977
15937489
15938001
15938513
15939025
15939537
15940049
15935442
15935954
15936466
15936978
15937490
15938002
15938514
15939026
15939538
15940050
15935443
15935955
15936467
15936979
15937491
15938003
15938515
15939027
15939539
15940051
15935444
15935956
15936468
15936980
15937492
15938004
15938516
15939028
15939540
15940052
15935445
15935957
15936469
15936981
15937493
15938005
15938517
15939029
15939541
15940053
15935446
15935958
15936470
15936982
15937494
15938006
15938518
15939030
15939542
15940054
15935447
15935959
15936471
15936983
15937495
15938007
15938519
15939031
15939543
15940055
15935448
15935960
15936472
15936984
15937496
15938008
15938520
15939032
15939544
15940056
15935449
15935961
15936473
15936985
15937497
15938009
15938521
15939033
15939545
15940057
15935450
15935962
15936474
15936986
15937498
15938010
15938522
15939034
15939546
15940058
24670353
24670865
24671377
24671889
24672401
24672913
24673425
24673937
24674449
24674961
24670354
24670866
24671378
24671890
24672402
24672914
24673426
24673938
24674450
24674962
24670355
24670867
24671379
24671891
24672403
24672915
24673427
24673939
24674451
24674963
24670356
24670868
24671380
24671892
24672404
24672916
24673428
24673940
24674452
24674964
24670357
24670869
24671381
24671893
24672405
24672917
24673429
24673941
24674453
24674965
24670358
24670870
24671382
24671894
24672406
24672918
24673430
24673942
24674454
24674966
24670359
24670871
24671383
24671895
24672407
24672919
24673431
24673943
24674455
24674967
24670360
24670872
24671384
24671896
24672408
24672920
24673432
24673944
24674456
24674968
24670361
24670873
24671385
24671897
24672409
24672921
24673433
24673945
24674457
24674969
24670362
24670874
24671386
24671898
24672410
24672922
24673434
24673946
24674458
24674970
12533063
12533575
12534087
12534599
12535111
12535623
12536135
12536647
12537159
12537671
12533064
12533576
12534088
12534600
12535112
12535624
12536136
12536648
12537160
12537672
12533065
12533577
12534089
12534601
12535113
12535625
12536137
12536649
12537161
12537673
12533066
12533578
12534090
12534602
12535114
12535626
12536138
12536650
12537162
12537674
12533067
12533579
12534091
12534603
12535115
12535627
12536139
12536651
12537163
12537675
12533068
12533580
12534092
12534604
12535116
12535628
12536140
12536652
12537164
12537676
12533069
12533581
12534093
12534605
12535117
12535629
12536141
12536653
12537165
12537677
12533070
12533582
12534094
12534606
12535118
12535630
12536142
12536654
12537166
12537678
12533071
12533583
12534095
12534607
12535119
12535631
12536143
12536655
12537167
12537679
12533072
12533584
12534096
12534608
12535120
12535632
12536144
12536656
12537168
12537680
7388070
7388582
7389094
7389606
7390118
7390630
7391142
7391654
7392166
7392678
7388071
7388583
7389095
7389607
7390119
7390631
7391143
7391655
7392167
7392679
7388072
7388584
7389096
7389608
7390120
7390632
7391144
7391656
7392168
7392680
7388073
7388585
7389097
7389609
7390121
7390633
7391145
7391657
7392169
7392681
7388074
7388586
7389098
7389610
7390122
7390634
7391146
7391658
7392170
7392682
7388075
7388587
7389099
7389611
7390123
7390635
7391147
7391659
7392171
7392683
7388076
7388588
7389100
7389612
7390124
7390636
7391148
7391660
7392172
7392684
7388077
7388589
7389101
7389613
7390125
7390637
7391149
7391661
7392173
7392685
7388078
7388590
7389102
7389614
7390126
7390638
7391150
7391662
7392174
7392686
7388079
7388591
7389103
7389615
7390127
7390639
7391151
7391663
7392175
7392687
3736737
3737249
3737761
3738273
3738785
3739297
3739809
3740321
3740833
3741345
3736738
3737250
3737762
3738274
3738786
3739298
3739810
3740322
3740834
3741346
3736739
3737251
3737763
3738275
3738787
3739299
3739811
3740323
3740835
3741347
3736740
3737252
3737764
3738276
3738788
3739300
3739812
3740324
3740836
3741348
3736741
3737253
3737765
3738277
3738789
3739301
3739813
3740325
3740837
3741349
3736742
3737254
3737766
3738278
3738790
3739302
3739814
3740326
3740838
3741350
3736743
3737255
3737767
3738279
3738791
3739303
3739815
3740327
3740839
3741351
3736744
3737256
3737768
3738280
3738792
3739304
3739816
3740328
3740840
3741352
3736745
3737257
3737769
3738281
3738793
3739305
3739817
3740329
3740841
3741353
3736746
3737258
3737770
3738282
3738794
3739306
3739818
3740330
3740842
3741354
28999423
28999935
29000447
29000959
29001471
29001983
29002495
29003007
29003519
29004031
28999424
28999936
29000448
29000960
29001472
29001984
29002496
29003008
29003520
29004032
28999425
28999937
29000449
29000961
29001473
29001985
29002497
29003009
29003521
29004033
28999426
28999938
29000450
29000962
29001474
29001986
29002498
29003010
29003522
29004034
28999427
28999939
29000451
29000963
29001475
29001987
29002499
29003011
29003523
29004035
28999428
28999940
29000452
29000964
29001476
29001988
29002500
29003012
29003524
29004036
28999429
28999941
29000453
29000965
29001477
29001989
29002501
29003013
29003525
29004037
28999430
28999942
29000454
29000966
29001478
29001990
29002502
29003014
29003526
29004038
28999431
28999943
29000455
29000967
29001479
29001991
29002503
29003015
29003527
29004039
28999432
28999944
29000456
29000968
29001480
29001992
29002504
29003016
29003528
29004040
21618264
21618776
21619288
21619800
21620312
21620824
21621336
21621848
21622360
21622872
21618265
21618777
21619289
21619801
21620313
21620825
21621337
21621849
21622361
21622873
21618266
21618778
21619290
21619802
21620314
21620826
21621338
21621850
21622362
21622874
21618267
21618779
21619291
21619803
21620315
21620827
21621339
21621851
21622363
21622875
21618268
21618780
21619292
21619804
21620316
21620828
21621340
21621852
21622364
21622876
21618269
21618781
21619293
21619805
21620317
21620829
21621341
21621853
21622365
21622877
21618270
21618782
21619294
21619806
21620318
21620830
21621342
21621854
21622366
21622878
21618271
21618783
21619295
21619807
21620319
21620831
21621343
21621855
21622367
21622879
21618272
21618784
21619296
21619808
21620320
21620832
21621344
21621856
21622368
21622880
21618273
21618785
21619297
21619809
21620321
21620833
21621345
21621857
21622369
21622881
66760250
66760762
66761274
66761786
66762298
66762810
66763322
66763834
66764346
66764858
66760251
66760763
66761275
66761787
66762299
66762811
66763323
66763835
66764347
66764859
66760252
66760764
66761276
66761788
66762300
66762812
66763324
66763836
66764348
66764860
66760253
66760765
66761277
66761789
66762301
66762813
66763325
66763837
66764349
66764861
66760254
66760766
66761278
66761790
66762302
66762814
66763326
66763838
66764350
66764862
66760255
66760767
66761279
66761791
66762303
66762815
66763327
66763839
66764351
66764863
66760256
66760768
66761280
66761792
66762304
66762816
66763328
66763840
66764352
66764864
66760257
66760769
66761281
66761793
66762305
66762817
66763329
66763841
66764353
66764865
66760258
66760770
66761282
66761794
66762306
66762818
66763330
66763842
66764354
66764866
66760259
66760771
66761283
66761795
66762307
66762819
66763331
66763843
66764355
66764867
54486903
54487415
54487927
54488439
54488951
54489463
54489975
54490487
54490999
54491511
54486904
54487416
54487928
54488440
54488952
54489464
54489976
54490488
54491000
54491512
54486905
54487417
54487929
54488441
54488953
54489465
54489977
54490489
54491001
54491513
54486906
54487418
54487930
54488442
54488954
54489466
54489978
54490490
54491002
54491514
54486907
54487419
54487931
54488443
54488955
54489467
54489979
54490491
54491003
54491515
54486908
54487420
54487932
54488444
54488956
54489468
54489980
54490492
54491004
54491516
54486909
54487421
54487933
54488445
54488957
54489469
54489981
54490493
54491005
54491517
54486910
54487422
54487934
54488446
54488958
54489470
54489982
54490494
54491006
54491518
54486911
54487423
54487935
54488447
54488959
54489471
54489983
54490495
54491007
54491519
54486912
54487424
54487936
54488448
54488960
54489472
54489984
54490496
54491008
54491520
26488926
26489438
26489950
26490462
26490974
26491486
26491998
26492510
26493022
26493534
26488927
26489439
26489951
26490463
26490975
26491487
26491999
26492511
26493023
26493535
26488928
26489440
26489952
26490464
26490976
26491488
26492000
26492512
26493024
26493536
26488929
26489441
26489953
26490465
26490977
26491489
26492001
26492513
26493025
26493537
26488930
26489442
26489954
26490466
26490978
26491490
26492002
26492514
26493026
26493538
26488931
26489443
26489955
26490467
26490979
26491491
26492003
26492515
26493027
26493539
26488932
26489444
26489956
26490468
26490980
26491492
26492004
26492516
26493028
26493540
26488933
26489445
26489957
26490469
26490981
26491493
26492005
26492517
26493029
26493541
26488934
26489446
26489958
26490470
26490982
26491494
26492006
26492518
26493030
26493542
26488935
26489447
26489959
26490471
26490983
26491495
26492007
26492519
26493031
26493543
11623804
11624316
11624828
11625340
11625852
11626364
11626876
11627388
11627900
11628412
11623805
11624317
11624829
11625341
11625853
11626365
11626877
11627389
11627901
11628413
11623806
11624318
11624830
11625342
11625854
11626366
11626878
11627390
11627902
11628414
11623807
11624319
11624831
11625343
11625855
11626367
11626879
11627391
11627903
11628415
11623808
11624320
11624832
11625344
11625856
11626368
11626880
11627392
11627904
11628416
11623809
11624321
11624833
11625345
11625857
11626369
11626881
11627393
11627905
11628417
11623810
11624322
11624834
11625346
11625858
11626370
11626882
11627394
11627906
11628418
11623811
11624323
11624835
11625347
11625859
11626371
11626883
11627395
11627907
11628419
11623812
11624324
11624836
11625348
11625860
11626372
11626884
11627396
11627908
11628420
11623813
11624325
11624837
11625349
11625861
11626373
11626885
11627397
11627909
11628421
4849809
4850321
4850833
4851345
4851857
4852369
4852881
4853393
4853905
4854417
4849810
4850322
4850834
4851346
4851858
4852370
4852882
4853394
4853906
4854418
4849811
4850323
4850835
4851347
4851859
4852371
4852883
4853395
4853907
4854419
4849812
4850324
4850836
4851348
4851860
4852372
4852884
4853396
4853908
4854420
4849813
4850325
4850837
4851349
4851861
4852373
4852885
4853397
4853909
4854421
4849814
4850326
4850838
4851350
4851862
4852374
4852886
4853398
4853910
4854422
4849815
4850327
4850839
4851351
4851863
4852375
4852887
4853399
4853911
4854423
4849816
4850328
4850840
4851352
4851864
4852376
4852888
4853400
4853912
4854424
4849817
4850329
4850841
4851353
4851865
4852377
4852889
4853401
4853913
4854425
4849818
4850330
4850842
4851354
4851866
4852378
4852890
4853402
4853914
4854426
8409612
8410124
8410636
8411148
8411660
8412172
8412684
8413196
8413708
8414220
8409613
8410125
8410637
8411149
8411661
8412173
8412685
8413197
8413709
8414221
8409614
8410126
8410638
8411150
8411662
8412174
8412686
8413198
8413710
8414222
8409615
8410127
8410639
8411151
8411663
8412175
8412687
8413199
8413711
8414223
8409616
8410128
8410640
8411152
8411664
8412176
8412688
8413200
8413712
8414224
8409617
8410129
8410641
8411153
8411665
8412177
8412689
8413201
8413713
8414225
8409618
8410130
8410642
8411154
8411666
8412178
8412690
8413202
8413714
8414226
8409619
8410131
8410643
8411155
8411667
8412179
8412691
8413203
8413715
8414227
8409620
8410132
8410644
8411156
8411668
8412180
8412692
8413204
8413716
8414228
8409621
8410133
8410645
8411157
8411669
8412181
8412693
8413205
8413717
8414229
57315244
57315756
57316268
57316780
57317292
57317804
57318316
57318828
57319340
57319852
57315245
57315757
57316269
57316781
57317293
57317805
57318317
57318829
57319341
57319853
57315246
57315758
57316270
57316782
57317294
57317806
57318318
57318830
57319342
57319854
57315247
57315759
57316271
57316783
57317295
57317807
57318319
57318831
57319343
57319855
57315248
57315760
57316272
57316784
57317296
57317808
57318320
57318832
57319344
57319856
57315249
57315761
57316273
57316785
57317297
57317809
57318321
57318833
57319345
57319857
57315250
57315762
57316274
57316786
57317298
57317810
57318322
57318834
57319346
57319858
57315251
57315763
57316275
57316787
57317299
57317811
57318323
57318835
57319347
57319859
57315252
57315764
57316276
57316788
57317300
57317812
57318324
57318836
57319348
57319860
57315253
57315765
57316277
57316789
57317301
57317813
57318325
57318837
57319349
57319861
31253517
31254029
31254541
31255053
31255565
31256077
31256589
31257101
31257613
31258125
31253518
31254030
31254542
31255054
31255566
31256078
31256590
31257102
31257614
31258126
31253519
31254031
31254543
31255055
31255567
31256079
31256591
31257103
31257615
31258127
31253520
31254032
31254544
31255056
31255568
31256080
31256592
31257104
31257616
31258128
31253521
31254033
31254545
31255057
31255569
31256081
31256593
31257105
31257617
31258129
31253522
31254034
31254546
31255058
31255570
31256082
31256594
31257106
31257618
31258130
31253523
31254035
31254547
31255059
31255571
31256083
31256595
31257107
31257619
31258131
31253524
31254036
31254548
31255060
31255572
31256084
31256596
31257108
31257620
31258132
31253525
31254037
31254549
31255061
31255573
31256085
31256597
31257109
31257621
31258133
31253526
31254038
31254550
31255062
31255574
31256086
31256598
31257110
31257622
31258134
42646540
42647052
42647564
42648076
42648588
42649100
42649612
42650124
42650636
42651148
42646541
42647053
42647565
42648077
42648589
42649101
42649613
42650125
42650637
42651149
42646542
42647054
42647566
42648078
42648590
42649102
42649614
42650126
42650638
42651150
42646543
42647055
42647567
42648079
42648591
42649103
42649615
42650127
42650639
42651151
42646544
42647056
42647568
42648080
42648592
42649104
42649616
42650128
42650640
42651152
42646545
42647057
42647569
42648081
42648593
42649105
42649617
42650129
42650641
42651153
42646546
42647058
42647570
42648082
42648594
42649106
42649618
42650130
42650642
42651154
42646547
42647059
42647571
42648083
42648595
42649107
42649619
42650131
42650643
42651155
42646548
42647060
42647572
42648084
42648596
42649108
42649620
42650132
42650644
42651156
42646549
42647061
42647573
42648085
42648597
42649109
42649621
42650133
42650645
42651157
25642472
25642984
25643496
25644008
25644520
25645032
25645544
25646056
25646568
25647080
25642473
25642985
25643497
25644009
25644521
25645033
25645545
25646057
25646569
25647081
25642474
25642986
25643498
25644010
25644522
25645034
25645546
25646058
25646570
25647082
25642475
25642987
25643499
25644011
25644523
25645035
25645547
25646059
25646571
25647083
25642476
25642988
25643500
25644012
25644524
25645036
25645548
25646060
25646572
25647084
25642477
25642989
25643501
25644013
25644525
25645037
25645549
25646061
25646573
25647085
25642478
25642990
25643502
25644014
25644526
25645038
25645550
25646062
25646574
25647086
25642479
25642991
25643503
25644015
25644527
25645039
25645551
25646063
25646575
25647087
25642480
25642992
25643504
25644016
25644528
25645040
25645552
25646064
25646576
25647088
25642481
25642993
25643505
25644017
25644529
25645041
25645553
25646065
25646577
25647089
65237017
65237529
65238041
65238553
65239065
65239577
65240089
65240601
65241113
65241625
65237018
65237530
65238042
65238554
65239066
65239578
65240090
65240602
65241114
65241626
65237019
65237531
65238043
65238555
65239067
65239579
65240091
65240603
65241115
65241627
65237020
65237532
65238044
65238556
65239068
65239580
65240092
65240604
65241116
65241628
65237021
65237533
65238045
65238557
65239069
65239581
65240093
65240605
65241117
65241629
65237022
65237534
65238046
65238558
65239070
65239582
65240094
65240606
65241118
65241630
65237023
65237535
65238047
65238559
65239071
65239583
65240095
65240607
65241119
65241631
65237024
65237536
65238048
65238560
65239072
65239584
65240096
65240608
65241120
65241632
65237025
65237537
65238049
65238561
65239073
65239585
65240097
65240609
65241121
65241633
65237026
65237538
65238050
65238562
65239074
65239586
65240098
65240610
65241122
65241634
