43723983
43724495
43725007
43725519
43726031
43726543
43727055
43727567
43728079
43728591
43723984
43724496
43725008
43725520
43726032
43726544
43727056
43727568
43728080
43728592
43723985
43724497
43725009
43725521
43726033
43726545
43727057
43727569
43728081
43728593
43723986
43724498
43725010
43725522
43726034
43726546
43727058
43727570
43728082
43728594
43723987
43724499
43725011
43725523
43726035
43726547
43727059
43727571
43728083
43728595
43723988
43724500
43725012
43725524
43726036
43726548
43727060
43727572
43728084
43728596
43723989
43724501
43725013
43725525
43726037
43726549
43727061
43727573
43728085
43728597
43723990
43724502
43725014
43725526
43726038
43726550
43727062
43727574
43728086
43728598
43723991
43724503
43725015
43725527
43726039
43726551
43727063
43727575
43728087
43728599
43723992
43724504
43725016
43725528
43726040
43726552
43727064
43727576
43728088
43728600
5514973
5515485
5515997
5516509
5517021
5517533
5518045
5518557
5519069
5519581
5514974
5515486
5515998
5516510
5517022
5517534
5518046
5518558
5519070
5519582
5514975
5515487
5515999
5516511
5517023
5517535
5518047
5518559
5519071
5519583
5514976
5515488
5516000
5516512
5517024
5517536
5518048
5518560
5519072
5519584
5514977
5515489
5516001
5516513
5517025
5517537
5518049
5518561
5519073
5519585
5514978
5515490
5516002
5516514
5517026
5517538
5518050
5518562
5519074
5519586
5514979
5515491
5516003
5516515
5517027
5517539
5518051
5518563
5519075
5519587
5514980
5515492
5516004
5516516
5517028
5517540
5518052
5518564
5519076
5519588
5514981
5515493
5516005
5516517
5517029
5517541
5518053
5518565
5519077
5519589
5514982
5515494
5516006
5516518
5517030
5517542
5518054
5518566
5519078
5519590
20278210
20278722
20279234
20279746
20280258
20280770
20281282
20281794
20282306
20282818
20278211
20278723
20279235
20279747
20280259
20280771
20281283
20281795
20282307
20282819
20278212
20278724
20279236
20279748
20280260
20280772
20281284
20281796
20282308
20282820
20278213
20278725
20279237
20279749
20280261
20280773
20281285
20281797
20282309
20282821
20278214
20278726
20279238
20279750
20280262
20280774
20281286
20281798
20282310
20282822
20278215
20278727
20279239
20279751
20280263
20280775
20281287
20281799
20282311
20282823
20278216
20278728
20279240
20279752
20280264
20280776
20281288
20281800
20282312
20282824
20278217
20278729
20279241
20279753
20280265
20280777
20281289
20281801
20282313
20282825
20278218
20278730
20279242
20279754
20280266
20280778
20281290
20281802
20282314
20282826
20278219
20278731
20279243
20279755
20280267
20280779
20281291
20281803
20282315
20282827
32873349
32873861
32874373
32874885
32875397
32875909
32876421
32876933
32877445
32877957
32873350
32873862
32874374
32874886
32875398
32875910
32876422
32876934
32877446
32877958
32873351
32873863
32874375
32874887
32875399
32875911
32876423
32876935
32877447
32877959
32873352
32873864
32874376
32874888
32875400
32875912
32876424
32876936
32877448
32877960
32873353
32873865
32874377
32874889
32875401
32875913
32876425
32876937
32877449
32877961
32873354
32873866
32874378
32874890
32875402
32875914
32876426
32876938
32877450
32877962
32873355
32873867
32874379
32874891
32875403
32875915
32876427
32876939
32877451
32877963
32873356
32873868
32874380
32874892
32875404
32875916
32876428
32876940
32877452
32877964
32873357
32873869
32874381
32874893
32875405
32875917
32876429
32876941
32877453
32877965
32873358
32873870
32874382
32874894
32875406
32875918
32876430
32876942
32877454
32877966
13476365
13476877
13477389
13477901
13478413
13478925
13479437
13479949
13480461
13480973
13476366
13476878
13477390
13477902
13478414
13478926
13479438
13479950
13480462
13480974
13476367
13476879
13477391
13477903
13478415
13478927
13479439
13479951
13480463
13480975
13476368
13476880
13477392
13477904
13478416
13478928
13479440
13479952
13480464
13480976
13476369
13476881
13477393
13477905
13478417
13478929
13479441
13479953
13480465
13480977
13476370
13476882
13477394
13477906
13478418
13478930
13479442
13479954
13480466
13480978
13476371
13476883
13477395
13477907
13478419
13478931
13479443
13479955
13480467
13480979
13476372
13476884
13477396
13477908
13478420
13478932
13479444
13479956
13480468
13480980
13476373
13476885
13477397
13477909
13478421
13478933
13479445
13479957
13480469
13480981
13476374
13476886
13477398
13477910
13478422
13478934
13479446
13479958
13480470
13480982
31204486
31204998
31205510
31206022
31206534
31207046
31207558
31208070
31208582
31209094
31204487
31204999
31205511
31206023
31206535
31207047
31207559
31208071
31208583
31209095
31204488
31205000
31205512
31206024
31206536
31207048
31207560
31208072
31208584
31209096
31204489
31205001
31205513
31206025
31206537
31207049
31207561
31208073
31208585
31209097
31204490
31205002
31205514
31206026
31206538
31207050
31207562
31208074
31208586
31209098
31204491
31205003
31205515
31206027
31206539
31207051
31207563
31208075
31208587
31209099
31204492
31205004
31205516
31206028
31206540
31207052
31207564
31208076
31208588
31209100
31204493
31205005
31205517
31206029
31206541
31207053
31207565
31208077
31208589
31209101
31204494
31205006
31205518
31206030
31206542
31207054
31207566
31208078
31208590
31209102
31204495
31205007
31205519
31206031
31206543
31207055
31207567
31208079
31208591
31209103
58576407
58576919
58577431
58577943
58578455
58578967
58579479
58579991
58580503
58581015
58576408
58576920
58577432
58577944
58578456
58578968
58579480
58579992
58580504
58581016
58576409
58576921
58577433
58577945
58578457
58578969
58579481
58579993
58580505
58581017
58576410
58576922
58577434
58577946
58578458
58578970
58579482
58579994
58580506
58581018
58576411
58576923
58577435
58577947
58578459
58578971
58579483
58579995
58580507
58581019
58576412
58576924
58577436
58577948
58578460
58578972
58579484
58579996
58580508
58581020
58576413
58576925
58577437
58577949
58578461
58578973
58579485
58579997
58580509
58581021
58576414
58576926
58577438
58577950
58578462
58578974
58579486
58579998
58580510
58581022
58576415
58576927
58577439
58577951
58578463
58578975
58579487
58579999
58580511
58581023
58576416
58576928
58577440
58577952
58578464
58578976
58579488
58580000
58580512
58581024
26966451
26966963
26967475
26967987
26968499
26969011
26969523
26970035
26970547
26971059
26966452
26966964
26967476
26967988
26968500
26969012
26969524
26970036
26970548
26971060
26966453
26966965
26967477
26967989
26968501
26969013
26969525
26970037
26970549
26971061
26966454
26966966
26967478
26967990
26968502
26969014
26969526
26970038
26970550
26971062
26966455
26966967
26967479
26967991
26968503
26969015
26969527
26970039
26970551
26971063
26966456
26966968
26967480
26967992
26968504
26969016
26969528
26970040
26970552
26971064
26966457
26966969
26967481
26967993
26968505
26969017
26969529
26970041
26970553
26971065
26966458
26966970
26967482
26967994
26968506
26969018
26969530
26970042
26970554
26971066
26966459
26966971
26967483
26967995
26968507
26969019
26969531
26970043
26970555
26971067
26966460
26966972
26967484
26967996
26968508
26969020
26969532
26970044
26970556
26971068
39063416
39063928
39064440
39064952
39065464
39065976
39066488
39067000
39067512
39068024
39063417
39063929
39064441
39064953
39065465
39065977
39066489
39067001
39067513
39068025
39063418
39063930
39064442
39064954
39065466
39065978
39066490
39067002
39067514
39068026
39063419
39063931
39064443
39064955
39065467
39065979
39066491
39067003
39067515
39068027
39063420
39063932
39064444
39064956
39065468
39065980
39066492
39067004
39067516
39068028
39063421
39063933
39064445
39064957
39065469
39065981
39066493
39067005
39067517
39068029
39063422
39063934
39064446
39064958
39065470
39065982
39066494
39067006
39067518
39068030
39063423
39063935
39064447
39064959
39065471
39065983
39066495
39067007
39067519
39068031
39063424
39063936
39064448
39064960
39065472
39065984
39066496
39067008
39067520
39068032
39063425
39063937
39064449
39064961
39065473
39065985
39066497
39067009
39067521
39068033
23098308
23098820
23099332
23099844
23100356
23100868
23101380
23101892
23102404
23102916
23098309
23098821
23099333
23099845
23100357
23100869
23101381
23101893
23102405
23102917
23098310
23098822
23099334
23099846
23100358
23100870
23101382
23101894
23102406
23102918
23098311
23098823
23099335
23099847
23100359
23100871
23101383
23101895
23102407
23102919
23098312
23098824
23099336
23099848
23100360
23100872
23101384
23101896
23102408
23102920
23098313
23098825
23099337
23099849
23100361
23100873
23101385
23101897
23102409
23102921
23098314
23098826
23099338
23099850
23100362
23100874
23101386
23101898
23102410
23102922
23098315
23098827
23099339
23099851
23100363
23100875
23101387
23101899
23102411
23102923
23098316
23098828
23099340
23099852
23100364
23100876
23101388
23101900
23102412
23102924
23098317
23098829
23099341
23099853
23100365
23100877
23101389
23101901
23102413
23102925
8942480
8942992
8943504
8944016
8944528
8945040
8945552
8946064
8946576
8947088
8942481
8942993
8943505
8944017
8944529
8945041
8945553
8946065
8946577
8947089
8942482
8942994
8943506
8944018
8944530
8945042
8945554
8946066
8946578
8947090
8942483
8942995
8943507
8944019
8944531
8945043
8945555
8946067
8946579
8947091
8942484
8942996
8943508
8944020
8944532
8945044
8945556
8946068
8946580
8947092
8942485
8942997
8943509
8944021
8944533
8945045
8945557
8946069
8946581
8947093
8942486
8942998
8943510
8944022
8944534
8945046
8945558
8946070
8946582
8947094
8942487
8942999
8943511
8944023
8944535
8945047
8945559
8946071
8946583
8947095
8942488
8943000
8943512
8944024
8944536
8945048
8945560
8946072
8946584
8947096
8942489
8943001
8943513
8944025
8944537
8945049
8945561
8946073
8946585
8947097
38490562
38491074
38491586
38492098
38492610
38493122
38493634
38494146
38494658
38495170
38490563
38491075
38491587
38492099
38492611
38493123
38493635
38494147
38494659
38495171
38490564
38491076
38491588
38492100
38492612
38493124
38493636
38494148
38494660
38495172
38490565
38491077
38491589
38492101
38492613
38493125
38493637
38494149
38494661
38495173
38490566
38491078
38491590
38492102
38492614
38493126
38493638
38494150
38494662
38495174
38490567
38491079
38491591
38492103
38492615
38493127
38493639
38494151
38494663
38495175
38490568
38491080
38491592
38492104
38492616
38493128
38493640
38494152
38494664
38495176
38490569
38491081
38491593
38492105
38492617
38493129
38493641
38494153
38494665
38495177
38490570
38491082
38491594
38492106
38492618
38493130
38493642
38494154
38494666
38495178
38490571
38491083
38491595
38492107
38492619
38493131
38493643
38494155
38494667
38495179
16856192
16856704
16857216
16857728
16858240
16858752
16859264
16859776
16860288
16860800
16856193
16856705
16857217
16857729
16858241
16858753
16859265
16859777
16860289
16860801
16856194
16856706
16857218
16857730
16858242
16858754
16859266
16859778
16860290
16860802
16856195
16856707
16857219
16857731
16858243
16858755
16859267
16859779
16860291
16860803
16856196
16856708
16857220
16857732
16858244
16858756
16859268
16859780
16860292
16860804
16856197
16856709
16857221
16857733
16858245
16858757
16859269
16859781
16860293
16860805
16856198
16856710
16857222
16857734
16858246
16858758
16859270
16859782
16860294
16860806
16856199
16856711
16857223
16857735
16858247
16858759
16859271
16859783
16860295
16860807
16856200
16856712
16857224
16857736
16858248
16858760
16859272
16859784
16860296
16860808
16856201
16856713
16857225
16857737
16858249
16858761
16859273
16859785
16860297
16860809
60409424
60409936
60410448
60410960
60411472
60411984
60412496
60413008
60413520
60414032
60409425
60409937
60410449
60410961
60411473
60411985
60412497
60413009
60413521
60414033
60409426
60409938
60410450
60410962
60411474
60411986
60412498
60413010
60413522
60414034
60409427
60409939
60410451
60410963
60411475
60411987
60412499
60413011
60413523
60414035
60409428
60409940
60410452
60410964
60411476
60411988
60412500
60413012
60413524
60414036
60409429
60409941
60410453
60410965
60411477
60411989
60412501
60413013
60413525
60414037
60409430
60409942
60410454
60410966
60411478
60411990
60412502
60413014
60413526
60414038
60409431
60409943
60410455
60410967
60411479
60411991
60412503
60413015
60413527
60414039
60409432
60409944
60410456
60410968
60411480
60411992
60412504
60413016
60413528
60414040
60409433
60409945
60410457
60410969
60411481
60411993
60412505
60413017
60413529
60414041
23281379
23281891
23282403
23282915
23283427
23283939
23284451
23284963
23285475
23285987
23281380
23281892
23282404
23282916
23283428
23283940
23284452
23284964
23285476
23285988
23281381
23281893
23282405
23282917
23283429
23283941
23284453
23284965
23285477
23285989
23281382
23281894
23282406
23282918
23283430
23283942
23284454
23284966
23285478
23285990
23281383
23281895
23282407
23282919
23283431
23283943
23284455
23284967
23285479
23285991
23281384
23281896
23282408
23282920
23283432
23283944
23284456
23284968
23285480
23285992
23281385
23281897
23282409
23282921
23283433
23283945
23284457
23284969
23285481
23285993
23281386
23281898
23282410
23282922
23283434
23283946
23284458
23284970
23285482
23285994
23281387
23281899
23282411
23282923
23283435
23283947
23284459
23284971
23285483
23285995
23281388
23281900
23282412
23282924
23283436
23283948
23284460
23284972
23285484
23285996
4484389
4484901
4485413
4485925
4486437
4486949
4487461
4487973
4488485
4488997
4484390
4484902
4485414
4485926
4486438
4486950
4487462
4487974
4488486
4488998
4484391
4484903
4485415
4485927
4486439
4486951
4487463
4487975
4488487
4488999
4484392
4484904
4485416
4485928
4486440
4486952
4487464
4487976
4488488
4489000
4484393
4484905
4485417
4485929
4486441
4486953
4487465
4487977
4488489
4489001
4484394
4484906
4485418
4485930
4486442
4486954
4487466
4487978
4488490
4489002
4484395
4484907
4485419
4485931
4486443
4486955
4487467
4487979
4488491
4489003
4484396
4484908
4485420
4485932
4486444
4486956
4487468
4487980
4488492
4489004
4484397
4484909
4485421
4485933
4486445
4486957
4487469
4487981
4488493
4489005
4484398
4484910
4485422
4485934
4486446
4486958
4487470
4487982
4488494
4489006
54531425
54531937
54532449
54532961
54533473
54533985
54534497
54535009
54535521
54536033
54531426
54531938
54532450
54532962
54533474
54533986
54534498
54535010
54535522
54536034
54531427
54531939
54532451
54532963
54533475
54533987
54534499
54535011
54535523
54536035
54531428
54531940
54532452
54532964
54533476
54533988
54534500
54535012
54535524
54536036
54531429
54531941
54532453
54532965
54533477
54533989
54534501
54535013
54535525
54536037
54531430
54531942
54532454
54532966
54533478
54533990
54534502
54535014
54535526
54536038
54531431
54531943
54532455
54532967
54533479
54533991
54534503
54535015
54535527
54536039
54531432
54531944
54532456
54532968
54533480
54533992
54534504
54535016
54535528
54536040
54531433
54531945
54532457
54532969
54533481
54533993
54534505
54535017
54535529
54536041
54531434
54531946
54532458
54532970
54533482
54533994
54534506
54535018
54535530
54536042
16113421
16113933
16114445
16114957
16115469
16115981
16116493
16117005
16117517
16118029
16113422
16113934
16114446
16114958
16115470
16115982
16116494
16117006
16117518
16118030
16113423
16113935
16114447
16114959
16115471
16115983
16116495
16117007
16117519
16118031
16113424
16113936
16114448
16114960
16115472
16115984
16116496
16117008
16117520
16118032
16113425
16113937
16114449
16114961
16115473
16115985
16116497
16117009
16117521
16118033
16113426
16113938
16114450
16114962
16115474
16115986
16116498
16117010
16117522
16118034
16113427
16113939
16114451
16114963
16115475
16115987
16116499
16117011
16117523
16118035
16113428
16113940
16114452
16114964
16115476
16115988
16116500
16117012
16117524
16118036
16113429
16113941
16114453
16114965
16115477
16115989
16116501
16117013
16117525
16118037
16113430
16113942
16114454
16114966
16115478
16115990
16116502
16117014
16117526
16118038
18781112
18781624
18782136
18782648
18783160
18783672
18784184
18784696
18785208
18785720
18781113
18781625
18782137
18782649
18783161
18783673
18784185
18784697
18785209
18785721
18781114
18781626
18782138
18782650
18783162
18783674
18784186
18784698
18785210
18785722
18781115
18781627
18782139
18782651
18783163
18783675
18784187
18784699
18785211
18785723
18781116
18781628
18782140
18782652
18783164
18783676
18784188
18784700
18785212
18785724
18781117
18781629
18782141
18782653
18783165
18783677
18784189
18784701
18785213
18785725
18781118
18781630
18782142
18782654
18783166
18783678
18784190
18784702
18785214
18785726
18781119
18781631
18782143
18782655
18783167
18783679
18784191
18784703
18785215
18785727
18781120
18781632
18782144
18782656
18783168
18783680
18784192
18784704
18785216
18785728
18781121
18781633
18782145
18782657
18783169
18783681
18784193
18784705
18785217
18785729
17267338
17267850
17268362
17268874
17269386
17269898
17270410
17270922
17271434
17271946
17267339
17267851
17268363
17268875
17269387
17269899
17270411
17270923
17271435
17271947
17267340
17267852
17268364
17268876
17269388
17269900
17270412
17270924
17271436
17271948
17267341
17267853
17268365
17268877
17269389
17269901
17270413
17270925
17271437
17271949
17267342
17267854
17268366
17268878
17269390
17269902
17270414
17270926
17271438
17271950
17267343
17267855
17268367
17268879
17269391
17269903
17270415
17270927
17271439
17271951
17267344
17267856
17268368
17268880
17269392
17269904
17270416
17270928
17271440
17271952
17267345
17267857
17268369
17268881
17269393
17269905
17270417
17270929
17271441
17271953
17267346
17267858
17268370
17268882
17269394
17269906
17270418
17270930
17271442
17271954
17267347
17267859
17268371
17268883
17269395
17269907
17270419
17270931
17271443
17271955
26419119
26419631
26420143
26420655
26421167
26421679
26422191
26422703
26423215
26423727
26419120
26419632
26420144
26420656
26421168
26421680
26422192
26422704
26423216
26423728
26419121
26419633
26420145
26420657
26421169
26421681
26422193
26422705
26423217
26423729
26419122
26419634
26420146
26420658
26421170
26421682
26422194
26422706
26423218
26423730
26419123
26419635
26420147
26420659
26421171
26421683
26422195
26422707
26423219
26423731
26419124
26419636
26420148
26420660
26421172
26421684
26422196
26422708
26423220
26423732
26419125
26419637
26420149
26420661
26421173
26421685
26422197
26422709
26423221
26423733
26419126
26419638
26420150
26420662
26421174
26421686
26422198
26422710
26423222
26423734
26419127
26419639
26420151
26420663
26421175
26421687
26422199
26422711
26423223
26423735
26419128
26419640
26420152
26420664
26421176
26421688
26422200
26422712
26423224
26423736
10937584
10938096
10938608
10939120
10939632
10940144
10940656
10941168
10941680
10942192
10937585
10938097
10938609
10939121
10939633
10940145
10940657
10941169
10941681
10942193
10937586
10938098
10938610
10939122
10939634
10940146
10940658
10941170
10941682
10942194
10937587
10938099
10938611
10939123
10939635
10940147
10940659
10941171
10941683
10942195
10937588
10938100
10938612
10939124
10939636
10940148
10940660
10941172
10941684
10942196
10937589
10938101
10938613
10939125
10939637
10940149
10940661
10941173
10941685
10942197
10937590
10938102
10938614
10939126
10939638
10940150
10940662
10941174
10941686
10942198
10937591
10938103
10938615
10939127
10939639
10940151
10940663
10941175
10941687
10942199
10937592
10938104
10938616
10939128
10939640
10940152
10940664
10941176
10941688
10942200
10937593
10938105
10938617
10939129
10939641
10940153
10940665
10941177
10941689
10942201
46717081
46717593
46718105
46718617
46719129
46719641
46720153
46720665
46721177
46721689
46717082
46717594
46718106
46718618
46719130
46719642
46720154
46720666
46721178
46721690
46717083
46717595
46718107
46718619
46719131
46719643
46720155
46720667
46721179
46721691
46717084
46717596
46718108
46718620
46719132
46719644
46720156
46720668
46721180
46721692
46717085
46717597
46718109
46718621
46719133
46719645
46720157
46720669
46721181
46721693
46717086
46717598
46718110
46718622
46719134
46719646
46720158
46720670
46721182
46721694
46717087
46717599
46718111
46718623
46719135
46719647
46720159
46720671
46721183
46721695
46717088
46717600
46718112
46718624
46719136
46719648
46720160
46720672
46721184
46721696
46717089
46717601
46718113
46718625
46719137
46719649
46720161
46720673
46721185
46721697
46717090
46717602
46718114
46718626
46719138
46719650
46720162
46720674
46721186
46721698
51488865
51489377
51489889
51490401
51490913
51491425
51491937
51492449
51492961
51493473
51488866
51489378
51489890
51490402
51490914
51491426
51491938
51492450
51492962
51493474
51488867
51489379
51489891
51490403
51490915
51491427
51491939
51492451
51492963
51493475
51488868
51489380
51489892
51490404
51490916
51491428
51491940
51492452
51492964
51493476
51488869
51489381
51489893
51490405
51490917
51491429
51491941
51492453
51492965
51493477
51488870
51489382
51489894
51490406
51490918
51491430
51491942
51492454
51492966
51493478
51488871
51489383
51489895
51490407
51490919
51491431
51491943
51492455
51492967
51493479
51488872
51489384
51489896
51490408
51490920
51491432
51491944
51492456
51492968
51493480
51488873
51489385
51489897
51490409
51490921
51491433
51491945
51492457
51492969
51493481
51488874
51489386
51489898
51490410
51490922
51491434
51491946
51492458
51492970
51493482
38281440
38281952
38282464
38282976
38283488
38284000
38284512
38285024
38285536
38286048
38281441
38281953
38282465
38282977
38283489
38284001
38284513
38285025
38285537
38286049
38281442
38281954
38282466
38282978
38283490
38284002
38284514
38285026
38285538
38286050
38281443
38281955
38282467
38282979
38283491
38284003
38284515
38285027
38285539
38286051
38281444
38281956
38282468
38282980
38283492
38284004
38284516
38285028
38285540
38286052
38281445
38281957
38282469
38282981
38283493
38284005
38284517
38285029
38285541
38286053
38281446
38281958
38282470
38282982
38283494
38284006
38284518
38285030
38285542
38286054
38281447
38281959
38282471
38282983
38283495
38284007
38284519
38285031
38285543
38286055
38281448
38281960
38282472
38282984
38283496
38284008
38284520
38285032
38285544
38286056
38281449
38281961
38282473
38282985
38283497
38284009
38284521
38285033
38285545
38286057
37229243
37229755
37230267
37230779
37231291
37231803
37232315
37232827
37233339
37233851
37229244
37229756
37230268
37230780
37231292
37231804
37232316
37232828
37233340
37233852
37229245
37229757
37230269
37230781
37231293
37231805
37232317
37232829
37233341
37233853
37229246
37229758
37230270
37230782
37231294
37231806
37232318
37232830
37233342
37233854
37229247
37229759
37230271
37230783
37231295
37231807
37232319
37232831
37233343
37233855
37229248
37229760
37230272
37230784
37231296
37231808
37232320
37232832
37233344
37233856
37229249
37229761
37230273
37230785
37231297
37231809
37232321
37232833
37233345
37233857
37229250
37229762
37230274
37230786
37231298
37231810
37232322
37232834
37233346
37233858
37229251
37229763
37230275
37230787
37231299
37231811
37232323
37232835
37233347
37233859
37229252
37229764
37230276
37230788
37231300
37231812
37232324
37232836
37233348
37233860
66385311
66385823
66386335
66386847
66387359
66387871
66388383
66388895
66389407
66389919
66385312
66385824
66386336
66386848
66387360
66387872
66388384
66388896
66389408
66389920
66385313
66385825
66386337
66386849
66387361
66387873
66388385
66388897
66389409
66389921
66385314
66385826
66386338
66386850
66387362
66387874
66388386
66388898
66389410
66389922
66385315
66385827
66386339
66386851
66387363
66387875
66388387
66388899
66389411
66389923
66385316
66385828
66386340
66386852
66387364
66387876
66388388
66388900
66389412
66389924
66385317
66385829
66386341
66386853
66387365
66387877
66388389
66388901
66389413
66389925
66385318
66385830
66386342
66386854
66387366
66387878
66388390
66388902
66389414
66389926
66385319
66385831
66386343
66386855
66387367
66387879
66388391
66388903
66389415
66389927
66385320
66385832
66386344
66386856
66387368
66387880
66388392
66388904
66389416
66389928
9105558
9106070
9106582
9107094
9107606
9108118
9108630
9109142
9109654
9110166
9105559
9106071
9106583
9107095
9107607
9108119
9108631
9109143
9109655
9110167
9105560
9106072
9106584
9107096
9107608
9108120
9108632
9109144
9109656
9110168
9105561
9106073
9106585
9107097
9107609
9108121
9108633
9109145
9109657
9110169
9105562
9106074
9106586
9107098
9107610
9108122
9108634
9109146
9109658
9110170
9105563
9106075
9106587
9107099
9107611
9108123
9108635
9109147
9109659
9110171
9105564
9106076
9106588
9107100
9107612
9108124
9108636
9109148
9109660
9110172
9105565
9106077
9106589
9107101
9107613
9108125
9108637
9109149
9109661
9110173
9105566
9106078
9106590
9107102
9107614
9108126
9108638
9109150
9109662
9110174
9105567
9106079
9106591
9107103
9107615
9108127
9108639
9109151
9109663
9110175
10295382
10295894
10296406
10296918
10297430
10297942
10298454
10298966
10299478
10299990
10295383
10295895
10296407
10296919
10297431
10297943
10298455
10298967
10299479
10299991
10295384
10295896
10296408
10296920
10297432
10297944
10298456
10298968
10299480
10299992
10295385
10295897
10296409
10296921
10297433
10297945
10298457
10298969
10299481
10299993
10295386
10295898
10296410
10296922
10297434
10297946
10298458
10298970
10299482
10299994
10295387
10295899
10296411
10296923
10297435
10297947
10298459
10298971
10299483
10299995
10295388
10295900
10296412
10296924
10297436
10297948
10298460
10298972
10299484
10299996
10295389
10295901
10296413
10296925
10297437
10297949
10298461
10298973
10299485
10299997
10295390
10295902
10296414
10296926
10297438
10297950
10298462
10298974
10299486
10299998
10295391
10295903
10296415
10296927
10297439
10297951
10298463
10298975
10299487
10299999
44274346
44274858
44275370
44275882
44276394
44276906
44277418
44277930
44278442
44278954
44274347
44274859
44275371
44275883
44276395
44276907
44277419
44277931
44278443
44278955
44274348
44274860
44275372
44275884
44276396
44276908
44277420
44277932
44278444
44278956
44274349
44274861
44275373
44275885
44276397
44276909
44277421
44277933
44278445
44278957
44274350
44274862
44275374
44275886
44276398
44276910
44277422
44277934
44278446
44278958
44274351
44274863
44275375
44275887
44276399
44276911
44277423
44277935
44278447
44278959
44274352
44274864
44275376
44275888
44276400
44276912
44277424
44277936
44278448
44278960
44274353
44274865
44275377
44275889
44276401
44276913
44277425
44277937
44278449
44278961
44274354
44274866
44275378
44275890
44276402
44276914
44277426
44277938
44278450
44278962
44274355
44274867
44275379
44275891
44276403
44276915
44277427
44277939
44278451
44278963
