52505815
52506327
52506839
52507351
52507863
52508375
52508887
52509399
52509911
52510423
52505816
52506328
52506840
52507352
52507864
52508376
52508888
52509400
52509912
52510424
52505817
52506329
52506841
52507353
52507865
52508377
52508889
52509401
52509913
52510425
52505818
52506330
52506842
52507354
52507866
52508378
52508890
52509402
52509914
52510426
52505819
52506331
52506843
52507355
52507867
52508379
52508891
52509403
52509915
52510427
52505820
52506332
52506844
52507356
52507868
52508380
52508892
52509404
52509916
52510428
52505821
52506333
52506845
52507357
52507869
52508381
52508893
52509405
52509917
52510429
52505822
52506334
52506846
52507358
52507870
52508382
52508894
52509406
52509918
52510430
52505823
52506335
52506847
52507359
52507871
52508383
52508895
52509407
52509919
52510431
52505824
52506336
52506848
52507360
52507872
52508384
52508896
52509408
52509920
52510432
34146037
34146549
34147061
34147573
34148085
34148597
34149109
34149621
34150133
34150645
34146038
34146550
34147062
34147574
34148086
34148598
34149110
34149622
34150134
34150646
34146039
34146551
34147063
34147575
34148087
34148599
34149111
34149623
34150135
34150647
34146040
34146552
34147064
34147576
34148088
34148600
34149112
34149624
34150136
34150648
34146041
34146553
34147065
34147577
34148089
34148601
34149113
34149625
34150137
34150649
34146042
34146554
34147066
34147578
34148090
34148602
34149114
34149626
34150138
34150650
34146043
34146555
34147067
34147579
34148091
34148603
34149115
34149627
34150139
34150651
34146044
34146556
34147068
34147580
34148092
34148604
34149116
34149628
34150140
34150652
34146045
34146557
34147069
34147581
34148093
34148605
34149117
34149629
34150141
34150653
34146046
34146558
34147070
34147582
34148094
34148606
34149118
34149630
34150142
34150654
47313087
47313599
47314111
47314623
47315135
47315647
47316159
47316671
47317183
47317695
47313088
47313600
47314112
47314624
47315136
47315648
47316160
47316672
47317184
47317696
47313089
47313601
47314113
47314625
47315137
47315649
47316161
47316673
47317185
47317697
47313090
47313602
47314114
47314626
47315138
47315650
47316162
47316674
47317186
47317698
47313091
47313603
47314115
47314627
47315139
47315651
47316163
47316675
47317187
47317699
47313092
47313604
47314116
47314628
47315140
47315652
47316164
47316676
47317188
47317700
47313093
47313605
47314117
47314629
47315141
47315653
47316165
47316677
47317189
47317701
47313094
47313606
47314118
47314630
47315142
47315654
47316166
47316678
47317190
47317702
47313095
47313607
47314119
47314631
47315143
47315655
47316167
47316679
47317191
47317703
47313096
47313608
47314120
47314632
47315144
47315656
47316168
47316680
47317192
47317704
43109603
43110115
43110627
43111139
43111651
43112163
43112675
43113187
43113699
43114211
43109604
43110116
43110628
43111140
43111652
43112164
43112676
43113188
43113700
43114212
43109605
43110117
43110629
43111141
43111653
43112165
43112677
43113189
43113701
43114213
43109606
43110118
43110630
43111142
43111654
43112166
43112678
43113190
43113702
43114214
43109607
43110119
43110631
43111143
43111655
43112167
43112679
43113191
43113703
43114215
43109608
43110120
43110632
43111144
43111656
43112168
43112680
43113192
43113704
43114216
43109609
43110121
43110633
43111145
43111657
43112169
43112681
43113193
43113705
43114217
43109610
43110122
43110634
43111146
43111658
43112170
43112682
43113194
43113706
43114218
43109611
43110123
43110635
43111147
43111659
43112171
43112683
43113195
43113707
43114219
43109612
43110124
43110636
43111148
43111660
43112172
43112684
43113196
43113708
43114220
49141978
49142490
49143002
49143514
49144026
49144538
49145050
49145562
49146074
49146586
49141979
49142491
49143003
49143515
49144027
49144539
49145051
49145563
49146075
49146587
49141980
49142492
49143004
49143516
49144028
49144540
49145052
49145564
49146076
49146588
49141981
49142493
49143005
49143517
49144029
49144541
49145053
49145565
49146077
49146589
49141982
49142494
49143006
49143518
49144030
49144542
49145054
49145566
49146078
49146590
49141983
49142495
49143007
49143519
49144031
49144543
49145055
49145567
49146079
49146591
49141984
49142496
49143008
49143520
49144032
49144544
49145056
49145568
49146080
49146592
49141985
49142497
49143009
49143521
49144033
49144545
49145057
49145569
49146081
49146593
49141986
49142498
49143010
49143522
49144034
49144546
49145058
49145570
49146082
49146594
49141987
49142499
49143011
49143523
49144035
49144547
49145059
49145571
49146083
49146595
17910969
17911481
17911993
17912505
17913017
17913529
17914041
17914553
17915065
17915577
17910970
17911482
17911994
17912506
17913018
17913530
17914042
17914554
17915066
17915578
17910971
17911483
17911995
17912507
17913019
17913531
17914043
17914555
17915067
17915579
17910972
17911484
17911996
17912508
17913020
17913532
17914044
17914556
17915068
17915580
17910973
17911485
17911997
17912509
17913021
17913533
17914045
17914557
17915069
17915581
17910974
17911486
17911998
17912510
17913022
17913534
17914046
17914558
17915070
17915582
17910975
17911487
17911999
17912511
17913023
17913535
17914047
17914559
17915071
17915583
17910976
17911488
17912000
17912512
17913024
17913536
17914048
17914560
17915072
17915584
17910977
17911489
17912001
17912513
17913025
17913537
17914049
17914561
17915073
17915585
17910978
17911490
17912002
17912514
17913026
17913538
17914050
17914562
17915074
17915586
38622900
38623412
38623924
38624436
38624948
38625460
38625972
38626484
38626996
38627508
38622901
38623413
38623925
38624437
38624949
38625461
38625973
38626485
38626997
38627509
38622902
38623414
38623926
38624438
38624950
38625462
38625974
38626486
38626998
38627510
38622903
38623415
38623927
38624439
38624951
38625463
38625975
38626487
38626999
38627511
38622904
38623416
38623928
38624440
38624952
38625464
38625976
38626488
38627000
38627512
38622905
38623417
38623929
38624441
38624953
38625465
38625977
38626489
38627001
38627513
38622906
38623418
38623930
38624442
38624954
38625466
38625978
38626490
38627002
38627514
38622907
38623419
38623931
38624443
38624955
38625467
38625979
38626491
38627003
38627515
38622908
38623420
38623932
38624444
38624956
38625468
38625980
38626492
38627004
38627516
38622909
38623421
38623933
38624445
38624957
38625469
38625981
38626493
38627005
38627517
50208470
50208982
50209494
50210006
50210518
50211030
50211542
50212054
50212566
50213078
50208471
50208983
50209495
50210007
50210519
50211031
50211543
50212055
50212567
50213079
50208472
50208984
50209496
50210008
50210520
50211032
50211544
50212056
50212568
50213080
50208473
50208985
50209497
50210009
50210521
50211033
50211545
50212057
50212569
50213081
50208474
50208986
50209498
50210010
50210522
50211034
50211546
50212058
50212570
50213082
50208475
50208987
50209499
50210011
50210523
50211035
50211547
50212059
50212571
50213083
50208476
50208988
50209500
50210012
50210524
50211036
50211548
50212060
50212572
50213084
50208477
50208989
50209501
50210013
50210525
50211037
50211549
50212061
50212573
50213085
50208478
50208990
50209502
50210014
50210526
50211038
50211550
50212062
50212574
50213086
50208479
50208991
50209503
50210015
50210527
50211039
50211551
50212063
50212575
50213087
57309395
57309907
57310419
57310931
57311443
57311955
57312467
57312979
57313491
57314003
57309396
57309908
57310420
57310932
57311444
57311956
57312468
57312980
57313492
57314004
57309397
57309909
57310421
57310933
57311445
57311957
57312469
57312981
57313493
57314005
57309398
57309910
57310422
57310934
57311446
57311958
57312470
57312982
57313494
57314006
57309399
57309911
57310423
57310935
57311447
57311959
57312471
57312983
57313495
57314007
57309400
57309912
57310424
57310936
57311448
57311960
57312472
57312984
57313496
57314008
57309401
57309913
57310425
57310937
57311449
57311961
57312473
57312985
57313497
57314009
57309402
57309914
57310426
57310938
57311450
57311962
57312474
57312986
57313498
57314010
57309403
57309915
57310427
57310939
57311451
57311963
57312475
57312987
57313499
57314011
57309404
57309916
57310428
57310940
57311452
57311964
57312476
57312988
57313500
57314012
50403624
50404136
50404648
50405160
50405672
50406184
50406696
50407208
50407720
50408232
50403625
50404137
50404649
50405161
50405673
50406185
50406697
50407209
50407721
50408233
50403626
50404138
50404650
50405162
50405674
50406186
50406698
50407210
50407722
50408234
50403627
50404139
50404651
50405163
50405675
50406187
50406699
50407211
50407723
50408235
50403628
50404140
50404652
50405164
50405676
50406188
50406700
50407212
50407724
50408236
50403629
50404141
50404653
50405165
50405677
50406189
50406701
50407213
50407725
50408237
50403630
50404142
50404654
50405166
50405678
50406190
50406702
50407214
50407726
50408238
50403631
50404143
50404655
50405167
50405679
50406191
50406703
50407215
50407727
50408239
50403632
50404144
50404656
50405168
50405680
50406192
50406704
50407216
50407728
50408240
50403633
50404145
50404657
50405169
50405681
50406193
50406705
50407217
50407729
50408241
56732344
56732856
56733368
56733880
56734392
56734904
56735416
56735928
56736440
56736952
56732345
56732857
56733369
56733881
56734393
56734905
56735417
56735929
56736441
56736953
56732346
56732858
56733370
56733882
56734394
56734906
56735418
56735930
56736442
56736954
56732347
56732859
56733371
56733883
56734395
56734907
56735419
56735931
56736443
56736955
56732348
56732860
56733372
56733884
56734396
56734908
56735420
56735932
56736444
56736956
56732349
56732861
56733373
56733885
56734397
56734909
56735421
56735933
56736445
56736957
56732350
56732862
56733374
56733886
56734398
56734910
56735422
56735934
56736446
56736958
56732351
56732863
56733375
56733887
56734399
56734911
56735423
56735935
56736447
56736959
56732352
56732864
56733376
56733888
56734400
56734912
56735424
56735936
56736448
56736960
56732353
56732865
56733377
56733889
56734401
56734913
56735425
56735937
56736449
56736961
44130593
44131105
44131617
44132129
44132641
44133153
44133665
44134177
44134689
44135201
44130594
44131106
44131618
44132130
44132642
44133154
44133666
44134178
44134690
44135202
44130595
44131107
44131619
44132131
44132643
44133155
44133667
44134179
44134691
44135203
44130596
44131108
44131620
44132132
44132644
44133156
44133668
44134180
44134692
44135204
44130597
44131109
44131621
44132133
44132645
44133157
44133669
44134181
44134693
44135205
44130598
44131110
44131622
44132134
44132646
44133158
44133670
44134182
44134694
44135206
44130599
44131111
44131623
44132135
44132647
44133159
44133671
44134183
44134695
44135207
44130600
44131112
44131624
44132136
44132648
44133160
44133672
44134184
44134696
44135208
44130601
44131113
44131625
44132137
44132649
44133161
44133673
44134185
44134697
44135209
44130602
44131114
44131626
44132138
44132650
44133162
44133674
44134186
44134698
44135210
63811823
63812335
63812847
63813359
63813871
63814383
63814895
63815407
63815919
63816431
63811824
63812336
63812848
63813360
63813872
63814384
63814896
63815408
63815920
63816432
63811825
63812337
63812849
63813361
63813873
63814385
63814897
63815409
63815921
63816433
63811826
63812338
63812850
63813362
63813874
63814386
63814898
63815410
63815922
63816434
63811827
63812339
63812851
63813363
63813875
63814387
63814899
63815411
63815923
63816435
63811828
63812340
63812852
63813364
63813876
63814388
63814900
63815412
63815924
63816436
63811829
63812341
63812853
63813365
63813877
63814389
63814901
63815413
63815925
63816437
63811830
63812342
63812854
63813366
63813878
63814390
63814902
63815414
63815926
63816438
63811831
63812343
63812855
63813367
63813879
63814391
63814903
63815415
63815927
63816439
63811832
63812344
63812856
63813368
63813880
63814392
63814904
63815416
63815928
63816440
13227723
13228235
13228747
13229259
13229771
13230283
13230795
13231307
13231819
13232331
13227724
13228236
13228748
13229260
13229772
13230284
13230796
13231308
13231820
13232332
13227725
13228237
13228749
13229261
13229773
13230285
13230797
13231309
13231821
13232333
13227726
13228238
13228750
13229262
13229774
13230286
13230798
13231310
13231822
13232334
13227727
13228239
13228751
13229263
13229775
13230287
13230799
13231311
13231823
13232335
13227728
13228240
13228752
13229264
13229776
13230288
13230800
13231312
13231824
13232336
13227729
13228241
13228753
13229265
13229777
13230289
13230801
13231313
13231825
13232337
13227730
13228242
13228754
13229266
13229778
13230290
13230802
13231314
13231826
13232338
13227731
13228243
13228755
13229267
13229779
13230291
13230803
13231315
13231827
13232339
13227732
13228244
13228756
13229268
13229780
13230292
13230804
13231316
13231828
13232340
57537193
57537705
57538217
57538729
57539241
57539753
57540265
57540777
57541289
57541801
57537194
57537706
57538218
57538730
57539242
57539754
57540266
57540778
57541290
57541802
57537195
57537707
57538219
57538731
57539243
57539755
57540267
57540779
57541291
57541803
57537196
57537708
57538220
57538732
57539244
57539756
57540268
57540780
57541292
57541804
57537197
57537709
57538221
57538733
57539245
57539757
57540269
57540781
57541293
57541805
57537198
57537710
57538222
57538734
57539246
57539758
57540270
57540782
57541294
57541806
57537199
57537711
57538223
57538735
57539247
57539759
57540271
57540783
57541295
57541807
57537200
57537712
57538224
57538736
57539248
57539760
57540272
57540784
57541296
57541808
57537201
57537713
57538225
57538737
57539249
57539761
57540273
57540785
57541297
57541809
57537202
57537714
57538226
57538738
57539250
57539762
57540274
57540786
57541298
57541810
44873984
44874496
44875008
44875520
44876032
44876544
44877056
44877568
44878080
44878592
44873985
44874497
44875009
44875521
44876033
44876545
44877057
44877569
44878081
44878593
44873986
44874498
44875010
44875522
44876034
44876546
44877058
44877570
44878082
44878594
44873987
44874499
44875011
44875523
44876035
44876547
44877059
44877571
44878083
44878595
44873988
44874500
44875012
44875524
44876036
44876548
44877060
44877572
44878084
44878596
44873989
44874501
44875013
44875525
44876037
44876549
44877061
44877573
44878085
44878597
44873990
44874502
44875014
44875526
44876038
44876550
44877062
44877574
44878086
44878598
44873991
44874503
44875015
44875527
44876039
44876551
44877063
44877575
44878087
44878599
44873992
44874504
44875016
44875528
44876040
44876552
44877064
44877576
44878088
44878600
44873993
44874505
44875017
44875529
44876041
44876553
44877065
44877577
44878089
44878601
48604926
48605438
48605950
48606462
48606974
48607486
48607998
48608510
48609022
48609534
48604927
48605439
48605951
48606463
48606975
48607487
48607999
48608511
48609023
48609535
48604928
48605440
48605952
48606464
48606976
48607488
48608000
48608512
48609024
48609536
48604929
48605441
48605953
48606465
48606977
48607489
48608001
48608513
48609025
48609537
48604930
48605442
48605954
48606466
48606978
48607490
48608002
48608514
48609026
48609538
48604931
48605443
48605955
48606467
48606979
48607491
48608003
48608515
48609027
48609539
48604932
48605444
48605956
48606468
48606980
48607492
48608004
48608516
48609028
48609540
48604933
48605445
48605957
48606469
48606981
48607493
48608005
48608517
48609029
48609541
48604934
48605446
48605958
48606470
48606982
48607494
48608006
48608518
48609030
48609542
48604935
48605447
48605959
48606471
48606983
48607495
48608007
48608519
48609031
48609543
29952740
29953252
29953764
29954276
29954788
29955300
29955812
29956324
29956836
29957348
29952741
29953253
29953765
29954277
29954789
29955301
29955813
29956325
29956837
29957349
29952742
29953254
29953766
29954278
29954790
29955302
29955814
29956326
29956838
29957350
29952743
29953255
29953767
29954279
29954791
29955303
29955815
29956327
29956839
29957351
29952744
29953256
29953768
29954280
29954792
29955304
29955816
29956328
29956840
29957352
29952745
29953257
29953769
29954281
29954793
29955305
29955817
29956329
29956841
29957353
29952746
29953258
29953770
29954282
29954794
29955306
29955818
29956330
29956842
29957354
29952747
29953259
29953771
29954283
29954795
29955307
29955819
29956331
29956843
29957355
29952748
29953260
29953772
29954284
29954796
29955308
29955820
29956332
29956844
29957356
29952749
29953261
29953773
29954285
29954797
29955309
29955821
29956333
29956845
29957357
43844843
43845355
43845867
43846379
43846891
43847403
43847915
43848427
43848939
43849451
43844844
43845356
43845868
43846380
43846892
43847404
43847916
43848428
43848940
43849452
43844845
43845357
43845869
43846381
43846893
43847405
43847917
43848429
43848941
43849453
43844846
43845358
43845870
43846382
43846894
43847406
43847918
43848430
43848942
43849454
43844847
43845359
43845871
43846383
43846895
43847407
43847919
43848431
43848943
43849455
43844848
43845360
43845872
43846384
43846896
43847408
43847920
43848432
43848944
43849456
43844849
43845361
43845873
43846385
43846897
43847409
43847921
43848433
43848945
43849457
43844850
43845362
43845874
43846386
43846898
43847410
43847922
43848434
43848946
43849458
43844851
43845363
43845875
43846387
43846899
43847411
43847923
43848435
43848947
43849459
43844852
43845364
43845876
43846388
43846900
43847412
43847924
43848436
43848948
43849460
41248993
41249505
41250017
41250529
41251041
41251553
41252065
41252577
41253089
41253601
41248994
41249506
41250018
41250530
41251042
41251554
41252066
41252578
41253090
41253602
41248995
41249507
41250019
41250531
41251043
41251555
41252067
41252579
41253091
41253603
41248996
41249508
41250020
41250532
41251044
41251556
41252068
41252580
41253092
41253604
41248997
41249509
41250021
41250533
41251045
41251557
41252069
41252581
41253093
41253605
41248998
41249510
41250022
41250534
41251046
41251558
41252070
41252582
41253094
41253606
41248999
41249511
41250023
41250535
41251047
41251559
41252071
41252583
41253095
41253607
41249000
41249512
41250024
41250536
41251048
41251560
41252072
41252584
41253096
41253608
41249001
41249513
41250025
41250537
41251049
41251561
41252073
41252585
41253097
41253609
41249002
41249514
41250026
41250538
41251050
41251562
41252074
41252586
41253098
41253610
46039733
46040245
46040757
46041269
46041781
46042293
46042805
46043317
46043829
46044341
46039734
46040246
46040758
46041270
46041782
46042294
46042806
46043318
46043830
46044342
46039735
46040247
46040759
46041271
46041783
46042295
46042807
46043319
46043831
46044343
46039736
46040248
46040760
46041272
46041784
46042296
46042808
46043320
46043832
46044344
46039737
46040249
46040761
46041273
46041785
46042297
46042809
46043321
46043833
46044345
46039738
46040250
46040762
46041274
46041786
46042298
46042810
46043322
46043834
46044346
46039739
46040251
46040763
46041275
46041787
46042299
46042811
46043323
46043835
46044347
46039740
46040252
46040764
46041276
46041788
46042300
46042812
46043324
46043836
46044348
46039741
46040253
46040765
46041277
46041789
46042301
46042813
46043325
46043837
46044349
46039742
46040254
46040766
46041278
46041790
46042302
46042814
46043326
46043838
46044350
49079091
49079603
49080115
49080627
49081139
49081651
49082163
49082675
49083187
49083699
49079092
49079604
49080116
49080628
49081140
49081652
49082164
49082676
49083188
49083700
49079093
49079605
49080117
49080629
49081141
49081653
49082165
49082677
49083189
49083701
49079094
49079606
49080118
49080630
49081142
49081654
49082166
49082678
49083190
49083702
49079095
49079607
49080119
49080631
49081143
49081655
49082167
49082679
49083191
49083703
49079096
49079608
49080120
49080632
49081144
49081656
49082168
49082680
49083192
49083704
49079097
49079609
49080121
49080633
49081145
49081657
49082169
49082681
49083193
49083705
49079098
49079610
49080122
49080634
49081146
49081658
49082170
49082682
49083194
49083706
49079099
49079611
49080123
49080635
49081147
49081659
49082171
49082683
49083195
49083707
49079100
49079612
49080124
49080636
49081148
49081660
49082172
49082684
49083196
49083708
28115676
28116188
28116700
28117212
28117724
28118236
28118748
28119260
28119772
28120284
28115677
28116189
28116701
28117213
28117725
28118237
28118749
28119261
28119773
28120285
28115678
28116190
28116702
28117214
28117726
28118238
28118750
28119262
28119774
28120286
28115679
28116191
28116703
28117215
28117727
28118239
28118751
28119263
28119775
28120287
28115680
28116192
28116704
28117216
28117728
28118240
28118752
28119264
28119776
28120288
28115681
28116193
28116705
28117217
28117729
28118241
28118753
28119265
28119777
28120289
28115682
28116194
28116706
28117218
28117730
28118242
28118754
28119266
28119778
28120290
28115683
28116195
28116707
28117219
28117731
28118243
28118755
28119267
28119779
28120291
28115684
28116196
28116708
28117220
28117732
28118244
28118756
28119268
28119780
28120292
28115685
28116197
28116709
28117221
28117733
28118245
28118757
28119269
28119781
28120293
44453014
44453526
44454038
44454550
44455062
44455574
44456086
44456598
44457110
44457622
44453015
44453527
44454039
44454551
44455063
44455575
44456087
44456599
44457111
44457623
44453016
44453528
44454040
44454552
44455064
44455576
44456088
44456600
44457112
44457624
44453017
44453529
44454041
44454553
44455065
44455577
44456089
44456601
44457113
44457625
44453018
44453530
44454042
44454554
44455066
44455578
44456090
44456602
44457114
44457626
44453019
44453531
44454043
44454555
44455067
44455579
44456091
44456603
44457115
44457627
44453020
44453532
44454044
44454556
44455068
44455580
44456092
44456604
44457116
44457628
44453021
44453533
44454045
44454557
44455069
44455581
44456093
44456605
44457117
44457629
44453022
44453534
44454046
44454558
44455070
44455582
44456094
44456606
44457118
44457630
44453023
44453535
44454047
44454559
44455071
44455583
44456095
44456607
44457119
44457631
60098811
60099323
60099835
60100347
60100859
60101371
60101883
60102395
60102907
60103419
60098812
60099324
60099836
60100348
60100860
60101372
60101884
60102396
60102908
60103420
60098813
60099325
60099837
60100349
60100861
60101373
60101885
60102397
60102909
60103421
60098814
60099326
60099838
60100350
60100862
60101374
60101886
60102398
60102910
60103422
60098815
60099327
60099839
60100351
60100863
60101375
60101887
60102399
60102911
60103423
60098816
60099328
60099840
60100352
60100864
60101376
60101888
60102400
60102912
60103424
60098817
60099329
60099841
60100353
60100865
60101377
60101889
60102401
60102913
60103425
60098818
60099330
60099842
60100354
60100866
60101378
60101890
60102402
60102914
60103426
60098819
60099331
60099843
60100355
60100867
60101379
60101891
60102403
60102915
60103427
60098820
60099332
60099844
60100356
60100868
60101380
60101892
60102404
60102916
60103428
37897366
37897878
37898390
37898902
37899414
37899926
37900438
37900950
37901462
37901974
37897367
37897879
37898391
37898903
37899415
37899927
37900439
37900951
37901463
37901975
37897368
37897880
37898392
37898904
37899416
37899928
37900440
37900952
37901464
37901976
37897369
37897881
37898393
37898905
37899417
37899929
37900441
37900953
37901465
37901977
37897370
37897882
37898394
37898906
37899418
37899930
37900442
37900954
37901466
37901978
37897371
37897883
37898395
37898907
37899419
37899931
37900443
37900955
37901467
37901979
37897372
37897884
37898396
37898908
37899420
37899932
37900444
37900956
37901468
37901980
37897373
37897885
37898397
37898909
37899421
37899933
37900445
37900957
37901469
37901981
37897374
37897886
37898398
37898910
37899422
37899934
37900446
37900958
37901470
37901982
37897375
37897887
37898399
37898911
37899423
37899935
37900447
37900959
37901471
37901983
37821711
37822223
37822735
37823247
37823759
37824271
37824783
37825295
37825807
37826319
37821712
37822224
37822736
37823248
37823760
37824272
37824784
37825296
37825808
37826320
37821713
37822225
37822737
37823249
37823761
37824273
37824785
37825297
37825809
37826321
37821714
37822226
37822738
37823250
37823762
37824274
37824786
37825298
37825810
37826322
37821715
37822227
37822739
37823251
37823763
37824275
37824787
37825299
37825811
37826323
37821716
37822228
37822740
37823252
37823764
37824276
37824788
37825300
37825812
37826324
37821717
37822229
37822741
37823253
37823765
37824277
37824789
37825301
37825813
37826325
37821718
37822230
37822742
37823254
37823766
37824278
37824790
37825302
37825814
37826326
37821719
37822231
37822743
37823255
37823767
37824279
37824791
37825303
37825815
37826327
37821720
37822232
37822744
37823256
37823768
37824280
37824792
37825304
37825816
37826328
35461867
35462379
35462891
35463403
35463915
35464427
35464939
35465451
35465963
35466475
35461868
35462380
35462892
35463404
35463916
35464428
35464940
35465452
35465964
35466476
35461869
35462381
35462893
35463405
35463917
35464429
35464941
35465453
35465965
35466477
35461870
35462382
35462894
35463406
35463918
35464430
35464942
35465454
35465966
35466478
35461871
35462383
35462895
35463407
35463919
35464431
35464943
35465455
35465967
35466479
35461872
35462384
35462896
35463408
35463920
35464432
35464944
35465456
35465968
35466480
35461873
35462385
35462897
35463409
35463921
35464433
35464945
35465457
35465969
35466481
35461874
35462386
35462898
35463410
35463922
35464434
35464946
35465458
35465970
35466482
35461875
35462387
35462899
35463411
35463923
35464435
35464947
35465459
35465971
35466483
35461876
35462388
35462900
35463412
35463924
35464436
35464948
35465460
35465972
35466484
52838620
52839132
52839644
52840156
52840668
52841180
52841692
52842204
52842716
52843228
52838621
52839133
52839645
52840157
52840669
52841181
52841693
52842205
52842717
52843229
52838622
52839134
52839646
52840158
52840670
52841182
52841694
52842206
52842718
52843230
52838623
52839135
52839647
52840159
52840671
52841183
52841695
52842207
52842719
52843231
52838624
52839136
52839648
52840160
52840672
52841184
52841696
52842208
52842720
52843232
52838625
52839137
52839649
52840161
52840673
52841185
52841697
52842209
52842721
52843233
52838626
52839138
52839650
52840162
52840674
52841186
52841698
52842210
52842722
52843234
52838627
52839139
52839651
52840163
52840675
52841187
52841699
52842211
52842723
52843235
52838628
52839140
52839652
52840164
52840676
52841188
52841700
52842212
52842724
52843236
52838629
52839141
52839653
52840165
52840677
52841189
52841701
52842213
52842725
52843237
53824224
53824736
53825248
53825760
53826272
53826784
53827296
53827808
53828320
53828832
53824225
53824737
53825249
53825761
53826273
53826785
53827297
53827809
53828321
53828833
53824226
53824738
53825250
53825762
53826274
53826786
53827298
53827810
53828322
53828834
53824227
53824739
53825251
53825763
53826275
53826787
53827299
53827811
53828323
53828835
53824228
53824740
53825252
53825764
53826276
53826788
53827300
53827812
53828324
53828836
53824229
53824741
53825253
53825765
53826277
53826789
53827301
53827813
53828325
53828837
53824230
53824742
53825254
53825766
53826278
53826790
53827302
53827814
53828326
53828838
53824231
53824743
53825255
53825767
53826279
53826791
53827303
53827815
53828327
53828839
53824232
53824744
53825256
53825768
53826280
53826792
53827304
53827816
53828328
53828840
53824233
53824745
53825257
53825769
53826281
53826793
53827305
53827817
53828329
53828841
