18452124
18452636
18453148
18453660
18454172
18454684
18455196
18455708
18456220
18456732
18452125
18452637
18453149
18453661
18454173
18454685
18455197
18455709
18456221
18456733
18452126
18452638
18453150
18453662
18454174
18454686
18455198
18455710
18456222
18456734
18452127
18452639
18453151
18453663
18454175
18454687
18455199
18455711
18456223
18456735
18452128
18452640
18453152
18453664
18454176
18454688
18455200
18455712
18456224
18456736
18452129
18452641
18453153
18453665
18454177
18454689
18455201
18455713
18456225
18456737
18452130
18452642
18453154
18453666
18454178
18454690
18455202
18455714
18456226
18456738
18452131
18452643
18453155
18453667
18454179
18454691
18455203
18455715
18456227
18456739
18452132
18452644
18453156
18453668
18454180
18454692
18455204
18455716
18456228
18456740
18452133
18452645
18453157
18453669
18454181
18454693
18455205
18455717
18456229
18456741
60957921
60958433
60958945
60959457
60959969
60960481
60960993
60961505
60962017
60962529
60957922
60958434
60958946
60959458
60959970
60960482
60960994
60961506
60962018
60962530
60957923
60958435
60958947
60959459
60959971
60960483
60960995
60961507
60962019
60962531
60957924
60958436
60958948
60959460
60959972
60960484
60960996
60961508
60962020
60962532
60957925
60958437
60958949
60959461
60959973
60960485
60960997
60961509
60962021
60962533
60957926
60958438
60958950
60959462
60959974
60960486
60960998
60961510
60962022
60962534
60957927
60958439
60958951
60959463
60959975
60960487
60960999
60961511
60962023
60962535
60957928
60958440
60958952
60959464
60959976
60960488
60961000
60961512
60962024
60962536
60957929
60958441
60958953
60959465
60959977
60960489
60961001
60961513
60962025
60962537
60957930
60958442
60958954
60959466
60959978
60960490
60961002
60961514
60962026
60962538
42825932
42826444
42826956
42827468
42827980
42828492
42829004
42829516
42830028
42830540
42825933
42826445
42826957
42827469
42827981
42828493
42829005
42829517
42830029
42830541
42825934
42826446
42826958
42827470
42827982
42828494
42829006
42829518
42830030
42830542
42825935
42826447
42826959
42827471
42827983
42828495
42829007
42829519
42830031
42830543
42825936
42826448
42826960
42827472
42827984
42828496
42829008
42829520
42830032
42830544
42825937
42826449
42826961
42827473
42827985
42828497
42829009
42829521
42830033
42830545
42825938
42826450
42826962
42827474
42827986
42828498
42829010
42829522
42830034
42830546
42825939
42826451
42826963
42827475
42827987
42828499
42829011
42829523
42830035
42830547
42825940
42826452
42826964
42827476
42827988
42828500
42829012
42829524
42830036
42830548
42825941
42826453
42826965
42827477
42827989
42828501
42829013
42829525
42830037
42830549
63807204
63807716
63808228
63808740
63809252
63809764
63810276
63810788
63811300
63811812
63807205
63807717
63808229
63808741
63809253
63809765
63810277
63810789
63811301
63811813
63807206
63807718
63808230
63808742
63809254
63809766
63810278
63810790
63811302
63811814
63807207
63807719
63808231
63808743
63809255
63809767
63810279
63810791
63811303
63811815
63807208
63807720
63808232
63808744
63809256
63809768
63810280
63810792
63811304
63811816
63807209
63807721
63808233
63808745
63809257
63809769
63810281
63810793
63811305
63811817
63807210
63807722
63808234
63808746
63809258
63809770
63810282
63810794
63811306
63811818
63807211
63807723
63808235
63808747
63809259
63809771
63810283
63810795
63811307
63811819
63807212
63807724
63808236
63808748
63809260
63809772
63810284
63810796
63811308
63811820
63807213
63807725
63808237
63808749
63809261
63809773
63810285
63810797
63811309
63811821
56709348
56709860
56710372
56710884
56711396
56711908
56712420
56712932
56713444
56713956
56709349
56709861
56710373
56710885
56711397
56711909
56712421
56712933
56713445
56713957
56709350
56709862
56710374
56710886
56711398
56711910
56712422
56712934
56713446
56713958
56709351
56709863
56710375
56710887
56711399
56711911
56712423
56712935
56713447
56713959
56709352
56709864
56710376
56710888
56711400
56711912
56712424
56712936
56713448
56713960
56709353
56709865
56710377
56710889
56711401
56711913
56712425
56712937
56713449
56713961
56709354
56709866
56710378
56710890
56711402
56711914
56712426
56712938
56713450
56713962
56709355
56709867
56710379
56710891
56711403
56711915
56712427
56712939
56713451
56713963
56709356
56709868
56710380
56710892
56711404
56711916
56712428
56712940
56713452
56713964
56709357
56709869
56710381
56710893
56711405
56711917
56712429
56712941
56713453
56713965
13754550
13755062
13755574
13756086
13756598
13757110
13757622
13758134
13758646
13759158
13754551
13755063
13755575
13756087
13756599
13757111
13757623
13758135
13758647
13759159
13754552
13755064
13755576
13756088
13756600
13757112
13757624
13758136
13758648
13759160
13754553
13755065
13755577
13756089
13756601
13757113
13757625
13758137
13758649
13759161
13754554
13755066
13755578
13756090
13756602
13757114
13757626
13758138
13758650
13759162
13754555
13755067
13755579
13756091
13756603
13757115
13757627
13758139
13758651
13759163
13754556
13755068
13755580
13756092
13756604
13757116
13757628
13758140
13758652
13759164
13754557
13755069
13755581
13756093
13756605
13757117
13757629
13758141
13758653
13759165
13754558
13755070
13755582
13756094
13756606
13757118
13757630
13758142
13758654
13759166
13754559
13755071
13755583
13756095
13756607
13757119
13757631
13758143
13758655
13759167
12156110
12156622
12157134
12157646
12158158
12158670
12159182
12159694
12160206
12160718
12156111
12156623
12157135
12157647
12158159
12158671
12159183
12159695
12160207
12160719
12156112
12156624
12157136
12157648
12158160
12158672
12159184
12159696
12160208
12160720
12156113
12156625
12157137
12157649
12158161
12158673
12159185
12159697
12160209
12160721
12156114
12156626
12157138
12157650
12158162
12158674
12159186
12159698
12160210
12160722
12156115
12156627
12157139
12157651
12158163
12158675
12159187
12159699
12160211
12160723
12156116
12156628
12157140
12157652
12158164
12158676
12159188
12159700
12160212
12160724
12156117
12156629
12157141
12157653
12158165
12158677
12159189
12159701
12160213
12160725
12156118
12156630
12157142
12157654
12158166
12158678
12159190
12159702
12160214
12160726
12156119
12156631
12157143
12157655
12158167
12158679
12159191
12159703
12160215
12160727
24724148
24724660
24725172
24725684
24726196
24726708
24727220
24727732
24728244
24728756
24724149
24724661
24725173
24725685
24726197
24726709
24727221
24727733
24728245
24728757
24724150
24724662
24725174
24725686
24726198
24726710
24727222
24727734
24728246
24728758
24724151
24724663
24725175
24725687
24726199
24726711
24727223
24727735
24728247
24728759
24724152
24724664
24725176
24725688
24726200
24726712
24727224
24727736
24728248
24728760
24724153
24724665
24725177
24725689
24726201
24726713
24727225
24727737
24728249
24728761
24724154
24724666
24725178
24725690
24726202
24726714
24727226
24727738
24728250
24728762
24724155
24724667
24725179
24725691
24726203
24726715
24727227
24727739
24728251
24728763
24724156
24724668
24725180
24725692
24726204
24726716
24727228
24727740
24728252
24728764
24724157
24724669
24725181
24725693
24726205
24726717
24727229
24727741
24728253
24728765
12409557
12410069
12410581
12411093
12411605
12412117
12412629
12413141
12413653
12414165
12409558
12410070
12410582
12411094
12411606
12412118
12412630
12413142
12413654
12414166
12409559
12410071
12410583
12411095
12411607
12412119
12412631
12413143
12413655
12414167
12409560
12410072
12410584
12411096
12411608
12412120
12412632
12413144
12413656
12414168
12409561
12410073
12410585
12411097
12411609
12412121
12412633
12413145
12413657
12414169
12409562
12410074
12410586
12411098
12411610
12412122
12412634
12413146
12413658
12414170
12409563
12410075
12410587
12411099
12411611
12412123
12412635
12413147
12413659
12414171
12409564
12410076
12410588
12411100
12411612
12412124
12412636
12413148
12413660
12414172
12409565
12410077
12410589
12411101
12411613
12412125
12412637
12413149
12413661
12414173
12409566
12410078
12410590
12411102
12411614
12412126
12412638
12413150
12413662
12414174
49342205
49342717
49343229
49343741
49344253
49344765
49345277
49345789
49346301
49346813
49342206
49342718
49343230
49343742
49344254
49344766
49345278
49345790
49346302
49346814
49342207
49342719
49343231
49343743
49344255
49344767
49345279
49345791
49346303
49346815
49342208
49342720
49343232
49343744
49344256
49344768
49345280
49345792
49346304
49346816
49342209
49342721
49343233
49343745
49344257
49344769
49345281
49345793
49346305
49346817
49342210
49342722
49343234
49343746
49344258
49344770
49345282
49345794
49346306
49346818
49342211
49342723
49343235
49343747
49344259
49344771
49345283
49345795
49346307
49346819
49342212
49342724
49343236
49343748
49344260
49344772
49345284
49345796
49346308
49346820
49342213
49342725
49343237
49343749
49344261
49344773
49345285
49345797
49346309
49346821
49342214
49342726
49343238
49343750
49344262
49344774
49345286
49345798
49346310
49346822
56748217
56748729
56749241
56749753
56750265
56750777
56751289
56751801
56752313
56752825
56748218
56748730
56749242
56749754
56750266
56750778
56751290
56751802
56752314
56752826
56748219
56748731
56749243
56749755
56750267
56750779
56751291
56751803
56752315
56752827
56748220
56748732
56749244
56749756
56750268
56750780
56751292
56751804
56752316
56752828
56748221
56748733
56749245
56749757
56750269
56750781
56751293
56751805
56752317
56752829
56748222
56748734
56749246
56749758
56750270
56750782
56751294
56751806
56752318
56752830
56748223
56748735
56749247
56749759
56750271
56750783
56751295
56751807
56752319
56752831
56748224
56748736
56749248
56749760
56750272
56750784
56751296
56751808
56752320
56752832
56748225
56748737
56749249
56749761
56750273
56750785
56751297
56751809
56752321
56752833
56748226
56748738
56749250
56749762
56750274
56750786
56751298
56751810
56752322
56752834
14512829
14513341
14513853
14514365
14514877
14515389
14515901
14516413
14516925
14517437
14512830
14513342
14513854
14514366
14514878
14515390
14515902
14516414
14516926
14517438
14512831
14513343
14513855
14514367
14514879
14515391
14515903
14516415
14516927
14517439
14512832
14513344
14513856
14514368
14514880
14515392
14515904
14516416
14516928
14517440
14512833
14513345
14513857
14514369
14514881
14515393
14515905
14516417
14516929
14517441
14512834
14513346
14513858
14514370
14514882
14515394
14515906
14516418
14516930
14517442
14512835
14513347
14513859
14514371
14514883
14515395
14515907
14516419
14516931
14517443
14512836
14513348
14513860
14514372
14514884
14515396
14515908
14516420
14516932
14517444
14512837
14513349
14513861
14514373
14514885
14515397
14515909
14516421
14516933
14517445
14512838
14513350
14513862
14514374
14514886
14515398
14515910
14516422
14516934
14517446
43602718
43603230
43603742
43604254
43604766
43605278
43605790
43606302
43606814
43607326
43602719
43603231
43603743
43604255
43604767
43605279
43605791
43606303
43606815
43607327
43602720
43603232
43603744
43604256
43604768
43605280
43605792
43606304
43606816
43607328
43602721
43603233
43603745
43604257
43604769
43605281
43605793
43606305
43606817
43607329
43602722
43603234
43603746
43604258
43604770
43605282
43605794
43606306
43606818
43607330
43602723
43603235
43603747
43604259
43604771
43605283
43605795
43606307
43606819
43607331
43602724
43603236
43603748
43604260
43604772
43605284
43605796
43606308
43606820
43607332
43602725
43603237
43603749
43604261
43604773
43605285
43605797
43606309
43606821
43607333
43602726
43603238
43603750
43604262
43604774
43605286
43605798
43606310
43606822
43607334
43602727
43603239
43603751
43604263
43604775
43605287
43605799
43606311
43606823
43607335
30991599
30992111
30992623
30993135
30993647
30994159
30994671
30995183
30995695
30996207
30991600
30992112
30992624
30993136
30993648
30994160
30994672
30995184
30995696
30996208
30991601
30992113
30992625
30993137
30993649
30994161
30994673
30995185
30995697
30996209
30991602
30992114
30992626
30993138
30993650
30994162
30994674
30995186
30995698
30996210
30991603
30992115
30992627
30993139
30993651
30994163
30994675
30995187
30995699
30996211
30991604
30992116
30992628
30993140
30993652
30994164
30994676
30995188
30995700
30996212
30991605
30992117
30992629
30993141
30993653
30994165
30994677
30995189
30995701
30996213
30991606
30992118
30992630
30993142
30993654
30994166
30994678
30995190
30995702
30996214
30991607
30992119
30992631
30993143
30993655
30994167
30994679
30995191
30995703
30996215
30991608
30992120
30992632
30993144
30993656
30994168
30994680
30995192
30995704
30996216
42041532
42042044
42042556
42043068
42043580
42044092
42044604
42045116
42045628
42046140
42041533
42042045
42042557
42043069
42043581
42044093
42044605
42045117
42045629
42046141
42041534
42042046
42042558
42043070
42043582
42044094
42044606
42045118
42045630
42046142
42041535
42042047
42042559
42043071
42043583
42044095
42044607
42045119
42045631
42046143
42041536
42042048
42042560
42043072
42043584
42044096
42044608
42045120
42045632
42046144
42041537
42042049
42042561
42043073
42043585
42044097
42044609
42045121
42045633
42046145
42041538
42042050
42042562
42043074
42043586
42044098
42044610
42045122
42045634
42046146
42041539
42042051
42042563
42043075
42043587
42044099
42044611
42045123
42045635
42046147
42041540
42042052
42042564
42043076
42043588
42044100
42044612
42045124
42045636
42046148
42041541
42042053
42042565
42043077
42043589
42044101
42044613
42045125
42045637
42046149
43108038
43108550
43109062
43109574
43110086
43110598
43111110
43111622
43112134
43112646
43108039
43108551
43109063
43109575
43110087
43110599
43111111
43111623
43112135
43112647
43108040
43108552
43109064
43109576
43110088
43110600
43111112
43111624
43112136
43112648
43108041
43108553
43109065
43109577
43110089
43110601
43111113
43111625
43112137
43112649
43108042
43108554
43109066
43109578
43110090
43110602
43111114
43111626
43112138
43112650
43108043
43108555
43109067
43109579
43110091
43110603
43111115
43111627
43112139
43112651
43108044
43108556
43109068
43109580
43110092
43110604
43111116
43111628
43112140
43112652
43108045
43108557
43109069
43109581
43110093
43110605
43111117
43111629
43112141
43112653
43108046
43108558
43109070
43109582
43110094
43110606
43111118
43111630
43112142
43112654
43108047
43108559
43109071
43109583
43110095
43110607
43111119
43111631
43112143
43112655
56467666
56468178
56468690
56469202
56469714
56470226
56470738
56471250
56471762
56472274
56467667
56468179
56468691
56469203
56469715
56470227
56470739
56471251
56471763
56472275
56467668
56468180
56468692
56469204
56469716
56470228
56470740
56471252
56471764
56472276
56467669
56468181
56468693
56469205
56469717
56470229
56470741
56471253
56471765
56472277
56467670
56468182
56468694
56469206
56469718
56470230
56470742
56471254
56471766
56472278
56467671
56468183
56468695
56469207
56469719
56470231
56470743
56471255
56471767
56472279
56467672
56468184
56468696
56469208
56469720
56470232
56470744
56471256
56471768
56472280
56467673
56468185
56468697
56469209
56469721
56470233
56470745
56471257
56471769
56472281
56467674
56468186
56468698
56469210
56469722
56470234
56470746
56471258
56471770
56472282
56467675
56468187
56468699
56469211
56469723
56470235
56470747
56471259
56471771
56472283
58011367
58011879
58012391
58012903
58013415
58013927
58014439
58014951
58015463
58015975
58011368
58011880
58012392
58012904
58013416
58013928
58014440
58014952
58015464
58015976
58011369
58011881
58012393
58012905
58013417
58013929
58014441
58014953
58015465
58015977
58011370
58011882
58012394
58012906
58013418
58013930
58014442
58014954
58015466
58015978
58011371
58011883
58012395
58012907
58013419
58013931
58014443
58014955
58015467
58015979
58011372
58011884
58012396
58012908
58013420
58013932
58014444
58014956
58015468
58015980
58011373
58011885
58012397
58012909
58013421
58013933
58014445
58014957
58015469
58015981
58011374
58011886
58012398
58012910
58013422
58013934
58014446
58014958
58015470
58015982
58011375
58011887
58012399
58012911
58013423
58013935
58014447
58014959
58015471
58015983
58011376
58011888
58012400
58012912
58013424
58013936
58014448
58014960
58015472
58015984
20527270
20527782
20528294
20528806
20529318
20529830
20530342
20530854
20531366
20531878
20527271
20527783
20528295
20528807
20529319
20529831
20530343
20530855
20531367
20531879
20527272
20527784
20528296
20528808
20529320
20529832
20530344
20530856
20531368
20531880
20527273
20527785
20528297
20528809
20529321
20529833
20530345
20530857
20531369
20531881
20527274
20527786
20528298
20528810
20529322
20529834
20530346
20530858
20531370
20531882
20527275
20527787
20528299
20528811
20529323
20529835
20530347
20530859
20531371
20531883
20527276
20527788
20528300
20528812
20529324
20529836
20530348
20530860
20531372
20531884
20527277
20527789
20528301
20528813
20529325
20529837
20530349
20530861
20531373
20531885
20527278
20527790
20528302
20528814
20529326
20529838
20530350
20530862
20531374
20531886
20527279
20527791
20528303
20528815
20529327
20529839
20530351
20530863
20531375
20531887
50662096
50662608
50663120
50663632
50664144
50664656
50665168
50665680
50666192
50666704
50662097
50662609
50663121
50663633
50664145
50664657
50665169
50665681
50666193
50666705
50662098
50662610
50663122
50663634
50664146
50664658
50665170
50665682
50666194
50666706
50662099
50662611
50663123
50663635
50664147
50664659
50665171
50665683
50666195
50666707
50662100
50662612
50663124
50663636
50664148
50664660
50665172
50665684
50666196
50666708
50662101
50662613
50663125
50663637
50664149
50664661
50665173
50665685
50666197
50666709
50662102
50662614
50663126
50663638
50664150
50664662
50665174
50665686
50666198
50666710
50662103
50662615
50663127
50663639
50664151
50664663
50665175
50665687
50666199
50666711
50662104
50662616
50663128
50663640
50664152
50664664
50665176
50665688
50666200
50666712
50662105
50662617
50663129
50663641
50664153
50664665
50665177
50665689
50666201
50666713
44947094
44947606
44948118
44948630
44949142
44949654
44950166
44950678
44951190
44951702
44947095
44947607
44948119
44948631
44949143
44949655
44950167
44950679
44951191
44951703
44947096
44947608
44948120
44948632
44949144
44949656
44950168
44950680
44951192
44951704
44947097
44947609
44948121
44948633
44949145
44949657
44950169
44950681
44951193
44951705
44947098
44947610
44948122
44948634
44949146
44949658
44950170
44950682
44951194
44951706
44947099
44947611
44948123
44948635
44949147
44949659
44950171
44950683
44951195
44951707
44947100
44947612
44948124
44948636
44949148
44949660
44950172
44950684
44951196
44951708
44947101
44947613
44948125
44948637
44949149
44949661
44950173
44950685
44951197
44951709
44947102
44947614
44948126
44948638
44949150
44949662
44950174
44950686
44951198
44951710
44947103
44947615
44948127
44948639
44949151
44949663
44950175
44950687
44951199
44951711
56974065
56974577
56975089
56975601
56976113
56976625
56977137
56977649
56978161
56978673
56974066
56974578
56975090
56975602
56976114
56976626
56977138
56977650
56978162
56978674
56974067
56974579
56975091
56975603
56976115
56976627
56977139
56977651
56978163
56978675
56974068
56974580
56975092
56975604
56976116
56976628
56977140
56977652
56978164
56978676
56974069
56974581
56975093
56975605
56976117
56976629
56977141
56977653
56978165
56978677
56974070
56974582
56975094
56975606
56976118
56976630
56977142
56977654
56978166
56978678
56974071
56974583
56975095
56975607
56976119
56976631
56977143
56977655
56978167
56978679
56974072
56974584
56975096
56975608
56976120
56976632
56977144
56977656
56978168
56978680
56974073
56974585
56975097
56975609
56976121
56976633
56977145
56977657
56978169
56978681
56974074
56974586
56975098
56975610
56976122
56976634
56977146
56977658
56978170
56978682
43620029
43620541
43621053
43621565
43622077
43622589
43623101
43623613
43624125
43624637
43620030
43620542
43621054
43621566
43622078
43622590
43623102
43623614
43624126
43624638
43620031
43620543
43621055
43621567
43622079
43622591
43623103
43623615
43624127
43624639
43620032
43620544
43621056
43621568
43622080
43622592
43623104
43623616
43624128
43624640
43620033
43620545
43621057
43621569
43622081
43622593
43623105
43623617
43624129
43624641
43620034
43620546
43621058
43621570
43622082
43622594
43623106
43623618
43624130
43624642
43620035
43620547
43621059
43621571
43622083
43622595
43623107
43623619
43624131
43624643
43620036
43620548
43621060
43621572
43622084
43622596
43623108
43623620
43624132
43624644
43620037
43620549
43621061
43621573
43622085
43622597
43623109
43623621
43624133
43624645
43620038
43620550
43621062
43621574
43622086
43622598
43623110
43623622
43624134
43624646
23411391
23411903
23412415
23412927
23413439
23413951
23414463
23414975
23415487
23415999
23411392
23411904
23412416
23412928
23413440
23413952
23414464
23414976
23415488
23416000
23411393
23411905
23412417
23412929
23413441
23413953
23414465
23414977
23415489
23416001
23411394
23411906
23412418
23412930
23413442
23413954
23414466
23414978
23415490
23416002
23411395
23411907
23412419
23412931
23413443
23413955
23414467
23414979
23415491
23416003
23411396
23411908
23412420
23412932
23413444
23413956
23414468
23414980
23415492
23416004
23411397
23411909
23412421
23412933
23413445
23413957
23414469
23414981
23415493
23416005
23411398
23411910
23412422
23412934
23413446
23413958
23414470
23414982
23415494
23416006
23411399
23411911
23412423
23412935
23413447
23413959
23414471
23414983
23415495
23416007
23411400
23411912
23412424
23412936
23413448
23413960
23414472
23414984
23415496
23416008
54373628
54374140
54374652
54375164
54375676
54376188
54376700
54377212
54377724
54378236
54373629
54374141
54374653
54375165
54375677
54376189
54376701
54377213
54377725
54378237
54373630
54374142
54374654
54375166
54375678
54376190
54376702
54377214
54377726
54378238
54373631
54374143
54374655
54375167
54375679
54376191
54376703
54377215
54377727
54378239
54373632
54374144
54374656
54375168
54375680
54376192
54376704
54377216
54377728
54378240
54373633
54374145
54374657
54375169
54375681
54376193
54376705
54377217
54377729
54378241
54373634
54374146
54374658
54375170
54375682
54376194
54376706
54377218
54377730
54378242
54373635
54374147
54374659
54375171
54375683
54376195
54376707
54377219
54377731
54378243
54373636
54374148
54374660
54375172
54375684
54376196
54376708
54377220
54377732
54378244
54373637
54374149
54374661
54375173
54375685
54376197
54376709
54377221
54377733
54378245
46567585
46568097
46568609
46569121
46569633
46570145
46570657
46571169
46571681
46572193
46567586
46568098
46568610
46569122
46569634
46570146
46570658
46571170
46571682
46572194
46567587
46568099
46568611
46569123
46569635
46570147
46570659
46571171
46571683
46572195
46567588
46568100
46568612
46569124
46569636
46570148
46570660
46571172
46571684
46572196
46567589
46568101
46568613
46569125
46569637
46570149
46570661
46571173
46571685
46572197
46567590
46568102
46568614
46569126
46569638
46570150
46570662
46571174
46571686
46572198
46567591
46568103
46568615
46569127
46569639
46570151
46570663
46571175
46571687
46572199
46567592
46568104
46568616
46569128
46569640
46570152
46570664
46571176
46571688
46572200
46567593
46568105
46568617
46569129
46569641
46570153
46570665
46571177
46571689
46572201
46567594
46568106
46568618
46569130
46569642
46570154
46570666
46571178
46571690
46572202
54373040
54373552
54374064
54374576
54375088
54375600
54376112
54376624
54377136
54377648
54373041
54373553
54374065
54374577
54375089
54375601
54376113
54376625
54377137
54377649
54373042
54373554
54374066
54374578
54375090
54375602
54376114
54376626
54377138
54377650
54373043
54373555
54374067
54374579
54375091
54375603
54376115
54376627
54377139
54377651
54373044
54373556
54374068
54374580
54375092
54375604
54376116
54376628
54377140
54377652
54373045
54373557
54374069
54374581
54375093
54375605
54376117
54376629
54377141
54377653
54373046
54373558
54374070
54374582
54375094
54375606
54376118
54376630
54377142
54377654
54373047
54373559
54374071
54374583
54375095
54375607
54376119
54376631
54377143
54377655
54373048
54373560
54374072
54374584
54375096
54375608
54376120
54376632
54377144
54377656
54373049
54373561
54374073
54374585
54375097
54375609
54376121
54376633
54377145
54377657
47289142
47289654
47290166
47290678
47291190
47291702
47292214
47292726
47293238
47293750
47289143
47289655
47290167
47290679
47291191
47291703
47292215
47292727
47293239
47293751
47289144
47289656
47290168
47290680
47291192
47291704
47292216
47292728
47293240
47293752
47289145
47289657
47290169
47290681
47291193
47291705
47292217
47292729
47293241
47293753
47289146
47289658
47290170
47290682
47291194
47291706
47292218
47292730
47293242
47293754
47289147
47289659
47290171
47290683
47291195
47291707
47292219
47292731
47293243
47293755
47289148
47289660
47290172
47290684
47291196
47291708
47292220
47292732
47293244
47293756
47289149
47289661
47290173
47290685
47291197
47291709
47292221
47292733
47293245
47293757
47289150
47289662
47290174
47290686
47291198
47291710
47292222
47292734
47293246
47293758
47289151
47289663
47290175
47290687
47291199
47291711
47292223
47292735
47293247
47293759
11135683
11136195
11136707
11137219
11137731
11138243
11138755
11139267
11139779
11140291
11135684
11136196
11136708
11137220
11137732
11138244
11138756
11139268
11139780
11140292
11135685
11136197
11136709
11137221
11137733
11138245
11138757
11139269
11139781
11140293
11135686
11136198
11136710
11137222
11137734
11138246
11138758
11139270
11139782
11140294
11135687
11136199
11136711
11137223
11137735
11138247
11138759
11139271
11139783
11140295
11135688
11136200
11136712
11137224
11137736
11138248
11138760
11139272
11139784
11140296
11135689
11136201
11136713
11137225
11137737
11138249
11138761
11139273
11139785
11140297
11135690
11136202
11136714
11137226
11137738
11138250
11138762
11139274
11139786
11140298
11135691
11136203
11136715
11137227
11137739
11138251
11138763
11139275
11139787
11140299
11135692
11136204
11136716
11137228
11137740
11138252
11138764
11139276
11139788
11140300
47309986
47310498
47311010
47311522
47312034
47312546
47313058
47313570
47314082
47314594
47309987
47310499
47311011
47311523
47312035
47312547
47313059
47313571
47314083
47314595
47309988
47310500
47311012
47311524
47312036
47312548
47313060
47313572
47314084
47314596
47309989
47310501
47311013
47311525
47312037
47312549
47313061
47313573
47314085
47314597
47309990
47310502
47311014
47311526
47312038
47312550
47313062
47313574
47314086
47314598
47309991
47310503
47311015
47311527
47312039
47312551
47313063
47313575
47314087
47314599
47309992
47310504
47311016
47311528
47312040
47312552
47313064
47313576
47314088
47314600
47309993
47310505
47311017
47311529
47312041
47312553
47313065
47313577
47314089
47314601
47309994
47310506
47311018
47311530
47312042
47312554
47313066
47313578
47314090
47314602
47309995
47310507
47311019
47311531
47312043
47312555
47313067
47313579
47314091
47314603
