62536201
62536713
62537225
62537737
62538249
62538761
62539273
62539785
62540297
62540809
62536202
62536714
62537226
62537738
62538250
62538762
62539274
62539786
62540298
62540810
62536203
62536715
62537227
62537739
62538251
62538763
62539275
62539787
62540299
62540811
62536204
62536716
62537228
62537740
62538252
62538764
62539276
62539788
62540300
62540812
62536205
62536717
62537229
62537741
62538253
62538765
62539277
62539789
62540301
62540813
62536206
62536718
62537230
62537742
62538254
62538766
62539278
62539790
62540302
62540814
62536207
62536719
62537231
62537743
62538255
62538767
62539279
62539791
62540303
62540815
62536208
62536720
62537232
62537744
62538256
62538768
62539280
62539792
62540304
62540816
62536209
62536721
62537233
62537745
62538257
62538769
62539281
62539793
62540305
62540817
62536210
62536722
62537234
62537746
62538258
62538770
62539282
62539794
62540306
62540818
17722937
17723449
17723961
17724473
17724985
17725497
17726009
17726521
17727033
17727545
17722938
17723450
17723962
17724474
17724986
17725498
17726010
17726522
17727034
17727546
17722939
17723451
17723963
17724475
17724987
17725499
17726011
17726523
17727035
17727547
17722940
17723452
17723964
17724476
17724988
17725500
17726012
17726524
17727036
17727548
17722941
17723453
17723965
17724477
17724989
17725501
17726013
17726525
17727037
17727549
17722942
17723454
17723966
17724478
17724990
17725502
17726014
17726526
17727038
17727550
17722943
17723455
17723967
17724479
17724991
17725503
17726015
17726527
17727039
17727551
17722944
17723456
17723968
17724480
17724992
17725504
17726016
17726528
17727040
17727552
17722945
17723457
17723969
17724481
17724993
17725505
17726017
17726529
17727041
17727553
17722946
17723458
17723970
17724482
17724994
17725506
17726018
17726530
17727042
17727554
39953281
39953793
39954305
39954817
39955329
39955841
39956353
39956865
39957377
39957889
39953282
39953794
39954306
39954818
39955330
39955842
39956354
39956866
39957378
39957890
39953283
39953795
39954307
39954819
39955331
39955843
39956355
39956867
39957379
39957891
39953284
39953796
39954308
39954820
39955332
39955844
39956356
39956868
39957380
39957892
39953285
39953797
39954309
39954821
39955333
39955845
39956357
39956869
39957381
39957893
39953286
39953798
39954310
39954822
39955334
39955846
39956358
39956870
39957382
39957894
39953287
39953799
39954311
39954823
39955335
39955847
39956359
39956871
39957383
39957895
39953288
39953800
39954312
39954824
39955336
39955848
39956360
39956872
39957384
39957896
39953289
39953801
39954313
39954825
39955337
39955849
39956361
39956873
39957385
39957897
39953290
39953802
39954314
39954826
39955338
39955850
39956362
39956874
39957386
39957898
34860080
34860592
34861104
34861616
34862128
34862640
34863152
34863664
34864176
34864688
34860081
34860593
34861105
34861617
34862129
34862641
34863153
34863665
34864177
34864689
34860082
34860594
34861106
34861618
34862130
34862642
34863154
34863666
34864178
34864690
34860083
34860595
34861107
34861619
34862131
34862643
34863155
34863667
34864179
34864691
34860084
34860596
34861108
34861620
34862132
34862644
34863156
34863668
34864180
34864692
34860085
34860597
34861109
34861621
34862133
34862645
34863157
34863669
34864181
34864693
34860086
34860598
34861110
34861622
34862134
34862646
34863158
34863670
34864182
34864694
34860087
34860599
34861111
34861623
34862135
34862647
34863159
34863671
34864183
34864695
34860088
34860600
34861112
34861624
34862136
34862648
34863160
34863672
34864184
34864696
34860089
34860601
34861113
34861625
34862137
34862649
34863161
34863673
34864185
34864697
23317522
23318034
23318546
23319058
23319570
23320082
23320594
23321106
23321618
23322130
23317523
23318035
23318547
23319059
23319571
23320083
23320595
23321107
23321619
23322131
23317524
23318036
23318548
23319060
23319572
23320084
23320596
23321108
23321620
23322132
23317525
23318037
23318549
23319061
23319573
23320085
23320597
23321109
23321621
23322133
23317526
23318038
23318550
23319062
23319574
23320086
23320598
23321110
23321622
23322134
23317527
23318039
23318551
23319063
23319575
23320087
23320599
23321111
23321623
23322135
23317528
23318040
23318552
23319064
23319576
23320088
23320600
23321112
23321624
23322136
23317529
23318041
23318553
23319065
23319577
23320089
23320601
23321113
23321625
23322137
23317530
23318042
23318554
23319066
23319578
23320090
23320602
23321114
23321626
23322138
23317531
23318043
23318555
23319067
23319579
23320091
23320603
23321115
23321627
23322139
7640660
7641172
7641684
7642196
7642708
7643220
7643732
7644244
7644756
7645268
7640661
7641173
7641685
7642197
7642709
7643221
7643733
7644245
7644757
7645269
7640662
7641174
7641686
7642198
7642710
7643222
7643734
7644246
7644758
7645270
7640663
7641175
7641687
7642199
7642711
7643223
7643735
7644247
7644759
7645271
7640664
7641176
7641688
7642200
7642712
7643224
7643736
7644248
7644760
7645272
7640665
7641177
7641689
7642201
7642713
7643225
7643737
7644249
7644761
7645273
7640666
7641178
7641690
7642202
7642714
7643226
7643738
7644250
7644762
7645274
7640667
7641179
7641691
7642203
7642715
7643227
7643739
7644251
7644763
7645275
7640668
7641180
7641692
7642204
7642716
7643228
7643740
7644252
7644764
7645276
7640669
7641181
7641693
7642205
7642717
7643229
7643741
7644253
7644765
7645277
22194698
22195210
22195722
22196234
22196746
22197258
22197770
22198282
22198794
22199306
22194699
22195211
22195723
22196235
22196747
22197259
22197771
22198283
22198795
22199307
22194700
22195212
22195724
22196236
22196748
22197260
22197772
22198284
22198796
22199308
22194701
22195213
22195725
22196237
22196749
22197261
22197773
22198285
22198797
22199309
22194702
22195214
22195726
22196238
22196750
22197262
22197774
22198286
22198798
22199310
22194703
22195215
22195727
22196239
22196751
22197263
22197775
22198287
22198799
22199311
22194704
22195216
22195728
22196240
22196752
22197264
22197776
22198288
22198800
22199312
22194705
22195217
22195729
22196241
22196753
22197265
22197777
22198289
22198801
22199313
22194706
22195218
22195730
22196242
22196754
22197266
22197778
22198290
22198802
22199314
22194707
22195219
22195731
22196243
22196755
22197267
22197779
22198291
22198803
22199315
43680965
43681477
43681989
43682501
43683013
43683525
43684037
43684549
43685061
43685573
43680966
43681478
43681990
43682502
43683014
43683526
43684038
43684550
43685062
43685574
43680967
43681479
43681991
43682503
43683015
43683527
43684039
43684551
43685063
43685575
43680968
43681480
43681992
43682504
43683016
43683528
43684040
43684552
43685064
43685576
43680969
43681481
43681993
43682505
43683017
43683529
43684041
43684553
43685065
43685577
43680970
43681482
43681994
43682506
43683018
43683530
43684042
43684554
43685066
43685578
43680971
43681483
43681995
43682507
43683019
43683531
43684043
43684555
43685067
43685579
43680972
43681484
43681996
43682508
43683020
43683532
43684044
43684556
43685068
43685580
43680973
43681485
43681997
43682509
43683021
43683533
43684045
43684557
43685069
43685581
43680974
43681486
43681998
43682510
43683022
43683534
43684046
43684558
43685070
43685582
56422875
56423387
56423899
56424411
56424923
56425435
56425947
56426459
56426971
56427483
56422876
56423388
56423900
56424412
56424924
56425436
56425948
56426460
56426972
56427484
56422877
56423389
56423901
56424413
56424925
56425437
56425949
56426461
56426973
56427485
56422878
56423390
56423902
56424414
56424926
56425438
56425950
56426462
56426974
56427486
56422879
56423391
56423903
56424415
56424927
56425439
56425951
56426463
56426975
56427487
56422880
56423392
56423904
56424416
56424928
56425440
56425952
56426464
56426976
56427488
56422881
56423393
56423905
56424417
56424929
56425441
56425953
56426465
56426977
56427489
56422882
56423394
56423906
56424418
56424930
56425442
56425954
56426466
56426978
56427490
56422883
56423395
56423907
56424419
56424931
56425443
56425955
56426467
56426979
56427491
56422884
56423396
56423908
56424420
56424932
56425444
56425956
56426468
56426980
56427492
41271195
41271707
41272219
41272731
41273243
41273755
41274267
41274779
41275291
41275803
41271196
41271708
41272220
41272732
41273244
41273756
41274268
41274780
41275292
41275804
41271197
41271709
41272221
41272733
41273245
41273757
41274269
41274781
41275293
41275805
41271198
41271710
41272222
41272734
41273246
41273758
41274270
41274782
41275294
41275806
41271199
41271711
41272223
41272735
41273247
41273759
41274271
41274783
41275295
41275807
41271200
41271712
41272224
41272736
41273248
41273760
41274272
41274784
41275296
41275808
41271201
41271713
41272225
41272737
41273249
41273761
41274273
41274785
41275297
41275809
41271202
41271714
41272226
41272738
41273250
41273762
41274274
41274786
41275298
41275810
41271203
41271715
41272227
41272739
41273251
41273763
41274275
41274787
41275299
41275811
41271204
41271716
41272228
41272740
41273252
41273764
41274276
41274788
41275300
41275812
42010775
42011287
42011799
42012311
42012823
42013335
42013847
42014359
42014871
42015383
42010776
42011288
42011800
42012312
42012824
42013336
42013848
42014360
42014872
42015384
42010777
42011289
42011801
42012313
42012825
42013337
42013849
42014361
42014873
42015385
42010778
42011290
42011802
42012314
42012826
42013338
42013850
42014362
42014874
42015386
42010779
42011291
42011803
42012315
42012827
42013339
42013851
42014363
42014875
42015387
42010780
42011292
42011804
42012316
42012828
42013340
42013852
42014364
42014876
42015388
42010781
42011293
42011805
42012317
42012829
42013341
42013853
42014365
42014877
42015389
42010782
42011294
42011806
42012318
42012830
42013342
42013854
42014366
42014878
42015390
42010783
42011295
42011807
42012319
42012831
42013343
42013855
42014367
42014879
42015391
42010784
42011296
42011808
42012320
42012832
42013344
42013856
42014368
42014880
42015392
37644531
37645043
37645555
37646067
37646579
37647091
37647603
37648115
37648627
37649139
37644532
37645044
37645556
37646068
37646580
37647092
37647604
37648116
37648628
37649140
37644533
37645045
37645557
37646069
37646581
37647093
37647605
37648117
37648629
37649141
37644534
37645046
37645558
37646070
37646582
37647094
37647606
37648118
37648630
37649142
37644535
37645047
37645559
37646071
37646583
37647095
37647607
37648119
37648631
37649143
37644536
37645048
37645560
37646072
37646584
37647096
37647608
37648120
37648632
37649144
37644537
37645049
37645561
37646073
37646585
37647097
37647609
37648121
37648633
37649145
37644538
37645050
37645562
37646074
37646586
37647098
37647610
37648122
37648634
37649146
37644539
37645051
37645563
37646075
37646587
37647099
37647611
37648123
37648635
37649147
37644540
37645052
37645564
37646076
37646588
37647100
37647612
37648124
37648636
37649148
28007579
28008091
28008603
28009115
28009627
28010139
28010651
28011163
28011675
28012187
28007580
28008092
28008604
28009116
28009628
28010140
28010652
28011164
28011676
28012188
28007581
28008093
28008605
28009117
28009629
28010141
28010653
28011165
28011677
28012189
28007582
28008094
28008606
28009118
28009630
28010142
28010654
28011166
28011678
28012190
28007583
28008095
28008607
28009119
28009631
28010143
28010655
28011167
28011679
28012191
28007584
28008096
28008608
28009120
28009632
28010144
28010656
28011168
28011680
28012192
28007585
28008097
28008609
28009121
28009633
28010145
28010657
28011169
28011681
28012193
28007586
28008098
28008610
28009122
28009634
28010146
28010658
28011170
28011682
28012194
28007587
28008099
28008611
28009123
28009635
28010147
28010659
28011171
28011683
28012195
28007588
28008100
28008612
28009124
28009636
28010148
28010660
28011172
28011684
28012196
5756471
5756983
5757495
5758007
5758519
5759031
5759543
5760055
5760567
5761079
5756472
5756984
5757496
5758008
5758520
5759032
5759544
5760056
5760568
5761080
5756473
5756985
5757497
5758009
5758521
5759033
5759545
5760057
5760569
5761081
5756474
5756986
5757498
5758010
5758522
5759034
5759546
5760058
5760570
5761082
5756475
5756987
5757499
5758011
5758523
5759035
5759547
5760059
5760571
5761083
5756476
5756988
5757500
5758012
5758524
5759036
5759548
5760060
5760572
5761084
5756477
5756989
5757501
5758013
5758525
5759037
5759549
5760061
5760573
5761085
5756478
5756990
5757502
5758014
5758526
5759038
5759550
5760062
5760574
5761086
5756479
5756991
5757503
5758015
5758527
5759039
5759551
5760063
5760575
5761087
5756480
5756992
5757504
5758016
5758528
5759040
5759552
5760064
5760576
5761088
20383485
20383997
20384509
20385021
20385533
20386045
20386557
20387069
20387581
20388093
20383486
20383998
20384510
20385022
20385534
20386046
20386558
20387070
20387582
20388094
20383487
20383999
20384511
20385023
20385535
20386047
20386559
20387071
20387583
20388095
20383488
20384000
20384512
20385024
20385536
20386048
20386560
20387072
20387584
20388096
20383489
20384001
20384513
20385025
20385537
20386049
20386561
20387073
20387585
20388097
20383490
20384002
20384514
20385026
20385538
20386050
20386562
20387074
20387586
20388098
20383491
20384003
20384515
20385027
20385539
20386051
20386563
20387075
20387587
20388099
20383492
20384004
20384516
20385028
20385540
20386052
20386564
20387076
20387588
20388100
20383493
20384005
20384517
20385029
20385541
20386053
20386565
20387077
20387589
20388101
20383494
20384006
20384518
20385030
20385542
20386054
20386566
20387078
20387590
20388102
23756695
23757207
23757719
23758231
23758743
23759255
23759767
23760279
23760791
23761303
23756696
23757208
23757720
23758232
23758744
23759256
23759768
23760280
23760792
23761304
23756697
23757209
23757721
23758233
23758745
23759257
23759769
23760281
23760793
23761305
23756698
23757210
23757722
23758234
23758746
23759258
23759770
23760282
23760794
23761306
23756699
23757211
23757723
23758235
23758747
23759259
23759771
23760283
23760795
23761307
23756700
23757212
23757724
23758236
23758748
23759260
23759772
23760284
23760796
23761308
23756701
23757213
23757725
23758237
23758749
23759261
23759773
23760285
23760797
23761309
23756702
23757214
23757726
23758238
23758750
23759262
23759774
23760286
23760798
23761310
23756703
23757215
23757727
23758239
23758751
23759263
23759775
23760287
23760799
23761311
23756704
23757216
23757728
23758240
23758752
23759264
23759776
23760288
23760800
23761312
66712481
66712993
66713505
66714017
66714529
66715041
66715553
66716065
66716577
66717089
66712482
66712994
66713506
66714018
66714530
66715042
66715554
66716066
66716578
66717090
66712483
66712995
66713507
66714019
66714531
66715043
66715555
66716067
66716579
66717091
66712484
66712996
66713508
66714020
66714532
66715044
66715556
66716068
66716580
66717092
66712485
66712997
66713509
66714021
66714533
66715045
66715557
66716069
66716581
66717093
66712486
66712998
66713510
66714022
66714534
66715046
66715558
66716070
66716582
66717094
66712487
66712999
66713511
66714023
66714535
66715047
66715559
66716071
66716583
66717095
66712488
66713000
66713512
66714024
66714536
66715048
66715560
66716072
66716584
66717096
66712489
66713001
66713513
66714025
66714537
66715049
66715561
66716073
66716585
66717097
66712490
66713002
66713514
66714026
66714538
66715050
66715562
66716074
66716586
66717098
27576118
27576630
27577142
27577654
27578166
27578678
27579190
27579702
27580214
27580726
27576119
27576631
27577143
27577655
27578167
27578679
27579191
27579703
27580215
27580727
27576120
27576632
27577144
27577656
27578168
27578680
27579192
27579704
27580216
27580728
27576121
27576633
27577145
27577657
27578169
27578681
27579193
27579705
27580217
27580729
27576122
27576634
27577146
27577658
27578170
27578682
27579194
27579706
27580218
27580730
27576123
27576635
27577147
27577659
27578171
27578683
27579195
27579707
27580219
27580731
27576124
27576636
27577148
27577660
27578172
27578684
27579196
27579708
27580220
27580732
27576125
27576637
27577149
27577661
27578173
27578685
27579197
27579709
27580221
27580733
27576126
27576638
27577150
27577662
27578174
27578686
27579198
27579710
27580222
27580734
27576127
27576639
27577151
27577663
27578175
27578687
27579199
27579711
27580223
27580735
41789386
41789898
41790410
41790922
41791434
41791946
41792458
41792970
41793482
41793994
41789387
41789899
41790411
41790923
41791435
41791947
41792459
41792971
41793483
41793995
41789388
41789900
41790412
41790924
41791436
41791948
41792460
41792972
41793484
41793996
41789389
41789901
41790413
41790925
41791437
41791949
41792461
41792973
41793485
41793997
41789390
41789902
41790414
41790926
41791438
41791950
41792462
41792974
41793486
41793998
41789391
41789903
41790415
41790927
41791439
41791951
41792463
41792975
41793487
41793999
41789392
41789904
41790416
41790928
41791440
41791952
41792464
41792976
41793488
41794000
41789393
41789905
41790417
41790929
41791441
41791953
41792465
41792977
41793489
41794001
41789394
41789906
41790418
41790930
41791442
41791954
41792466
41792978
41793490
41794002
41789395
41789907
41790419
41790931
41791443
41791955
41792467
41792979
41793491
41794003
37116029
37116541
37117053
37117565
37118077
37118589
37119101
37119613
37120125
37120637
37116030
37116542
37117054
37117566
37118078
37118590
37119102
37119614
37120126
37120638
37116031
37116543
37117055
37117567
37118079
37118591
37119103
37119615
37120127
37120639
37116032
37116544
37117056
37117568
37118080
37118592
37119104
37119616
37120128
37120640
37116033
37116545
37117057
37117569
37118081
37118593
37119105
37119617
37120129
37120641
37116034
37116546
37117058
37117570
37118082
37118594
37119106
37119618
37120130
37120642
37116035
37116547
37117059
37117571
37118083
37118595
37119107
37119619
37120131
37120643
37116036
37116548
37117060
37117572
37118084
37118596
37119108
37119620
37120132
37120644
37116037
37116549
37117061
37117573
37118085
37118597
37119109
37119621
37120133
37120645
37116038
37116550
37117062
37117574
37118086
37118598
37119110
37119622
37120134
37120646
24282456
24282968
24283480
24283992
24284504
24285016
24285528
24286040
24286552
24287064
24282457
24282969
24283481
24283993
24284505
24285017
24285529
24286041
24286553
24287065
24282458
24282970
24283482
24283994
24284506
24285018
24285530
24286042
24286554
24287066
24282459
24282971
24283483
24283995
24284507
24285019
24285531
24286043
24286555
24287067
24282460
24282972
24283484
24283996
24284508
24285020
24285532
24286044
24286556
24287068
24282461
24282973
24283485
24283997
24284509
24285021
24285533
24286045
24286557
24287069
24282462
24282974
24283486
24283998
24284510
24285022
24285534
24286046
24286558
24287070
24282463
24282975
24283487
24283999
24284511
24285023
24285535
24286047
24286559
24287071
24282464
24282976
24283488
24284000
24284512
24285024
24285536
24286048
24286560
24287072
24282465
24282977
24283489
24284001
24284513
24285025
24285537
24286049
24286561
24287073
12124726
12125238
12125750
12126262
12126774
12127286
12127798
12128310
12128822
12129334
12124727
12125239
12125751
12126263
12126775
12127287
12127799
12128311
12128823
12129335
12124728
12125240
12125752
12126264
12126776
12127288
12127800
12128312
12128824
12129336
12124729
12125241
12125753
12126265
12126777
12127289
12127801
12128313
12128825
12129337
12124730
12125242
12125754
12126266
12126778
12127290
12127802
12128314
12128826
12129338
12124731
12125243
12125755
12126267
12126779
12127291
12127803
12128315
12128827
12129339
12124732
12125244
12125756
12126268
12126780
12127292
12127804
12128316
12128828
12129340
12124733
12125245
12125757
12126269
12126781
12127293
12127805
12128317
12128829
12129341
12124734
12125246
12125758
12126270
12126782
12127294
12127806
12128318
12128830
12129342
12124735
12125247
12125759
12126271
12126783
12127295
12127807
12128319
12128831
12129343
24064267
24064779
24065291
24065803
24066315
24066827
24067339
24067851
24068363
24068875
24064268
24064780
24065292
24065804
24066316
24066828
24067340
24067852
24068364
24068876
24064269
24064781
24065293
24065805
24066317
24066829
24067341
24067853
24068365
24068877
24064270
24064782
24065294
24065806
24066318
24066830
24067342
24067854
24068366
24068878
24064271
24064783
24065295
24065807
24066319
24066831
24067343
24067855
24068367
24068879
24064272
24064784
24065296
24065808
24066320
24066832
24067344
24067856
24068368
24068880
24064273
24064785
24065297
24065809
24066321
24066833
24067345
24067857
24068369
24068881
24064274
24064786
24065298
24065810
24066322
24066834
24067346
24067858
24068370
24068882
24064275
24064787
24065299
24065811
24066323
24066835
24067347
24067859
24068371
24068883
24064276
24064788
24065300
24065812
24066324
24066836
24067348
24067860
24068372
24068884
4625902
4626414
4626926
4627438
4627950
4628462
4628974
4629486
4629998
4630510
4625903
4626415
4626927
4627439
4627951
4628463
4628975
4629487
4629999
4630511
4625904
4626416
4626928
4627440
4627952
4628464
4628976
4629488
4630000
4630512
4625905
4626417
4626929
4627441
4627953
4628465
4628977
4629489
4630001
4630513
4625906
4626418
4626930
4627442
4627954
4628466
4628978
4629490
4630002
4630514
4625907
4626419
4626931
4627443
4627955
4628467
4628979
4629491
4630003
4630515
4625908
4626420
4626932
4627444
4627956
4628468
4628980
4629492
4630004
4630516
4625909
4626421
4626933
4627445
4627957
4628469
4628981
4629493
4630005
4630517
4625910
4626422
4626934
4627446
4627958
4628470
4628982
4629494
4630006
4630518
4625911
4626423
4626935
4627447
4627959
4628471
4628983
4629495
4630007
4630519
39281177
39281689
39282201
39282713
39283225
39283737
39284249
39284761
39285273
39285785
39281178
39281690
39282202
39282714
39283226
39283738
39284250
39284762
39285274
39285786
39281179
39281691
39282203
39282715
39283227
39283739
39284251
39284763
39285275
39285787
39281180
39281692
39282204
39282716
39283228
39283740
39284252
39284764
39285276
39285788
39281181
39281693
39282205
39282717
39283229
39283741
39284253
39284765
39285277
39285789
39281182
39281694
39282206
39282718
39283230
39283742
39284254
39284766
39285278
39285790
39281183
39281695
39282207
39282719
39283231
39283743
39284255
39284767
39285279
39285791
39281184
39281696
39282208
39282720
39283232
39283744
39284256
39284768
39285280
39285792
39281185
39281697
39282209
39282721
39283233
39283745
39284257
39284769
39285281
39285793
39281186
39281698
39282210
39282722
39283234
39283746
39284258
39284770
39285282
39285794
23846539
23847051
23847563
23848075
23848587
23849099
23849611
23850123
23850635
23851147
23846540
23847052
23847564
23848076
23848588
23849100
23849612
23850124
23850636
23851148
23846541
23847053
23847565
23848077
23848589
23849101
23849613
23850125
23850637
23851149
23846542
23847054
23847566
23848078
23848590
23849102
23849614
23850126
23850638
23851150
23846543
23847055
23847567
23848079
23848591
23849103
23849615
23850127
23850639
23851151
23846544
23847056
23847568
23848080
23848592
23849104
23849616
23850128
23850640
23851152
23846545
23847057
23847569
23848081
23848593
23849105
23849617
23850129
23850641
23851153
23846546
23847058
23847570
23848082
23848594
23849106
23849618
23850130
23850642
23851154
23846547
23847059
23847571
23848083
23848595
23849107
23849619
23850131
23850643
23851155
23846548
23847060
23847572
23848084
23848596
23849108
23849620
23850132
23850644
23851156
12596477
12596989
12597501
12598013
12598525
12599037
12599549
12600061
12600573
12601085
12596478
12596990
12597502
12598014
12598526
12599038
12599550
12600062
12600574
12601086
12596479
12596991
12597503
12598015
12598527
12599039
12599551
12600063
12600575
12601087
12596480
12596992
12597504
12598016
12598528
12599040
12599552
12600064
12600576
12601088
12596481
12596993
12597505
12598017
12598529
12599041
12599553
12600065
12600577
12601089
12596482
12596994
12597506
12598018
12598530
12599042
12599554
12600066
12600578
12601090
12596483
12596995
12597507
12598019
12598531
12599043
12599555
12600067
12600579
12601091
12596484
12596996
12597508
12598020
12598532
12599044
12599556
12600068
12600580
12601092
12596485
12596997
12597509
12598021
12598533
12599045
12599557
12600069
12600581
12601093
12596486
12596998
12597510
12598022
12598534
12599046
12599558
12600070
12600582
12601094
28723821
28724333
28724845
28725357
28725869
28726381
28726893
28727405
28727917
28728429
28723822
28724334
28724846
28725358
28725870
28726382
28726894
28727406
28727918
28728430
28723823
28724335
28724847
28725359
28725871
28726383
28726895
28727407
28727919
28728431
28723824
28724336
28724848
28725360
28725872
28726384
28726896
28727408
28727920
28728432
28723825
28724337
28724849
28725361
28725873
28726385
28726897
28727409
28727921
28728433
28723826
28724338
28724850
28725362
28725874
28726386
28726898
28727410
28727922
28728434
28723827
28724339
28724851
28725363
28725875
28726387
28726899
28727411
28727923
28728435
28723828
28724340
28724852
28725364
28725876
28726388
28726900
28727412
28727924
28728436
28723829
28724341
28724853
28725365
28725877
28726389
28726901
28727413
28727925
28728437
28723830
28724342
28724854
28725366
28725878
28726390
28726902
28727414
28727926
28728438
32812439
32812951
32813463
32813975
32814487
32814999
32815511
32816023
32816535
32817047
32812440
32812952
32813464
32813976
32814488
32815000
32815512
32816024
32816536
32817048
32812441
32812953
32813465
32813977
32814489
32815001
32815513
32816025
32816537
32817049
32812442
32812954
32813466
32813978
32814490
32815002
32815514
32816026
32816538
32817050
32812443
32812955
32813467
32813979
32814491
32815003
32815515
32816027
32816539
32817051
32812444
32812956
32813468
32813980
32814492
32815004
32815516
32816028
32816540
32817052
32812445
32812957
32813469
32813981
32814493
32815005
32815517
32816029
32816541
32817053
32812446
32812958
32813470
32813982
32814494
32815006
32815518
32816030
32816542
32817054
32812447
32812959
32813471
32813983
32814495
32815007
32815519
32816031
32816543
32817055
32812448
32812960
32813472
32813984
32814496
32815008
32815520
32816032
32816544
32817056
61012725
61013237
61013749
61014261
61014773
61015285
61015797
61016309
61016821
61017333
61012726
61013238
61013750
61014262
61014774
61015286
61015798
61016310
61016822
61017334
61012727
61013239
61013751
61014263
61014775
61015287
61015799
61016311
61016823
61017335
61012728
61013240
61013752
61014264
61014776
61015288
61015800
61016312
61016824
61017336
61012729
61013241
61013753
61014265
61014777
61015289
61015801
61016313
61016825
61017337
61012730
61013242
61013754
61014266
61014778
61015290
61015802
61016314
61016826
61017338
61012731
61013243
61013755
61014267
61014779
61015291
61015803
61016315
61016827
61017339
61012732
61013244
61013756
61014268
61014780
61015292
61015804
61016316
61016828
61017340
61012733
61013245
61013757
61014269
61014781
61015293
61015805
61016317
61016829
61017341
61012734
61013246
61013758
61014270
61014782
61015294
61015806
61016318
61016830
61017342
