63940013
63940525
63941037
63941549
63942061
63942573
63943085
63943597
63944109
63944621
63940014
63940526
63941038
63941550
63942062
63942574
63943086
63943598
63944110
63944622
63940015
63940527
63941039
63941551
63942063
63942575
63943087
63943599
63944111
63944623
63940016
63940528
63941040
63941552
63942064
63942576
63943088
63943600
63944112
63944624
63940017
63940529
63941041
63941553
63942065
63942577
63943089
63943601
63944113
63944625
63940018
63940530
63941042
63941554
63942066
63942578
63943090
63943602
63944114
63944626
63940019
63940531
63941043
63941555
63942067
63942579
63943091
63943603
63944115
63944627
63940020
63940532
63941044
63941556
63942068
63942580
63943092
63943604
63944116
63944628
63940021
63940533
63941045
63941557
63942069
63942581
63943093
63943605
63944117
63944629
63940022
63940534
63941046
63941558
63942070
63942582
63943094
63943606
63944118
63944630
12154969
12155481
12155993
12156505
12157017
12157529
12158041
12158553
12159065
12159577
12154970
12155482
12155994
12156506
12157018
12157530
12158042
12158554
12159066
12159578
12154971
12155483
12155995
12156507
12157019
12157531
12158043
12158555
12159067
12159579
12154972
12155484
12155996
12156508
12157020
12157532
12158044
12158556
12159068
12159580
12154973
12155485
12155997
12156509
12157021
12157533
12158045
12158557
12159069
12159581
12154974
12155486
12155998
12156510
12157022
12157534
12158046
12158558
12159070
12159582
12154975
12155487
12155999
12156511
12157023
12157535
12158047
12158559
12159071
12159583
12154976
12155488
12156000
12156512
12157024
12157536
12158048
12158560
12159072
12159584
12154977
12155489
12156001
12156513
12157025
12157537
12158049
12158561
12159073
12159585
12154978
12155490
12156002
12156514
12157026
12157538
12158050
12158562
12159074
12159586
61128198
61128710
61129222
61129734
61130246
61130758
61131270
61131782
61132294
61132806
61128199
61128711
61129223
61129735
61130247
61130759
61131271
61131783
61132295
61132807
61128200
61128712
61129224
61129736
61130248
61130760
61131272
61131784
61132296
61132808
61128201
61128713
61129225
61129737
61130249
61130761
61131273
61131785
61132297
61132809
61128202
61128714
61129226
61129738
61130250
61130762
61131274
61131786
61132298
61132810
61128203
61128715
61129227
61129739
61130251
61130763
61131275
61131787
61132299
61132811
61128204
61128716
61129228
61129740
61130252
61130764
61131276
61131788
61132300
61132812
61128205
61128717
61129229
61129741
61130253
61130765
61131277
61131789
61132301
61132813
61128206
61128718
61129230
61129742
61130254
61130766
61131278
61131790
61132302
61132814
61128207
61128719
61129231
61129743
61130255
61130767
61131279
61131791
61132303
61132815
50231249
50231761
50232273
50232785
50233297
50233809
50234321
50234833
50235345
50235857
50231250
50231762
50232274
50232786
50233298
50233810
50234322
50234834
50235346
50235858
50231251
50231763
50232275
50232787
50233299
50233811
50234323
50234835
50235347
50235859
50231252
50231764
50232276
50232788
50233300
50233812
50234324
50234836
50235348
50235860
50231253
50231765
50232277
50232789
50233301
50233813
50234325
50234837
50235349
50235861
50231254
50231766
50232278
50232790
50233302
50233814
50234326
50234838
50235350
50235862
50231255
50231767
50232279
50232791
50233303
50233815
50234327
50234839
50235351
50235863
50231256
50231768
50232280
50232792
50233304
50233816
50234328
50234840
50235352
50235864
50231257
50231769
50232281
50232793
50233305
50233817
50234329
50234841
50235353
50235865
50231258
50231770
50232282
50232794
50233306
50233818
50234330
50234842
50235354
50235866
7796680
7797192
7797704
7798216
7798728
7799240
7799752
7800264
7800776
7801288
7796681
7797193
7797705
7798217
7798729
7799241
7799753
7800265
7800777
7801289
7796682
7797194
7797706
7798218
7798730
7799242
7799754
7800266
7800778
7801290
7796683
7797195
7797707
7798219
7798731
7799243
7799755
7800267
7800779
7801291
7796684
7797196
7797708
7798220
7798732
7799244
7799756
7800268
7800780
7801292
7796685
7797197
7797709
7798221
7798733
7799245
7799757
7800269
7800781
7801293
7796686
7797198
7797710
7798222
7798734
7799246
7799758
7800270
7800782
7801294
7796687
7797199
7797711
7798223
7798735
7799247
7799759
7800271
7800783
7801295
7796688
7797200
7797712
7798224
7798736
7799248
7799760
7800272
7800784
7801296
7796689
7797201
7797713
7798225
7798737
7799249
7799761
7800273
7800785
7801297
14104248
14104760
14105272
14105784
14106296
14106808
14107320
14107832
14108344
14108856
14104249
14104761
14105273
14105785
14106297
14106809
14107321
14107833
14108345
14108857
14104250
14104762
14105274
14105786
14106298
14106810
14107322
14107834
14108346
14108858
14104251
14104763
14105275
14105787
14106299
14106811
14107323
14107835
14108347
14108859
14104252
14104764
14105276
14105788
14106300
14106812
14107324
14107836
14108348
14108860
14104253
14104765
14105277
14105789
14106301
14106813
14107325
14107837
14108349
14108861
14104254
14104766
14105278
14105790
14106302
14106814
14107326
14107838
14108350
14108862
14104255
14104767
14105279
14105791
14106303
14106815
14107327
14107839
14108351
14108863
14104256
14104768
14105280
14105792
14106304
14106816
14107328
14107840
14108352
14108864
14104257
14104769
14105281
14105793
14106305
14106817
14107329
14107841
14108353
14108865
5684267
5684779
5685291
5685803
5686315
5686827
5687339
5687851
5688363
5688875
5684268
5684780
5685292
5685804
5686316
5686828
5687340
5687852
5688364
5688876
5684269
5684781
5685293
5685805
5686317
5686829
5687341
5687853
5688365
5688877
5684270
5684782
5685294
5685806
5686318
5686830
5687342
5687854
5688366
5688878
5684271
5684783
5685295
5685807
5686319
5686831
5687343
5687855
5688367
5688879
5684272
5684784
5685296
5685808
5686320
5686832
5687344
5687856
5688368
5688880
5684273
5684785
5685297
5685809
5686321
5686833
5687345
5687857
5688369
5688881
5684274
5684786
5685298
5685810
5686322
5686834
5687346
5687858
5688370
5688882
5684275
5684787
5685299
5685811
5686323
5686835
5687347
5687859
5688371
5688883
5684276
5684788
5685300
5685812
5686324
5686836
5687348
5687860
5688372
5688884
21035438
21035950
21036462
21036974
21037486
21037998
21038510
21039022
21039534
21040046
21035439
21035951
21036463
21036975
21037487
21037999
21038511
21039023
21039535
21040047
21035440
21035952
21036464
21036976
21037488
21038000
21038512
21039024
21039536
21040048
21035441
21035953
21036465
21036977
21037489
21038001
21038513
21039025
21039537
21040049
21035442
21035954
21036466
21036978
21037490
21038002
21038514
21039026
21039538
21040050
21035443
21035955
21036467
21036979
21037491
21038003
21038515
21039027
21039539
21040051
21035444
21035956
21036468
21036980
21037492
21038004
21038516
21039028
21039540
21040052
21035445
21035957
21036469
21036981
21037493
21038005
21038517
21039029
21039541
21040053
21035446
21035958
21036470
21036982
21037494
21038006
21038518
21039030
21039542
21040054
21035447
21035959
21036471
21036983
21037495
21038007
21038519
21039031
21039543
21040055
12850657
12851169
12851681
12852193
12852705
12853217
12853729
12854241
12854753
12855265
12850658
12851170
12851682
12852194
12852706
12853218
12853730
12854242
12854754
12855266
12850659
12851171
12851683
12852195
12852707
12853219
12853731
12854243
12854755
12855267
12850660
12851172
12851684
12852196
12852708
12853220
12853732
12854244
12854756
12855268
12850661
12851173
12851685
12852197
12852709
12853221
12853733
12854245
12854757
12855269
12850662
12851174
12851686
12852198
12852710
12853222
12853734
12854246
12854758
12855270
12850663
12851175
12851687
12852199
12852711
12853223
12853735
12854247
12854759
12855271
12850664
12851176
12851688
12852200
12852712
12853224
12853736
12854248
12854760
12855272
12850665
12851177
12851689
12852201
12852713
12853225
12853737
12854249
12854761
12855273
12850666
12851178
12851690
12852202
12852714
12853226
12853738
12854250
12854762
12855274
50471723
50472235
50472747
50473259
50473771
50474283
50474795
50475307
50475819
50476331
50471724
50472236
50472748
50473260
50473772
50474284
50474796
50475308
50475820
50476332
50471725
50472237
50472749
50473261
50473773
50474285
50474797
50475309
50475821
50476333
50471726
50472238
50472750
50473262
50473774
50474286
50474798
50475310
50475822
50476334
50471727
50472239
50472751
50473263
50473775
50474287
50474799
50475311
50475823
50476335
50471728
50472240
50472752
50473264
50473776
50474288
50474800
50475312
50475824
50476336
50471729
50472241
50472753
50473265
50473777
50474289
50474801
50475313
50475825
50476337
50471730
50472242
50472754
50473266
50473778
50474290
50474802
50475314
50475826
50476338
50471731
50472243
50472755
50473267
50473779
50474291
50474803
50475315
50475827
50476339
50471732
50472244
50472756
50473268
50473780
50474292
50474804
50475316
50475828
50476340
27602956
27603468
27603980
27604492
27605004
27605516
27606028
27606540
27607052
27607564
27602957
27603469
27603981
27604493
27605005
27605517
27606029
27606541
27607053
27607565
27602958
27603470
27603982
27604494
27605006
27605518
27606030
27606542
27607054
27607566
27602959
27603471
27603983
27604495
27605007
27605519
27606031
27606543
27607055
27607567
27602960
27603472
27603984
27604496
27605008
27605520
27606032
27606544
27607056
27607568
27602961
27603473
27603985
27604497
27605009
27605521
27606033
27606545
27607057
27607569
27602962
27603474
27603986
27604498
27605010
27605522
27606034
27606546
27607058
27607570
27602963
27603475
27603987
27604499
27605011
27605523
27606035
27606547
27607059
27607571
27602964
27603476
27603988
27604500
27605012
27605524
27606036
27606548
27607060
27607572
27602965
27603477
27603989
27604501
27605013
27605525
27606037
27606549
27607061
27607573
56175538
56176050
56176562
56177074
56177586
56178098
56178610
56179122
56179634
56180146
56175539
56176051
56176563
56177075
56177587
56178099
56178611
56179123
56179635
56180147
56175540
56176052
56176564
56177076
56177588
56178100
56178612
56179124
56179636
56180148
56175541
56176053
56176565
56177077
56177589
56178101
56178613
56179125
56179637
56180149
56175542
56176054
56176566
56177078
56177590
56178102
56178614
56179126
56179638
56180150
56175543
56176055
56176567
56177079
56177591
56178103
56178615
56179127
56179639
56180151
56175544
56176056
56176568
56177080
56177592
56178104
56178616
56179128
56179640
56180152
56175545
56176057
56176569
56177081
56177593
56178105
56178617
56179129
56179641
56180153
56175546
56176058
56176570
56177082
56177594
56178106
56178618
56179130
56179642
56180154
56175547
56176059
56176571
56177083
56177595
56178107
56178619
56179131
56179643
56180155
57592647
57593159
57593671
57594183
57594695
57595207
57595719
57596231
57596743
57597255
57592648
57593160
57593672
57594184
57594696
57595208
57595720
57596232
57596744
57597256
57592649
57593161
57593673
57594185
57594697
57595209
57595721
57596233
57596745
57597257
57592650
57593162
57593674
57594186
57594698
57595210
57595722
57596234
57596746
57597258
57592651
57593163
57593675
57594187
57594699
57595211
57595723
57596235
57596747
57597259
57592652
57593164
57593676
57594188
57594700
57595212
57595724
57596236
57596748
57597260
57592653
57593165
57593677
57594189
57594701
57595213
57595725
57596237
57596749
57597261
57592654
57593166
57593678
57594190
57594702
57595214
57595726
57596238
57596750
57597262
57592655
57593167
57593679
57594191
57594703
57595215
57595727
57596239
57596751
57597263
57592656
57593168
57593680
57594192
57594704
57595216
57595728
57596240
57596752
57597264
17964856
17965368
17965880
17966392
17966904
17967416
17967928
17968440
17968952
17969464
17964857
17965369
17965881
17966393
17966905
17967417
17967929
17968441
17968953
17969465
17964858
17965370
17965882
17966394
17966906
17967418
17967930
17968442
17968954
17969466
17964859
17965371
17965883
17966395
17966907
17967419
17967931
17968443
17968955
17969467
17964860
17965372
17965884
17966396
17966908
17967420
17967932
17968444
17968956
17969468
17964861
17965373
17965885
17966397
17966909
17967421
17967933
17968445
17968957
17969469
17964862
17965374
17965886
17966398
17966910
17967422
17967934
17968446
17968958
17969470
17964863
17965375
17965887
17966399
17966911
17967423
17967935
17968447
17968959
17969471
17964864
17965376
17965888
17966400
17966912
17967424
17967936
17968448
17968960
17969472
17964865
17965377
17965889
17966401
17966913
17967425
17967937
17968449
17968961
17969473
67357343
67357855
67358367
67358879
67359391
67359903
67360415
67360927
67361439
67361951
67357344
67357856
67358368
67358880
67359392
67359904
67360416
67360928
67361440
67361952
67357345
67357857
67358369
67358881
67359393
67359905
67360417
67360929
67361441
67361953
67357346
67357858
67358370
67358882
67359394
67359906
67360418
67360930
67361442
67361954
67357347
67357859
67358371
67358883
67359395
67359907
67360419
67360931
67361443
67361955
67357348
67357860
67358372
67358884
67359396
67359908
67360420
67360932
67361444
67361956
67357349
67357861
67358373
67358885
67359397
67359909
67360421
67360933
67361445
67361957
67357350
67357862
67358374
67358886
67359398
67359910
67360422
67360934
67361446
67361958
67357351
67357863
67358375
67358887
67359399
67359911
67360423
67360935
67361447
67361959
67357352
67357864
67358376
67358888
67359400
67359912
67360424
67360936
67361448
67361960
15970689
15971201
15971713
15972225
15972737
15973249
15973761
15974273
15974785
15975297
15970690
15971202
15971714
15972226
15972738
15973250
15973762
15974274
15974786
15975298
15970691
15971203
15971715
15972227
15972739
15973251
15973763
15974275
15974787
15975299
15970692
15971204
15971716
15972228
15972740
15973252
15973764
15974276
15974788
15975300
15970693
15971205
15971717
15972229
15972741
15973253
15973765
15974277
15974789
15975301
15970694
15971206
15971718
15972230
15972742
15973254
15973766
15974278
15974790
15975302
15970695
15971207
15971719
15972231
15972743
15973255
15973767
15974279
15974791
15975303
15970696
15971208
15971720
15972232
15972744
15973256
15973768
15974280
15974792
15975304
15970697
15971209
15971721
15972233
15972745
15973257
15973769
15974281
15974793
15975305
15970698
15971210
15971722
15972234
15972746
15973258
15973770
15974282
15974794
15975306
55917003
55917515
55918027
55918539
55919051
55919563
55920075
55920587
55921099
55921611
55917004
55917516
55918028
55918540
55919052
55919564
55920076
55920588
55921100
55921612
55917005
55917517
55918029
55918541
55919053
55919565
55920077
55920589
55921101
55921613
55917006
55917518
55918030
55918542
55919054
55919566
55920078
55920590
55921102
55921614
55917007
55917519
55918031
55918543
55919055
55919567
55920079
55920591
55921103
55921615
55917008
55917520
55918032
55918544
55919056
55919568
55920080
55920592
55921104
55921616
55917009
55917521
55918033
55918545
55919057
55919569
55920081
55920593
55921105
55921617
55917010
55917522
55918034
55918546
55919058
55919570
55920082
55920594
55921106
55921618
55917011
55917523
55918035
55918547
55919059
55919571
55920083
55920595
55921107
55921619
55917012
55917524
55918036
55918548
55919060
55919572
55920084
55920596
55921108
55921620
60128285
60128797
60129309
60129821
60130333
60130845
60131357
60131869
60132381
60132893
60128286
60128798
60129310
60129822
60130334
60130846
60131358
60131870
60132382
60132894
60128287
60128799
60129311
60129823
60130335
60130847
60131359
60131871
60132383
60132895
60128288
60128800
60129312
60129824
60130336
60130848
60131360
60131872
60132384
60132896
60128289
60128801
60129313
60129825
60130337
60130849
60131361
60131873
60132385
60132897
60128290
60128802
60129314
60129826
60130338
60130850
60131362
60131874
60132386
60132898
60128291
60128803
60129315
60129827
60130339
60130851
60131363
60131875
60132387
60132899
60128292
60128804
60129316
60129828
60130340
60130852
60131364
60131876
60132388
60132900
60128293
60128805
60129317
60129829
60130341
60130853
60131365
60131877
60132389
60132901
60128294
60128806
60129318
60129830
60130342
60130854
60131366
60131878
60132390
60132902
16147289
16147801
16148313
16148825
16149337
16149849
16150361
16150873
16151385
16151897
16147290
16147802
16148314
16148826
16149338
16149850
16150362
16150874
16151386
16151898
16147291
16147803
16148315
16148827
16149339
16149851
16150363
16150875
16151387
16151899
16147292
16147804
16148316
16148828
16149340
16149852
16150364
16150876
16151388
16151900
16147293
16147805
16148317
16148829
16149341
16149853
16150365
16150877
16151389
16151901
16147294
16147806
16148318
16148830
16149342
16149854
16150366
16150878
16151390
16151902
16147295
16147807
16148319
16148831
16149343
16149855
16150367
16150879
16151391
16151903
16147296
16147808
16148320
16148832
16149344
16149856
16150368
16150880
16151392
16151904
16147297
16147809
16148321
16148833
16149345
16149857
16150369
16150881
16151393
16151905
16147298
16147810
16148322
16148834
16149346
16149858
16150370
16150882
16151394
16151906
4631473
4631985
4632497
4633009
4633521
4634033
4634545
4635057
4635569
4636081
4631474
4631986
4632498
4633010
4633522
4634034
4634546
4635058
4635570
4636082
4631475
4631987
4632499
4633011
4633523
4634035
4634547
4635059
4635571
4636083
4631476
4631988
4632500
4633012
4633524
4634036
4634548
4635060
4635572
4636084
4631477
4631989
4632501
4633013
4633525
4634037
4634549
4635061
4635573
4636085
4631478
4631990
4632502
4633014
4633526
4634038
4634550
4635062
4635574
4636086
4631479
4631991
4632503
4633015
4633527
4634039
4634551
4635063
4635575
4636087
4631480
4631992
4632504
4633016
4633528
4634040
4634552
4635064
4635576
4636088
4631481
4631993
4632505
4633017
4633529
4634041
4634553
4635065
4635577
4636089
4631482
4631994
4632506
4633018
4633530
4634042
4634554
4635066
4635578
4636090
67119877
67120389
67120901
67121413
67121925
67122437
67122949
67123461
67123973
67124485
67119878
67120390
67120902
67121414
67121926
67122438
67122950
67123462
67123974
67124486
67119879
67120391
67120903
67121415
67121927
67122439
67122951
67123463
67123975
67124487
67119880
67120392
67120904
67121416
67121928
67122440
67122952
67123464
67123976
67124488
67119881
67120393
67120905
67121417
67121929
67122441
67122953
67123465
67123977
67124489
67119882
67120394
67120906
67121418
67121930
67122442
67122954
67123466
67123978
67124490
67119883
67120395
67120907
67121419
67121931
67122443
67122955
67123467
67123979
67124491
67119884
67120396
67120908
67121420
67121932
67122444
67122956
67123468
67123980
67124492
67119885
67120397
67120909
67121421
67121933
67122445
67122957
67123469
67123981
67124493
67119886
67120398
67120910
67121422
67121934
67122446
67122958
67123470
67123982
67124494
62093630
62094142
62094654
62095166
62095678
62096190
62096702
62097214
62097726
62098238
62093631
62094143
62094655
62095167
62095679
62096191
62096703
62097215
62097727
62098239
62093632
62094144
62094656
62095168
62095680
62096192
62096704
62097216
62097728
62098240
62093633
62094145
62094657
62095169
62095681
62096193
62096705
62097217
62097729
62098241
62093634
62094146
62094658
62095170
62095682
62096194
62096706
62097218
62097730
62098242
62093635
62094147
62094659
62095171
62095683
62096195
62096707
62097219
62097731
62098243
62093636
62094148
62094660
62095172
62095684
62096196
62096708
62097220
62097732
62098244
62093637
62094149
62094661
62095173
62095685
62096197
62096709
62097221
62097733
62098245
62093638
62094150
62094662
62095174
62095686
62096198
62096710
62097222
62097734
62098246
62093639
62094151
62094663
62095175
62095687
62096199
62096711
62097223
62097735
62098247
33871231
33871743
33872255
33872767
33873279
33873791
33874303
33874815
33875327
33875839
33871232
33871744
33872256
33872768
33873280
33873792
33874304
33874816
33875328
33875840
33871233
33871745
33872257
33872769
33873281
33873793
33874305
33874817
33875329
33875841
33871234
33871746
33872258
33872770
33873282
33873794
33874306
33874818
33875330
33875842
33871235
33871747
33872259
33872771
33873283
33873795
33874307
33874819
33875331
33875843
33871236
33871748
33872260
33872772
33873284
33873796
33874308
33874820
33875332
33875844
33871237
33871749
33872261
33872773
33873285
33873797
33874309
33874821
33875333
33875845
33871238
33871750
33872262
33872774
33873286
33873798
33874310
33874822
33875334
33875846
33871239
33871751
33872263
33872775
33873287
33873799
33874311
33874823
33875335
33875847
33871240
33871752
33872264
33872776
33873288
33873800
33874312
33874824
33875336
33875848
18461193
18461705
18462217
18462729
18463241
18463753
18464265
18464777
18465289
18465801
18461194
18461706
18462218
18462730
18463242
18463754
18464266
18464778
18465290
18465802
18461195
18461707
18462219
18462731
18463243
18463755
18464267
18464779
18465291
18465803
18461196
18461708
18462220
18462732
18463244
18463756
18464268
18464780
18465292
18465804
18461197
18461709
18462221
18462733
18463245
18463757
18464269
18464781
18465293
18465805
18461198
18461710
18462222
18462734
18463246
18463758
18464270
18464782
18465294
18465806
18461199
18461711
18462223
18462735
18463247
18463759
18464271
18464783
18465295
18465807
18461200
18461712
18462224
18462736
18463248
18463760
18464272
18464784
18465296
18465808
18461201
18461713
18462225
18462737
18463249
18463761
18464273
18464785
18465297
18465809
18461202
18461714
18462226
18462738
18463250
18463762
18464274
18464786
18465298
18465810
47737476
47737988
47738500
47739012
47739524
47740036
47740548
47741060
47741572
47742084
47737477
47737989
47738501
47739013
47739525
47740037
47740549
47741061
47741573
47742085
47737478
47737990
47738502
47739014
47739526
47740038
47740550
47741062
47741574
47742086
47737479
47737991
47738503
47739015
47739527
47740039
47740551
47741063
47741575
47742087
47737480
47737992
47738504
47739016
47739528
47740040
47740552
47741064
47741576
47742088
47737481
47737993
47738505
47739017
47739529
47740041
47740553
47741065
47741577
47742089
47737482
47737994
47738506
47739018
47739530
47740042
47740554
47741066
47741578
47742090
47737483
47737995
47738507
47739019
47739531
47740043
47740555
47741067
47741579
47742091
47737484
47737996
47738508
47739020
47739532
47740044
47740556
47741068
47741580
47742092
47737485
47737997
47738509
47739021
47739533
47740045
47740557
47741069
47741581
47742093
4007055
4007567
4008079
4008591
4009103
4009615
4010127
4010639
4011151
4011663
4007056
4007568
4008080
4008592
4009104
4009616
4010128
4010640
4011152
4011664
4007057
4007569
4008081
4008593
4009105
4009617
4010129
4010641
4011153
4011665
4007058
4007570
4008082
4008594
4009106
4009618
4010130
4010642
4011154
4011666
4007059
4007571
4008083
4008595
4009107
4009619
4010131
4010643
4011155
4011667
4007060
4007572
4008084
4008596
4009108
4009620
4010132
4010644
4011156
4011668
4007061
4007573
4008085
4008597
4009109
4009621
4010133
4010645
4011157
4011669
4007062
4007574
4008086
4008598
4009110
4009622
4010134
4010646
4011158
4011670
4007063
4007575
4008087
4008599
4009111
4009623
4010135
4010647
4011159
4011671
4007064
4007576
4008088
4008600
4009112
4009624
4010136
4010648
4011160
4011672
31092550
31093062
31093574
31094086
31094598
31095110
31095622
31096134
31096646
31097158
31092551
31093063
31093575
31094087
31094599
31095111
31095623
31096135
31096647
31097159
31092552
31093064
31093576
31094088
31094600
31095112
31095624
31096136
31096648
31097160
31092553
31093065
31093577
31094089
31094601
31095113
31095625
31096137
31096649
31097161
31092554
31093066
31093578
31094090
31094602
31095114
31095626
31096138
31096650
31097162
31092555
31093067
31093579
31094091
31094603
31095115
31095627
31096139
31096651
31097163
31092556
31093068
31093580
31094092
31094604
31095116
31095628
31096140
31096652
31097164
31092557
31093069
31093581
31094093
31094605
31095117
31095629
31096141
31096653
31097165
31092558
31093070
31093582
31094094
31094606
31095118
31095630
31096142
31096654
31097166
31092559
31093071
31093583
31094095
31094607
31095119
31095631
31096143
31096655
31097167
18076718
18077230
18077742
18078254
18078766
18079278
18079790
18080302
18080814
18081326
18076719
18077231
18077743
18078255
18078767
18079279
18079791
18080303
18080815
18081327
18076720
18077232
18077744
18078256
18078768
18079280
18079792
18080304
18080816
18081328
18076721
18077233
18077745
18078257
18078769
18079281
18079793
18080305
18080817
18081329
18076722
18077234
18077746
18078258
18078770
18079282
18079794
18080306
18080818
18081330
18076723
18077235
18077747
18078259
18078771
18079283
18079795
18080307
18080819
18081331
18076724
18077236
18077748
18078260
18078772
18079284
18079796
18080308
18080820
18081332
18076725
18077237
18077749
18078261
18078773
18079285
18079797
18080309
18080821
18081333
18076726
18077238
18077750
18078262
18078774
18079286
18079798
18080310
18080822
18081334
18076727
18077239
18077751
18078263
18078775
18079287
18079799
18080311
18080823
18081335
11887354
11887866
11888378
11888890
11889402
11889914
11890426
11890938
11891450
11891962
11887355
11887867
11888379
11888891
11889403
11889915
11890427
11890939
11891451
11891963
11887356
11887868
11888380
11888892
11889404
11889916
11890428
11890940
11891452
11891964
11887357
11887869
11888381
11888893
11889405
11889917
11890429
11890941
11891453
11891965
11887358
11887870
11888382
11888894
11889406
11889918
11890430
11890942
11891454
11891966
11887359
11887871
11888383
11888895
11889407
11889919
11890431
11890943
11891455
11891967
11887360
11887872
11888384
11888896
11889408
11889920
11890432
11890944
11891456
11891968
11887361
11887873
11888385
11888897
11889409
11889921
11890433
11890945
11891457
11891969
11887362
11887874
11888386
11888898
11889410
11889922
11890434
11890946
11891458
11891970
11887363
11887875
11888387
11888899
11889411
11889923
11890435
11890947
11891459
11891971
50980154
50980666
50981178
50981690
50982202
50982714
50983226
50983738
50984250
50984762
50980155
50980667
50981179
50981691
50982203
50982715
50983227
50983739
50984251
50984763
50980156
50980668
50981180
50981692
50982204
50982716
50983228
50983740
50984252
50984764
50980157
50980669
50981181
50981693
50982205
50982717
50983229
50983741
50984253
50984765
50980158
50980670
50981182
50981694
50982206
50982718
50983230
50983742
50984254
50984766
50980159
50980671
50981183
50981695
50982207
50982719
50983231
50983743
50984255
50984767
50980160
50980672
50981184
50981696
50982208
50982720
50983232
50983744
50984256
50984768
50980161
50980673
50981185
50981697
50982209
50982721
50983233
50983745
50984257
50984769
50980162
50980674
50981186
50981698
50982210
50982722
50983234
50983746
50984258
50984770
50980163
50980675
50981187
50981699
50982211
50982723
50983235
50983747
50984259
50984771
