16602990
16603502
16604014
16604526
16605038
16605550
16606062
16606574
16607086
16607598
16602991
16603503
16604015
16604527
16605039
16605551
16606063
16606575
16607087
16607599
16602992
16603504
16604016
16604528
16605040
16605552
16606064
16606576
16607088
16607600
16602993
16603505
16604017
16604529
16605041
16605553
16606065
16606577
16607089
16607601
16602994
16603506
16604018
16604530
16605042
16605554
16606066
16606578
16607090
16607602
16602995
16603507
16604019
16604531
16605043
16605555
16606067
16606579
16607091
16607603
16602996
16603508
16604020
16604532
16605044
16605556
16606068
16606580
16607092
16607604
16602997
16603509
16604021
16604533
16605045
16605557
16606069
16606581
16607093
16607605
16602998
16603510
16604022
16604534
16605046
16605558
16606070
16606582
16607094
16607606
16602999
16603511
16604023
16604535
16605047
16605559
16606071
16606583
16607095
16607607
48978560
48979072
48979584
48980096
48980608
48981120
48981632
48982144
48982656
48983168
48978561
48979073
48979585
48980097
48980609
48981121
48981633
48982145
48982657
48983169
48978562
48979074
48979586
48980098
48980610
48981122
48981634
48982146
48982658
48983170
48978563
48979075
48979587
48980099
48980611
48981123
48981635
48982147
48982659
48983171
48978564
48979076
48979588
48980100
48980612
48981124
48981636
48982148
48982660
48983172
48978565
48979077
48979589
48980101
48980613
48981125
48981637
48982149
48982661
48983173
48978566
48979078
48979590
48980102
48980614
48981126
48981638
48982150
48982662
48983174
48978567
48979079
48979591
48980103
48980615
48981127
48981639
48982151
48982663
48983175
48978568
48979080
48979592
48980104
48980616
48981128
48981640
48982152
48982664
48983176
48978569
48979081
48979593
48980105
48980617
48981129
48981641
48982153
48982665
48983177
20602756
20603268
20603780
20604292
20604804
20605316
20605828
20606340
20606852
20607364
20602757
20603269
20603781
20604293
20604805
20605317
20605829
20606341
20606853
20607365
20602758
20603270
20603782
20604294
20604806
20605318
20605830
20606342
20606854
20607366
20602759
20603271
20603783
20604295
20604807
20605319
20605831
20606343
20606855
20607367
20602760
20603272
20603784
20604296
20604808
20605320
20605832
20606344
20606856
20607368
20602761
20603273
20603785
20604297
20604809
20605321
20605833
20606345
20606857
20607369
20602762
20603274
20603786
20604298
20604810
20605322
20605834
20606346
20606858
20607370
20602763
20603275
20603787
20604299
20604811
20605323
20605835
20606347
20606859
20607371
20602764
20603276
20603788
20604300
20604812
20605324
20605836
20606348
20606860
20607372
20602765
20603277
20603789
20604301
20604813
20605325
20605837
20606349
20606861
20607373
12184920
12185432
12185944
12186456
12186968
12187480
12187992
12188504
12189016
12189528
12184921
12185433
12185945
12186457
12186969
12187481
12187993
12188505
12189017
12189529
12184922
12185434
12185946
12186458
12186970
12187482
12187994
12188506
12189018
12189530
12184923
12185435
12185947
12186459
12186971
12187483
12187995
12188507
12189019
12189531
12184924
12185436
12185948
12186460
12186972
12187484
12187996
12188508
12189020
12189532
12184925
12185437
12185949
12186461
12186973
12187485
12187997
12188509
12189021
12189533
12184926
12185438
12185950
12186462
12186974
12187486
12187998
12188510
12189022
12189534
12184927
12185439
12185951
12186463
12186975
12187487
12187999
12188511
12189023
12189535
12184928
12185440
12185952
12186464
12186976
12187488
12188000
12188512
12189024
12189536
12184929
12185441
12185953
12186465
12186977
12187489
12188001
12188513
12189025
12189537
53522914
53523426
53523938
53524450
53524962
53525474
53525986
53526498
53527010
53527522
53522915
53523427
53523939
53524451
53524963
53525475
53525987
53526499
53527011
53527523
53522916
53523428
53523940
53524452
53524964
53525476
53525988
53526500
53527012
53527524
53522917
53523429
53523941
53524453
53524965
53525477
53525989
53526501
53527013
53527525
53522918
53523430
53523942
53524454
53524966
53525478
53525990
53526502
53527014
53527526
53522919
53523431
53523943
53524455
53524967
53525479
53525991
53526503
53527015
53527527
53522920
53523432
53523944
53524456
53524968
53525480
53525992
53526504
53527016
53527528
53522921
53523433
53523945
53524457
53524969
53525481
53525993
53526505
53527017
53527529
53522922
53523434
53523946
53524458
53524970
53525482
53525994
53526506
53527018
53527530
53522923
53523435
53523947
53524459
53524971
53525483
53525995
53526507
53527019
53527531
28553636
28554148
28554660
28555172
28555684
28556196
28556708
28557220
28557732
28558244
28553637
28554149
28554661
28555173
28555685
28556197
28556709
28557221
28557733
28558245
28553638
28554150
28554662
28555174
28555686
28556198
28556710
28557222
28557734
28558246
28553639
28554151
28554663
28555175
28555687
28556199
28556711
28557223
28557735
28558247
28553640
28554152
28554664
28555176
28555688
28556200
28556712
28557224
28557736
28558248
28553641
28554153
28554665
28555177
28555689
28556201
28556713
28557225
28557737
28558249
28553642
28554154
28554666
28555178
28555690
28556202
28556714
28557226
28557738
28558250
28553643
28554155
28554667
28555179
28555691
28556203
28556715
28557227
28557739
28558251
28553644
28554156
28554668
28555180
28555692
28556204
28556716
28557228
28557740
28558252
28553645
28554157
28554669
28555181
28555693
28556205
28556717
28557229
28557741
28558253
31202328
31202840
31203352
31203864
31204376
31204888
31205400
31205912
31206424
31206936
31202329
31202841
31203353
31203865
31204377
31204889
31205401
31205913
31206425
31206937
31202330
31202842
31203354
31203866
31204378
31204890
31205402
31205914
31206426
31206938
31202331
31202843
31203355
31203867
31204379
31204891
31205403
31205915
31206427
31206939
31202332
31202844
31203356
31203868
31204380
31204892
31205404
31205916
31206428
31206940
31202333
31202845
31203357
31203869
31204381
31204893
31205405
31205917
31206429
31206941
31202334
31202846
31203358
31203870
31204382
31204894
31205406
31205918
31206430
31206942
31202335
31202847
31203359
31203871
31204383
31204895
31205407
31205919
31206431
31206943
31202336
31202848
31203360
31203872
31204384
31204896
31205408
31205920
31206432
31206944
31202337
31202849
31203361
31203873
31204385
31204897
31205409
31205921
31206433
31206945
31509020
31509532
31510044
31510556
31511068
31511580
31512092
31512604
31513116
31513628
31509021
31509533
31510045
31510557
31511069
31511581
31512093
31512605
31513117
31513629
31509022
31509534
31510046
31510558
31511070
31511582
31512094
31512606
31513118
31513630
31509023
31509535
31510047
31510559
31511071
31511583
31512095
31512607
31513119
31513631
31509024
31509536
31510048
31510560
31511072
31511584
31512096
31512608
31513120
31513632
31509025
31509537
31510049
31510561
31511073
31511585
31512097
31512609
31513121
31513633
31509026
31509538
31510050
31510562
31511074
31511586
31512098
31512610
31513122
31513634
31509027
31509539
31510051
31510563
31511075
31511587
31512099
31512611
31513123
31513635
31509028
31509540
31510052
31510564
31511076
31511588
31512100
31512612
31513124
31513636
31509029
31509541
31510053
31510565
31511077
31511589
31512101
31512613
31513125
31513637
65163098
65163610
65164122
65164634
65165146
65165658
65166170
65166682
65167194
65167706
65163099
65163611
65164123
65164635
65165147
65165659
65166171
65166683
65167195
65167707
65163100
65163612
65164124
65164636
65165148
65165660
65166172
65166684
65167196
65167708
65163101
65163613
65164125
65164637
65165149
65165661
65166173
65166685
65167197
65167709
65163102
65163614
65164126
65164638
65165150
65165662
65166174
65166686
65167198
65167710
65163103
65163615
65164127
65164639
65165151
65165663
65166175
65166687
65167199
65167711
65163104
65163616
65164128
65164640
65165152
65165664
65166176
65166688
65167200
65167712
65163105
65163617
65164129
65164641
65165153
65165665
65166177
65166689
65167201
65167713
65163106
65163618
65164130
65164642
65165154
65165666
65166178
65166690
65167202
65167714
65163107
65163619
65164131
65164643
65165155
65165667
65166179
65166691
65167203
65167715
55298783
55299295
55299807
55300319
55300831
55301343
55301855
55302367
55302879
55303391
55298784
55299296
55299808
55300320
55300832
55301344
55301856
55302368
55302880
55303392
55298785
55299297
55299809
55300321
55300833
55301345
55301857
55302369
55302881
55303393
55298786
55299298
55299810
55300322
55300834
55301346
55301858
55302370
55302882
55303394
55298787
55299299
55299811
55300323
55300835
55301347
55301859
55302371
55302883
55303395
55298788
55299300
55299812
55300324
55300836
55301348
55301860
55302372
55302884
55303396
55298789
55299301
55299813
55300325
55300837
55301349
55301861
55302373
55302885
55303397
55298790
55299302
55299814
55300326
55300838
55301350
55301862
55302374
55302886
55303398
55298791
55299303
55299815
55300327
55300839
55301351
55301863
55302375
55302887
55303399
55298792
55299304
55299816
55300328
55300840
55301352
55301864
55302376
55302888
55303400
55255398
55255910
55256422
55256934
55257446
55257958
55258470
55258982
55259494
55260006
55255399
55255911
55256423
55256935
55257447
55257959
55258471
55258983
55259495
55260007
55255400
55255912
55256424
55256936
55257448
55257960
55258472
55258984
55259496
55260008
55255401
55255913
55256425
55256937
55257449
55257961
55258473
55258985
55259497
55260009
55255402
55255914
55256426
55256938
55257450
55257962
55258474
55258986
55259498
55260010
55255403
55255915
55256427
55256939
55257451
55257963
55258475
55258987
55259499
55260011
55255404
55255916
55256428
55256940
55257452
55257964
55258476
55258988
55259500
55260012
55255405
55255917
55256429
55256941
55257453
55257965
55258477
55258989
55259501
55260013
55255406
55255918
55256430
55256942
55257454
55257966
55258478
55258990
55259502
55260014
55255407
55255919
55256431
55256943
55257455
55257967
55258479
55258991
55259503
55260015
64528392
64528904
64529416
64529928
64530440
64530952
64531464
64531976
64532488
64533000
64528393
64528905
64529417
64529929
64530441
64530953
64531465
64531977
64532489
64533001
64528394
64528906
64529418
64529930
64530442
64530954
64531466
64531978
64532490
64533002
64528395
64528907
64529419
64529931
64530443
64530955
64531467
64531979
64532491
64533003
64528396
64528908
64529420
64529932
64530444
64530956
64531468
64531980
64532492
64533004
64528397
64528909
64529421
64529933
64530445
64530957
64531469
64531981
64532493
64533005
64528398
64528910
64529422
64529934
64530446
64530958
64531470
64531982
64532494
64533006
64528399
64528911
64529423
64529935
64530447
64530959
64531471
64531983
64532495
64533007
64528400
64528912
64529424
64529936
64530448
64530960
64531472
64531984
64532496
64533008
64528401
64528913
64529425
64529937
64530449
64530961
64531473
64531985
64532497
64533009
66455533
66456045
66456557
66457069
66457581
66458093
66458605
66459117
66459629
66460141
66455534
66456046
66456558
66457070
66457582
66458094
66458606
66459118
66459630
66460142
66455535
66456047
66456559
66457071
66457583
66458095
66458607
66459119
66459631
66460143
66455536
66456048
66456560
66457072
66457584
66458096
66458608
66459120
66459632
66460144
66455537
66456049
66456561
66457073
66457585
66458097
66458609
66459121
66459633
66460145
66455538
66456050
66456562
66457074
66457586
66458098
66458610
66459122
66459634
66460146
66455539
66456051
66456563
66457075
66457587
66458099
66458611
66459123
66459635
66460147
66455540
66456052
66456564
66457076
66457588
66458100
66458612
66459124
66459636
66460148
66455541
66456053
66456565
66457077
66457589
66458101
66458613
66459125
66459637
66460149
66455542
66456054
66456566
66457078
66457590
66458102
66458614
66459126
66459638
66460150
65341627
65342139
65342651
65343163
65343675
65344187
65344699
65345211
65345723
65346235
65341628
65342140
65342652
65343164
65343676
65344188
65344700
65345212
65345724
65346236
65341629
65342141
65342653
65343165
65343677
65344189
65344701
65345213
65345725
65346237
65341630
65342142
65342654
65343166
65343678
65344190
65344702
65345214
65345726
65346238
65341631
65342143
65342655
65343167
65343679
65344191
65344703
65345215
65345727
65346239
65341632
65342144
65342656
65343168
65343680
65344192
65344704
65345216
65345728
65346240
65341633
65342145
65342657
65343169
65343681
65344193
65344705
65345217
65345729
65346241
65341634
65342146
65342658
65343170
65343682
65344194
65344706
65345218
65345730
65346242
65341635
65342147
65342659
65343171
65343683
65344195
65344707
65345219
65345731
65346243
65341636
65342148
65342660
65343172
65343684
65344196
65344708
65345220
65345732
65346244
18804699
18805211
18805723
18806235
18806747
18807259
18807771
18808283
18808795
18809307
18804700
18805212
18805724
18806236
18806748
18807260
18807772
18808284
18808796
18809308
18804701
18805213
18805725
18806237
18806749
18807261
18807773
18808285
18808797
18809309
18804702
18805214
18805726
18806238
18806750
18807262
18807774
18808286
18808798
18809310
18804703
18805215
18805727
18806239
18806751
18807263
18807775
18808287
18808799
18809311
18804704
18805216
18805728
18806240
18806752
18807264
18807776
18808288
18808800
18809312
18804705
18805217
18805729
18806241
18806753
18807265
18807777
18808289
18808801
18809313
18804706
18805218
18805730
18806242
18806754
18807266
18807778
18808290
18808802
18809314
18804707
18805219
18805731
18806243
18806755
18807267
18807779
18808291
18808803
18809315
18804708
18805220
18805732
18806244
18806756
18807268
18807780
18808292
18808804
18809316
10713413
10713925
10714437
10714949
10715461
10715973
10716485
10716997
10717509
10718021
10713414
10713926
10714438
10714950
10715462
10715974
10716486
10716998
10717510
10718022
10713415
10713927
10714439
10714951
10715463
10715975
10716487
10716999
10717511
10718023
10713416
10713928
10714440
10714952
10715464
10715976
10716488
10717000
10717512
10718024
10713417
10713929
10714441
10714953
10715465
10715977
10716489
10717001
10717513
10718025
10713418
10713930
10714442
10714954
10715466
10715978
10716490
10717002
10717514
10718026
10713419
10713931
10714443
10714955
10715467
10715979
10716491
10717003
10717515
10718027
10713420
10713932
10714444
10714956
10715468
10715980
10716492
10717004
10717516
10718028
10713421
10713933
10714445
10714957
10715469
10715981
10716493
10717005
10717517
10718029
10713422
10713934
10714446
10714958
10715470
10715982
10716494
10717006
10717518
10718030
24633434
24633946
24634458
24634970
24635482
24635994
24636506
24637018
24637530
24638042
24633435
24633947
24634459
24634971
24635483
24635995
24636507
24637019
24637531
24638043
24633436
24633948
24634460
24634972
24635484
24635996
24636508
24637020
24637532
24638044
24633437
24633949
24634461
24634973
24635485
24635997
24636509
24637021
24637533
24638045
24633438
24633950
24634462
24634974
24635486
24635998
24636510
24637022
24637534
24638046
24633439
24633951
24634463
24634975
24635487
24635999
24636511
24637023
24637535
24638047
24633440
24633952
24634464
24634976
24635488
24636000
24636512
24637024
24637536
24638048
24633441
24633953
24634465
24634977
24635489
24636001
24636513
24637025
24637537
24638049
24633442
24633954
24634466
24634978
24635490
24636002
24636514
24637026
24637538
24638050
24633443
24633955
24634467
24634979
24635491
24636003
24636515
24637027
24637539
24638051
15799791
15800303
15800815
15801327
15801839
15802351
15802863
15803375
15803887
15804399
15799792
15800304
15800816
15801328
15801840
15802352
15802864
15803376
15803888
15804400
15799793
15800305
15800817
15801329
15801841
15802353
15802865
15803377
15803889
15804401
15799794
15800306
15800818
15801330
15801842
15802354
15802866
15803378
15803890
15804402
15799795
15800307
15800819
15801331
15801843
15802355
15802867
15803379
15803891
15804403
15799796
15800308
15800820
15801332
15801844
15802356
15802868
15803380
15803892
15804404
15799797
15800309
15800821
15801333
15801845
15802357
15802869
15803381
15803893
15804405
15799798
15800310
15800822
15801334
15801846
15802358
15802870
15803382
15803894
15804406
15799799
15800311
15800823
15801335
15801847
15802359
15802871
15803383
15803895
15804407
15799800
15800312
15800824
15801336
15801848
15802360
15802872
15803384
15803896
15804408
18552528
18553040
18553552
18554064
18554576
18555088
18555600
18556112
18556624
18557136
18552529
18553041
18553553
18554065
18554577
18555089
18555601
18556113
18556625
18557137
18552530
18553042
18553554
18554066
18554578
18555090
18555602
18556114
18556626
18557138
18552531
18553043
18553555
18554067
18554579
18555091
18555603
18556115
18556627
18557139
18552532
18553044
18553556
18554068
18554580
18555092
18555604
18556116
18556628
18557140
18552533
18553045
18553557
18554069
18554581
18555093
18555605
18556117
18556629
18557141
18552534
18553046
18553558
18554070
18554582
18555094
18555606
18556118
18556630
18557142
18552535
18553047
18553559
18554071
18554583
18555095
18555607
18556119
18556631
18557143
18552536
18553048
18553560
18554072
18554584
18555096
18555608
18556120
18556632
18557144
18552537
18553049
18553561
18554073
18554585
18555097
18555609
18556121
18556633
18557145
59126278
59126790
59127302
59127814
59128326
59128838
59129350
59129862
59130374
59130886
59126279
59126791
59127303
59127815
59128327
59128839
59129351
59129863
59130375
59130887
59126280
59126792
59127304
59127816
59128328
59128840
59129352
59129864
59130376
59130888
59126281
59126793
59127305
59127817
59128329
59128841
59129353
59129865
59130377
59130889
59126282
59126794
59127306
59127818
59128330
59128842
59129354
59129866
59130378
59130890
59126283
59126795
59127307
59127819
59128331
59128843
59129355
59129867
59130379
59130891
59126284
59126796
59127308
59127820
59128332
59128844
59129356
59129868
59130380
59130892
59126285
59126797
59127309
59127821
59128333
59128845
59129357
59129869
59130381
59130893
59126286
59126798
59127310
59127822
59128334
59128846
59129358
59129870
59130382
59130894
59126287
59126799
59127311
59127823
59128335
59128847
59129359
59129871
59130383
59130895
4541990
4542502
4543014
4543526
4544038
4544550
4545062
4545574
4546086
4546598
4541991
4542503
4543015
4543527
4544039
4544551
4545063
4545575
4546087
4546599
4541992
4542504
4543016
4543528
4544040
4544552
4545064
4545576
4546088
4546600
4541993
4542505
4543017
4543529
4544041
4544553
4545065
4545577
4546089
4546601
4541994
4542506
4543018
4543530
4544042
4544554
4545066
4545578
4546090
4546602
4541995
4542507
4543019
4543531
4544043
4544555
4545067
4545579
4546091
4546603
4541996
4542508
4543020
4543532
4544044
4544556
4545068
4545580
4546092
4546604
4541997
4542509
4543021
4543533
4544045
4544557
4545069
4545581
4546093
4546605
4541998
4542510
4543022
4543534
4544046
4544558
4545070
4545582
4546094
4546606
4541999
4542511
4543023
4543535
4544047
4544559
4545071
4545583
4546095
4546607
60566682
60567194
60567706
60568218
60568730
60569242
60569754
60570266
60570778
60571290
60566683
60567195
60567707
60568219
60568731
60569243
60569755
60570267
60570779
60571291
60566684
60567196
60567708
60568220
60568732
60569244
60569756
60570268
60570780
60571292
60566685
60567197
60567709
60568221
60568733
60569245
60569757
60570269
60570781
60571293
60566686
60567198
60567710
60568222
60568734
60569246
60569758
60570270
60570782
60571294
60566687
60567199
60567711
60568223
60568735
60569247
60569759
60570271
60570783
60571295
60566688
60567200
60567712
60568224
60568736
60569248
60569760
60570272
60570784
60571296
60566689
60567201
60567713
60568225
60568737
60569249
60569761
60570273
60570785
60571297
60566690
60567202
60567714
60568226
60568738
60569250
60569762
60570274
60570786
60571298
60566691
60567203
60567715
60568227
60568739
60569251
60569763
60570275
60570787
60571299
52257414
52257926
52258438
52258950
52259462
52259974
52260486
52260998
52261510
52262022
52257415
52257927
52258439
52258951
52259463
52259975
52260487
52260999
52261511
52262023
52257416
52257928
52258440
52258952
52259464
52259976
52260488
52261000
52261512
52262024
52257417
52257929
52258441
52258953
52259465
52259977
52260489
52261001
52261513
52262025
52257418
52257930
52258442
52258954
52259466
52259978
52260490
52261002
52261514
52262026
52257419
52257931
52258443
52258955
52259467
52259979
52260491
52261003
52261515
52262027
52257420
52257932
52258444
52258956
52259468
52259980
52260492
52261004
52261516
52262028
52257421
52257933
52258445
52258957
52259469
52259981
52260493
52261005
52261517
52262029
52257422
52257934
52258446
52258958
52259470
52259982
52260494
52261006
52261518
52262030
52257423
52257935
52258447
52258959
52259471
52259983
52260495
52261007
52261519
52262031
8446921
8447433
8447945
8448457
8448969
8449481
8449993
8450505
8451017
8451529
8446922
8447434
8447946
8448458
8448970
8449482
8449994
8450506
8451018
8451530
8446923
8447435
8447947
8448459
8448971
8449483
8449995
8450507
8451019
8451531
8446924
8447436
8447948
8448460
8448972
8449484
8449996
8450508
8451020
8451532
8446925
8447437
8447949
8448461
8448973
8449485
8449997
8450509
8451021
8451533
8446926
8447438
8447950
8448462
8448974
8449486
8449998
8450510
8451022
8451534
8446927
8447439
8447951
8448463
8448975
8449487
8449999
8450511
8451023
8451535
8446928
8447440
8447952
8448464
8448976
8449488
8450000
8450512
8451024
8451536
8446929
8447441
8447953
8448465
8448977
8449489
8450001
8450513
8451025
8451537
8446930
8447442
8447954
8448466
8448978
8449490
8450002
8450514
8451026
8451538
42314225
42314737
42315249
42315761
42316273
42316785
42317297
42317809
42318321
42318833
42314226
42314738
42315250
42315762
42316274
42316786
42317298
42317810
42318322
42318834
42314227
42314739
42315251
42315763
42316275
42316787
42317299
42317811
42318323
42318835
42314228
42314740
42315252
42315764
42316276
42316788
42317300
42317812
42318324
42318836
42314229
42314741
42315253
42315765
42316277
42316789
42317301
42317813
42318325
42318837
42314230
42314742
42315254
42315766
42316278
42316790
42317302
42317814
42318326
42318838
42314231
42314743
42315255
42315767
42316279
42316791
42317303
42317815
42318327
42318839
42314232
42314744
42315256
42315768
42316280
42316792
42317304
42317816
42318328
42318840
42314233
42314745
42315257
42315769
42316281
42316793
42317305
42317817
42318329
42318841
42314234
42314746
42315258
42315770
42316282
42316794
42317306
42317818
42318330
42318842
25800722
25801234
25801746
25802258
25802770
25803282
25803794
25804306
25804818
25805330
25800723
25801235
25801747
25802259
25802771
25803283
25803795
25804307
25804819
25805331
25800724
25801236
25801748
25802260
25802772
25803284
25803796
25804308
25804820
25805332
25800725
25801237
25801749
25802261
25802773
25803285
25803797
25804309
25804821
25805333
25800726
25801238
25801750
25802262
25802774
25803286
25803798
25804310
25804822
25805334
25800727
25801239
25801751
25802263
25802775
25803287
25803799
25804311
25804823
25805335
25800728
25801240
25801752
25802264
25802776
25803288
25803800
25804312
25804824
25805336
25800729
25801241
25801753
25802265
25802777
25803289
25803801
25804313
25804825
25805337
25800730
25801242
25801754
25802266
25802778
25803290
25803802
25804314
25804826
25805338
25800731
25801243
25801755
25802267
25802779
25803291
25803803
25804315
25804827
25805339
25994300
25994812
25995324
25995836
25996348
25996860
25997372
25997884
25998396
25998908
25994301
25994813
25995325
25995837
25996349
25996861
25997373
25997885
25998397
25998909
25994302
25994814
25995326
25995838
25996350
25996862
25997374
25997886
25998398
25998910
25994303
25994815
25995327
25995839
25996351
25996863
25997375
25997887
25998399
25998911
25994304
25994816
25995328
25995840
25996352
25996864
25997376
25997888
25998400
25998912
25994305
25994817
25995329
25995841
25996353
25996865
25997377
25997889
25998401
25998913
25994306
25994818
25995330
25995842
25996354
25996866
25997378
25997890
25998402
25998914
25994307
25994819
25995331
25995843
25996355
25996867
25997379
25997891
25998403
25998915
25994308
25994820
25995332
25995844
25996356
25996868
25997380
25997892
25998404
25998916
25994309
25994821
25995333
25995845
25996357
25996869
25997381
25997893
25998405
25998917
53378428
53378940
53379452
53379964
53380476
53380988
53381500
53382012
53382524
53383036
53378429
53378941
53379453
53379965
53380477
53380989
53381501
53382013
53382525
53383037
53378430
53378942
53379454
53379966
53380478
53380990
53381502
53382014
53382526
53383038
53378431
53378943
53379455
53379967
53380479
53380991
53381503
53382015
53382527
53383039
53378432
53378944
53379456
53379968
53380480
53380992
53381504
53382016
53382528
53383040
53378433
53378945
53379457
53379969
53380481
53380993
53381505
53382017
53382529
53383041
53378434
53378946
53379458
53379970
53380482
53380994
53381506
53382018
53382530
53383042
53378435
53378947
53379459
53379971
53380483
53380995
53381507
53382019
53382531
53383043
53378436
53378948
53379460
53379972
53380484
53380996
53381508
53382020
53382532
53383044
53378437
53378949
53379461
53379973
53380485
53380997
53381509
53382021
53382533
53383045
22829133
22829645
22830157
22830669
22831181
22831693
22832205
22832717
22833229
22833741
22829134
22829646
22830158
22830670
22831182
22831694
22832206
22832718
22833230
22833742
22829135
22829647
22830159
22830671
22831183
22831695
22832207
22832719
22833231
22833743
22829136
22829648
22830160
22830672
22831184
22831696
22832208
22832720
22833232
22833744
22829137
22829649
22830161
22830673
22831185
22831697
22832209
22832721
22833233
22833745
22829138
22829650
22830162
22830674
22831186
22831698
22832210
22832722
22833234
22833746
22829139
22829651
22830163
22830675
22831187
22831699
22832211
22832723
22833235
22833747
22829140
22829652
22830164
22830676
22831188
22831700
22832212
22832724
22833236
22833748
22829141
22829653
22830165
22830677
22831189
22831701
22832213
22832725
22833237
22833749
22829142
22829654
22830166
22830678
22831190
22831702
22832214
22832726
22833238
22833750
421582
422094
422606
423118
423630
424142
424654
425166
425678
426190
421583
422095
422607
423119
423631
424143
424655
425167
425679
426191
421584
422096
422608
423120
423632
424144
424656
425168
425680
426192
421585
422097
422609
423121
423633
424145
424657
425169
425681
426193
421586
422098
422610
423122
423634
424146
424658
425170
425682
426194
421587
422099
422611
423123
423635
424147
424659
425171
425683
426195
421588
422100
422612
423124
423636
424148
424660
425172
425684
426196
421589
422101
422613
423125
423637
424149
424661
425173
425685
426197
421590
422102
422614
423126
423638
424150
424662
425174
425686
426198
421591
422103
422615
423127
423639
424151
424663
425175
425687
426199
