48850666
48851178
48851690
48852202
48852714
48853226
48853738
48854250
48854762
48855274
48850667
48851179
48851691
48852203
48852715
48853227
48853739
48854251
48854763
48855275
48850668
48851180
48851692
48852204
48852716
48853228
48853740
48854252
48854764
48855276
48850669
48851181
48851693
48852205
48852717
48853229
48853741
48854253
48854765
48855277
48850670
48851182
48851694
48852206
48852718
48853230
48853742
48854254
48854766
48855278
48850671
48851183
48851695
48852207
48852719
48853231
48853743
48854255
48854767
48855279
48850672
48851184
48851696
48852208
48852720
48853232
48853744
48854256
48854768
48855280
48850673
48851185
48851697
48852209
48852721
48853233
48853745
48854257
48854769
48855281
48850674
48851186
48851698
48852210
48852722
48853234
48853746
48854258
48854770
48855282
48850675
48851187
48851699
48852211
48852723
48853235
48853747
48854259
48854771
48855283
44901158
44901670
44902182
44902694
44903206
44903718
44904230
44904742
44905254
44905766
44901159
44901671
44902183
44902695
44903207
44903719
44904231
44904743
44905255
44905767
44901160
44901672
44902184
44902696
44903208
44903720
44904232
44904744
44905256
44905768
44901161
44901673
44902185
44902697
44903209
44903721
44904233
44904745
44905257
44905769
44901162
44901674
44902186
44902698
44903210
44903722
44904234
44904746
44905258
44905770
44901163
44901675
44902187
44902699
44903211
44903723
44904235
44904747
44905259
44905771
44901164
44901676
44902188
44902700
44903212
44903724
44904236
44904748
44905260
44905772
44901165
44901677
44902189
44902701
44903213
44903725
44904237
44904749
44905261
44905773
44901166
44901678
44902190
44902702
44903214
44903726
44904238
44904750
44905262
44905774
44901167
44901679
44902191
44902703
44903215
44903727
44904239
44904751
44905263
44905775
51501766
51502278
51502790
51503302
51503814
51504326
51504838
51505350
51505862
51506374
51501767
51502279
51502791
51503303
51503815
51504327
51504839
51505351
51505863
51506375
51501768
51502280
51502792
51503304
51503816
51504328
51504840
51505352
51505864
51506376
51501769
51502281
51502793
51503305
51503817
51504329
51504841
51505353
51505865
51506377
51501770
51502282
51502794
51503306
51503818
51504330
51504842
51505354
51505866
51506378
51501771
51502283
51502795
51503307
51503819
51504331
51504843
51505355
51505867
51506379
51501772
51502284
51502796
51503308
51503820
51504332
51504844
51505356
51505868
51506380
51501773
51502285
51502797
51503309
51503821
51504333
51504845
51505357
51505869
51506381
51501774
51502286
51502798
51503310
51503822
51504334
51504846
51505358
51505870
51506382
51501775
51502287
51502799
51503311
51503823
51504335
51504847
51505359
51505871
51506383
47501069
47501581
47502093
47502605
47503117
47503629
47504141
47504653
47505165
47505677
47501070
47501582
47502094
47502606
47503118
47503630
47504142
47504654
47505166
47505678
47501071
47501583
47502095
47502607
47503119
47503631
47504143
47504655
47505167
47505679
47501072
47501584
47502096
47502608
47503120
47503632
47504144
47504656
47505168
47505680
47501073
47501585
47502097
47502609
47503121
47503633
47504145
47504657
47505169
47505681
47501074
47501586
47502098
47502610
47503122
47503634
47504146
47504658
47505170
47505682
47501075
47501587
47502099
47502611
47503123
47503635
47504147
47504659
47505171
47505683
47501076
47501588
47502100
47502612
47503124
47503636
47504148
47504660
47505172
47505684
47501077
47501589
47502101
47502613
47503125
47503637
47504149
47504661
47505173
47505685
47501078
47501590
47502102
47502614
47503126
47503638
47504150
47504662
47505174
47505686
8491730
8492242
8492754
8493266
8493778
8494290
8494802
8495314
8495826
8496338
8491731
8492243
8492755
8493267
8493779
8494291
8494803
8495315
8495827
8496339
8491732
8492244
8492756
8493268
8493780
8494292
8494804
8495316
8495828
8496340
8491733
8492245
8492757
8493269
8493781
8494293
8494805
8495317
8495829
8496341
8491734
8492246
8492758
8493270
8493782
8494294
8494806
8495318
8495830
8496342
8491735
8492247
8492759
8493271
8493783
8494295
8494807
8495319
8495831
8496343
8491736
8492248
8492760
8493272
8493784
8494296
8494808
8495320
8495832
8496344
8491737
8492249
8492761
8493273
8493785
8494297
8494809
8495321
8495833
8496345
8491738
8492250
8492762
8493274
8493786
8494298
8494810
8495322
8495834
8496346
8491739
8492251
8492763
8493275
8493787
8494299
8494811
8495323
8495835
8496347
49384217
49384729
49385241
49385753
49386265
49386777
49387289
49387801
49388313
49388825
49384218
49384730
49385242
49385754
49386266
49386778
49387290
49387802
49388314
49388826
49384219
49384731
49385243
49385755
49386267
49386779
49387291
49387803
49388315
49388827
49384220
49384732
49385244
49385756
49386268
49386780
49387292
49387804
49388316
49388828
49384221
49384733
49385245
49385757
49386269
49386781
49387293
49387805
49388317
49388829
49384222
49384734
49385246
49385758
49386270
49386782
49387294
49387806
49388318
49388830
49384223
49384735
49385247
49385759
49386271
49386783
49387295
49387807
49388319
49388831
49384224
49384736
49385248
49385760
49386272
49386784
49387296
49387808
49388320
49388832
49384225
49384737
49385249
49385761
49386273
49386785
49387297
49387809
49388321
49388833
49384226
49384738
49385250
49385762
49386274
49386786
49387298
49387810
49388322
49388834
29182656
29183168
29183680
29184192
29184704
29185216
29185728
29186240
29186752
29187264
29182657
29183169
29183681
29184193
29184705
29185217
29185729
29186241
29186753
29187265
29182658
29183170
29183682
29184194
29184706
29185218
29185730
29186242
29186754
29187266
29182659
29183171
29183683
29184195
29184707
29185219
29185731
29186243
29186755
29187267
29182660
29183172
29183684
29184196
29184708
29185220
29185732
29186244
29186756
29187268
29182661
29183173
29183685
29184197
29184709
29185221
29185733
29186245
29186757
29187269
29182662
29183174
29183686
29184198
29184710
29185222
29185734
29186246
29186758
29187270
29182663
29183175
29183687
29184199
29184711
29185223
29185735
29186247
29186759
29187271
29182664
29183176
29183688
29184200
29184712
29185224
29185736
29186248
29186760
29187272
29182665
29183177
29183689
29184201
29184713
29185225
29185737
29186249
29186761
29187273
37830362
37830874
37831386
37831898
37832410
37832922
37833434
37833946
37834458
37834970
37830363
37830875
37831387
37831899
37832411
37832923
37833435
37833947
37834459
37834971
37830364
37830876
37831388
37831900
37832412
37832924
37833436
37833948
37834460
37834972
37830365
37830877
37831389
37831901
37832413
37832925
37833437
37833949
37834461
37834973
37830366
37830878
37831390
37831902
37832414
37832926
37833438
37833950
37834462
37834974
37830367
37830879
37831391
37831903
37832415
37832927
37833439
37833951
37834463
37834975
37830368
37830880
37831392
37831904
37832416
37832928
37833440
37833952
37834464
37834976
37830369
37830881
37831393
37831905
37832417
37832929
37833441
37833953
37834465
37834977
37830370
37830882
37831394
37831906
37832418
37832930
37833442
37833954
37834466
37834978
37830371
37830883
37831395
37831907
37832419
37832931
37833443
37833955
37834467
37834979
58316528
58317040
58317552
58318064
58318576
58319088
58319600
58320112
58320624
58321136
58316529
58317041
58317553
58318065
58318577
58319089
58319601
58320113
58320625
58321137
58316530
58317042
58317554
58318066
58318578
58319090
58319602
58320114
58320626
58321138
58316531
58317043
58317555
58318067
58318579
58319091
58319603
58320115
58320627
58321139
58316532
58317044
58317556
58318068
58318580
58319092
58319604
58320116
58320628
58321140
58316533
58317045
58317557
58318069
58318581
58319093
58319605
58320117
58320629
58321141
58316534
58317046
58317558
58318070
58318582
58319094
58319606
58320118
58320630
58321142
58316535
58317047
58317559
58318071
58318583
58319095
58319607
58320119
58320631
58321143
58316536
58317048
58317560
58318072
58318584
58319096
58319608
58320120
58320632
58321144
58316537
58317049
58317561
58318073
58318585
58319097
58319609
58320121
58320633
58321145
34167976
34168488
34169000
34169512
34170024
34170536
34171048
34171560
34172072
34172584
34167977
34168489
34169001
34169513
34170025
34170537
34171049
34171561
34172073
34172585
34167978
34168490
34169002
34169514
34170026
34170538
34171050
34171562
34172074
34172586
34167979
34168491
34169003
34169515
34170027
34170539
34171051
34171563
34172075
34172587
34167980
34168492
34169004
34169516
34170028
34170540
34171052
34171564
34172076
34172588
34167981
34168493
34169005
34169517
34170029
34170541
34171053
34171565
34172077
34172589
34167982
34168494
34169006
34169518
34170030
34170542
34171054
34171566
34172078
34172590
34167983
34168495
34169007
34169519
34170031
34170543
34171055
34171567
34172079
34172591
34167984
34168496
34169008
34169520
34170032
34170544
34171056
34171568
34172080
34172592
34167985
34168497
34169009
34169521
34170033
34170545
34171057
34171569
34172081
34172593
62509287
62509799
62510311
62510823
62511335
62511847
62512359
62512871
62513383
62513895
62509288
62509800
62510312
62510824
62511336
62511848
62512360
62512872
62513384
62513896
62509289
62509801
62510313
62510825
62511337
62511849
62512361
62512873
62513385
62513897
62509290
62509802
62510314
62510826
62511338
62511850
62512362
62512874
62513386
62513898
62509291
62509803
62510315
62510827
62511339
62511851
62512363
62512875
62513387
62513899
62509292
62509804
62510316
62510828
62511340
62511852
62512364
62512876
62513388
62513900
62509293
62509805
62510317
62510829
62511341
62511853
62512365
62512877
62513389
62513901
62509294
62509806
62510318
62510830
62511342
62511854
62512366
62512878
62513390
62513902
62509295
62509807
62510319
62510831
62511343
62511855
62512367
62512879
62513391
62513903
62509296
62509808
62510320
62510832
62511344
62511856
62512368
62512880
62513392
62513904
38614799
38615311
38615823
38616335
38616847
38617359
38617871
38618383
38618895
38619407
38614800
38615312
38615824
38616336
38616848
38617360
38617872
38618384
38618896
38619408
38614801
38615313
38615825
38616337
38616849
38617361
38617873
38618385
38618897
38619409
38614802
38615314
38615826
38616338
38616850
38617362
38617874
38618386
38618898
38619410
38614803
38615315
38615827
38616339
38616851
38617363
38617875
38618387
38618899
38619411
38614804
38615316
38615828
38616340
38616852
38617364
38617876
38618388
38618900
38619412
38614805
38615317
38615829
38616341
38616853
38617365
38617877
38618389
38618901
38619413
38614806
38615318
38615830
38616342
38616854
38617366
38617878
38618390
38618902
38619414
38614807
38615319
38615831
38616343
38616855
38617367
38617879
38618391
38618903
38619415
38614808
38615320
38615832
38616344
38616856
38617368
38617880
38618392
38618904
38619416
22090421
22090933
22091445
22091957
22092469
22092981
22093493
22094005
22094517
22095029
22090422
22090934
22091446
22091958
22092470
22092982
22093494
22094006
22094518
22095030
22090423
22090935
22091447
22091959
22092471
22092983
22093495
22094007
22094519
22095031
22090424
22090936
22091448
22091960
22092472
22092984
22093496
22094008
22094520
22095032
22090425
22090937
22091449
22091961
22092473
22092985
22093497
22094009
22094521
22095033
22090426
22090938
22091450
22091962
22092474
22092986
22093498
22094010
22094522
22095034
22090427
22090939
22091451
22091963
22092475
22092987
22093499
22094011
22094523
22095035
22090428
22090940
22091452
22091964
22092476
22092988
22093500
22094012
22094524
22095036
22090429
22090941
22091453
22091965
22092477
22092989
22093501
22094013
22094525
22095037
22090430
22090942
22091454
22091966
22092478
22092990
22093502
22094014
22094526
22095038
51954447
51954959
51955471
51955983
51956495
51957007
51957519
51958031
51958543
51959055
51954448
51954960
51955472
51955984
51956496
51957008
51957520
51958032
51958544
51959056
51954449
51954961
51955473
51955985
51956497
51957009
51957521
51958033
51958545
51959057
51954450
51954962
51955474
51955986
51956498
51957010
51957522
51958034
51958546
51959058
51954451
51954963
51955475
51955987
51956499
51957011
51957523
51958035
51958547
51959059
51954452
51954964
51955476
51955988
51956500
51957012
51957524
51958036
51958548
51959060
51954453
51954965
51955477
51955989
51956501
51957013
51957525
51958037
51958549
51959061
51954454
51954966
51955478
51955990
51956502
51957014
51957526
51958038
51958550
51959062
51954455
51954967
51955479
51955991
51956503
51957015
51957527
51958039
51958551
51959063
51954456
51954968
51955480
51955992
51956504
51957016
51957528
51958040
51958552
51959064
33642163
33642675
33643187
33643699
33644211
33644723
33645235
33645747
33646259
33646771
33642164
33642676
33643188
33643700
33644212
33644724
33645236
33645748
33646260
33646772
33642165
33642677
33643189
33643701
33644213
33644725
33645237
33645749
33646261
33646773
33642166
33642678
33643190
33643702
33644214
33644726
33645238
33645750
33646262
33646774
33642167
33642679
33643191
33643703
33644215
33644727
33645239
33645751
33646263
33646775
33642168
33642680
33643192
33643704
33644216
33644728
33645240
33645752
33646264
33646776
33642169
33642681
33643193
33643705
33644217
33644729
33645241
33645753
33646265
33646777
33642170
33642682
33643194
33643706
33644218
33644730
33645242
33645754
33646266
33646778
33642171
33642683
33643195
33643707
33644219
33644731
33645243
33645755
33646267
33646779
33642172
33642684
33643196
33643708
33644220
33644732
33645244
33645756
33646268
33646780
49674414
49674926
49675438
49675950
49676462
49676974
49677486
49677998
49678510
49679022
49674415
49674927
49675439
49675951
49676463
49676975
49677487
49677999
49678511
49679023
49674416
49674928
49675440
49675952
49676464
49676976
49677488
49678000
49678512
49679024
49674417
49674929
49675441
49675953
49676465
49676977
49677489
49678001
49678513
49679025
49674418
49674930
49675442
49675954
49676466
49676978
49677490
49678002
49678514
49679026
49674419
49674931
49675443
49675955
49676467
49676979
49677491
49678003
49678515
49679027
49674420
49674932
49675444
49675956
49676468
49676980
49677492
49678004
49678516
49679028
49674421
49674933
49675445
49675957
49676469
49676981
49677493
49678005
49678517
49679029
49674422
49674934
49675446
49675958
49676470
49676982
49677494
49678006
49678518
49679030
49674423
49674935
49675447
49675959
49676471
49676983
49677495
49678007
49678519
49679031
39397152
39397664
39398176
39398688
39399200
39399712
39400224
39400736
39401248
39401760
39397153
39397665
39398177
39398689
39399201
39399713
39400225
39400737
39401249
39401761
39397154
39397666
39398178
39398690
39399202
39399714
39400226
39400738
39401250
39401762
39397155
39397667
39398179
39398691
39399203
39399715
39400227
39400739
39401251
39401763
39397156
39397668
39398180
39398692
39399204
39399716
39400228
39400740
39401252
39401764
39397157
39397669
39398181
39398693
39399205
39399717
39400229
39400741
39401253
39401765
39397158
39397670
39398182
39398694
39399206
39399718
39400230
39400742
39401254
39401766
39397159
39397671
39398183
39398695
39399207
39399719
39400231
39400743
39401255
39401767
39397160
39397672
39398184
39398696
39399208
39399720
39400232
39400744
39401256
39401768
39397161
39397673
39398185
39398697
39399209
39399721
39400233
39400745
39401257
39401769
60418751
60419263
60419775
60420287
60420799
60421311
60421823
60422335
60422847
60423359
60418752
60419264
60419776
60420288
60420800
60421312
60421824
60422336
60422848
60423360
60418753
60419265
60419777
60420289
60420801
60421313
60421825
60422337
60422849
60423361
60418754
60419266
60419778
60420290
60420802
60421314
60421826
60422338
60422850
60423362
60418755
60419267
60419779
60420291
60420803
60421315
60421827
60422339
60422851
60423363
60418756
60419268
60419780
60420292
60420804
60421316
60421828
60422340
60422852
60423364
60418757
60419269
60419781
60420293
60420805
60421317
60421829
60422341
60422853
60423365
60418758
60419270
60419782
60420294
60420806
60421318
60421830
60422342
60422854
60423366
60418759
60419271
60419783
60420295
60420807
60421319
60421831
60422343
60422855
60423367
60418760
60419272
60419784
60420296
60420808
60421320
60421832
60422344
60422856
60423368
55680780
55681292
55681804
55682316
55682828
55683340
55683852
55684364
55684876
55685388
55680781
55681293
55681805
55682317
55682829
55683341
55683853
55684365
55684877
55685389
55680782
55681294
55681806
55682318
55682830
55683342
55683854
55684366
55684878
55685390
55680783
55681295
55681807
55682319
55682831
55683343
55683855
55684367
55684879
55685391
55680784
55681296
55681808
55682320
55682832
55683344
55683856
55684368
55684880
55685392
55680785
55681297
55681809
55682321
55682833
55683345
55683857
55684369
55684881
55685393
55680786
55681298
55681810
55682322
55682834
55683346
55683858
55684370
55684882
55685394
55680787
55681299
55681811
55682323
55682835
55683347
55683859
55684371
55684883
55685395
55680788
55681300
55681812
55682324
55682836
55683348
55683860
55684372
55684884
55685396
55680789
55681301
55681813
55682325
55682837
55683349
55683861
55684373
55684885
55685397
57220810
57221322
57221834
57222346
57222858
57223370
57223882
57224394
57224906
57225418
57220811
57221323
57221835
57222347
57222859
57223371
57223883
57224395
57224907
57225419
57220812
57221324
57221836
57222348
57222860
57223372
57223884
57224396
57224908
57225420
57220813
57221325
57221837
57222349
57222861
57223373
57223885
57224397
57224909
57225421
57220814
57221326
57221838
57222350
57222862
57223374
57223886
57224398
57224910
57225422
57220815
57221327
57221839
57222351
57222863
57223375
57223887
57224399
57224911
57225423
57220816
57221328
57221840
57222352
57222864
57223376
57223888
57224400
57224912
57225424
57220817
57221329
57221841
57222353
57222865
57223377
57223889
57224401
57224913
57225425
57220818
57221330
57221842
57222354
57222866
57223378
57223890
57224402
57224914
57225426
57220819
57221331
57221843
57222355
57222867
57223379
57223891
57224403
57224915
57225427
30779046
30779558
30780070
30780582
30781094
30781606
30782118
30782630
30783142
30783654
30779047
30779559
30780071
30780583
30781095
30781607
30782119
30782631
30783143
30783655
30779048
30779560
30780072
30780584
30781096
30781608
30782120
30782632
30783144
30783656
30779049
30779561
30780073
30780585
30781097
30781609
30782121
30782633
30783145
30783657
30779050
30779562
30780074
30780586
30781098
30781610
30782122
30782634
30783146
30783658
30779051
30779563
30780075
30780587
30781099
30781611
30782123
30782635
30783147
30783659
30779052
30779564
30780076
30780588
30781100
30781612
30782124
30782636
30783148
30783660
30779053
30779565
30780077
30780589
30781101
30781613
30782125
30782637
30783149
30783661
30779054
30779566
30780078
30780590
30781102
30781614
30782126
30782638
30783150
30783662
30779055
30779567
30780079
30780591
30781103
30781615
30782127
30782639
30783151
30783663
50955984
50956496
50957008
50957520
50958032
50958544
50959056
50959568
50960080
50960592
50955985
50956497
50957009
50957521
50958033
50958545
50959057
50959569
50960081
50960593
50955986
50956498
50957010
50957522
50958034
50958546
50959058
50959570
50960082
50960594
50955987
50956499
50957011
50957523
50958035
50958547
50959059
50959571
50960083
50960595
50955988
50956500
50957012
50957524
50958036
50958548
50959060
50959572
50960084
50960596
50955989
50956501
50957013
50957525
50958037
50958549
50959061
50959573
50960085
50960597
50955990
50956502
50957014
50957526
50958038
50958550
50959062
50959574
50960086
50960598
50955991
50956503
50957015
50957527
50958039
50958551
50959063
50959575
50960087
50960599
50955992
50956504
50957016
50957528
50958040
50958552
50959064
50959576
50960088
50960600
50955993
50956505
50957017
50957529
50958041
50958553
50959065
50959577
50960089
50960601
60119826
60120338
60120850
60121362
60121874
60122386
60122898
60123410
60123922
60124434
60119827
60120339
60120851
60121363
60121875
60122387
60122899
60123411
60123923
60124435
60119828
60120340
60120852
60121364
60121876
60122388
60122900
60123412
60123924
60124436
60119829
60120341
60120853
60121365
60121877
60122389
60122901
60123413
60123925
60124437
60119830
60120342
60120854
60121366
60121878
60122390
60122902
60123414
60123926
60124438
60119831
60120343
60120855
60121367
60121879
60122391
60122903
60123415
60123927
60124439
60119832
60120344
60120856
60121368
60121880
60122392
60122904
60123416
60123928
60124440
60119833
60120345
60120857
60121369
60121881
60122393
60122905
60123417
60123929
60124441
60119834
60120346
60120858
60121370
60121882
60122394
60122906
60123418
60123930
60124442
60119835
60120347
60120859
60121371
60121883
60122395
60122907
60123419
60123931
60124443
41317015
41317527
41318039
41318551
41319063
41319575
41320087
41320599
41321111
41321623
41317016
41317528
41318040
41318552
41319064
41319576
41320088
41320600
41321112
41321624
41317017
41317529
41318041
41318553
41319065
41319577
41320089
41320601
41321113
41321625
41317018
41317530
41318042
41318554
41319066
41319578
41320090
41320602
41321114
41321626
41317019
41317531
41318043
41318555
41319067
41319579
41320091
41320603
41321115
41321627
41317020
41317532
41318044
41318556
41319068
41319580
41320092
41320604
41321116
41321628
41317021
41317533
41318045
41318557
41319069
41319581
41320093
41320605
41321117
41321629
41317022
41317534
41318046
41318558
41319070
41319582
41320094
41320606
41321118
41321630
41317023
41317535
41318047
41318559
41319071
41319583
41320095
41320607
41321119
41321631
41317024
41317536
41318048
41318560
41319072
41319584
41320096
41320608
41321120
41321632
44697817
44698329
44698841
44699353
44699865
44700377
44700889
44701401
44701913
44702425
44697818
44698330
44698842
44699354
44699866
44700378
44700890
44701402
44701914
44702426
44697819
44698331
44698843
44699355
44699867
44700379
44700891
44701403
44701915
44702427
44697820
44698332
44698844
44699356
44699868
44700380
44700892
44701404
44701916
44702428
44697821
44698333
44698845
44699357
44699869
44700381
44700893
44701405
44701917
44702429
44697822
44698334
44698846
44699358
44699870
44700382
44700894
44701406
44701918
44702430
44697823
44698335
44698847
44699359
44699871
44700383
44700895
44701407
44701919
44702431
44697824
44698336
44698848
44699360
44699872
44700384
44700896
44701408
44701920
44702432
44697825
44698337
44698849
44699361
44699873
44700385
44700897
44701409
44701921
44702433
44697826
44698338
44698850
44699362
44699874
44700386
44700898
44701410
44701922
44702434
54952138
54952650
54953162
54953674
54954186
54954698
54955210
54955722
54956234
54956746
54952139
54952651
54953163
54953675
54954187
54954699
54955211
54955723
54956235
54956747
54952140
54952652
54953164
54953676
54954188
54954700
54955212
54955724
54956236
54956748
54952141
54952653
54953165
54953677
54954189
54954701
54955213
54955725
54956237
54956749
54952142
54952654
54953166
54953678
54954190
54954702
54955214
54955726
54956238
54956750
54952143
54952655
54953167
54953679
54954191
54954703
54955215
54955727
54956239
54956751
54952144
54952656
54953168
54953680
54954192
54954704
54955216
54955728
54956240
54956752
54952145
54952657
54953169
54953681
54954193
54954705
54955217
54955729
54956241
54956753
54952146
54952658
54953170
54953682
54954194
54954706
54955218
54955730
54956242
54956754
54952147
54952659
54953171
54953683
54954195
54954707
54955219
54955731
54956243
54956755
53359303
53359815
53360327
53360839
53361351
53361863
53362375
53362887
53363399
53363911
53359304
53359816
53360328
53360840
53361352
53361864
53362376
53362888
53363400
53363912
53359305
53359817
53360329
53360841
53361353
53361865
53362377
53362889
53363401
53363913
53359306
53359818
53360330
53360842
53361354
53361866
53362378
53362890
53363402
53363914
53359307
53359819
53360331
53360843
53361355
53361867
53362379
53362891
53363403
53363915
53359308
53359820
53360332
53360844
53361356
53361868
53362380
53362892
53363404
53363916
53359309
53359821
53360333
53360845
53361357
53361869
53362381
53362893
53363405
53363917
53359310
53359822
53360334
53360846
53361358
53361870
53362382
53362894
53363406
53363918
53359311
53359823
53360335
53360847
53361359
53361871
53362383
53362895
53363407
53363919
53359312
53359824
53360336
53360848
53361360
53361872
53362384
53362896
53363408
53363920
30497458
30497970
30498482
30498994
30499506
30500018
30500530
30501042
30501554
30502066
30497459
30497971
30498483
30498995
30499507
30500019
30500531
30501043
30501555
30502067
30497460
30497972
30498484
30498996
30499508
30500020
30500532
30501044
30501556
30502068
30497461
30497973
30498485
30498997
30499509
30500021
30500533
30501045
30501557
30502069
30497462
30497974
30498486
30498998
30499510
30500022
30500534
30501046
30501558
30502070
30497463
30497975
30498487
30498999
30499511
30500023
30500535
30501047
30501559
30502071
30497464
30497976
30498488
30499000
30499512
30500024
30500536
30501048
30501560
30502072
30497465
30497977
30498489
30499001
30499513
30500025
30500537
30501049
30501561
30502073
30497466
30497978
30498490
30499002
30499514
30500026
30500538
30501050
30501562
30502074
30497467
30497979
30498491
30499003
30499515
30500027
30500539
30501051
30501563
30502075
44930861
44931373
44931885
44932397
44932909
44933421
44933933
44934445
44934957
44935469
44930862
44931374
44931886
44932398
44932910
44933422
44933934
44934446
44934958
44935470
44930863
44931375
44931887
44932399
44932911
44933423
44933935
44934447
44934959
44935471
44930864
44931376
44931888
44932400
44932912
44933424
44933936
44934448
44934960
44935472
44930865
44931377
44931889
44932401
44932913
44933425
44933937
44934449
44934961
44935473
44930866
44931378
44931890
44932402
44932914
44933426
44933938
44934450
44934962
44935474
44930867
44931379
44931891
44932403
44932915
44933427
44933939
44934451
44934963
44935475
44930868
44931380
44931892
44932404
44932916
44933428
44933940
44934452
44934964
44935476
44930869
44931381
44931893
44932405
44932917
44933429
44933941
44934453
44934965
44935477
44930870
44931382
44931894
44932406
44932918
44933430
44933942
44934454
44934966
44935478
61177099
61177611
61178123
61178635
61179147
61179659
61180171
61180683
61181195
61181707
61177100
61177612
61178124
61178636
61179148
61179660
61180172
61180684
61181196
61181708
61177101
61177613
61178125
61178637
61179149
61179661
61180173
61180685
61181197
61181709
61177102
61177614
61178126
61178638
61179150
61179662
61180174
61180686
61181198
61181710
61177103
61177615
61178127
61178639
61179151
61179663
61180175
61180687
61181199
61181711
61177104
61177616
61178128
61178640
61179152
61179664
61180176
61180688
61181200
61181712
61177105
61177617
61178129
61178641
61179153
61179665
61180177
61180689
61181201
61181713
61177106
61177618
61178130
61178642
61179154
61179666
61180178
61180690
61181202
61181714
61177107
61177619
61178131
61178643
61179155
61179667
61180179
61180691
61181203
61181715
61177108
61177620
61178132
61178644
61179156
61179668
61180180
61180692
61181204
61181716
