36250375
36250887
36251399
36251911
36252423
36252935
36253447
36253959
36254471
36254983
36250376
36250888
36251400
36251912
36252424
36252936
36253448
36253960
36254472
36254984
36250377
36250889
36251401
36251913
36252425
36252937
36253449
36253961
36254473
36254985
36250378
36250890
36251402
36251914
36252426
36252938
36253450
36253962
36254474
36254986
36250379
36250891
36251403
36251915
36252427
36252939
36253451
36253963
36254475
36254987
36250380
36250892
36251404
36251916
36252428
36252940
36253452
36253964
36254476
36254988
36250381
36250893
36251405
36251917
36252429
36252941
36253453
36253965
36254477
36254989
36250382
36250894
36251406
36251918
36252430
36252942
36253454
36253966
36254478
36254990
36250383
36250895
36251407
36251919
36252431
36252943
36253455
36253967
36254479
36254991
36250384
36250896
36251408
36251920
36252432
36252944
36253456
36253968
36254480
36254992
42575048
42575560
42576072
42576584
42577096
42577608
42578120
42578632
42579144
42579656
42575049
42575561
42576073
42576585
42577097
42577609
42578121
42578633
42579145
42579657
42575050
42575562
42576074
42576586
42577098
42577610
42578122
42578634
42579146
42579658
42575051
42575563
42576075
42576587
42577099
42577611
42578123
42578635
42579147
42579659
42575052
42575564
42576076
42576588
42577100
42577612
42578124
42578636
42579148
42579660
42575053
42575565
42576077
42576589
42577101
42577613
42578125
42578637
42579149
42579661
42575054
42575566
42576078
42576590
42577102
42577614
42578126
42578638
42579150
42579662
42575055
42575567
42576079
42576591
42577103
42577615
42578127
42578639
42579151
42579663
42575056
42575568
42576080
42576592
42577104
42577616
42578128
42578640
42579152
42579664
42575057
42575569
42576081
42576593
42577105
42577617
42578129
42578641
42579153
42579665
22870223
22870735
22871247
22871759
22872271
22872783
22873295
22873807
22874319
22874831
22870224
22870736
22871248
22871760
22872272
22872784
22873296
22873808
22874320
22874832
22870225
22870737
22871249
22871761
22872273
22872785
22873297
22873809
22874321
22874833
22870226
22870738
22871250
22871762
22872274
22872786
22873298
22873810
22874322
22874834
22870227
22870739
22871251
22871763
22872275
22872787
22873299
22873811
22874323
22874835
22870228
22870740
22871252
22871764
22872276
22872788
22873300
22873812
22874324
22874836
22870229
22870741
22871253
22871765
22872277
22872789
22873301
22873813
22874325
22874837
22870230
22870742
22871254
22871766
22872278
22872790
22873302
22873814
22874326
22874838
22870231
22870743
22871255
22871767
22872279
22872791
22873303
22873815
22874327
22874839
22870232
22870744
22871256
22871768
22872280
22872792
22873304
22873816
22874328
22874840
56745684
56746196
56746708
56747220
56747732
56748244
56748756
56749268
56749780
56750292
56745685
56746197
56746709
56747221
56747733
56748245
56748757
56749269
56749781
56750293
56745686
56746198
56746710
56747222
56747734
56748246
56748758
56749270
56749782
56750294
56745687
56746199
56746711
56747223
56747735
56748247
56748759
56749271
56749783
56750295
56745688
56746200
56746712
56747224
56747736
56748248
56748760
56749272
56749784
56750296
56745689
56746201
56746713
56747225
56747737
56748249
56748761
56749273
56749785
56750297
56745690
56746202
56746714
56747226
56747738
56748250
56748762
56749274
56749786
56750298
56745691
56746203
56746715
56747227
56747739
56748251
56748763
56749275
56749787
56750299
56745692
56746204
56746716
56747228
56747740
56748252
56748764
56749276
56749788
56750300
56745693
56746205
56746717
56747229
56747741
56748253
56748765
56749277
56749789
56750301
61461229
61461741
61462253
61462765
61463277
61463789
61464301
61464813
61465325
61465837
61461230
61461742
61462254
61462766
61463278
61463790
61464302
61464814
61465326
61465838
61461231
61461743
61462255
61462767
61463279
61463791
61464303
61464815
61465327
61465839
61461232
61461744
61462256
61462768
61463280
61463792
61464304
61464816
61465328
61465840
61461233
61461745
61462257
61462769
61463281
61463793
61464305
61464817
61465329
61465841
61461234
61461746
61462258
61462770
61463282
61463794
61464306
61464818
61465330
61465842
61461235
61461747
61462259
61462771
61463283
61463795
61464307
61464819
61465331
61465843
61461236
61461748
61462260
61462772
61463284
61463796
61464308
61464820
61465332
61465844
61461237
61461749
61462261
61462773
61463285
61463797
61464309
61464821
61465333
61465845
61461238
61461750
61462262
61462774
61463286
61463798
61464310
61464822
61465334
61465846
43383455
43383967
43384479
43384991
43385503
43386015
43386527
43387039
43387551
43388063
43383456
43383968
43384480
43384992
43385504
43386016
43386528
43387040
43387552
43388064
43383457
43383969
43384481
43384993
43385505
43386017
43386529
43387041
43387553
43388065
43383458
43383970
43384482
43384994
43385506
43386018
43386530
43387042
43387554
43388066
43383459
43383971
43384483
43384995
43385507
43386019
43386531
43387043
43387555
43388067
43383460
43383972
43384484
43384996
43385508
43386020
43386532
43387044
43387556
43388068
43383461
43383973
43384485
43384997
43385509
43386021
43386533
43387045
43387557
43388069
43383462
43383974
43384486
43384998
43385510
43386022
43386534
43387046
43387558
43388070
43383463
43383975
43384487
43384999
43385511
43386023
43386535
43387047
43387559
43388071
43383464
43383976
43384488
43385000
43385512
43386024
43386536
43387048
43387560
43388072
7721125
7721637
7722149
7722661
7723173
7723685
7724197
7724709
7725221
7725733
7721126
7721638
7722150
7722662
7723174
7723686
7724198
7724710
7725222
7725734
7721127
7721639
7722151
7722663
7723175
7723687
7724199
7724711
7725223
7725735
7721128
7721640
7722152
7722664
7723176
7723688
7724200
7724712
7725224
7725736
7721129
7721641
7722153
7722665
7723177
7723689
7724201
7724713
7725225
7725737
7721130
7721642
7722154
7722666
7723178
7723690
7724202
7724714
7725226
7725738
7721131
7721643
7722155
7722667
7723179
7723691
7724203
7724715
7725227
7725739
7721132
7721644
7722156
7722668
7723180
7723692
7724204
7724716
7725228
7725740
7721133
7721645
7722157
7722669
7723181
7723693
7724205
7724717
7725229
7725741
7721134
7721646
7722158
7722670
7723182
7723694
7724206
7724718
7725230
7725742
34166961
34167473
34167985
34168497
34169009
34169521
34170033
34170545
34171057
34171569
34166962
34167474
34167986
34168498
34169010
34169522
34170034
34170546
34171058
34171570
34166963
34167475
34167987
34168499
34169011
34169523
34170035
34170547
34171059
34171571
34166964
34167476
34167988
34168500
34169012
34169524
34170036
34170548
34171060
34171572
34166965
34167477
34167989
34168501
34169013
34169525
34170037
34170549
34171061
34171573
34166966
34167478
34167990
34168502
34169014
34169526
34170038
34170550
34171062
34171574
34166967
34167479
34167991
34168503
34169015
34169527
34170039
34170551
34171063
34171575
34166968
34167480
34167992
34168504
34169016
34169528
34170040
34170552
34171064
34171576
34166969
34167481
34167993
34168505
34169017
34169529
34170041
34170553
34171065
34171577
34166970
34167482
34167994
34168506
34169018
34169530
34170042
34170554
34171066
34171578
49356521
49357033
49357545
49358057
49358569
49359081
49359593
49360105
49360617
49361129
49356522
49357034
49357546
49358058
49358570
49359082
49359594
49360106
49360618
49361130
49356523
49357035
49357547
49358059
49358571
49359083
49359595
49360107
49360619
49361131
49356524
49357036
49357548
49358060
49358572
49359084
49359596
49360108
49360620
49361132
49356525
49357037
49357549
49358061
49358573
49359085
49359597
49360109
49360621
49361133
49356526
49357038
49357550
49358062
49358574
49359086
49359598
49360110
49360622
49361134
49356527
49357039
49357551
49358063
49358575
49359087
49359599
49360111
49360623
49361135
49356528
49357040
49357552
49358064
49358576
49359088
49359600
49360112
49360624
49361136
49356529
49357041
49357553
49358065
49358577
49359089
49359601
49360113
49360625
49361137
49356530
49357042
49357554
49358066
49358578
49359090
49359602
49360114
49360626
49361138
9014458
9014970
9015482
9015994
9016506
9017018
9017530
9018042
9018554
9019066
9014459
9014971
9015483
9015995
9016507
9017019
9017531
9018043
9018555
9019067
9014460
9014972
9015484
9015996
9016508
9017020
9017532
9018044
9018556
9019068
9014461
9014973
9015485
9015997
9016509
9017021
9017533
9018045
9018557
9019069
9014462
9014974
9015486
9015998
9016510
9017022
9017534
9018046
9018558
9019070
9014463
9014975
9015487
9015999
9016511
9017023
9017535
9018047
9018559
9019071
9014464
9014976
9015488
9016000
9016512
9017024
9017536
9018048
9018560
9019072
9014465
9014977
9015489
9016001
9016513
9017025
9017537
9018049
9018561
9019073
9014466
9014978
9015490
9016002
9016514
9017026
9017538
9018050
9018562
9019074
9014467
9014979
9015491
9016003
9016515
9017027
9017539
9018051
9018563
9019075
32835816
32836328
32836840
32837352
32837864
32838376
32838888
32839400
32839912
32840424
32835817
32836329
32836841
32837353
32837865
32838377
32838889
32839401
32839913
32840425
32835818
32836330
32836842
32837354
32837866
32838378
32838890
32839402
32839914
32840426
32835819
32836331
32836843
32837355
32837867
32838379
32838891
32839403
32839915
32840427
32835820
32836332
32836844
32837356
32837868
32838380
32838892
32839404
32839916
32840428
32835821
32836333
32836845
32837357
32837869
32838381
32838893
32839405
32839917
32840429
32835822
32836334
32836846
32837358
32837870
32838382
32838894
32839406
32839918
32840430
32835823
32836335
32836847
32837359
32837871
32838383
32838895
32839407
32839919
32840431
32835824
32836336
32836848
32837360
32837872
32838384
32838896
32839408
32839920
32840432
32835825
32836337
32836849
32837361
32837873
32838385
32838897
32839409
32839921
32840433
60130039
60130551
60131063
60131575
60132087
60132599
60133111
60133623
60134135
60134647
60130040
60130552
60131064
60131576
60132088
60132600
60133112
60133624
60134136
60134648
60130041
60130553
60131065
60131577
60132089
60132601
60133113
60133625
60134137
60134649
60130042
60130554
60131066
60131578
60132090
60132602
60133114
60133626
60134138
60134650
60130043
60130555
60131067
60131579
60132091
60132603
60133115
60133627
60134139
60134651
60130044
60130556
60131068
60131580
60132092
60132604
60133116
60133628
60134140
60134652
60130045
60130557
60131069
60131581
60132093
60132605
60133117
60133629
60134141
60134653
60130046
60130558
60131070
60131582
60132094
60132606
60133118
60133630
60134142
60134654
60130047
60130559
60131071
60131583
60132095
60132607
60133119
60133631
60134143
60134655
60130048
60130560
60131072
60131584
60132096
60132608
60133120
60133632
60134144
60134656
37584111
37584623
37585135
37585647
37586159
37586671
37587183
37587695
37588207
37588719
37584112
37584624
37585136
37585648
37586160
37586672
37587184
37587696
37588208
37588720
37584113
37584625
37585137
37585649
37586161
37586673
37587185
37587697
37588209
37588721
37584114
37584626
37585138
37585650
37586162
37586674
37587186
37587698
37588210
37588722
37584115
37584627
37585139
37585651
37586163
37586675
37587187
37587699
37588211
37588723
37584116
37584628
37585140
37585652
37586164
37586676
37587188
37587700
37588212
37588724
37584117
37584629
37585141
37585653
37586165
37586677
37587189
37587701
37588213
37588725
37584118
37584630
37585142
37585654
37586166
37586678
37587190
37587702
37588214
37588726
37584119
37584631
37585143
37585655
37586167
37586679
37587191
37587703
37588215
37588727
37584120
37584632
37585144
37585656
37586168
37586680
37587192
37587704
37588216
37588728
60428983
60429495
60430007
60430519
60431031
60431543
60432055
60432567
60433079
60433591
60428984
60429496
60430008
60430520
60431032
60431544
60432056
60432568
60433080
60433592
60428985
60429497
60430009
60430521
60431033
60431545
60432057
60432569
60433081
60433593
60428986
60429498
60430010
60430522
60431034
60431546
60432058
60432570
60433082
60433594
60428987
60429499
60430011
60430523
60431035
60431547
60432059
60432571
60433083
60433595
60428988
60429500
60430012
60430524
60431036
60431548
60432060
60432572
60433084
60433596
60428989
60429501
60430013
60430525
60431037
60431549
60432061
60432573
60433085
60433597
60428990
60429502
60430014
60430526
60431038
60431550
60432062
60432574
60433086
60433598
60428991
60429503
60430015
60430527
60431039
60431551
60432063
60432575
60433087
60433599
60428992
60429504
60430016
60430528
60431040
60431552
60432064
60432576
60433088
60433600
58058980
58059492
58060004
58060516
58061028
58061540
58062052
58062564
58063076
58063588
58058981
58059493
58060005
58060517
58061029
58061541
58062053
58062565
58063077
58063589
58058982
58059494
58060006
58060518
58061030
58061542
58062054
58062566
58063078
58063590
58058983
58059495
58060007
58060519
58061031
58061543
58062055
58062567
58063079
58063591
58058984
58059496
58060008
58060520
58061032
58061544
58062056
58062568
58063080
58063592
58058985
58059497
58060009
58060521
58061033
58061545
58062057
58062569
58063081
58063593
58058986
58059498
58060010
58060522
58061034
58061546
58062058
58062570
58063082
58063594
58058987
58059499
58060011
58060523
58061035
58061547
58062059
58062571
58063083
58063595
58058988
58059500
58060012
58060524
58061036
58061548
58062060
58062572
58063084
58063596
58058989
58059501
58060013
58060525
58061037
58061549
58062061
58062573
58063085
58063597
17142986
17143498
17144010
17144522
17145034
17145546
17146058
17146570
17147082
17147594
17142987
17143499
17144011
17144523
17145035
17145547
17146059
17146571
17147083
17147595
17142988
17143500
17144012
17144524
17145036
17145548
17146060
17146572
17147084
17147596
17142989
17143501
17144013
17144525
17145037
17145549
17146061
17146573
17147085
17147597
17142990
17143502
17144014
17144526
17145038
17145550
17146062
17146574
17147086
17147598
17142991
17143503
17144015
17144527
17145039
17145551
17146063
17146575
17147087
17147599
17142992
17143504
17144016
17144528
17145040
17145552
17146064
17146576
17147088
17147600
17142993
17143505
17144017
17144529
17145041
17145553
17146065
17146577
17147089
17147601
17142994
17143506
17144018
17144530
17145042
17145554
17146066
17146578
17147090
17147602
17142995
17143507
17144019
17144531
17145043
17145555
17146067
17146579
17147091
17147603
59855081
59855593
59856105
59856617
59857129
59857641
59858153
59858665
59859177
59859689
59855082
59855594
59856106
59856618
59857130
59857642
59858154
59858666
59859178
59859690
59855083
59855595
59856107
59856619
59857131
59857643
59858155
59858667
59859179
59859691
59855084
59855596
59856108
59856620
59857132
59857644
59858156
59858668
59859180
59859692
59855085
59855597
59856109
59856621
59857133
59857645
59858157
59858669
59859181
59859693
59855086
59855598
59856110
59856622
59857134
59857646
59858158
59858670
59859182
59859694
59855087
59855599
59856111
59856623
59857135
59857647
59858159
59858671
59859183
59859695
59855088
59855600
59856112
59856624
59857136
59857648
59858160
59858672
59859184
59859696
59855089
59855601
59856113
59856625
59857137
59857649
59858161
59858673
59859185
59859697
59855090
59855602
59856114
59856626
59857138
59857650
59858162
59858674
59859186
59859698
23134913
23135425
23135937
23136449
23136961
23137473
23137985
23138497
23139009
23139521
23134914
23135426
23135938
23136450
23136962
23137474
23137986
23138498
23139010
23139522
23134915
23135427
23135939
23136451
23136963
23137475
23137987
23138499
23139011
23139523
23134916
23135428
23135940
23136452
23136964
23137476
23137988
23138500
23139012
23139524
23134917
23135429
23135941
23136453
23136965
23137477
23137989
23138501
23139013
23139525
23134918
23135430
23135942
23136454
23136966
23137478
23137990
23138502
23139014
23139526
23134919
23135431
23135943
23136455
23136967
23137479
23137991
23138503
23139015
23139527
23134920
23135432
23135944
23136456
23136968
23137480
23137992
23138504
23139016
23139528
23134921
23135433
23135945
23136457
23136969
23137481
23137993
23138505
23139017
23139529
23134922
23135434
23135946
23136458
23136970
23137482
23137994
23138506
23139018
23139530
50184966
50185478
50185990
50186502
50187014
50187526
50188038
50188550
50189062
50189574
50184967
50185479
50185991
50186503
50187015
50187527
50188039
50188551
50189063
50189575
50184968
50185480
50185992
50186504
50187016
50187528
50188040
50188552
50189064
50189576
50184969
50185481
50185993
50186505
50187017
50187529
50188041
50188553
50189065
50189577
50184970
50185482
50185994
50186506
50187018
50187530
50188042
50188554
50189066
50189578
50184971
50185483
50185995
50186507
50187019
50187531
50188043
50188555
50189067
50189579
50184972
50185484
50185996
50186508
50187020
50187532
50188044
50188556
50189068
50189580
50184973
50185485
50185997
50186509
50187021
50187533
50188045
50188557
50189069
50189581
50184974
50185486
50185998
50186510
50187022
50187534
50188046
50188558
50189070
50189582
50184975
50185487
50185999
50186511
50187023
50187535
50188047
50188559
50189071
50189583
58318011
58318523
58319035
58319547
58320059
58320571
58321083
58321595
58322107
58322619
58318012
58318524
58319036
58319548
58320060
58320572
58321084
58321596
58322108
58322620
58318013
58318525
58319037
58319549
58320061
58320573
58321085
58321597
58322109
58322621
58318014
58318526
58319038
58319550
58320062
58320574
58321086
58321598
58322110
58322622
58318015
58318527
58319039
58319551
58320063
58320575
58321087
58321599
58322111
58322623
58318016
58318528
58319040
58319552
58320064
58320576
58321088
58321600
58322112
58322624
58318017
58318529
58319041
58319553
58320065
58320577
58321089
58321601
58322113
58322625
58318018
58318530
58319042
58319554
58320066
58320578
58321090
58321602
58322114
58322626
58318019
58318531
58319043
58319555
58320067
58320579
58321091
58321603
58322115
58322627
58318020
58318532
58319044
58319556
58320068
58320580
58321092
58321604
58322116
58322628
34460848
34461360
34461872
34462384
34462896
34463408
34463920
34464432
34464944
34465456
34460849
34461361
34461873
34462385
34462897
34463409
34463921
34464433
34464945
34465457
34460850
34461362
34461874
34462386
34462898
34463410
34463922
34464434
34464946
34465458
34460851
34461363
34461875
34462387
34462899
34463411
34463923
34464435
34464947
34465459
34460852
34461364
34461876
34462388
34462900
34463412
34463924
34464436
34464948
34465460
34460853
34461365
34461877
34462389
34462901
34463413
34463925
34464437
34464949
34465461
34460854
34461366
34461878
34462390
34462902
34463414
34463926
34464438
34464950
34465462
34460855
34461367
34461879
34462391
34462903
34463415
34463927
34464439
34464951
34465463
34460856
34461368
34461880
34462392
34462904
34463416
34463928
34464440
34464952
34465464
34460857
34461369
34461881
34462393
34462905
34463417
34463929
34464441
34464953
34465465
48549614
48550126
48550638
48551150
48551662
48552174
48552686
48553198
48553710
48554222
48549615
48550127
48550639
48551151
48551663
48552175
48552687
48553199
48553711
48554223
48549616
48550128
48550640
48551152
48551664
48552176
48552688
48553200
48553712
48554224
48549617
48550129
48550641
48551153
48551665
48552177
48552689
48553201
48553713
48554225
48549618
48550130
48550642
48551154
48551666
48552178
48552690
48553202
48553714
48554226
48549619
48550131
48550643
48551155
48551667
48552179
48552691
48553203
48553715
48554227
48549620
48550132
48550644
48551156
48551668
48552180
48552692
48553204
48553716
48554228
48549621
48550133
48550645
48551157
48551669
48552181
48552693
48553205
48553717
48554229
48549622
48550134
48550646
48551158
48551670
48552182
48552694
48553206
48553718
48554230
48549623
48550135
48550647
48551159
48551671
48552183
48552695
48553207
48553719
48554231
47546653
47547165
47547677
47548189
47548701
47549213
47549725
47550237
47550749
47551261
47546654
47547166
47547678
47548190
47548702
47549214
47549726
47550238
47550750
47551262
47546655
47547167
47547679
47548191
47548703
47549215
47549727
47550239
47550751
47551263
47546656
47547168
47547680
47548192
47548704
47549216
47549728
47550240
47550752
47551264
47546657
47547169
47547681
47548193
47548705
47549217
47549729
47550241
47550753
47551265
47546658
47547170
47547682
47548194
47548706
47549218
47549730
47550242
47550754
47551266
47546659
47547171
47547683
47548195
47548707
47549219
47549731
47550243
47550755
47551267
47546660
47547172
47547684
47548196
47548708
47549220
47549732
47550244
47550756
47551268
47546661
47547173
47547685
47548197
47548709
47549221
47549733
47550245
47550757
47551269
47546662
47547174
47547686
47548198
47548710
47549222
47549734
47550246
47550758
47551270
47080634
47081146
47081658
47082170
47082682
47083194
47083706
47084218
47084730
47085242
47080635
47081147
47081659
47082171
47082683
47083195
47083707
47084219
47084731
47085243
47080636
47081148
47081660
47082172
47082684
47083196
47083708
47084220
47084732
47085244
47080637
47081149
47081661
47082173
47082685
47083197
47083709
47084221
47084733
47085245
47080638
47081150
47081662
47082174
47082686
47083198
47083710
47084222
47084734
47085246
47080639
47081151
47081663
47082175
47082687
47083199
47083711
47084223
47084735
47085247
47080640
47081152
47081664
47082176
47082688
47083200
47083712
47084224
47084736
47085248
47080641
47081153
47081665
47082177
47082689
47083201
47083713
47084225
47084737
47085249
47080642
47081154
47081666
47082178
47082690
47083202
47083714
47084226
47084738
47085250
47080643
47081155
47081667
47082179
47082691
47083203
47083715
47084227
47084739
47085251
43071170
43071682
43072194
43072706
43073218
43073730
43074242
43074754
43075266
43075778
43071171
43071683
43072195
43072707
43073219
43073731
43074243
43074755
43075267
43075779
43071172
43071684
43072196
43072708
43073220
43073732
43074244
43074756
43075268
43075780
43071173
43071685
43072197
43072709
43073221
43073733
43074245
43074757
43075269
43075781
43071174
43071686
43072198
43072710
43073222
43073734
43074246
43074758
43075270
43075782
43071175
43071687
43072199
43072711
43073223
43073735
43074247
43074759
43075271
43075783
43071176
43071688
43072200
43072712
43073224
43073736
43074248
43074760
43075272
43075784
43071177
43071689
43072201
43072713
43073225
43073737
43074249
43074761
43075273
43075785
43071178
43071690
43072202
43072714
43073226
43073738
43074250
43074762
43075274
43075786
43071179
43071691
43072203
43072715
43073227
43073739
43074251
43074763
43075275
43075787
55475428
55475940
55476452
55476964
55477476
55477988
55478500
55479012
55479524
55480036
55475429
55475941
55476453
55476965
55477477
55477989
55478501
55479013
55479525
55480037
55475430
55475942
55476454
55476966
55477478
55477990
55478502
55479014
55479526
55480038
55475431
55475943
55476455
55476967
55477479
55477991
55478503
55479015
55479527
55480039
55475432
55475944
55476456
55476968
55477480
55477992
55478504
55479016
55479528
55480040
55475433
55475945
55476457
55476969
55477481
55477993
55478505
55479017
55479529
55480041
55475434
55475946
55476458
55476970
55477482
55477994
55478506
55479018
55479530
55480042
55475435
55475947
55476459
55476971
55477483
55477995
55478507
55479019
55479531
55480043
55475436
55475948
55476460
55476972
55477484
55477996
55478508
55479020
55479532
55480044
55475437
55475949
55476461
55476973
55477485
55477997
55478509
55479021
55479533
55480045
49376437
49376949
49377461
49377973
49378485
49378997
49379509
49380021
49380533
49381045
49376438
49376950
49377462
49377974
49378486
49378998
49379510
49380022
49380534
49381046
49376439
49376951
49377463
49377975
49378487
49378999
49379511
49380023
49380535
49381047
49376440
49376952
49377464
49377976
49378488
49379000
49379512
49380024
49380536
49381048
49376441
49376953
49377465
49377977
49378489
49379001
49379513
49380025
49380537
49381049
49376442
49376954
49377466
49377978
49378490
49379002
49379514
49380026
49380538
49381050
49376443
49376955
49377467
49377979
49378491
49379003
49379515
49380027
49380539
49381051
49376444
49376956
49377468
49377980
49378492
49379004
49379516
49380028
49380540
49381052
49376445
49376957
49377469
49377981
49378493
49379005
49379517
49380029
49380541
49381053
49376446
49376958
49377470
49377982
49378494
49379006
49379518
49380030
49380542
49381054
50952446
50952958
50953470
50953982
50954494
50955006
50955518
50956030
50956542
50957054
50952447
50952959
50953471
50953983
50954495
50955007
50955519
50956031
50956543
50957055
50952448
50952960
50953472
50953984
50954496
50955008
50955520
50956032
50956544
50957056
50952449
50952961
50953473
50953985
50954497
50955009
50955521
50956033
50956545
50957057
50952450
50952962
50953474
50953986
50954498
50955010
50955522
50956034
50956546
50957058
50952451
50952963
50953475
50953987
50954499
50955011
50955523
50956035
50956547
50957059
50952452
50952964
50953476
50953988
50954500
50955012
50955524
50956036
50956548
50957060
50952453
50952965
50953477
50953989
50954501
50955013
50955525
50956037
50956549
50957061
50952454
50952966
50953478
50953990
50954502
50955014
50955526
50956038
50956550
50957062
50952455
50952967
50953479
50953991
50954503
50955015
50955527
50956039
50956551
50957063
53846294
53846806
53847318
53847830
53848342
53848854
53849366
53849878
53850390
53850902
53846295
53846807
53847319
53847831
53848343
53848855
53849367
53849879
53850391
53850903
53846296
53846808
53847320
53847832
53848344
53848856
53849368
53849880
53850392
53850904
53846297
53846809
53847321
53847833
53848345
53848857
53849369
53849881
53850393
53850905
53846298
53846810
53847322
53847834
53848346
53848858
53849370
53849882
53850394
53850906
53846299
53846811
53847323
53847835
53848347
53848859
53849371
53849883
53850395
53850907
53846300
53846812
53847324
53847836
53848348
53848860
53849372
53849884
53850396
53850908
53846301
53846813
53847325
53847837
53848349
53848861
53849373
53849885
53850397
53850909
53846302
53846814
53847326
53847838
53848350
53848862
53849374
53849886
53850398
53850910
53846303
53846815
53847327
53847839
53848351
53848863
53849375
53849887
53850399
53850911
52809422
52809934
52810446
52810958
52811470
52811982
52812494
52813006
52813518
52814030
52809423
52809935
52810447
52810959
52811471
52811983
52812495
52813007
52813519
52814031
52809424
52809936
52810448
52810960
52811472
52811984
52812496
52813008
52813520
52814032
52809425
52809937
52810449
52810961
52811473
52811985
52812497
52813009
52813521
52814033
52809426
52809938
52810450
52810962
52811474
52811986
52812498
52813010
52813522
52814034
52809427
52809939
52810451
52810963
52811475
52811987
52812499
52813011
52813523
52814035
52809428
52809940
52810452
52810964
52811476
52811988
52812500
52813012
52813524
52814036
52809429
52809941
52810453
52810965
52811477
52811989
52812501
52813013
52813525
52814037
52809430
52809942
52810454
52810966
52811478
52811990
52812502
52813014
52813526
52814038
52809431
52809943
52810455
52810967
52811479
52811991
52812503
52813015
52813527
52814039
