26780140
26780652
26781164
26781676
26782188
26782700
26783212
26783724
26784236
26784748
26780141
26780653
26781165
26781677
26782189
26782701
26783213
26783725
26784237
26784749
26780142
26780654
26781166
26781678
26782190
26782702
26783214
26783726
26784238
26784750
26780143
26780655
26781167
26781679
26782191
26782703
26783215
26783727
26784239
26784751
26780144
26780656
26781168
26781680
26782192
26782704
26783216
26783728
26784240
26784752
26780145
26780657
26781169
26781681
26782193
26782705
26783217
26783729
26784241
26784753
26780146
26780658
26781170
26781682
26782194
26782706
26783218
26783730
26784242
26784754
26780147
26780659
26781171
26781683
26782195
26782707
26783219
26783731
26784243
26784755
26780148
26780660
26781172
26781684
26782196
26782708
26783220
26783732
26784244
26784756
26780149
26780661
26781173
26781685
26782197
26782709
26783221
26783733
26784245
26784757
25197466
25197978
25198490
25199002
25199514
25200026
25200538
25201050
25201562
25202074
25197467
25197979
25198491
25199003
25199515
25200027
25200539
25201051
25201563
25202075
25197468
25197980
25198492
25199004
25199516
25200028
25200540
25201052
25201564
25202076
25197469
25197981
25198493
25199005
25199517
25200029
25200541
25201053
25201565
25202077
25197470
25197982
25198494
25199006
25199518
25200030
25200542
25201054
25201566
25202078
25197471
25197983
25198495
25199007
25199519
25200031
25200543
25201055
25201567
25202079
25197472
25197984
25198496
25199008
25199520
25200032
25200544
25201056
25201568
25202080
25197473
25197985
25198497
25199009
25199521
25200033
25200545
25201057
25201569
25202081
25197474
25197986
25198498
25199010
25199522
25200034
25200546
25201058
25201570
25202082
25197475
25197987
25198499
25199011
25199523
25200035
25200547
25201059
25201571
25202083
15491300
15491812
15492324
15492836
15493348
15493860
15494372
15494884
15495396
15495908
15491301
15491813
15492325
15492837
15493349
15493861
15494373
15494885
15495397
15495909
15491302
15491814
15492326
15492838
15493350
15493862
15494374
15494886
15495398
15495910
15491303
15491815
15492327
15492839
15493351
15493863
15494375
15494887
15495399
15495911
15491304
15491816
15492328
15492840
15493352
15493864
15494376
15494888
15495400
15495912
15491305
15491817
15492329
15492841
15493353
15493865
15494377
15494889
15495401
15495913
15491306
15491818
15492330
15492842
15493354
15493866
15494378
15494890
15495402
15495914
15491307
15491819
15492331
15492843
15493355
15493867
15494379
15494891
15495403
15495915
15491308
15491820
15492332
15492844
15493356
15493868
15494380
15494892
15495404
15495916
15491309
15491821
15492333
15492845
15493357
15493869
15494381
15494893
15495405
15495917
16113381
16113893
16114405
16114917
16115429
16115941
16116453
16116965
16117477
16117989
16113382
16113894
16114406
16114918
16115430
16115942
16116454
16116966
16117478
16117990
16113383
16113895
16114407
16114919
16115431
16115943
16116455
16116967
16117479
16117991
16113384
16113896
16114408
16114920
16115432
16115944
16116456
16116968
16117480
16117992
16113385
16113897
16114409
16114921
16115433
16115945
16116457
16116969
16117481
16117993
16113386
16113898
16114410
16114922
16115434
16115946
16116458
16116970
16117482
16117994
16113387
16113899
16114411
16114923
16115435
16115947
16116459
16116971
16117483
16117995
16113388
16113900
16114412
16114924
16115436
16115948
16116460
16116972
16117484
16117996
16113389
16113901
16114413
16114925
16115437
16115949
16116461
16116973
16117485
16117997
16113390
16113902
16114414
16114926
16115438
16115950
16116462
16116974
16117486
16117998
12504917
12505429
12505941
12506453
12506965
12507477
12507989
12508501
12509013
12509525
12504918
12505430
12505942
12506454
12506966
12507478
12507990
12508502
12509014
12509526
12504919
12505431
12505943
12506455
12506967
12507479
12507991
12508503
12509015
12509527
12504920
12505432
12505944
12506456
12506968
12507480
12507992
12508504
12509016
12509528
12504921
12505433
12505945
12506457
12506969
12507481
12507993
12508505
12509017
12509529
12504922
12505434
12505946
12506458
12506970
12507482
12507994
12508506
12509018
12509530
12504923
12505435
12505947
12506459
12506971
12507483
12507995
12508507
12509019
12509531
12504924
12505436
12505948
12506460
12506972
12507484
12507996
12508508
12509020
12509532
12504925
12505437
12505949
12506461
12506973
12507485
12507997
12508509
12509021
12509533
12504926
12505438
12505950
12506462
12506974
12507486
12507998
12508510
12509022
12509534
5037189
5037701
5038213
5038725
5039237
5039749
5040261
5040773
5041285
5041797
5037190
5037702
5038214
5038726
5039238
5039750
5040262
5040774
5041286
5041798
5037191
5037703
5038215
5038727
5039239
5039751
5040263
5040775
5041287
5041799
5037192
5037704
5038216
5038728
5039240
5039752
5040264
5040776
5041288
5041800
5037193
5037705
5038217
5038729
5039241
5039753
5040265
5040777
5041289
5041801
5037194
5037706
5038218
5038730
5039242
5039754
5040266
5040778
5041290
5041802
5037195
5037707
5038219
5038731
5039243
5039755
5040267
5040779
5041291
5041803
5037196
5037708
5038220
5038732
5039244
5039756
5040268
5040780
5041292
5041804
5037197
5037709
5038221
5038733
5039245
5039757
5040269
5040781
5041293
5041805
5037198
5037710
5038222
5038734
5039246
5039758
5040270
5040782
5041294
5041806
5883978
5884490
5885002
5885514
5886026
5886538
5887050
5887562
5888074
5888586
5883979
5884491
5885003
5885515
5886027
5886539
5887051
5887563
5888075
5888587
5883980
5884492
5885004
5885516
5886028
5886540
5887052
5887564
5888076
5888588
5883981
5884493
5885005
5885517
5886029
5886541
5887053
5887565
5888077
5888589
5883982
5884494
5885006
5885518
5886030
5886542
5887054
5887566
5888078
5888590
5883983
5884495
5885007
5885519
5886031
5886543
5887055
5887567
5888079
5888591
5883984
5884496
5885008
5885520
5886032
5886544
5887056
5887568
5888080
5888592
5883985
5884497
5885009
5885521
5886033
5886545
5887057
5887569
5888081
5888593
5883986
5884498
5885010
5885522
5886034
5886546
5887058
5887570
5888082
5888594
5883987
5884499
5885011
5885523
5886035
5886547
5887059
5887571
5888083
5888595
21858796
21859308
21859820
21860332
21860844
21861356
21861868
21862380
21862892
21863404
21858797
21859309
21859821
21860333
21860845
21861357
21861869
21862381
21862893
21863405
21858798
21859310
21859822
21860334
21860846
21861358
21861870
21862382
21862894
21863406
21858799
21859311
21859823
21860335
21860847
21861359
21861871
21862383
21862895
21863407
21858800
21859312
21859824
21860336
21860848
21861360
21861872
21862384
21862896
21863408
21858801
21859313
21859825
21860337
21860849
21861361
21861873
21862385
21862897
21863409
21858802
21859314
21859826
21860338
21860850
21861362
21861874
21862386
21862898
21863410
21858803
21859315
21859827
21860339
21860851
21861363
21861875
21862387
21862899
21863411
21858804
21859316
21859828
21860340
21860852
21861364
21861876
21862388
21862900
21863412
21858805
21859317
21859829
21860341
21860853
21861365
21861877
21862389
21862901
21863413
66075414
66075926
66076438
66076950
66077462
66077974
66078486
66078998
66079510
66080022
66075415
66075927
66076439
66076951
66077463
66077975
66078487
66078999
66079511
66080023
66075416
66075928
66076440
66076952
66077464
66077976
66078488
66079000
66079512
66080024
66075417
66075929
66076441
66076953
66077465
66077977
66078489
66079001
66079513
66080025
66075418
66075930
66076442
66076954
66077466
66077978
66078490
66079002
66079514
66080026
66075419
66075931
66076443
66076955
66077467
66077979
66078491
66079003
66079515
66080027
66075420
66075932
66076444
66076956
66077468
66077980
66078492
66079004
66079516
66080028
66075421
66075933
66076445
66076957
66077469
66077981
66078493
66079005
66079517
66080029
66075422
66075934
66076446
66076958
66077470
66077982
66078494
66079006
66079518
66080030
66075423
66075935
66076447
66076959
66077471
66077983
66078495
66079007
66079519
66080031
21415561
21416073
21416585
21417097
21417609
21418121
21418633
21419145
21419657
21420169
21415562
21416074
21416586
21417098
21417610
21418122
21418634
21419146
21419658
21420170
21415563
21416075
21416587
21417099
21417611
21418123
21418635
21419147
21419659
21420171
21415564
21416076
21416588
21417100
21417612
21418124
21418636
21419148
21419660
21420172
21415565
21416077
21416589
21417101
21417613
21418125
21418637
21419149
21419661
21420173
21415566
21416078
21416590
21417102
21417614
21418126
21418638
21419150
21419662
21420174
21415567
21416079
21416591
21417103
21417615
21418127
21418639
21419151
21419663
21420175
21415568
21416080
21416592
21417104
21417616
21418128
21418640
21419152
21419664
21420176
21415569
21416081
21416593
21417105
21417617
21418129
21418641
21419153
21419665
21420177
21415570
21416082
21416594
21417106
21417618
21418130
21418642
21419154
21419666
21420178
43986675
43987187
43987699
43988211
43988723
43989235
43989747
43990259
43990771
43991283
43986676
43987188
43987700
43988212
43988724
43989236
43989748
43990260
43990772
43991284
43986677
43987189
43987701
43988213
43988725
43989237
43989749
43990261
43990773
43991285
43986678
43987190
43987702
43988214
43988726
43989238
43989750
43990262
43990774
43991286
43986679
43987191
43987703
43988215
43988727
43989239
43989751
43990263
43990775
43991287
43986680
43987192
43987704
43988216
43988728
43989240
43989752
43990264
43990776
43991288
43986681
43987193
43987705
43988217
43988729
43989241
43989753
43990265
43990777
43991289
43986682
43987194
43987706
43988218
43988730
43989242
43989754
43990266
43990778
43991290
43986683
43987195
43987707
43988219
43988731
43989243
43989755
43990267
43990779
43991291
43986684
43987196
43987708
43988220
43988732
43989244
43989756
43990268
43990780
43991292
9121183
9121695
9122207
9122719
9123231
9123743
9124255
9124767
9125279
9125791
9121184
9121696
9122208
9122720
9123232
9123744
9124256
9124768
9125280
9125792
9121185
9121697
9122209
9122721
9123233
9123745
9124257
9124769
9125281
9125793
9121186
9121698
9122210
9122722
9123234
9123746
9124258
9124770
9125282
9125794
9121187
9121699
9122211
9122723
9123235
9123747
9124259
9124771
9125283
9125795
9121188
9121700
9122212
9122724
9123236
9123748
9124260
9124772
9125284
9125796
9121189
9121701
9122213
9122725
9123237
9123749
9124261
9124773
9125285
9125797
9121190
9121702
9122214
9122726
9123238
9123750
9124262
9124774
9125286
9125798
9121191
9121703
9122215
9122727
9123239
9123751
9124263
9124775
9125287
9125799
9121192
9121704
9122216
9122728
9123240
9123752
9124264
9124776
9125288
9125800
63170784
63171296
63171808
63172320
63172832
63173344
63173856
63174368
63174880
63175392
63170785
63171297
63171809
63172321
63172833
63173345
63173857
63174369
63174881
63175393
63170786
63171298
63171810
63172322
63172834
63173346
63173858
63174370
63174882
63175394
63170787
63171299
63171811
63172323
63172835
63173347
63173859
63174371
63174883
63175395
63170788
63171300
63171812
63172324
63172836
63173348
63173860
63174372
63174884
63175396
63170789
63171301
63171813
63172325
63172837
63173349
63173861
63174373
63174885
63175397
63170790
63171302
63171814
63172326
63172838
63173350
63173862
63174374
63174886
63175398
63170791
63171303
63171815
63172327
63172839
63173351
63173863
63174375
63174887
63175399
63170792
63171304
63171816
63172328
63172840
63173352
63173864
63174376
63174888
63175400
63170793
63171305
63171817
63172329
63172841
63173353
63173865
63174377
63174889
63175401
36556683
36557195
36557707
36558219
36558731
36559243
36559755
36560267
36560779
36561291
36556684
36557196
36557708
36558220
36558732
36559244
36559756
36560268
36560780
36561292
36556685
36557197
36557709
36558221
36558733
36559245
36559757
36560269
36560781
36561293
36556686
36557198
36557710
36558222
36558734
36559246
36559758
36560270
36560782
36561294
36556687
36557199
36557711
36558223
36558735
36559247
36559759
36560271
36560783
36561295
36556688
36557200
36557712
36558224
36558736
36559248
36559760
36560272
36560784
36561296
36556689
36557201
36557713
36558225
36558737
36559249
36559761
36560273
36560785
36561297
36556690
36557202
36557714
36558226
36558738
36559250
36559762
36560274
36560786
36561298
36556691
36557203
36557715
36558227
36558739
36559251
36559763
36560275
36560787
36561299
36556692
36557204
36557716
36558228
36558740
36559252
36559764
36560276
36560788
36561300
46263308
46263820
46264332
46264844
46265356
46265868
46266380
46266892
46267404
46267916
46263309
46263821
46264333
46264845
46265357
46265869
46266381
46266893
46267405
46267917
46263310
46263822
46264334
46264846
46265358
46265870
46266382
46266894
46267406
46267918
46263311
46263823
46264335
46264847
46265359
46265871
46266383
46266895
46267407
46267919
46263312
46263824
46264336
46264848
46265360
46265872
46266384
46266896
46267408
46267920
46263313
46263825
46264337
46264849
46265361
46265873
46266385
46266897
46267409
46267921
46263314
46263826
46264338
46264850
46265362
46265874
46266386
46266898
46267410
46267922
46263315
46263827
46264339
46264851
46265363
46265875
46266387
46266899
46267411
46267923
46263316
46263828
46264340
46264852
46265364
46265876
46266388
46266900
46267412
46267924
46263317
46263829
46264341
46264853
46265365
46265877
46266389
46266901
46267413
46267925
14301840
14302352
14302864
14303376
14303888
14304400
14304912
14305424
14305936
14306448
14301841
14302353
14302865
14303377
14303889
14304401
14304913
14305425
14305937
14306449
14301842
14302354
14302866
14303378
14303890
14304402
14304914
14305426
14305938
14306450
14301843
14302355
14302867
14303379
14303891
14304403
14304915
14305427
14305939
14306451
14301844
14302356
14302868
14303380
14303892
14304404
14304916
14305428
14305940
14306452
14301845
14302357
14302869
14303381
14303893
14304405
14304917
14305429
14305941
14306453
14301846
14302358
14302870
14303382
14303894
14304406
14304918
14305430
14305942
14306454
14301847
14302359
14302871
14303383
14303895
14304407
14304919
14305431
14305943
14306455
14301848
14302360
14302872
14303384
14303896
14304408
14304920
14305432
14305944
14306456
14301849
14302361
14302873
14303385
14303897
14304409
14304921
14305433
14305945
14306457
52489075
52489587
52490099
52490611
52491123
52491635
52492147
52492659
52493171
52493683
52489076
52489588
52490100
52490612
52491124
52491636
52492148
52492660
52493172
52493684
52489077
52489589
52490101
52490613
52491125
52491637
52492149
52492661
52493173
52493685
52489078
52489590
52490102
52490614
52491126
52491638
52492150
52492662
52493174
52493686
52489079
52489591
52490103
52490615
52491127
52491639
52492151
52492663
52493175
52493687
52489080
52489592
52490104
52490616
52491128
52491640
52492152
52492664
52493176
52493688
52489081
52489593
52490105
52490617
52491129
52491641
52492153
52492665
52493177
52493689
52489082
52489594
52490106
52490618
52491130
52491642
52492154
52492666
52493178
52493690
52489083
52489595
52490107
52490619
52491131
52491643
52492155
52492667
52493179
52493691
52489084
52489596
52490108
52490620
52491132
52491644
52492156
52492668
52493180
52493692
27974730
27975242
27975754
27976266
27976778
27977290
27977802
27978314
27978826
27979338
27974731
27975243
27975755
27976267
27976779
27977291
27977803
27978315
27978827
27979339
27974732
27975244
27975756
27976268
27976780
27977292
27977804
27978316
27978828
27979340
27974733
27975245
27975757
27976269
27976781
27977293
27977805
27978317
27978829
27979341
27974734
27975246
27975758
27976270
27976782
27977294
27977806
27978318
27978830
27979342
27974735
27975247
27975759
27976271
27976783
27977295
27977807
27978319
27978831
27979343
27974736
27975248
27975760
27976272
27976784
27977296
27977808
27978320
27978832
27979344
27974737
27975249
27975761
27976273
27976785
27977297
27977809
27978321
27978833
27979345
27974738
27975250
27975762
27976274
27976786
27977298
27977810
27978322
27978834
27979346
27974739
27975251
27975763
27976275
27976787
27977299
27977811
27978323
27978835
27979347
41887966
41888478
41888990
41889502
41890014
41890526
41891038
41891550
41892062
41892574
41887967
41888479
41888991
41889503
41890015
41890527
41891039
41891551
41892063
41892575
41887968
41888480
41888992
41889504
41890016
41890528
41891040
41891552
41892064
41892576
41887969
41888481
41888993
41889505
41890017
41890529
41891041
41891553
41892065
41892577
41887970
41888482
41888994
41889506
41890018
41890530
41891042
41891554
41892066
41892578
41887971
41888483
41888995
41889507
41890019
41890531
41891043
41891555
41892067
41892579
41887972
41888484
41888996
41889508
41890020
41890532
41891044
41891556
41892068
41892580
41887973
41888485
41888997
41889509
41890021
41890533
41891045
41891557
41892069
41892581
41887974
41888486
41888998
41889510
41890022
41890534
41891046
41891558
41892070
41892582
41887975
41888487
41888999
41889511
41890023
41890535
41891047
41891559
41892071
41892583
55143850
55144362
55144874
55145386
55145898
55146410
55146922
55147434
55147946
55148458
55143851
55144363
55144875
55145387
55145899
55146411
55146923
55147435
55147947
55148459
55143852
55144364
55144876
55145388
55145900
55146412
55146924
55147436
55147948
55148460
55143853
55144365
55144877
55145389
55145901
55146413
55146925
55147437
55147949
55148461
55143854
55144366
55144878
55145390
55145902
55146414
55146926
55147438
55147950
55148462
55143855
55144367
55144879
55145391
55145903
55146415
55146927
55147439
55147951
55148463
55143856
55144368
55144880
55145392
55145904
55146416
55146928
55147440
55147952
55148464
55143857
55144369
55144881
55145393
55145905
55146417
55146929
55147441
55147953
55148465
55143858
55144370
55144882
55145394
55145906
55146418
55146930
55147442
55147954
55148466
55143859
55144371
55144883
55145395
55145907
55146419
55146931
55147443
55147955
55148467
43934943
43935455
43935967
43936479
43936991
43937503
43938015
43938527
43939039
43939551
43934944
43935456
43935968
43936480
43936992
43937504
43938016
43938528
43939040
43939552
43934945
43935457
43935969
43936481
43936993
43937505
43938017
43938529
43939041
43939553
43934946
43935458
43935970
43936482
43936994
43937506
43938018
43938530
43939042
43939554
43934947
43935459
43935971
43936483
43936995
43937507
43938019
43938531
43939043
43939555
43934948
43935460
43935972
43936484
43936996
43937508
43938020
43938532
43939044
43939556
43934949
43935461
43935973
43936485
43936997
43937509
43938021
43938533
43939045
43939557
43934950
43935462
43935974
43936486
43936998
43937510
43938022
43938534
43939046
43939558
43934951
43935463
43935975
43936487
43936999
43937511
43938023
43938535
43939047
43939559
43934952
43935464
43935976
43936488
43937000
43937512
43938024
43938536
43939048
43939560
3644178
3644690
3645202
3645714
3646226
3646738
3647250
3647762
3648274
3648786
3644179
3644691
3645203
3645715
3646227
3646739
3647251
3647763
3648275
3648787
3644180
3644692
3645204
3645716
3646228
3646740
3647252
3647764
3648276
3648788
3644181
3644693
3645205
3645717
3646229
3646741
3647253
3647765
3648277
3648789
3644182
3644694
3645206
3645718
3646230
3646742
3647254
3647766
3648278
3648790
3644183
3644695
3645207
3645719
3646231
3646743
3647255
3647767
3648279
3648791
3644184
3644696
3645208
3645720
3646232
3646744
3647256
3647768
3648280
3648792
3644185
3644697
3645209
3645721
3646233
3646745
3647257
3647769
3648281
3648793
3644186
3644698
3645210
3645722
3646234
3646746
3647258
3647770
3648282
3648794
3644187
3644699
3645211
3645723
3646235
3646747
3647259
3647771
3648283
3648795
51521420
51521932
51522444
51522956
51523468
51523980
51524492
51525004
51525516
51526028
51521421
51521933
51522445
51522957
51523469
51523981
51524493
51525005
51525517
51526029
51521422
51521934
51522446
51522958
51523470
51523982
51524494
51525006
51525518
51526030
51521423
51521935
51522447
51522959
51523471
51523983
51524495
51525007
51525519
51526031
51521424
51521936
51522448
51522960
51523472
51523984
51524496
51525008
51525520
51526032
51521425
51521937
51522449
51522961
51523473
51523985
51524497
51525009
51525521
51526033
51521426
51521938
51522450
51522962
51523474
51523986
51524498
51525010
51525522
51526034
51521427
51521939
51522451
51522963
51523475
51523987
51524499
51525011
51525523
51526035
51521428
51521940
51522452
51522964
51523476
51523988
51524500
51525012
51525524
51526036
51521429
51521941
51522453
51522965
51523477
51523989
51524501
51525013
51525525
51526037
48743381
48743893
48744405
48744917
48745429
48745941
48746453
48746965
48747477
48747989
48743382
48743894
48744406
48744918
48745430
48745942
48746454
48746966
48747478
48747990
48743383
48743895
48744407
48744919
48745431
48745943
48746455
48746967
48747479
48747991
48743384
48743896
48744408
48744920
48745432
48745944
48746456
48746968
48747480
48747992
48743385
48743897
48744409
48744921
48745433
48745945
48746457
48746969
48747481
48747993
48743386
48743898
48744410
48744922
48745434
48745946
48746458
48746970
48747482
48747994
48743387
48743899
48744411
48744923
48745435
48745947
48746459
48746971
48747483
48747995
48743388
48743900
48744412
48744924
48745436
48745948
48746460
48746972
48747484
48747996
48743389
48743901
48744413
48744925
48745437
48745949
48746461
48746973
48747485
48747997
48743390
48743902
48744414
48744926
48745438
48745950
48746462
48746974
48747486
48747998
34256408
34256920
34257432
34257944
34258456
34258968
34259480
34259992
34260504
34261016
34256409
34256921
34257433
34257945
34258457
34258969
34259481
34259993
34260505
34261017
34256410
34256922
34257434
34257946
34258458
34258970
34259482
34259994
34260506
34261018
34256411
34256923
34257435
34257947
34258459
34258971
34259483
34259995
34260507
34261019
34256412
34256924
34257436
34257948
34258460
34258972
34259484
34259996
34260508
34261020
34256413
34256925
34257437
34257949
34258461
34258973
34259485
34259997
34260509
34261021
34256414
34256926
34257438
34257950
34258462
34258974
34259486
34259998
34260510
34261022
34256415
34256927
34257439
34257951
34258463
34258975
34259487
34259999
34260511
34261023
34256416
34256928
34257440
34257952
34258464
34258976
34259488
34260000
34260512
34261024
34256417
34256929
34257441
34257953
34258465
34258977
34259489
34260001
34260513
34261025
46948846
46949358
46949870
46950382
46950894
46951406
46951918
46952430
46952942
46953454
46948847
46949359
46949871
46950383
46950895
46951407
46951919
46952431
46952943
46953455
46948848
46949360
46949872
46950384
46950896
46951408
46951920
46952432
46952944
46953456
46948849
46949361
46949873
46950385
46950897
46951409
46951921
46952433
46952945
46953457
46948850
46949362
46949874
46950386
46950898
46951410
46951922
46952434
46952946
46953458
46948851
46949363
46949875
46950387
46950899
46951411
46951923
46952435
46952947
46953459
46948852
46949364
46949876
46950388
46950900
46951412
46951924
46952436
46952948
46953460
46948853
46949365
46949877
46950389
46950901
46951413
46951925
46952437
46952949
46953461
46948854
46949366
46949878
46950390
46950902
46951414
46951926
46952438
46952950
46953462
46948855
46949367
46949879
46950391
46950903
46951415
46951927
46952439
46952951
46953463
34663524
34664036
34664548
34665060
34665572
34666084
34666596
34667108
34667620
34668132
34663525
34664037
34664549
34665061
34665573
34666085
34666597
34667109
34667621
34668133
34663526
34664038
34664550
34665062
34665574
34666086
34666598
34667110
34667622
34668134
34663527
34664039
34664551
34665063
34665575
34666087
34666599
34667111
34667623
34668135
34663528
34664040
34664552
34665064
34665576
34666088
34666600
34667112
34667624
34668136
34663529
34664041
34664553
34665065
34665577
34666089
34666601
34667113
34667625
34668137
34663530
34664042
34664554
34665066
34665578
34666090
34666602
34667114
34667626
34668138
34663531
34664043
34664555
34665067
34665579
34666091
34666603
34667115
34667627
34668139
34663532
34664044
34664556
34665068
34665580
34666092
34666604
34667116
34667628
34668140
34663533
34664045
34664557
34665069
34665581
34666093
34666605
34667117
34667629
34668141
46182056
46182568
46183080
46183592
46184104
46184616
46185128
46185640
46186152
46186664
46182057
46182569
46183081
46183593
46184105
46184617
46185129
46185641
46186153
46186665
46182058
46182570
46183082
46183594
46184106
46184618
46185130
46185642
46186154
46186666
46182059
46182571
46183083
46183595
46184107
46184619
46185131
46185643
46186155
46186667
46182060
46182572
46183084
46183596
46184108
46184620
46185132
46185644
46186156
46186668
46182061
46182573
46183085
46183597
46184109
46184621
46185133
46185645
46186157
46186669
46182062
46182574
46183086
46183598
46184110
46184622
46185134
46185646
46186158
46186670
46182063
46182575
46183087
46183599
46184111
46184623
46185135
46185647
46186159
46186671
46182064
46182576
46183088
46183600
46184112
46184624
46185136
46185648
46186160
46186672
46182065
46182577
46183089
46183601
46184113
46184625
46185137
46185649
46186161
46186673
46532623
46533135
46533647
46534159
46534671
46535183
46535695
46536207
46536719
46537231
46532624
46533136
46533648
46534160
46534672
46535184
46535696
46536208
46536720
46537232
46532625
46533137
46533649
46534161
46534673
46535185
46535697
46536209
46536721
46537233
46532626
46533138
46533650
46534162
46534674
46535186
46535698
46536210
46536722
46537234
46532627
46533139
46533651
46534163
46534675
46535187
46535699
46536211
46536723
46537235
46532628
46533140
46533652
46534164
46534676
46535188
46535700
46536212
46536724
46537236
46532629
46533141
46533653
46534165
46534677
46535189
46535701
46536213
46536725
46537237
46532630
46533142
46533654
46534166
46534678
46535190
46535702
46536214
46536726
46537238
46532631
46533143
46533655
46534167
46534679
46535191
46535703
46536215
46536727
46537239
46532632
46533144
46533656
46534168
46534680
46535192
46535704
46536216
46536728
46537240
36513887
36514399
36514911
36515423
36515935
36516447
36516959
36517471
36517983
36518495
36513888
36514400
36514912
36515424
36515936
36516448
36516960
36517472
36517984
36518496
36513889
36514401
36514913
36515425
36515937
36516449
36516961
36517473
36517985
36518497
36513890
36514402
36514914
36515426
36515938
36516450
36516962
36517474
36517986
36518498
36513891
36514403
36514915
36515427
36515939
36516451
36516963
36517475
36517987
36518499
36513892
36514404
36514916
36515428
36515940
36516452
36516964
36517476
36517988
36518500
36513893
36514405
36514917
36515429
36515941
36516453
36516965
36517477
36517989
36518501
36513894
36514406
36514918
36515430
36515942
36516454
36516966
36517478
36517990
36518502
36513895
36514407
36514919
36515431
36515943
36516455
36516967
36517479
36517991
36518503
36513896
36514408
36514920
36515432
36515944
36516456
36516968
36517480
36517992
36518504
