43455528
43456040
43456552
43457064
43457576
43458088
43458600
43459112
43459624
43460136
43455529
43456041
43456553
43457065
43457577
43458089
43458601
43459113
43459625
43460137
43455530
43456042
43456554
43457066
43457578
43458090
43458602
43459114
43459626
43460138
43455531
43456043
43456555
43457067
43457579
43458091
43458603
43459115
43459627
43460139
43455532
43456044
43456556
43457068
43457580
43458092
43458604
43459116
43459628
43460140
43455533
43456045
43456557
43457069
43457581
43458093
43458605
43459117
43459629
43460141
43455534
43456046
43456558
43457070
43457582
43458094
43458606
43459118
43459630
43460142
43455535
43456047
43456559
43457071
43457583
43458095
43458607
43459119
43459631
43460143
43455536
43456048
43456560
43457072
43457584
43458096
43458608
43459120
43459632
43460144
43455537
43456049
43456561
43457073
43457585
43458097
43458609
43459121
43459633
43460145
66722799
66723311
66723823
66724335
66724847
66725359
66725871
66726383
66726895
66727407
66722800
66723312
66723824
66724336
66724848
66725360
66725872
66726384
66726896
66727408
66722801
66723313
66723825
66724337
66724849
66725361
66725873
66726385
66726897
66727409
66722802
66723314
66723826
66724338
66724850
66725362
66725874
66726386
66726898
66727410
66722803
66723315
66723827
66724339
66724851
66725363
66725875
66726387
66726899
66727411
66722804
66723316
66723828
66724340
66724852
66725364
66725876
66726388
66726900
66727412
66722805
66723317
66723829
66724341
66724853
66725365
66725877
66726389
66726901
66727413
66722806
66723318
66723830
66724342
66724854
66725366
66725878
66726390
66726902
66727414
66722807
66723319
66723831
66724343
66724855
66725367
66725879
66726391
66726903
66727415
66722808
66723320
66723832
66724344
66724856
66725368
66725880
66726392
66726904
66727416
5638616
5639128
5639640
5640152
5640664
5641176
5641688
5642200
5642712
5643224
5638617
5639129
5639641
5640153
5640665
5641177
5641689
5642201
5642713
5643225
5638618
5639130
5639642
5640154
5640666
5641178
5641690
5642202
5642714
5643226
5638619
5639131
5639643
5640155
5640667
5641179
5641691
5642203
5642715
5643227
5638620
5639132
5639644
5640156
5640668
5641180
5641692
5642204
5642716
5643228
5638621
5639133
5639645
5640157
5640669
5641181
5641693
5642205
5642717
5643229
5638622
5639134
5639646
5640158
5640670
5641182
5641694
5642206
5642718
5643230
5638623
5639135
5639647
5640159
5640671
5641183
5641695
5642207
5642719
5643231
5638624
5639136
5639648
5640160
5640672
5641184
5641696
5642208
5642720
5643232
5638625
5639137
5639649
5640161
5640673
5641185
5641697
5642209
5642721
5643233
53008928
53009440
53009952
53010464
53010976
53011488
53012000
53012512
53013024
53013536
53008929
53009441
53009953
53010465
53010977
53011489
53012001
53012513
53013025
53013537
53008930
53009442
53009954
53010466
53010978
53011490
53012002
53012514
53013026
53013538
53008931
53009443
53009955
53010467
53010979
53011491
53012003
53012515
53013027
53013539
53008932
53009444
53009956
53010468
53010980
53011492
53012004
53012516
53013028
53013540
53008933
53009445
53009957
53010469
53010981
53011493
53012005
53012517
53013029
53013541
53008934
53009446
53009958
53010470
53010982
53011494
53012006
53012518
53013030
53013542
53008935
53009447
53009959
53010471
53010983
53011495
53012007
53012519
53013031
53013543
53008936
53009448
53009960
53010472
53010984
53011496
53012008
53012520
53013032
53013544
53008937
53009449
53009961
53010473
53010985
53011497
53012009
53012521
53013033
53013545
59617747
59618259
59618771
59619283
59619795
59620307
59620819
59621331
59621843
59622355
59617748
59618260
59618772
59619284
59619796
59620308
59620820
59621332
59621844
59622356
59617749
59618261
59618773
59619285
59619797
59620309
59620821
59621333
59621845
59622357
59617750
59618262
59618774
59619286
59619798
59620310
59620822
59621334
59621846
59622358
59617751
59618263
59618775
59619287
59619799
59620311
59620823
59621335
59621847
59622359
59617752
59618264
59618776
59619288
59619800
59620312
59620824
59621336
59621848
59622360
59617753
59618265
59618777
59619289
59619801
59620313
59620825
59621337
59621849
59622361
59617754
59618266
59618778
59619290
59619802
59620314
59620826
59621338
59621850
59622362
59617755
59618267
59618779
59619291
59619803
59620315
59620827
59621339
59621851
59622363
59617756
59618268
59618780
59619292
59619804
59620316
59620828
59621340
59621852
59622364
15091723
15092235
15092747
15093259
15093771
15094283
15094795
15095307
15095819
15096331
15091724
15092236
15092748
15093260
15093772
15094284
15094796
15095308
15095820
15096332
15091725
15092237
15092749
15093261
15093773
15094285
15094797
15095309
15095821
15096333
15091726
15092238
15092750
15093262
15093774
15094286
15094798
15095310
15095822
15096334
15091727
15092239
15092751
15093263
15093775
15094287
15094799
15095311
15095823
15096335
15091728
15092240
15092752
15093264
15093776
15094288
15094800
15095312
15095824
15096336
15091729
15092241
15092753
15093265
15093777
15094289
15094801
15095313
15095825
15096337
15091730
15092242
15092754
15093266
15093778
15094290
15094802
15095314
15095826
15096338
15091731
15092243
15092755
15093267
15093779
15094291
15094803
15095315
15095827
15096339
15091732
15092244
15092756
15093268
15093780
15094292
15094804
15095316
15095828
15096340
2495604
2496116
2496628
2497140
2497652
2498164
2498676
2499188
2499700
2500212
2495605
2496117
2496629
2497141
2497653
2498165
2498677
2499189
2499701
2500213
2495606
2496118
2496630
2497142
2497654
2498166
2498678
2499190
2499702
2500214
2495607
2496119
2496631
2497143
2497655
2498167
2498679
2499191
2499703
2500215
2495608
2496120
2496632
2497144
2497656
2498168
2498680
2499192
2499704
2500216
2495609
2496121
2496633
2497145
2497657
2498169
2498681
2499193
2499705
2500217
2495610
2496122
2496634
2497146
2497658
2498170
2498682
2499194
2499706
2500218
2495611
2496123
2496635
2497147
2497659
2498171
2498683
2499195
2499707
2500219
2495612
2496124
2496636
2497148
2497660
2498172
2498684
2499196
2499708
2500220
2495613
2496125
2496637
2497149
2497661
2498173
2498685
2499197
2499709
2500221
33418051
33418563
33419075
33419587
33420099
33420611
33421123
33421635
33422147
33422659
33418052
33418564
33419076
33419588
33420100
33420612
33421124
33421636
33422148
33422660
33418053
33418565
33419077
33419589
33420101
33420613
33421125
33421637
33422149
33422661
33418054
33418566
33419078
33419590
33420102
33420614
33421126
33421638
33422150
33422662
33418055
33418567
33419079
33419591
33420103
33420615
33421127
33421639
33422151
33422663
33418056
33418568
33419080
33419592
33420104
33420616
33421128
33421640
33422152
33422664
33418057
33418569
33419081
33419593
33420105
33420617
33421129
33421641
33422153
33422665
33418058
33418570
33419082
33419594
33420106
33420618
33421130
33421642
33422154
33422666
33418059
33418571
33419083
33419595
33420107
33420619
33421131
33421643
33422155
33422667
33418060
33418572
33419084
33419596
33420108
33420620
33421132
33421644
33422156
33422668
25975450
25975962
25976474
25976986
25977498
25978010
25978522
25979034
25979546
25980058
25975451
25975963
25976475
25976987
25977499
25978011
25978523
25979035
25979547
25980059
25975452
25975964
25976476
25976988
25977500
25978012
25978524
25979036
25979548
25980060
25975453
25975965
25976477
25976989
25977501
25978013
25978525
25979037
25979549
25980061
25975454
25975966
25976478
25976990
25977502
25978014
25978526
25979038
25979550
25980062
25975455
25975967
25976479
25976991
25977503
25978015
25978527
25979039
25979551
25980063
25975456
25975968
25976480
25976992
25977504
25978016
25978528
25979040
25979552
25980064
25975457
25975969
25976481
25976993
25977505
25978017
25978529
25979041
25979553
25980065
25975458
25975970
25976482
25976994
25977506
25978018
25978530
25979042
25979554
25980066
25975459
25975971
25976483
25976995
25977507
25978019
25978531
25979043
25979555
25980067
53394584
53395096
53395608
53396120
53396632
53397144
53397656
53398168
53398680
53399192
53394585
53395097
53395609
53396121
53396633
53397145
53397657
53398169
53398681
53399193
53394586
53395098
53395610
53396122
53396634
53397146
53397658
53398170
53398682
53399194
53394587
53395099
53395611
53396123
53396635
53397147
53397659
53398171
53398683
53399195
53394588
53395100
53395612
53396124
53396636
53397148
53397660
53398172
53398684
53399196
53394589
53395101
53395613
53396125
53396637
53397149
53397661
53398173
53398685
53399197
53394590
53395102
53395614
53396126
53396638
53397150
53397662
53398174
53398686
53399198
53394591
53395103
53395615
53396127
53396639
53397151
53397663
53398175
53398687
53399199
53394592
53395104
53395616
53396128
53396640
53397152
53397664
53398176
53398688
53399200
53394593
53395105
53395617
53396129
53396641
53397153
53397665
53398177
53398689
53399201
23455049
23455561
23456073
23456585
23457097
23457609
23458121
23458633
23459145
23459657
23455050
23455562
23456074
23456586
23457098
23457610
23458122
23458634
23459146
23459658
23455051
23455563
23456075
23456587
23457099
23457611
23458123
23458635
23459147
23459659
23455052
23455564
23456076
23456588
23457100
23457612
23458124
23458636
23459148
23459660
23455053
23455565
23456077
23456589
23457101
23457613
23458125
23458637
23459149
23459661
23455054
23455566
23456078
23456590
23457102
23457614
23458126
23458638
23459150
23459662
23455055
23455567
23456079
23456591
23457103
23457615
23458127
23458639
23459151
23459663
23455056
23455568
23456080
23456592
23457104
23457616
23458128
23458640
23459152
23459664
23455057
23455569
23456081
23456593
23457105
23457617
23458129
23458641
23459153
23459665
23455058
23455570
23456082
23456594
23457106
23457618
23458130
23458642
23459154
23459666
66694640
66695152
66695664
66696176
66696688
66697200
66697712
66698224
66698736
66699248
66694641
66695153
66695665
66696177
66696689
66697201
66697713
66698225
66698737
66699249
66694642
66695154
66695666
66696178
66696690
66697202
66697714
66698226
66698738
66699250
66694643
66695155
66695667
66696179
66696691
66697203
66697715
66698227
66698739
66699251
66694644
66695156
66695668
66696180
66696692
66697204
66697716
66698228
66698740
66699252
66694645
66695157
66695669
66696181
66696693
66697205
66697717
66698229
66698741
66699253
66694646
66695158
66695670
66696182
66696694
66697206
66697718
66698230
66698742
66699254
66694647
66695159
66695671
66696183
66696695
66697207
66697719
66698231
66698743
66699255
66694648
66695160
66695672
66696184
66696696
66697208
66697720
66698232
66698744
66699256
66694649
66695161
66695673
66696185
66696697
66697209
66697721
66698233
66698745
66699257
8700479
8700991
8701503
8702015
8702527
8703039
8703551
8704063
8704575
8705087
8700480
8700992
8701504
8702016
8702528
8703040
8703552
8704064
8704576
8705088
8700481
8700993
8701505
8702017
8702529
8703041
8703553
8704065
8704577
8705089
8700482
8700994
8701506
8702018
8702530
8703042
8703554
8704066
8704578
8705090
8700483
8700995
8701507
8702019
8702531
8703043
8703555
8704067
8704579
8705091
8700484
8700996
8701508
8702020
8702532
8703044
8703556
8704068
8704580
8705092
8700485
8700997
8701509
8702021
8702533
8703045
8703557
8704069
8704581
8705093
8700486
8700998
8701510
8702022
8702534
8703046
8703558
8704070
8704582
8705094
8700487
8700999
8701511
8702023
8702535
8703047
8703559
8704071
8704583
8705095
8700488
8701000
8701512
8702024
8702536
8703048
8703560
8704072
8704584
8705096
16653468
16653980
16654492
16655004
16655516
16656028
16656540
16657052
16657564
16658076
16653469
16653981
16654493
16655005
16655517
16656029
16656541
16657053
16657565
16658077
16653470
16653982
16654494
16655006
16655518
16656030
16656542
16657054
16657566
16658078
16653471
16653983
16654495
16655007
16655519
16656031
16656543
16657055
16657567
16658079
16653472
16653984
16654496
16655008
16655520
16656032
16656544
16657056
16657568
16658080
16653473
16653985
16654497
16655009
16655521
16656033
16656545
16657057
16657569
16658081
16653474
16653986
16654498
16655010
16655522
16656034
16656546
16657058
16657570
16658082
16653475
16653987
16654499
16655011
16655523
16656035
16656547
16657059
16657571
16658083
16653476
16653988
16654500
16655012
16655524
16656036
16656548
16657060
16657572
16658084
16653477
16653989
16654501
16655013
16655525
16656037
16656549
16657061
16657573
16658085
30960453
30960965
30961477
30961989
30962501
30963013
30963525
30964037
30964549
30965061
30960454
30960966
30961478
30961990
30962502
30963014
30963526
30964038
30964550
30965062
30960455
30960967
30961479
30961991
30962503
30963015
30963527
30964039
30964551
30965063
30960456
30960968
30961480
30961992
30962504
30963016
30963528
30964040
30964552
30965064
30960457
30960969
30961481
30961993
30962505
30963017
30963529
30964041
30964553
30965065
30960458
30960970
30961482
30961994
30962506
30963018
30963530
30964042
30964554
30965066
30960459
30960971
30961483
30961995
30962507
30963019
30963531
30964043
30964555
30965067
30960460
30960972
30961484
30961996
30962508
30963020
30963532
30964044
30964556
30965068
30960461
30960973
30961485
30961997
30962509
30963021
30963533
30964045
30964557
30965069
30960462
30960974
30961486
30961998
30962510
30963022
30963534
30964046
30964558
30965070
55243546
55244058
55244570
55245082
55245594
55246106
55246618
55247130
55247642
55248154
55243547
55244059
55244571
55245083
55245595
55246107
55246619
55247131
55247643
55248155
55243548
55244060
55244572
55245084
55245596
55246108
55246620
55247132
55247644
55248156
55243549
55244061
55244573
55245085
55245597
55246109
55246621
55247133
55247645
55248157
55243550
55244062
55244574
55245086
55245598
55246110
55246622
55247134
55247646
55248158
55243551
55244063
55244575
55245087
55245599
55246111
55246623
55247135
55247647
55248159
55243552
55244064
55244576
55245088
55245600
55246112
55246624
55247136
55247648
55248160
55243553
55244065
55244577
55245089
55245601
55246113
55246625
55247137
55247649
55248161
55243554
55244066
55244578
55245090
55245602
55246114
55246626
55247138
55247650
55248162
55243555
55244067
55244579
55245091
55245603
55246115
55246627
55247139
55247651
55248163
57619367
57619879
57620391
57620903
57621415
57621927
57622439
57622951
57623463
57623975
57619368
57619880
57620392
57620904
57621416
57621928
57622440
57622952
57623464
57623976
57619369
57619881
57620393
57620905
57621417
57621929
57622441
57622953
57623465
57623977
57619370
57619882
57620394
57620906
57621418
57621930
57622442
57622954
57623466
57623978
57619371
57619883
57620395
57620907
57621419
57621931
57622443
57622955
57623467
57623979
57619372
57619884
57620396
57620908
57621420
57621932
57622444
57622956
57623468
57623980
57619373
57619885
57620397
57620909
57621421
57621933
57622445
57622957
57623469
57623981
57619374
57619886
57620398
57620910
57621422
57621934
57622446
57622958
57623470
57623982
57619375
57619887
57620399
57620911
57621423
57621935
57622447
57622959
57623471
57623983
57619376
57619888
57620400
57620912
57621424
57621936
57622448
57622960
57623472
57623984
61881080
61881592
61882104
61882616
61883128
61883640
61884152
61884664
61885176
61885688
61881081
61881593
61882105
61882617
61883129
61883641
61884153
61884665
61885177
61885689
61881082
61881594
61882106
61882618
61883130
61883642
61884154
61884666
61885178
61885690
61881083
61881595
61882107
61882619
61883131
61883643
61884155
61884667
61885179
61885691
61881084
61881596
61882108
61882620
61883132
61883644
61884156
61884668
61885180
61885692
61881085
61881597
61882109
61882621
61883133
61883645
61884157
61884669
61885181
61885693
61881086
61881598
61882110
61882622
61883134
61883646
61884158
61884670
61885182
61885694
61881087
61881599
61882111
61882623
61883135
61883647
61884159
61884671
61885183
61885695
61881088
61881600
61882112
61882624
61883136
61883648
61884160
61884672
61885184
61885696
61881089
61881601
61882113
61882625
61883137
61883649
61884161
61884673
61885185
61885697
25721464
25721976
25722488
25723000
25723512
25724024
25724536
25725048
25725560
25726072
25721465
25721977
25722489
25723001
25723513
25724025
25724537
25725049
25725561
25726073
25721466
25721978
25722490
25723002
25723514
25724026
25724538
25725050
25725562
25726074
25721467
25721979
25722491
25723003
25723515
25724027
25724539
25725051
25725563
25726075
25721468
25721980
25722492
25723004
25723516
25724028
25724540
25725052
25725564
25726076
25721469
25721981
25722493
25723005
25723517
25724029
25724541
25725053
25725565
25726077
25721470
25721982
25722494
25723006
25723518
25724030
25724542
25725054
25725566
25726078
25721471
25721983
25722495
25723007
25723519
25724031
25724543
25725055
25725567
25726079
25721472
25721984
25722496
25723008
25723520
25724032
25724544
25725056
25725568
25726080
25721473
25721985
25722497
25723009
25723521
25724033
25724545
25725057
25725569
25726081
18717275
18717787
18718299
18718811
18719323
18719835
18720347
18720859
18721371
18721883
18717276
18717788
18718300
18718812
18719324
18719836
18720348
18720860
18721372
18721884
18717277
18717789
18718301
18718813
18719325
18719837
18720349
18720861
18721373
18721885
18717278
18717790
18718302
18718814
18719326
18719838
18720350
18720862
18721374
18721886
18717279
18717791
18718303
18718815
18719327
18719839
18720351
18720863
18721375
18721887
18717280
18717792
18718304
18718816
18719328
18719840
18720352
18720864
18721376
18721888
18717281
18717793
18718305
18718817
18719329
18719841
18720353
18720865
18721377
18721889
18717282
18717794
18718306
18718818
18719330
18719842
18720354
18720866
18721378
18721890
18717283
18717795
18718307
18718819
18719331
18719843
18720355
18720867
18721379
18721891
18717284
18717796
18718308
18718820
18719332
18719844
18720356
18720868
18721380
18721892
55743049
55743561
55744073
55744585
55745097
55745609
55746121
55746633
55747145
55747657
55743050
55743562
55744074
55744586
55745098
55745610
55746122
55746634
55747146
55747658
55743051
55743563
55744075
55744587
55745099
55745611
55746123
55746635
55747147
55747659
55743052
55743564
55744076
55744588
55745100
55745612
55746124
55746636
55747148
55747660
55743053
55743565
55744077
55744589
55745101
55745613
55746125
55746637
55747149
55747661
55743054
55743566
55744078
55744590
55745102
55745614
55746126
55746638
55747150
55747662
55743055
55743567
55744079
55744591
55745103
55745615
55746127
55746639
55747151
55747663
55743056
55743568
55744080
55744592
55745104
55745616
55746128
55746640
55747152
55747664
55743057
55743569
55744081
55744593
55745105
55745617
55746129
55746641
55747153
55747665
55743058
55743570
55744082
55744594
55745106
55745618
55746130
55746642
55747154
55747666
36083925
36084437
36084949
36085461
36085973
36086485
36086997
36087509
36088021
36088533
36083926
36084438
36084950
36085462
36085974
36086486
36086998
36087510
36088022
36088534
36083927
36084439
36084951
36085463
36085975
36086487
36086999
36087511
36088023
36088535
36083928
36084440
36084952
36085464
36085976
36086488
36087000
36087512
36088024
36088536
36083929
36084441
36084953
36085465
36085977
36086489
36087001
36087513
36088025
36088537
36083930
36084442
36084954
36085466
36085978
36086490
36087002
36087514
36088026
36088538
36083931
36084443
36084955
36085467
36085979
36086491
36087003
36087515
36088027
36088539
36083932
36084444
36084956
36085468
36085980
36086492
36087004
36087516
36088028
36088540
36083933
36084445
36084957
36085469
36085981
36086493
36087005
36087517
36088029
36088541
36083934
36084446
36084958
36085470
36085982
36086494
36087006
36087518
36088030
36088542
59816053
59816565
59817077
59817589
59818101
59818613
59819125
59819637
59820149
59820661
59816054
59816566
59817078
59817590
59818102
59818614
59819126
59819638
59820150
59820662
59816055
59816567
59817079
59817591
59818103
59818615
59819127
59819639
59820151
59820663
59816056
59816568
59817080
59817592
59818104
59818616
59819128
59819640
59820152
59820664
59816057
59816569
59817081
59817593
59818105
59818617
59819129
59819641
59820153
59820665
59816058
59816570
59817082
59817594
59818106
59818618
59819130
59819642
59820154
59820666
59816059
59816571
59817083
59817595
59818107
59818619
59819131
59819643
59820155
59820667
59816060
59816572
59817084
59817596
59818108
59818620
59819132
59819644
59820156
59820668
59816061
59816573
59817085
59817597
59818109
59818621
59819133
59819645
59820157
59820669
59816062
59816574
59817086
59817598
59818110
59818622
59819134
59819646
59820158
59820670
61096852
61097364
61097876
61098388
61098900
61099412
61099924
61100436
61100948
61101460
61096853
61097365
61097877
61098389
61098901
61099413
61099925
61100437
61100949
61101461
61096854
61097366
61097878
61098390
61098902
61099414
61099926
61100438
61100950
61101462
61096855
61097367
61097879
61098391
61098903
61099415
61099927
61100439
61100951
61101463
61096856
61097368
61097880
61098392
61098904
61099416
61099928
61100440
61100952
61101464
61096857
61097369
61097881
61098393
61098905
61099417
61099929
61100441
61100953
61101465
61096858
61097370
61097882
61098394
61098906
61099418
61099930
61100442
61100954
61101466
61096859
61097371
61097883
61098395
61098907
61099419
61099931
61100443
61100955
61101467
61096860
61097372
61097884
61098396
61098908
61099420
61099932
61100444
61100956
61101468
61096861
61097373
61097885
61098397
61098909
61099421
61099933
61100445
61100957
61101469
16205542
16206054
16206566
16207078
16207590
16208102
16208614
16209126
16209638
16210150
16205543
16206055
16206567
16207079
16207591
16208103
16208615
16209127
16209639
16210151
16205544
16206056
16206568
16207080
16207592
16208104
16208616
16209128
16209640
16210152
16205545
16206057
16206569
16207081
16207593
16208105
16208617
16209129
16209641
16210153
16205546
16206058
16206570
16207082
16207594
16208106
16208618
16209130
16209642
16210154
16205547
16206059
16206571
16207083
16207595
16208107
16208619
16209131
16209643
16210155
16205548
16206060
16206572
16207084
16207596
16208108
16208620
16209132
16209644
16210156
16205549
16206061
16206573
16207085
16207597
16208109
16208621
16209133
16209645
16210157
16205550
16206062
16206574
16207086
16207598
16208110
16208622
16209134
16209646
16210158
16205551
16206063
16206575
16207087
16207599
16208111
16208623
16209135
16209647
16210159
12080687
12081199
12081711
12082223
12082735
12083247
12083759
12084271
12084783
12085295
12080688
12081200
12081712
12082224
12082736
12083248
12083760
12084272
12084784
12085296
12080689
12081201
12081713
12082225
12082737
12083249
12083761
12084273
12084785
12085297
12080690
12081202
12081714
12082226
12082738
12083250
12083762
12084274
12084786
12085298
12080691
12081203
12081715
12082227
12082739
12083251
12083763
12084275
12084787
12085299
12080692
12081204
12081716
12082228
12082740
12083252
12083764
12084276
12084788
12085300
12080693
12081205
12081717
12082229
12082741
12083253
12083765
12084277
12084789
12085301
12080694
12081206
12081718
12082230
12082742
12083254
12083766
12084278
12084790
12085302
12080695
12081207
12081719
12082231
12082743
12083255
12083767
12084279
12084791
12085303
12080696
12081208
12081720
12082232
12082744
12083256
12083768
12084280
12084792
12085304
63440942
63441454
63441966
63442478
63442990
63443502
63444014
63444526
63445038
63445550
63440943
63441455
63441967
63442479
63442991
63443503
63444015
63444527
63445039
63445551
63440944
63441456
63441968
63442480
63442992
63443504
63444016
63444528
63445040
63445552
63440945
63441457
63441969
63442481
63442993
63443505
63444017
63444529
63445041
63445553
63440946
63441458
63441970
63442482
63442994
63443506
63444018
63444530
63445042
63445554
63440947
63441459
63441971
63442483
63442995
63443507
63444019
63444531
63445043
63445555
63440948
63441460
63441972
63442484
63442996
63443508
63444020
63444532
63445044
63445556
63440949
63441461
63441973
63442485
63442997
63443509
63444021
63444533
63445045
63445557
63440950
63441462
63441974
63442486
63442998
63443510
63444022
63444534
63445046
63445558
63440951
63441463
63441975
63442487
63442999
63443511
63444023
63444535
63445047
63445559
5140068
5140580
5141092
5141604
5142116
5142628
5143140
5143652
5144164
5144676
5140069
5140581
5141093
5141605
5142117
5142629
5143141
5143653
5144165
5144677
5140070
5140582
5141094
5141606
5142118
5142630
5143142
5143654
5144166
5144678
5140071
5140583
5141095
5141607
5142119
5142631
5143143
5143655
5144167
5144679
5140072
5140584
5141096
5141608
5142120
5142632
5143144
5143656
5144168
5144680
5140073
5140585
5141097
5141609
5142121
5142633
5143145
5143657
5144169
5144681
5140074
5140586
5141098
5141610
5142122
5142634
5143146
5143658
5144170
5144682
5140075
5140587
5141099
5141611
5142123
5142635
5143147
5143659
5144171
5144683
5140076
5140588
5141100
5141612
5142124
5142636
5143148
5143660
5144172
5144684
5140077
5140589
5141101
5141613
5142125
5142637
5143149
5143661
5144173
5144685
7507301
7507813
7508325
7508837
7509349
7509861
7510373
7510885
7511397
7511909
7507302
7507814
7508326
7508838
7509350
7509862
7510374
7510886
7511398
7511910
7507303
7507815
7508327
7508839
7509351
7509863
7510375
7510887
7511399
7511911
7507304
7507816
7508328
7508840
7509352
7509864
7510376
7510888
7511400
7511912
7507305
7507817
7508329
7508841
7509353
7509865
7510377
7510889
7511401
7511913
7507306
7507818
7508330
7508842
7509354
7509866
7510378
7510890
7511402
7511914
7507307
7507819
7508331
7508843
7509355
7509867
7510379
7510891
7511403
7511915
7507308
7507820
7508332
7508844
7509356
7509868
7510380
7510892
7511404
7511916
7507309
7507821
7508333
7508845
7509357
7509869
7510381
7510893
7511405
7511917
7507310
7507822
7508334
7508846
7509358
7509870
7510382
7510894
7511406
7511918
42212354
42212866
42213378
42213890
42214402
42214914
42215426
42215938
42216450
42216962
42212355
42212867
42213379
42213891
42214403
42214915
42215427
42215939
42216451
42216963
42212356
42212868
42213380
42213892
42214404
42214916
42215428
42215940
42216452
42216964
42212357
42212869
42213381
42213893
42214405
42214917
42215429
42215941
42216453
42216965
42212358
42212870
42213382
42213894
42214406
42214918
42215430
42215942
42216454
42216966
42212359
42212871
42213383
42213895
42214407
42214919
42215431
42215943
42216455
42216967
42212360
42212872
42213384
42213896
42214408
42214920
42215432
42215944
42216456
42216968
42212361
42212873
42213385
42213897
42214409
42214921
42215433
42215945
42216457
42216969
42212362
42212874
42213386
42213898
42214410
42214922
42215434
42215946
42216458
42216970
42212363
42212875
42213387
42213899
42214411
42214923
42215435
42215947
42216459
42216971
