53068496
53069008
53069520
53070032
53070544
53071056
53071568
53072080
53072592
53073104
53068497
53069009
53069521
53070033
53070545
53071057
53071569
53072081
53072593
53073105
53068498
53069010
53069522
53070034
53070546
53071058
53071570
53072082
53072594
53073106
53068499
53069011
53069523
53070035
53070547
53071059
53071571
53072083
53072595
53073107
53068500
53069012
53069524
53070036
53070548
53071060
53071572
53072084
53072596
53073108
53068501
53069013
53069525
53070037
53070549
53071061
53071573
53072085
53072597
53073109
53068502
53069014
53069526
53070038
53070550
53071062
53071574
53072086
53072598
53073110
53068503
53069015
53069527
53070039
53070551
53071063
53071575
53072087
53072599
53073111
53068504
53069016
53069528
53070040
53070552
53071064
53071576
53072088
53072600
53073112
53068505
53069017
53069529
53070041
53070553
53071065
53071577
53072089
53072601
53073113
54067007
54067519
54068031
54068543
54069055
54069567
54070079
54070591
54071103
54071615
54067008
54067520
54068032
54068544
54069056
54069568
54070080
54070592
54071104
54071616
54067009
54067521
54068033
54068545
54069057
54069569
54070081
54070593
54071105
54071617
54067010
54067522
54068034
54068546
54069058
54069570
54070082
54070594
54071106
54071618
54067011
54067523
54068035
54068547
54069059
54069571
54070083
54070595
54071107
54071619
54067012
54067524
54068036
54068548
54069060
54069572
54070084
54070596
54071108
54071620
54067013
54067525
54068037
54068549
54069061
54069573
54070085
54070597
54071109
54071621
54067014
54067526
54068038
54068550
54069062
54069574
54070086
54070598
54071110
54071622
54067015
54067527
54068039
54068551
54069063
54069575
54070087
54070599
54071111
54071623
54067016
54067528
54068040
54068552
54069064
54069576
54070088
54070600
54071112
54071624
29683425
29683937
29684449
29684961
29685473
29685985
29686497
29687009
29687521
29688033
29683426
29683938
29684450
29684962
29685474
29685986
29686498
29687010
29687522
29688034
29683427
29683939
29684451
29684963
29685475
29685987
29686499
29687011
29687523
29688035
29683428
29683940
29684452
29684964
29685476
29685988
29686500
29687012
29687524
29688036
29683429
29683941
29684453
29684965
29685477
29685989
29686501
29687013
29687525
29688037
29683430
29683942
29684454
29684966
29685478
29685990
29686502
29687014
29687526
29688038
29683431
29683943
29684455
29684967
29685479
29685991
29686503
29687015
29687527
29688039
29683432
29683944
29684456
29684968
29685480
29685992
29686504
29687016
29687528
29688040
29683433
29683945
29684457
29684969
29685481
29685993
29686505
29687017
29687529
29688041
29683434
29683946
29684458
29684970
29685482
29685994
29686506
29687018
29687530
29688042
45160141
45160653
45161165
45161677
45162189
45162701
45163213
45163725
45164237
45164749
45160142
45160654
45161166
45161678
45162190
45162702
45163214
45163726
45164238
45164750
45160143
45160655
45161167
45161679
45162191
45162703
45163215
45163727
45164239
45164751
45160144
45160656
45161168
45161680
45162192
45162704
45163216
45163728
45164240
45164752
45160145
45160657
45161169
45161681
45162193
45162705
45163217
45163729
45164241
45164753
45160146
45160658
45161170
45161682
45162194
45162706
45163218
45163730
45164242
45164754
45160147
45160659
45161171
45161683
45162195
45162707
45163219
45163731
45164243
45164755
45160148
45160660
45161172
45161684
45162196
45162708
45163220
45163732
45164244
45164756
45160149
45160661
45161173
45161685
45162197
45162709
45163221
45163733
45164245
45164757
45160150
45160662
45161174
45161686
45162198
45162710
45163222
45163734
45164246
45164758
49876244
49876756
49877268
49877780
49878292
49878804
49879316
49879828
49880340
49880852
49876245
49876757
49877269
49877781
49878293
49878805
49879317
49879829
49880341
49880853
49876246
49876758
49877270
49877782
49878294
49878806
49879318
49879830
49880342
49880854
49876247
49876759
49877271
49877783
49878295
49878807
49879319
49879831
49880343
49880855
49876248
49876760
49877272
49877784
49878296
49878808
49879320
49879832
49880344
49880856
49876249
49876761
49877273
49877785
49878297
49878809
49879321
49879833
49880345
49880857
49876250
49876762
49877274
49877786
49878298
49878810
49879322
49879834
49880346
49880858
49876251
49876763
49877275
49877787
49878299
49878811
49879323
49879835
49880347
49880859
49876252
49876764
49877276
49877788
49878300
49878812
49879324
49879836
49880348
49880860
49876253
49876765
49877277
49877789
49878301
49878813
49879325
49879837
49880349
49880861
58827984
58828496
58829008
58829520
58830032
58830544
58831056
58831568
58832080
58832592
58827985
58828497
58829009
58829521
58830033
58830545
58831057
58831569
58832081
58832593
58827986
58828498
58829010
58829522
58830034
58830546
58831058
58831570
58832082
58832594
58827987
58828499
58829011
58829523
58830035
58830547
58831059
58831571
58832083
58832595
58827988
58828500
58829012
58829524
58830036
58830548
58831060
58831572
58832084
58832596
58827989
58828501
58829013
58829525
58830037
58830549
58831061
58831573
58832085
58832597
58827990
58828502
58829014
58829526
58830038
58830550
58831062
58831574
58832086
58832598
58827991
58828503
58829015
58829527
58830039
58830551
58831063
58831575
58832087
58832599
58827992
58828504
58829016
58829528
58830040
58830552
58831064
58831576
58832088
58832600
58827993
58828505
58829017
58829529
58830041
58830553
58831065
58831577
58832089
58832601
34502292
34502804
34503316
34503828
34504340
34504852
34505364
34505876
34506388
34506900
34502293
34502805
34503317
34503829
34504341
34504853
34505365
34505877
34506389
34506901
34502294
34502806
34503318
34503830
34504342
34504854
34505366
34505878
34506390
34506902
34502295
34502807
34503319
34503831
34504343
34504855
34505367
34505879
34506391
34506903
34502296
34502808
34503320
34503832
34504344
34504856
34505368
34505880
34506392
34506904
34502297
34502809
34503321
34503833
34504345
34504857
34505369
34505881
34506393
34506905
34502298
34502810
34503322
34503834
34504346
34504858
34505370
34505882
34506394
34506906
34502299
34502811
34503323
34503835
34504347
34504859
34505371
34505883
34506395
34506907
34502300
34502812
34503324
34503836
34504348
34504860
34505372
34505884
34506396
34506908
34502301
34502813
34503325
34503837
34504349
34504861
34505373
34505885
34506397
34506909
46029999
46030511
46031023
46031535
46032047
46032559
46033071
46033583
46034095
46034607
46030000
46030512
46031024
46031536
46032048
46032560
46033072
46033584
46034096
46034608
46030001
46030513
46031025
46031537
46032049
46032561
46033073
46033585
46034097
46034609
46030002
46030514
46031026
46031538
46032050
46032562
46033074
46033586
46034098
46034610
46030003
46030515
46031027
46031539
46032051
46032563
46033075
46033587
46034099
46034611
46030004
46030516
46031028
46031540
46032052
46032564
46033076
46033588
46034100
46034612
46030005
46030517
46031029
46031541
46032053
46032565
46033077
46033589
46034101
46034613
46030006
46030518
46031030
46031542
46032054
46032566
46033078
46033590
46034102
46034614
46030007
46030519
46031031
46031543
46032055
46032567
46033079
46033591
46034103
46034615
46030008
46030520
46031032
46031544
46032056
46032568
46033080
46033592
46034104
46034616
45983900
45984412
45984924
45985436
45985948
45986460
45986972
45987484
45987996
45988508
45983901
45984413
45984925
45985437
45985949
45986461
45986973
45987485
45987997
45988509
45983902
45984414
45984926
45985438
45985950
45986462
45986974
45987486
45987998
45988510
45983903
45984415
45984927
45985439
45985951
45986463
45986975
45987487
45987999
45988511
45983904
45984416
45984928
45985440
45985952
45986464
45986976
45987488
45988000
45988512
45983905
45984417
45984929
45985441
45985953
45986465
45986977
45987489
45988001
45988513
45983906
45984418
45984930
45985442
45985954
45986466
45986978
45987490
45988002
45988514
45983907
45984419
45984931
45985443
45985955
45986467
45986979
45987491
45988003
45988515
45983908
45984420
45984932
45985444
45985956
45986468
45986980
45987492
45988004
45988516
45983909
45984421
45984933
45985445
45985957
45986469
45986981
45987493
45988005
45988517
51995454
51995966
51996478
51996990
51997502
51998014
51998526
51999038
51999550
52000062
51995455
51995967
51996479
51996991
51997503
51998015
51998527
51999039
51999551
52000063
51995456
51995968
51996480
51996992
51997504
51998016
51998528
51999040
51999552
52000064
51995457
51995969
51996481
51996993
51997505
51998017
51998529
51999041
51999553
52000065
51995458
51995970
51996482
51996994
51997506
51998018
51998530
51999042
51999554
52000066
51995459
51995971
51996483
51996995
51997507
51998019
51998531
51999043
51999555
52000067
51995460
51995972
51996484
51996996
51997508
51998020
51998532
51999044
51999556
52000068
51995461
51995973
51996485
51996997
51997509
51998021
51998533
51999045
51999557
52000069
51995462
51995974
51996486
51996998
51997510
51998022
51998534
51999046
51999558
52000070
51995463
51995975
51996487
51996999
51997511
51998023
51998535
51999047
51999559
52000071
19776175
19776687
19777199
19777711
19778223
19778735
19779247
19779759
19780271
19780783
19776176
19776688
19777200
19777712
19778224
19778736
19779248
19779760
19780272
19780784
19776177
19776689
19777201
19777713
19778225
19778737
19779249
19779761
19780273
19780785
19776178
19776690
19777202
19777714
19778226
19778738
19779250
19779762
19780274
19780786
19776179
19776691
19777203
19777715
19778227
19778739
19779251
19779763
19780275
19780787
19776180
19776692
19777204
19777716
19778228
19778740
19779252
19779764
19780276
19780788
19776181
19776693
19777205
19777717
19778229
19778741
19779253
19779765
19780277
19780789
19776182
19776694
19777206
19777718
19778230
19778742
19779254
19779766
19780278
19780790
19776183
19776695
19777207
19777719
19778231
19778743
19779255
19779767
19780279
19780791
19776184
19776696
19777208
19777720
19778232
19778744
19779256
19779768
19780280
19780792
53048032
53048544
53049056
53049568
53050080
53050592
53051104
53051616
53052128
53052640
53048033
53048545
53049057
53049569
53050081
53050593
53051105
53051617
53052129
53052641
53048034
53048546
53049058
53049570
53050082
53050594
53051106
53051618
53052130
53052642
53048035
53048547
53049059
53049571
53050083
53050595
53051107
53051619
53052131
53052643
53048036
53048548
53049060
53049572
53050084
53050596
53051108
53051620
53052132
53052644
53048037
53048549
53049061
53049573
53050085
53050597
53051109
53051621
53052133
53052645
53048038
53048550
53049062
53049574
53050086
53050598
53051110
53051622
53052134
53052646
53048039
53048551
53049063
53049575
53050087
53050599
53051111
53051623
53052135
53052647
53048040
53048552
53049064
53049576
53050088
53050600
53051112
53051624
53052136
53052648
53048041
53048553
53049065
53049577
53050089
53050601
53051113
53051625
53052137
53052649
60162790
60163302
60163814
60164326
60164838
60165350
60165862
60166374
60166886
60167398
60162791
60163303
60163815
60164327
60164839
60165351
60165863
60166375
60166887
60167399
60162792
60163304
60163816
60164328
60164840
60165352
60165864
60166376
60166888
60167400
60162793
60163305
60163817
60164329
60164841
60165353
60165865
60166377
60166889
60167401
60162794
60163306
60163818
60164330
60164842
60165354
60165866
60166378
60166890
60167402
60162795
60163307
60163819
60164331
60164843
60165355
60165867
60166379
60166891
60167403
60162796
60163308
60163820
60164332
60164844
60165356
60165868
60166380
60166892
60167404
60162797
60163309
60163821
60164333
60164845
60165357
60165869
60166381
60166893
60167405
60162798
60163310
60163822
60164334
60164846
60165358
60165870
60166382
60166894
60167406
60162799
60163311
60163823
60164335
60164847
60165359
60165871
60166383
60166895
60167407
45449960
45450472
45450984
45451496
45452008
45452520
45453032
45453544
45454056
45454568
45449961
45450473
45450985
45451497
45452009
45452521
45453033
45453545
45454057
45454569
45449962
45450474
45450986
45451498
45452010
45452522
45453034
45453546
45454058
45454570
45449963
45450475
45450987
45451499
45452011
45452523
45453035
45453547
45454059
45454571
45449964
45450476
45450988
45451500
45452012
45452524
45453036
45453548
45454060
45454572
45449965
45450477
45450989
45451501
45452013
45452525
45453037
45453549
45454061
45454573
45449966
45450478
45450990
45451502
45452014
45452526
45453038
45453550
45454062
45454574
45449967
45450479
45450991
45451503
45452015
45452527
45453039
45453551
45454063
45454575
45449968
45450480
45450992
45451504
45452016
45452528
45453040
45453552
45454064
45454576
45449969
45450481
45450993
45451505
45452017
45452529
45453041
45453553
45454065
45454577
50980605
50981117
50981629
50982141
50982653
50983165
50983677
50984189
50984701
50985213
50980606
50981118
50981630
50982142
50982654
50983166
50983678
50984190
50984702
50985214
50980607
50981119
50981631
50982143
50982655
50983167
50983679
50984191
50984703
50985215
50980608
50981120
50981632
50982144
50982656
50983168
50983680
50984192
50984704
50985216
50980609
50981121
50981633
50982145
50982657
50983169
50983681
50984193
50984705
50985217
50980610
50981122
50981634
50982146
50982658
50983170
50983682
50984194
50984706
50985218
50980611
50981123
50981635
50982147
50982659
50983171
50983683
50984195
50984707
50985219
50980612
50981124
50981636
50982148
50982660
50983172
50983684
50984196
50984708
50985220
50980613
50981125
50981637
50982149
50982661
50983173
50983685
50984197
50984709
50985221
50980614
50981126
50981638
50982150
50982662
50983174
50983686
50984198
50984710
50985222
54112972
54113484
54113996
54114508
54115020
54115532
54116044
54116556
54117068
54117580
54112973
54113485
54113997
54114509
54115021
54115533
54116045
54116557
54117069
54117581
54112974
54113486
54113998
54114510
54115022
54115534
54116046
54116558
54117070
54117582
54112975
54113487
54113999
54114511
54115023
54115535
54116047
54116559
54117071
54117583
54112976
54113488
54114000
54114512
54115024
54115536
54116048
54116560
54117072
54117584
54112977
54113489
54114001
54114513
54115025
54115537
54116049
54116561
54117073
54117585
54112978
54113490
54114002
54114514
54115026
54115538
54116050
54116562
54117074
54117586
54112979
54113491
54114003
54114515
54115027
54115539
54116051
54116563
54117075
54117587
54112980
54113492
54114004
54114516
54115028
54115540
54116052
54116564
54117076
54117588
54112981
54113493
54114005
54114517
54115029
54115541
54116053
54116565
54117077
54117589
42266336
42266848
42267360
42267872
42268384
42268896
42269408
42269920
42270432
42270944
42266337
42266849
42267361
42267873
42268385
42268897
42269409
42269921
42270433
42270945
42266338
42266850
42267362
42267874
42268386
42268898
42269410
42269922
42270434
42270946
42266339
42266851
42267363
42267875
42268387
42268899
42269411
42269923
42270435
42270947
42266340
42266852
42267364
42267876
42268388
42268900
42269412
42269924
42270436
42270948
42266341
42266853
42267365
42267877
42268389
42268901
42269413
42269925
42270437
42270949
42266342
42266854
42267366
42267878
42268390
42268902
42269414
42269926
42270438
42270950
42266343
42266855
42267367
42267879
42268391
42268903
42269415
42269927
42270439
42270951
42266344
42266856
42267368
42267880
42268392
42268904
42269416
42269928
42270440
42270952
42266345
42266857
42267369
42267881
42268393
42268905
42269417
42269929
42270441
42270953
32562923
32563435
32563947
32564459
32564971
32565483
32565995
32566507
32567019
32567531
32562924
32563436
32563948
32564460
32564972
32565484
32565996
32566508
32567020
32567532
32562925
32563437
32563949
32564461
32564973
32565485
32565997
32566509
32567021
32567533
32562926
32563438
32563950
32564462
32564974
32565486
32565998
32566510
32567022
32567534
32562927
32563439
32563951
32564463
32564975
32565487
32565999
32566511
32567023
32567535
32562928
32563440
32563952
32564464
32564976
32565488
32566000
32566512
32567024
32567536
32562929
32563441
32563953
32564465
32564977
32565489
32566001
32566513
32567025
32567537
32562930
32563442
32563954
32564466
32564978
32565490
32566002
32566514
32567026
32567538
32562931
32563443
32563955
32564467
32564979
32565491
32566003
32566515
32567027
32567539
32562932
32563444
32563956
32564468
32564980
32565492
32566004
32566516
32567028
32567540
47813811
47814323
47814835
47815347
47815859
47816371
47816883
47817395
47817907
47818419
47813812
47814324
47814836
47815348
47815860
47816372
47816884
47817396
47817908
47818420
47813813
47814325
47814837
47815349
47815861
47816373
47816885
47817397
47817909
47818421
47813814
47814326
47814838
47815350
47815862
47816374
47816886
47817398
47817910
47818422
47813815
47814327
47814839
47815351
47815863
47816375
47816887
47817399
47817911
47818423
47813816
47814328
47814840
47815352
47815864
47816376
47816888
47817400
47817912
47818424
47813817
47814329
47814841
47815353
47815865
47816377
47816889
47817401
47817913
47818425
47813818
47814330
47814842
47815354
47815866
47816378
47816890
47817402
47817914
47818426
47813819
47814331
47814843
47815355
47815867
47816379
47816891
47817403
47817915
47818427
47813820
47814332
47814844
47815356
47815868
47816380
47816892
47817404
47817916
47818428
55447738
55448250
55448762
55449274
55449786
55450298
55450810
55451322
55451834
55452346
55447739
55448251
55448763
55449275
55449787
55450299
55450811
55451323
55451835
55452347
55447740
55448252
55448764
55449276
55449788
55450300
55450812
55451324
55451836
55452348
55447741
55448253
55448765
55449277
55449789
55450301
55450813
55451325
55451837
55452349
55447742
55448254
55448766
55449278
55449790
55450302
55450814
55451326
55451838
55452350
55447743
55448255
55448767
55449279
55449791
55450303
55450815
55451327
55451839
55452351
55447744
55448256
55448768
55449280
55449792
55450304
55450816
55451328
55451840
55452352
55447745
55448257
55448769
55449281
55449793
55450305
55450817
55451329
55451841
55452353
55447746
55448258
55448770
55449282
55449794
55450306
55450818
55451330
55451842
55452354
55447747
55448259
55448771
55449283
55449795
55450307
55450819
55451331
55451843
55452355
48868091
48868603
48869115
48869627
48870139
48870651
48871163
48871675
48872187
48872699
48868092
48868604
48869116
48869628
48870140
48870652
48871164
48871676
48872188
48872700
48868093
48868605
48869117
48869629
48870141
48870653
48871165
48871677
48872189
48872701
48868094
48868606
48869118
48869630
48870142
48870654
48871166
48871678
48872190
48872702
48868095
48868607
48869119
48869631
48870143
48870655
48871167
48871679
48872191
48872703
48868096
48868608
48869120
48869632
48870144
48870656
48871168
48871680
48872192
48872704
48868097
48868609
48869121
48869633
48870145
48870657
48871169
48871681
48872193
48872705
48868098
48868610
48869122
48869634
48870146
48870658
48871170
48871682
48872194
48872706
48868099
48868611
48869123
48869635
48870147
48870659
48871171
48871683
48872195
48872707
48868100
48868612
48869124
48869636
48870148
48870660
48871172
48871684
48872196
48872708
47031488
47032000
47032512
47033024
47033536
47034048
47034560
47035072
47035584
47036096
47031489
47032001
47032513
47033025
47033537
47034049
47034561
47035073
47035585
47036097
47031490
47032002
47032514
47033026
47033538
47034050
47034562
47035074
47035586
47036098
47031491
47032003
47032515
47033027
47033539
47034051
47034563
47035075
47035587
47036099
47031492
47032004
47032516
47033028
47033540
47034052
47034564
47035076
47035588
47036100
47031493
47032005
47032517
47033029
47033541
47034053
47034565
47035077
47035589
47036101
47031494
47032006
47032518
47033030
47033542
47034054
47034566
47035078
47035590
47036102
47031495
47032007
47032519
47033031
47033543
47034055
47034567
47035079
47035591
47036103
47031496
47032008
47032520
47033032
47033544
47034056
47034568
47035080
47035592
47036104
47031497
47032009
47032521
47033033
47033545
47034057
47034569
47035081
47035593
47036105
46038206
46038718
46039230
46039742
46040254
46040766
46041278
46041790
46042302
46042814
46038207
46038719
46039231
46039743
46040255
46040767
46041279
46041791
46042303
46042815
46038208
46038720
46039232
46039744
46040256
46040768
46041280
46041792
46042304
46042816
46038209
46038721
46039233
46039745
46040257
46040769
46041281
46041793
46042305
46042817
46038210
46038722
46039234
46039746
46040258
46040770
46041282
46041794
46042306
46042818
46038211
46038723
46039235
46039747
46040259
46040771
46041283
46041795
46042307
46042819
46038212
46038724
46039236
46039748
46040260
46040772
46041284
46041796
46042308
46042820
46038213
46038725
46039237
46039749
46040261
46040773
46041285
46041797
46042309
46042821
46038214
46038726
46039238
46039750
46040262
46040774
46041286
46041798
46042310
46042822
46038215
46038727
46039239
46039751
46040263
46040775
46041287
46041799
46042311
46042823
60624663
60625175
60625687
60626199
60626711
60627223
60627735
60628247
60628759
60629271
60624664
60625176
60625688
60626200
60626712
60627224
60627736
60628248
60628760
60629272
60624665
60625177
60625689
60626201
60626713
60627225
60627737
60628249
60628761
60629273
60624666
60625178
60625690
60626202
60626714
60627226
60627738
60628250
60628762
60629274
60624667
60625179
60625691
60626203
60626715
60627227
60627739
60628251
60628763
60629275
60624668
60625180
60625692
60626204
60626716
60627228
60627740
60628252
60628764
60629276
60624669
60625181
60625693
60626205
60626717
60627229
60627741
60628253
60628765
60629277
60624670
60625182
60625694
60626206
60626718
60627230
60627742
60628254
60628766
60629278
60624671
60625183
60625695
60626207
60626719
60627231
60627743
60628255
60628767
60629279
60624672
60625184
60625696
60626208
60626720
60627232
60627744
60628256
60628768
60629280
54593342
54593854
54594366
54594878
54595390
54595902
54596414
54596926
54597438
54597950
54593343
54593855
54594367
54594879
54595391
54595903
54596415
54596927
54597439
54597951
54593344
54593856
54594368
54594880
54595392
54595904
54596416
54596928
54597440
54597952
54593345
54593857
54594369
54594881
54595393
54595905
54596417
54596929
54597441
54597953
54593346
54593858
54594370
54594882
54595394
54595906
54596418
54596930
54597442
54597954
54593347
54593859
54594371
54594883
54595395
54595907
54596419
54596931
54597443
54597955
54593348
54593860
54594372
54594884
54595396
54595908
54596420
54596932
54597444
54597956
54593349
54593861
54594373
54594885
54595397
54595909
54596421
54596933
54597445
54597957
54593350
54593862
54594374
54594886
54595398
54595910
54596422
54596934
54597446
54597958
54593351
54593863
54594375
54594887
54595399
54595911
54596423
54596935
54597447
54597959
7179959
7180471
7180983
7181495
7182007
7182519
7183031
7183543
7184055
7184567
7179960
7180472
7180984
7181496
7182008
7182520
7183032
7183544
7184056
7184568
7179961
7180473
7180985
7181497
7182009
7182521
7183033
7183545
7184057
7184569
7179962
7180474
7180986
7181498
7182010
7182522
7183034
7183546
7184058
7184570
7179963
7180475
7180987
7181499
7182011
7182523
7183035
7183547
7184059
7184571
7179964
7180476
7180988
7181500
7182012
7182524
7183036
7183548
7184060
7184572
7179965
7180477
7180989
7181501
7182013
7182525
7183037
7183549
7184061
7184573
7179966
7180478
7180990
7181502
7182014
7182526
7183038
7183550
7184062
7184574
7179967
7180479
7180991
7181503
7182015
7182527
7183039
7183551
7184063
7184575
7179968
7180480
7180992
7181504
7182016
7182528
7183040
7183552
7184064
7184576
47792368
47792880
47793392
47793904
47794416
47794928
47795440
47795952
47796464
47796976
47792369
47792881
47793393
47793905
47794417
47794929
47795441
47795953
47796465
47796977
47792370
47792882
47793394
47793906
47794418
47794930
47795442
47795954
47796466
47796978
47792371
47792883
47793395
47793907
47794419
47794931
47795443
47795955
47796467
47796979
47792372
47792884
47793396
47793908
47794420
47794932
47795444
47795956
47796468
47796980
47792373
47792885
47793397
47793909
47794421
47794933
47795445
47795957
47796469
47796981
47792374
47792886
47793398
47793910
47794422
47794934
47795446
47795958
47796470
47796982
47792375
47792887
47793399
47793911
47794423
47794935
47795447
47795959
47796471
47796983
47792376
47792888
47793400
47793912
47794424
47794936
47795448
47795960
47796472
47796984
47792377
47792889
47793401
47793913
47794425
47794937
47795449
47795961
47796473
47796985
43384502
43385014
43385526
43386038
43386550
43387062
43387574
43388086
43388598
43389110
43384503
43385015
43385527
43386039
43386551
43387063
43387575
43388087
43388599
43389111
43384504
43385016
43385528
43386040
43386552
43387064
43387576
43388088
43388600
43389112
43384505
43385017
43385529
43386041
43386553
43387065
43387577
43388089
43388601
43389113
43384506
43385018
43385530
43386042
43386554
43387066
43387578
43388090
43388602
43389114
43384507
43385019
43385531
43386043
43386555
43387067
43387579
43388091
43388603
43389115
43384508
43385020
43385532
43386044
43386556
43387068
43387580
43388092
43388604
43389116
43384509
43385021
43385533
43386045
43386557
43387069
43387581
43388093
43388605
43389117
43384510
43385022
43385534
43386046
43386558
43387070
43387582
43388094
43388606
43389118
43384511
43385023
43385535
43386047
43386559
43387071
43387583
43388095
43388607
43389119
36521161
36521673
36522185
36522697
36523209
36523721
36524233
36524745
36525257
36525769
36521162
36521674
36522186
36522698
36523210
36523722
36524234
36524746
36525258
36525770
36521163
36521675
36522187
36522699
36523211
36523723
36524235
36524747
36525259
36525771
36521164
36521676
36522188
36522700
36523212
36523724
36524236
36524748
36525260
36525772
36521165
36521677
36522189
36522701
36523213
36523725
36524237
36524749
36525261
36525773
36521166
36521678
36522190
36522702
36523214
36523726
36524238
36524750
36525262
36525774
36521167
36521679
36522191
36522703
36523215
36523727
36524239
36524751
36525263
36525775
36521168
36521680
36522192
36522704
36523216
36523728
36524240
36524752
36525264
36525776
36521169
36521681
36522193
36522705
36523217
36523729
36524241
36524753
36525265
36525777
36521170
36521682
36522194
36522706
36523218
36523730
36524242
36524754
36525266
36525778
7717561
7718073
7718585
7719097
7719609
7720121
7720633
7721145
7721657
7722169
7717562
7718074
7718586
7719098
7719610
7720122
7720634
7721146
7721658
7722170
7717563
7718075
7718587
7719099
7719611
7720123
7720635
7721147
7721659
7722171
7717564
7718076
7718588
7719100
7719612
7720124
7720636
7721148
7721660
7722172
7717565
7718077
7718589
7719101
7719613
7720125
7720637
7721149
7721661
7722173
7717566
7718078
7718590
7719102
7719614
7720126
7720638
7721150
7721662
7722174
7717567
7718079
7718591
7719103
7719615
7720127
7720639
7721151
7721663
7722175
7717568
7718080
7718592
7719104
7719616
7720128
7720640
7721152
7721664
7722176
7717569
7718081
7718593
7719105
7719617
7720129
7720641
7721153
7721665
7722177
7717570
7718082
7718594
7719106
7719618
7720130
7720642
7721154
7721666
7722178
