12795193
12795705
12796217
12796729
12797241
12797753
12798265
12798777
12799289
12799801
12795194
12795706
12796218
12796730
12797242
12797754
12798266
12798778
12799290
12799802
12795195
12795707
12796219
12796731
12797243
12797755
12798267
12798779
12799291
12799803
12795196
12795708
12796220
12796732
12797244
12797756
12798268
12798780
12799292
12799804
12795197
12795709
12796221
12796733
12797245
12797757
12798269
12798781
12799293
12799805
12795198
12795710
12796222
12796734
12797246
12797758
12798270
12798782
12799294
12799806
12795199
12795711
12796223
12796735
12797247
12797759
12798271
12798783
12799295
12799807
12795200
12795712
12796224
12796736
12797248
12797760
12798272
12798784
12799296
12799808
12795201
12795713
12796225
12796737
12797249
12797761
12798273
12798785
12799297
12799809
12795202
12795714
12796226
12796738
12797250
12797762
12798274
12798786
12799298
12799810
60589314
60589826
60590338
60590850
60591362
60591874
60592386
60592898
60593410
60593922
60589315
60589827
60590339
60590851
60591363
60591875
60592387
60592899
60593411
60593923
60589316
60589828
60590340
60590852
60591364
60591876
60592388
60592900
60593412
60593924
60589317
60589829
60590341
60590853
60591365
60591877
60592389
60592901
60593413
60593925
60589318
60589830
60590342
60590854
60591366
60591878
60592390
60592902
60593414
60593926
60589319
60589831
60590343
60590855
60591367
60591879
60592391
60592903
60593415
60593927
60589320
60589832
60590344
60590856
60591368
60591880
60592392
60592904
60593416
60593928
60589321
60589833
60590345
60590857
60591369
60591881
60592393
60592905
60593417
60593929
60589322
60589834
60590346
60590858
60591370
60591882
60592394
60592906
60593418
60593930
60589323
60589835
60590347
60590859
60591371
60591883
60592395
60592907
60593419
60593931
34388398
34388910
34389422
34389934
34390446
34390958
34391470
34391982
34392494
34393006
34388399
34388911
34389423
34389935
34390447
34390959
34391471
34391983
34392495
34393007
34388400
34388912
34389424
34389936
34390448
34390960
34391472
34391984
34392496
34393008
34388401
34388913
34389425
34389937
34390449
34390961
34391473
34391985
34392497
34393009
34388402
34388914
34389426
34389938
34390450
34390962
34391474
34391986
34392498
34393010
34388403
34388915
34389427
34389939
34390451
34390963
34391475
34391987
34392499
34393011
34388404
34388916
34389428
34389940
34390452
34390964
34391476
34391988
34392500
34393012
34388405
34388917
34389429
34389941
34390453
34390965
34391477
34391989
34392501
34393013
34388406
34388918
34389430
34389942
34390454
34390966
34391478
34391990
34392502
34393014
34388407
34388919
34389431
34389943
34390455
34390967
34391479
34391991
34392503
34393015
43739525
43740037
43740549
43741061
43741573
43742085
43742597
43743109
43743621
43744133
43739526
43740038
43740550
43741062
43741574
43742086
43742598
43743110
43743622
43744134
43739527
43740039
43740551
43741063
43741575
43742087
43742599
43743111
43743623
43744135
43739528
43740040
43740552
43741064
43741576
43742088
43742600
43743112
43743624
43744136
43739529
43740041
43740553
43741065
43741577
43742089
43742601
43743113
43743625
43744137
43739530
43740042
43740554
43741066
43741578
43742090
43742602
43743114
43743626
43744138
43739531
43740043
43740555
43741067
43741579
43742091
43742603
43743115
43743627
43744139
43739532
43740044
43740556
43741068
43741580
43742092
43742604
43743116
43743628
43744140
43739533
43740045
43740557
43741069
43741581
43742093
43742605
43743117
43743629
43744141
43739534
43740046
43740558
43741070
43741582
43742094
43742606
43743118
43743630
43744142
2717462
2717974
2718486
2718998
2719510
2720022
2720534
2721046
2721558
2722070
2717463
2717975
2718487
2718999
2719511
2720023
2720535
2721047
2721559
2722071
2717464
2717976
2718488
2719000
2719512
2720024
2720536
2721048
2721560
2722072
2717465
2717977
2718489
2719001
2719513
2720025
2720537
2721049
2721561
2722073
2717466
2717978
2718490
2719002
2719514
2720026
2720538
2721050
2721562
2722074
2717467
2717979
2718491
2719003
2719515
2720027
2720539
2721051
2721563
2722075
2717468
2717980
2718492
2719004
2719516
2720028
2720540
2721052
2721564
2722076
2717469
2717981
2718493
2719005
2719517
2720029
2720541
2721053
2721565
2722077
2717470
2717982
2718494
2719006
2719518
2720030
2720542
2721054
2721566
2722078
2717471
2717983
2718495
2719007
2719519
2720031
2720543
2721055
2721567
2722079
50338963
50339475
50339987
50340499
50341011
50341523
50342035
50342547
50343059
50343571
50338964
50339476
50339988
50340500
50341012
50341524
50342036
50342548
50343060
50343572
50338965
50339477
50339989
50340501
50341013
50341525
50342037
50342549
50343061
50343573
50338966
50339478
50339990
50340502
50341014
50341526
50342038
50342550
50343062
50343574
50338967
50339479
50339991
50340503
50341015
50341527
50342039
50342551
50343063
50343575
50338968
50339480
50339992
50340504
50341016
50341528
50342040
50342552
50343064
50343576
50338969
50339481
50339993
50340505
50341017
50341529
50342041
50342553
50343065
50343577
50338970
50339482
50339994
50340506
50341018
50341530
50342042
50342554
50343066
50343578
50338971
50339483
50339995
50340507
50341019
50341531
50342043
50342555
50343067
50343579
50338972
50339484
50339996
50340508
50341020
50341532
50342044
50342556
50343068
50343580
4794040
4794552
4795064
4795576
4796088
4796600
4797112
4797624
4798136
4798648
4794041
4794553
4795065
4795577
4796089
4796601
4797113
4797625
4798137
4798649
4794042
4794554
4795066
4795578
4796090
4796602
4797114
4797626
4798138
4798650
4794043
4794555
4795067
4795579
4796091
4796603
4797115
4797627
4798139
4798651
4794044
4794556
4795068
4795580
4796092
4796604
4797116
4797628
4798140
4798652
4794045
4794557
4795069
4795581
4796093
4796605
4797117
4797629
4798141
4798653
4794046
4794558
4795070
4795582
4796094
4796606
4797118
4797630
4798142
4798654
4794047
4794559
4795071
4795583
4796095
4796607
4797119
4797631
4798143
4798655
4794048
4794560
4795072
4795584
4796096
4796608
4797120
4797632
4798144
4798656
4794049
4794561
4795073
4795585
4796097
4796609
4797121
4797633
4798145
4798657
38691611
38692123
38692635
38693147
38693659
38694171
38694683
38695195
38695707
38696219
38691612
38692124
38692636
38693148
38693660
38694172
38694684
38695196
38695708
38696220
38691613
38692125
38692637
38693149
38693661
38694173
38694685
38695197
38695709
38696221
38691614
38692126
38692638
38693150
38693662
38694174
38694686
38695198
38695710
38696222
38691615
38692127
38692639
38693151
38693663
38694175
38694687
38695199
38695711
38696223
38691616
38692128
38692640
38693152
38693664
38694176
38694688
38695200
38695712
38696224
38691617
38692129
38692641
38693153
38693665
38694177
38694689
38695201
38695713
38696225
38691618
38692130
38692642
38693154
38693666
38694178
38694690
38695202
38695714
38696226
38691619
38692131
38692643
38693155
38693667
38694179
38694691
38695203
38695715
38696227
38691620
38692132
38692644
38693156
38693668
38694180
38694692
38695204
38695716
38696228
24658231
24658743
24659255
24659767
24660279
24660791
24661303
24661815
24662327
24662839
24658232
24658744
24659256
24659768
24660280
24660792
24661304
24661816
24662328
24662840
24658233
24658745
24659257
24659769
24660281
24660793
24661305
24661817
24662329
24662841
24658234
24658746
24659258
24659770
24660282
24660794
24661306
24661818
24662330
24662842
24658235
24658747
24659259
24659771
24660283
24660795
24661307
24661819
24662331
24662843
24658236
24658748
24659260
24659772
24660284
24660796
24661308
24661820
24662332
24662844
24658237
24658749
24659261
24659773
24660285
24660797
24661309
24661821
24662333
24662845
24658238
24658750
24659262
24659774
24660286
24660798
24661310
24661822
24662334
24662846
24658239
24658751
24659263
24659775
24660287
24660799
24661311
24661823
24662335
24662847
24658240
24658752
24659264
24659776
24660288
24660800
24661312
24661824
24662336
24662848
67336181
67336693
67337205
67337717
67338229
67338741
67339253
67339765
67340277
67340789
67336182
67336694
67337206
67337718
67338230
67338742
67339254
67339766
67340278
67340790
67336183
67336695
67337207
67337719
67338231
67338743
67339255
67339767
67340279
67340791
67336184
67336696
67337208
67337720
67338232
67338744
67339256
67339768
67340280
67340792
67336185
67336697
67337209
67337721
67338233
67338745
67339257
67339769
67340281
67340793
67336186
67336698
67337210
67337722
67338234
67338746
67339258
67339770
67340282
67340794
67336187
67336699
67337211
67337723
67338235
67338747
67339259
67339771
67340283
67340795
67336188
67336700
67337212
67337724
67338236
67338748
67339260
67339772
67340284
67340796
67336189
67336701
67337213
67337725
67338237
67338749
67339261
67339773
67340285
67340797
67336190
67336702
67337214
67337726
67338238
67338750
67339262
67339774
67340286
67340798
64454851
64455363
64455875
64456387
64456899
64457411
64457923
64458435
64458947
64459459
64454852
64455364
64455876
64456388
64456900
64457412
64457924
64458436
64458948
64459460
64454853
64455365
64455877
64456389
64456901
64457413
64457925
64458437
64458949
64459461
64454854
64455366
64455878
64456390
64456902
64457414
64457926
64458438
64458950
64459462
64454855
64455367
64455879
64456391
64456903
64457415
64457927
64458439
64458951
64459463
64454856
64455368
64455880
64456392
64456904
64457416
64457928
64458440
64458952
64459464
64454857
64455369
64455881
64456393
64456905
64457417
64457929
64458441
64458953
64459465
64454858
64455370
64455882
64456394
64456906
64457418
64457930
64458442
64458954
64459466
64454859
64455371
64455883
64456395
64456907
64457419
64457931
64458443
64458955
64459467
64454860
64455372
64455884
64456396
64456908
64457420
64457932
64458444
64458956
64459468
47270547
47271059
47271571
47272083
47272595
47273107
47273619
47274131
47274643
47275155
47270548
47271060
47271572
47272084
47272596
47273108
47273620
47274132
47274644
47275156
47270549
47271061
47271573
47272085
47272597
47273109
47273621
47274133
47274645
47275157
47270550
47271062
47271574
47272086
47272598
47273110
47273622
47274134
47274646
47275158
47270551
47271063
47271575
47272087
47272599
47273111
47273623
47274135
47274647
47275159
47270552
47271064
47271576
47272088
47272600
47273112
47273624
47274136
47274648
47275160
47270553
47271065
47271577
47272089
47272601
47273113
47273625
47274137
47274649
47275161
47270554
47271066
47271578
47272090
47272602
47273114
47273626
47274138
47274650
47275162
47270555
47271067
47271579
47272091
47272603
47273115
47273627
47274139
47274651
47275163
47270556
47271068
47271580
47272092
47272604
47273116
47273628
47274140
47274652
47275164
16884449
16884961
16885473
16885985
16886497
16887009
16887521
16888033
16888545
16889057
16884450
16884962
16885474
16885986
16886498
16887010
16887522
16888034
16888546
16889058
16884451
16884963
16885475
16885987
16886499
16887011
16887523
16888035
16888547
16889059
16884452
16884964
16885476
16885988
16886500
16887012
16887524
16888036
16888548
16889060
16884453
16884965
16885477
16885989
16886501
16887013
16887525
16888037
16888549
16889061
16884454
16884966
16885478
16885990
16886502
16887014
16887526
16888038
16888550
16889062
16884455
16884967
16885479
16885991
16886503
16887015
16887527
16888039
16888551
16889063
16884456
16884968
16885480
16885992
16886504
16887016
16887528
16888040
16888552
16889064
16884457
16884969
16885481
16885993
16886505
16887017
16887529
16888041
16888553
16889065
16884458
16884970
16885482
16885994
16886506
16887018
16887530
16888042
16888554
16889066
58475024
58475536
58476048
58476560
58477072
58477584
58478096
58478608
58479120
58479632
58475025
58475537
58476049
58476561
58477073
58477585
58478097
58478609
58479121
58479633
58475026
58475538
58476050
58476562
58477074
58477586
58478098
58478610
58479122
58479634
58475027
58475539
58476051
58476563
58477075
58477587
58478099
58478611
58479123
58479635
58475028
58475540
58476052
58476564
58477076
58477588
58478100
58478612
58479124
58479636
58475029
58475541
58476053
58476565
58477077
58477589
58478101
58478613
58479125
58479637
58475030
58475542
58476054
58476566
58477078
58477590
58478102
58478614
58479126
58479638
58475031
58475543
58476055
58476567
58477079
58477591
58478103
58478615
58479127
58479639
58475032
58475544
58476056
58476568
58477080
58477592
58478104
58478616
58479128
58479640
58475033
58475545
58476057
58476569
58477081
58477593
58478105
58478617
58479129
58479641
24633366
24633878
24634390
24634902
24635414
24635926
24636438
24636950
24637462
24637974
24633367
24633879
24634391
24634903
24635415
24635927
24636439
24636951
24637463
24637975
24633368
24633880
24634392
24634904
24635416
24635928
24636440
24636952
24637464
24637976
24633369
24633881
24634393
24634905
24635417
24635929
24636441
24636953
24637465
24637977
24633370
24633882
24634394
24634906
24635418
24635930
24636442
24636954
24637466
24637978
24633371
24633883
24634395
24634907
24635419
24635931
24636443
24636955
24637467
24637979
24633372
24633884
24634396
24634908
24635420
24635932
24636444
24636956
24637468
24637980
24633373
24633885
24634397
24634909
24635421
24635933
24636445
24636957
24637469
24637981
24633374
24633886
24634398
24634910
24635422
24635934
24636446
24636958
24637470
24637982
24633375
24633887
24634399
24634911
24635423
24635935
24636447
24636959
24637471
24637983
847746
848258
848770
849282
849794
850306
850818
851330
851842
852354
847747
848259
848771
849283
849795
850307
850819
851331
851843
852355
847748
848260
848772
849284
849796
850308
850820
851332
851844
852356
847749
848261
848773
849285
849797
850309
850821
851333
851845
852357
847750
848262
848774
849286
849798
850310
850822
851334
851846
852358
847751
848263
848775
849287
849799
850311
850823
851335
851847
852359
847752
848264
848776
849288
849800
850312
850824
851336
851848
852360
847753
848265
848777
849289
849801
850313
850825
851337
851849
852361
847754
848266
848778
849290
849802
850314
850826
851338
851850
852362
847755
848267
848779
849291
849803
850315
850827
851339
851851
852363
15394422
15394934
15395446
15395958
15396470
15396982
15397494
15398006
15398518
15399030
15394423
15394935
15395447
15395959
15396471
15396983
15397495
15398007
15398519
15399031
15394424
15394936
15395448
15395960
15396472
15396984
15397496
15398008
15398520
15399032
15394425
15394937
15395449
15395961
15396473
15396985
15397497
15398009
15398521
15399033
15394426
15394938
15395450
15395962
15396474
15396986
15397498
15398010
15398522
15399034
15394427
15394939
15395451
15395963
15396475
15396987
15397499
15398011
15398523
15399035
15394428
15394940
15395452
15395964
15396476
15396988
15397500
15398012
15398524
15399036
15394429
15394941
15395453
15395965
15396477
15396989
15397501
15398013
15398525
15399037
15394430
15394942
15395454
15395966
15396478
15396990
15397502
15398014
15398526
15399038
15394431
15394943
15395455
15395967
15396479
15396991
15397503
15398015
15398527
15399039
4460139
4460651
4461163
4461675
4462187
4462699
4463211
4463723
4464235
4464747
4460140
4460652
4461164
4461676
4462188
4462700
4463212
4463724
4464236
4464748
4460141
4460653
4461165
4461677
4462189
4462701
4463213
4463725
4464237
4464749
4460142
4460654
4461166
4461678
4462190
4462702
4463214
4463726
4464238
4464750
4460143
4460655
4461167
4461679
4462191
4462703
4463215
4463727
4464239
4464751
4460144
4460656
4461168
4461680
4462192
4462704
4463216
4463728
4464240
4464752
4460145
4460657
4461169
4461681
4462193
4462705
4463217
4463729
4464241
4464753
4460146
4460658
4461170
4461682
4462194
4462706
4463218
4463730
4464242
4464754
4460147
4460659
4461171
4461683
4462195
4462707
4463219
4463731
4464243
4464755
4460148
4460660
4461172
4461684
4462196
4462708
4463220
4463732
4464244
4464756
16921012
16921524
16922036
16922548
16923060
16923572
16924084
16924596
16925108
16925620
16921013
16921525
16922037
16922549
16923061
16923573
16924085
16924597
16925109
16925621
16921014
16921526
16922038
16922550
16923062
16923574
16924086
16924598
16925110
16925622
16921015
16921527
16922039
16922551
16923063
16923575
16924087
16924599
16925111
16925623
16921016
16921528
16922040
16922552
16923064
16923576
16924088
16924600
16925112
16925624
16921017
16921529
16922041
16922553
16923065
16923577
16924089
16924601
16925113
16925625
16921018
16921530
16922042
16922554
16923066
16923578
16924090
16924602
16925114
16925626
16921019
16921531
16922043
16922555
16923067
16923579
16924091
16924603
16925115
16925627
16921020
16921532
16922044
16922556
16923068
16923580
16924092
16924604
16925116
16925628
16921021
16921533
16922045
16922557
16923069
16923581
16924093
16924605
16925117
16925629
13652016
13652528
13653040
13653552
13654064
13654576
13655088
13655600
13656112
13656624
13652017
13652529
13653041
13653553
13654065
13654577
13655089
13655601
13656113
13656625
13652018
13652530
13653042
13653554
13654066
13654578
13655090
13655602
13656114
13656626
13652019
13652531
13653043
13653555
13654067
13654579
13655091
13655603
13656115
13656627
13652020
13652532
13653044
13653556
13654068
13654580
13655092
13655604
13656116
13656628
13652021
13652533
13653045
13653557
13654069
13654581
13655093
13655605
13656117
13656629
13652022
13652534
13653046
13653558
13654070
13654582
13655094
13655606
13656118
13656630
13652023
13652535
13653047
13653559
13654071
13654583
13655095
13655607
13656119
13656631
13652024
13652536
13653048
13653560
13654072
13654584
13655096
13655608
13656120
13656632
13652025
13652537
13653049
13653561
13654073
13654585
13655097
13655609
13656121
13656633
3177506
3178018
3178530
3179042
3179554
3180066
3180578
3181090
3181602
3182114
3177507
3178019
3178531
3179043
3179555
3180067
3180579
3181091
3181603
3182115
3177508
3178020
3178532
3179044
3179556
3180068
3180580
3181092
3181604
3182116
3177509
3178021
3178533
3179045
3179557
3180069
3180581
3181093
3181605
3182117
3177510
3178022
3178534
3179046
3179558
3180070
3180582
3181094
3181606
3182118
3177511
3178023
3178535
3179047
3179559
3180071
3180583
3181095
3181607
3182119
3177512
3178024
3178536
3179048
3179560
3180072
3180584
3181096
3181608
3182120
3177513
3178025
3178537
3179049
3179561
3180073
3180585
3181097
3181609
3182121
3177514
3178026
3178538
3179050
3179562
3180074
3180586
3181098
3181610
3182122
3177515
3178027
3178539
3179051
3179563
3180075
3180587
3181099
3181611
3182123
57918017
57918529
57919041
57919553
57920065
57920577
57921089
57921601
57922113
57922625
57918018
57918530
57919042
57919554
57920066
57920578
57921090
57921602
57922114
57922626
57918019
57918531
57919043
57919555
57920067
57920579
57921091
57921603
57922115
57922627
57918020
57918532
57919044
57919556
57920068
57920580
57921092
57921604
57922116
57922628
57918021
57918533
57919045
57919557
57920069
57920581
57921093
57921605
57922117
57922629
57918022
57918534
57919046
57919558
57920070
57920582
57921094
57921606
57922118
57922630
57918023
57918535
57919047
57919559
57920071
57920583
57921095
57921607
57922119
57922631
57918024
57918536
57919048
57919560
57920072
57920584
57921096
57921608
57922120
57922632
57918025
57918537
57919049
57919561
57920073
57920585
57921097
57921609
57922121
57922633
57918026
57918538
57919050
57919562
57920074
57920586
57921098
57921610
57922122
57922634
45165073
45165585
45166097
45166609
45167121
45167633
45168145
45168657
45169169
45169681
45165074
45165586
45166098
45166610
45167122
45167634
45168146
45168658
45169170
45169682
45165075
45165587
45166099
45166611
45167123
45167635
45168147
45168659
45169171
45169683
45165076
45165588
45166100
45166612
45167124
45167636
45168148
45168660
45169172
45169684
45165077
45165589
45166101
45166613
45167125
45167637
45168149
45168661
45169173
45169685
45165078
45165590
45166102
45166614
45167126
45167638
45168150
45168662
45169174
45169686
45165079
45165591
45166103
45166615
45167127
45167639
45168151
45168663
45169175
45169687
45165080
45165592
45166104
45166616
45167128
45167640
45168152
45168664
45169176
45169688
45165081
45165593
45166105
45166617
45167129
45167641
45168153
45168665
45169177
45169689
45165082
45165594
45166106
45166618
45167130
45167642
45168154
45168666
45169178
45169690
9749786
9750298
9750810
9751322
9751834
9752346
9752858
9753370
9753882
9754394
9749787
9750299
9750811
9751323
9751835
9752347
9752859
9753371
9753883
9754395
9749788
9750300
9750812
9751324
9751836
9752348
9752860
9753372
9753884
9754396
9749789
9750301
9750813
9751325
9751837
9752349
9752861
9753373
9753885
9754397
9749790
9750302
9750814
9751326
9751838
9752350
9752862
9753374
9753886
9754398
9749791
9750303
9750815
9751327
9751839
9752351
9752863
9753375
9753887
9754399
9749792
9750304
9750816
9751328
9751840
9752352
9752864
9753376
9753888
9754400
9749793
9750305
9750817
9751329
9751841
9752353
9752865
9753377
9753889
9754401
9749794
9750306
9750818
9751330
9751842
9752354
9752866
9753378
9753890
9754402
9749795
9750307
9750819
9751331
9751843
9752355
9752867
9753379
9753891
9754403
47463265
47463777
47464289
47464801
47465313
47465825
47466337
47466849
47467361
47467873
47463266
47463778
47464290
47464802
47465314
47465826
47466338
47466850
47467362
47467874
47463267
47463779
47464291
47464803
47465315
47465827
47466339
47466851
47467363
47467875
47463268
47463780
47464292
47464804
47465316
47465828
47466340
47466852
47467364
47467876
47463269
47463781
47464293
47464805
47465317
47465829
47466341
47466853
47467365
47467877
47463270
47463782
47464294
47464806
47465318
47465830
47466342
47466854
47467366
47467878
47463271
47463783
47464295
47464807
47465319
47465831
47466343
47466855
47467367
47467879
47463272
47463784
47464296
47464808
47465320
47465832
47466344
47466856
47467368
47467880
47463273
47463785
47464297
47464809
47465321
47465833
47466345
47466857
47467369
47467881
47463274
47463786
47464298
47464810
47465322
47465834
47466346
47466858
47467370
47467882
37886801
37887313
37887825
37888337
37888849
37889361
37889873
37890385
37890897
37891409
37886802
37887314
37887826
37888338
37888850
37889362
37889874
37890386
37890898
37891410
37886803
37887315
37887827
37888339
37888851
37889363
37889875
37890387
37890899
37891411
37886804
37887316
37887828
37888340
37888852
37889364
37889876
37890388
37890900
37891412
37886805
37887317
37887829
37888341
37888853
37889365
37889877
37890389
37890901
37891413
37886806
37887318
37887830
37888342
37888854
37889366
37889878
37890390
37890902
37891414
37886807
37887319
37887831
37888343
37888855
37889367
37889879
37890391
37890903
37891415
37886808
37887320
37887832
37888344
37888856
37889368
37889880
37890392
37890904
37891416
37886809
37887321
37887833
37888345
37888857
37889369
37889881
37890393
37890905
37891417
37886810
37887322
37887834
37888346
37888858
37889370
37889882
37890394
37890906
37891418
43868562
43869074
43869586
43870098
43870610
43871122
43871634
43872146
43872658
43873170
43868563
43869075
43869587
43870099
43870611
43871123
43871635
43872147
43872659
43873171
43868564
43869076
43869588
43870100
43870612
43871124
43871636
43872148
43872660
43873172
43868565
43869077
43869589
43870101
43870613
43871125
43871637
43872149
43872661
43873173
43868566
43869078
43869590
43870102
43870614
43871126
43871638
43872150
43872662
43873174
43868567
43869079
43869591
43870103
43870615
43871127
43871639
43872151
43872663
43873175
43868568
43869080
43869592
43870104
43870616
43871128
43871640
43872152
43872664
43873176
43868569
43869081
43869593
43870105
43870617
43871129
43871641
43872153
43872665
43873177
43868570
43869082
43869594
43870106
43870618
43871130
43871642
43872154
43872666
43873178
43868571
43869083
43869595
43870107
43870619
43871131
43871643
43872155
43872667
43873179
43384159
43384671
43385183
43385695
43386207
43386719
43387231
43387743
43388255
43388767
43384160
43384672
43385184
43385696
43386208
43386720
43387232
43387744
43388256
43388768
43384161
43384673
43385185
43385697
43386209
43386721
43387233
43387745
43388257
43388769
43384162
43384674
43385186
43385698
43386210
43386722
43387234
43387746
43388258
43388770
43384163
43384675
43385187
43385699
43386211
43386723
43387235
43387747
43388259
43388771
43384164
43384676
43385188
43385700
43386212
43386724
43387236
43387748
43388260
43388772
43384165
43384677
43385189
43385701
43386213
43386725
43387237
43387749
43388261
43388773
43384166
43384678
43385190
43385702
43386214
43386726
43387238
43387750
43388262
43388774
43384167
43384679
43385191
43385703
43386215
43386727
43387239
43387751
43388263
43388775
43384168
43384680
43385192
43385704
43386216
43386728
43387240
43387752
43388264
43388776
43511146
43511658
43512170
43512682
43513194
43513706
43514218
43514730
43515242
43515754
43511147
43511659
43512171
43512683
43513195
43513707
43514219
43514731
43515243
43515755
43511148
43511660
43512172
43512684
43513196
43513708
43514220
43514732
43515244
43515756
43511149
43511661
43512173
43512685
43513197
43513709
43514221
43514733
43515245
43515757
43511150
43511662
43512174
43512686
43513198
43513710
43514222
43514734
43515246
43515758
43511151
43511663
43512175
43512687
43513199
43513711
43514223
43514735
43515247
43515759
43511152
43511664
43512176
43512688
43513200
43513712
43514224
43514736
43515248
43515760
43511153
43511665
43512177
43512689
43513201
43513713
43514225
43514737
43515249
43515761
43511154
43511666
43512178
43512690
43513202
43513714
43514226
43514738
43515250
43515762
43511155
43511667
43512179
43512691
43513203
43513715
43514227
43514739
43515251
43515763
30522467
30522979
30523491
30524003
30524515
30525027
30525539
30526051
30526563
30527075
30522468
30522980
30523492
30524004
30524516
30525028
30525540
30526052
30526564
30527076
30522469
30522981
30523493
30524005
30524517
30525029
30525541
30526053
30526565
30527077
30522470
30522982
30523494
30524006
30524518
30525030
30525542
30526054
30526566
30527078
30522471
30522983
30523495
30524007
30524519
30525031
30525543
30526055
30526567
30527079
30522472
30522984
30523496
30524008
30524520
30525032
30525544
30526056
30526568
30527080
30522473
30522985
30523497
30524009
30524521
30525033
30525545
30526057
30526569
30527081
30522474
30522986
30523498
30524010
30524522
30525034
30525546
30526058
30526570
30527082
30522475
30522987
30523499
30524011
30524523
30525035
30525547
30526059
30526571
30527083
30522476
30522988
30523500
30524012
30524524
30525036
30525548
30526060
30526572
30527084
