35969794
35970306
35970818
35971330
35971842
35972354
35972866
35973378
35973890
35974402
35969795
35970307
35970819
35971331
35971843
35972355
35972867
35973379
35973891
35974403
35969796
35970308
35970820
35971332
35971844
35972356
35972868
35973380
35973892
35974404
35969797
35970309
35970821
35971333
35971845
35972357
35972869
35973381
35973893
35974405
35969798
35970310
35970822
35971334
35971846
35972358
35972870
35973382
35973894
35974406
35969799
35970311
35970823
35971335
35971847
35972359
35972871
35973383
35973895
35974407
35969800
35970312
35970824
35971336
35971848
35972360
35972872
35973384
35973896
35974408
35969801
35970313
35970825
35971337
35971849
35972361
35972873
35973385
35973897
35974409
35969802
35970314
35970826
35971338
35971850
35972362
35972874
35973386
35973898
35974410
35969803
35970315
35970827
35971339
35971851
35972363
35972875
35973387
35973899
35974411
51761855
51762367
51762879
51763391
51763903
51764415
51764927
51765439
51765951
51766463
51761856
51762368
51762880
51763392
51763904
51764416
51764928
51765440
51765952
51766464
51761857
51762369
51762881
51763393
51763905
51764417
51764929
51765441
51765953
51766465
51761858
51762370
51762882
51763394
51763906
51764418
51764930
51765442
51765954
51766466
51761859
51762371
51762883
51763395
51763907
51764419
51764931
51765443
51765955
51766467
51761860
51762372
51762884
51763396
51763908
51764420
51764932
51765444
51765956
51766468
51761861
51762373
51762885
51763397
51763909
51764421
51764933
51765445
51765957
51766469
51761862
51762374
51762886
51763398
51763910
51764422
51764934
51765446
51765958
51766470
51761863
51762375
51762887
51763399
51763911
51764423
51764935
51765447
51765959
51766471
51761864
51762376
51762888
51763400
51763912
51764424
51764936
51765448
51765960
51766472
38090961
38091473
38091985
38092497
38093009
38093521
38094033
38094545
38095057
38095569
38090962
38091474
38091986
38092498
38093010
38093522
38094034
38094546
38095058
38095570
38090963
38091475
38091987
38092499
38093011
38093523
38094035
38094547
38095059
38095571
38090964
38091476
38091988
38092500
38093012
38093524
38094036
38094548
38095060
38095572
38090965
38091477
38091989
38092501
38093013
38093525
38094037
38094549
38095061
38095573
38090966
38091478
38091990
38092502
38093014
38093526
38094038
38094550
38095062
38095574
38090967
38091479
38091991
38092503
38093015
38093527
38094039
38094551
38095063
38095575
38090968
38091480
38091992
38092504
38093016
38093528
38094040
38094552
38095064
38095576
38090969
38091481
38091993
38092505
38093017
38093529
38094041
38094553
38095065
38095577
38090970
38091482
38091994
38092506
38093018
38093530
38094042
38094554
38095066
38095578
39663847
39664359
39664871
39665383
39665895
39666407
39666919
39667431
39667943
39668455
39663848
39664360
39664872
39665384
39665896
39666408
39666920
39667432
39667944
39668456
39663849
39664361
39664873
39665385
39665897
39666409
39666921
39667433
39667945
39668457
39663850
39664362
39664874
39665386
39665898
39666410
39666922
39667434
39667946
39668458
39663851
39664363
39664875
39665387
39665899
39666411
39666923
39667435
39667947
39668459
39663852
39664364
39664876
39665388
39665900
39666412
39666924
39667436
39667948
39668460
39663853
39664365
39664877
39665389
39665901
39666413
39666925
39667437
39667949
39668461
39663854
39664366
39664878
39665390
39665902
39666414
39666926
39667438
39667950
39668462
39663855
39664367
39664879
39665391
39665903
39666415
39666927
39667439
39667951
39668463
39663856
39664368
39664880
39665392
39665904
39666416
39666928
39667440
39667952
39668464
45939493
45940005
45940517
45941029
45941541
45942053
45942565
45943077
45943589
45944101
45939494
45940006
45940518
45941030
45941542
45942054
45942566
45943078
45943590
45944102
45939495
45940007
45940519
45941031
45941543
45942055
45942567
45943079
45943591
45944103
45939496
45940008
45940520
45941032
45941544
45942056
45942568
45943080
45943592
45944104
45939497
45940009
45940521
45941033
45941545
45942057
45942569
45943081
45943593
45944105
45939498
45940010
45940522
45941034
45941546
45942058
45942570
45943082
45943594
45944106
45939499
45940011
45940523
45941035
45941547
45942059
45942571
45943083
45943595
45944107
45939500
45940012
45940524
45941036
45941548
45942060
45942572
45943084
45943596
45944108
45939501
45940013
45940525
45941037
45941549
45942061
45942573
45943085
45943597
45944109
45939502
45940014
45940526
45941038
45941550
45942062
45942574
45943086
45943598
45944110
43582248
43582760
43583272
43583784
43584296
43584808
43585320
43585832
43586344
43586856
43582249
43582761
43583273
43583785
43584297
43584809
43585321
43585833
43586345
43586857
43582250
43582762
43583274
43583786
43584298
43584810
43585322
43585834
43586346
43586858
43582251
43582763
43583275
43583787
43584299
43584811
43585323
43585835
43586347
43586859
43582252
43582764
43583276
43583788
43584300
43584812
43585324
43585836
43586348
43586860
43582253
43582765
43583277
43583789
43584301
43584813
43585325
43585837
43586349
43586861
43582254
43582766
43583278
43583790
43584302
43584814
43585326
43585838
43586350
43586862
43582255
43582767
43583279
43583791
43584303
43584815
43585327
43585839
43586351
43586863
43582256
43582768
43583280
43583792
43584304
43584816
43585328
43585840
43586352
43586864
43582257
43582769
43583281
43583793
43584305
43584817
43585329
43585841
43586353
43586865
52262148
52262660
52263172
52263684
52264196
52264708
52265220
52265732
52266244
52266756
52262149
52262661
52263173
52263685
52264197
52264709
52265221
52265733
52266245
52266757
52262150
52262662
52263174
52263686
52264198
52264710
52265222
52265734
52266246
52266758
52262151
52262663
52263175
52263687
52264199
52264711
52265223
52265735
52266247
52266759
52262152
52262664
52263176
52263688
52264200
52264712
52265224
52265736
52266248
52266760
52262153
52262665
52263177
52263689
52264201
52264713
52265225
52265737
52266249
52266761
52262154
52262666
52263178
52263690
52264202
52264714
52265226
52265738
52266250
52266762
52262155
52262667
52263179
52263691
52264203
52264715
52265227
52265739
52266251
52266763
52262156
52262668
52263180
52263692
52264204
52264716
52265228
52265740
52266252
52266764
52262157
52262669
52263181
52263693
52264205
52264717
52265229
52265741
52266253
52266765
44886764
44887276
44887788
44888300
44888812
44889324
44889836
44890348
44890860
44891372
44886765
44887277
44887789
44888301
44888813
44889325
44889837
44890349
44890861
44891373
44886766
44887278
44887790
44888302
44888814
44889326
44889838
44890350
44890862
44891374
44886767
44887279
44887791
44888303
44888815
44889327
44889839
44890351
44890863
44891375
44886768
44887280
44887792
44888304
44888816
44889328
44889840
44890352
44890864
44891376
44886769
44887281
44887793
44888305
44888817
44889329
44889841
44890353
44890865
44891377
44886770
44887282
44887794
44888306
44888818
44889330
44889842
44890354
44890866
44891378
44886771
44887283
44887795
44888307
44888819
44889331
44889843
44890355
44890867
44891379
44886772
44887284
44887796
44888308
44888820
44889332
44889844
44890356
44890868
44891380
44886773
44887285
44887797
44888309
44888821
44889333
44889845
44890357
44890869
44891381
36506343
36506855
36507367
36507879
36508391
36508903
36509415
36509927
36510439
36510951
36506344
36506856
36507368
36507880
36508392
36508904
36509416
36509928
36510440
36510952
36506345
36506857
36507369
36507881
36508393
36508905
36509417
36509929
36510441
36510953
36506346
36506858
36507370
36507882
36508394
36508906
36509418
36509930
36510442
36510954
36506347
36506859
36507371
36507883
36508395
36508907
36509419
36509931
36510443
36510955
36506348
36506860
36507372
36507884
36508396
36508908
36509420
36509932
36510444
36510956
36506349
36506861
36507373
36507885
36508397
36508909
36509421
36509933
36510445
36510957
36506350
36506862
36507374
36507886
36508398
36508910
36509422
36509934
36510446
36510958
36506351
36506863
36507375
36507887
36508399
36508911
36509423
36509935
36510447
36510959
36506352
36506864
36507376
36507888
36508400
36508912
36509424
36509936
36510448
36510960
45687530
45688042
45688554
45689066
45689578
45690090
45690602
45691114
45691626
45692138
45687531
45688043
45688555
45689067
45689579
45690091
45690603
45691115
45691627
45692139
45687532
45688044
45688556
45689068
45689580
45690092
45690604
45691116
45691628
45692140
45687533
45688045
45688557
45689069
45689581
45690093
45690605
45691117
45691629
45692141
45687534
45688046
45688558
45689070
45689582
45690094
45690606
45691118
45691630
45692142
45687535
45688047
45688559
45689071
45689583
45690095
45690607
45691119
45691631
45692143
45687536
45688048
45688560
45689072
45689584
45690096
45690608
45691120
45691632
45692144
45687537
45688049
45688561
45689073
45689585
45690097
45690609
45691121
45691633
45692145
45687538
45688050
45688562
45689074
45689586
45690098
45690610
45691122
45691634
45692146
45687539
45688051
45688563
45689075
45689587
45690099
45690611
45691123
45691635
45692147
49423557
49424069
49424581
49425093
49425605
49426117
49426629
49427141
49427653
49428165
49423558
49424070
49424582
49425094
49425606
49426118
49426630
49427142
49427654
49428166
49423559
49424071
49424583
49425095
49425607
49426119
49426631
49427143
49427655
49428167
49423560
49424072
49424584
49425096
49425608
49426120
49426632
49427144
49427656
49428168
49423561
49424073
49424585
49425097
49425609
49426121
49426633
49427145
49427657
49428169
49423562
49424074
49424586
49425098
49425610
49426122
49426634
49427146
49427658
49428170
49423563
49424075
49424587
49425099
49425611
49426123
49426635
49427147
49427659
49428171
49423564
49424076
49424588
49425100
49425612
49426124
49426636
49427148
49427660
49428172
49423565
49424077
49424589
49425101
49425613
49426125
49426637
49427149
49427661
49428173
49423566
49424078
49424590
49425102
49425614
49426126
49426638
49427150
49427662
49428174
49384199
49384711
49385223
49385735
49386247
49386759
49387271
49387783
49388295
49388807
49384200
49384712
49385224
49385736
49386248
49386760
49387272
49387784
49388296
49388808
49384201
49384713
49385225
49385737
49386249
49386761
49387273
49387785
49388297
49388809
49384202
49384714
49385226
49385738
49386250
49386762
49387274
49387786
49388298
49388810
49384203
49384715
49385227
49385739
49386251
49386763
49387275
49387787
49388299
49388811
49384204
49384716
49385228
49385740
49386252
49386764
49387276
49387788
49388300
49388812
49384205
49384717
49385229
49385741
49386253
49386765
49387277
49387789
49388301
49388813
49384206
49384718
49385230
49385742
49386254
49386766
49387278
49387790
49388302
49388814
49384207
49384719
49385231
49385743
49386255
49386767
49387279
49387791
49388303
49388815
49384208
49384720
49385232
49385744
49386256
49386768
49387280
49387792
49388304
49388816
44366068
44366580
44367092
44367604
44368116
44368628
44369140
44369652
44370164
44370676
44366069
44366581
44367093
44367605
44368117
44368629
44369141
44369653
44370165
44370677
44366070
44366582
44367094
44367606
44368118
44368630
44369142
44369654
44370166
44370678
44366071
44366583
44367095
44367607
44368119
44368631
44369143
44369655
44370167
44370679
44366072
44366584
44367096
44367608
44368120
44368632
44369144
44369656
44370168
44370680
44366073
44366585
44367097
44367609
44368121
44368633
44369145
44369657
44370169
44370681
44366074
44366586
44367098
44367610
44368122
44368634
44369146
44369658
44370170
44370682
44366075
44366587
44367099
44367611
44368123
44368635
44369147
44369659
44370171
44370683
44366076
44366588
44367100
44367612
44368124
44368636
44369148
44369660
44370172
44370684
44366077
44366589
44367101
44367613
44368125
44368637
44369149
44369661
44370173
44370685
44380447
44380959
44381471
44381983
44382495
44383007
44383519
44384031
44384543
44385055
44380448
44380960
44381472
44381984
44382496
44383008
44383520
44384032
44384544
44385056
44380449
44380961
44381473
44381985
44382497
44383009
44383521
44384033
44384545
44385057
44380450
44380962
44381474
44381986
44382498
44383010
44383522
44384034
44384546
44385058
44380451
44380963
44381475
44381987
44382499
44383011
44383523
44384035
44384547
44385059
44380452
44380964
44381476
44381988
44382500
44383012
44383524
44384036
44384548
44385060
44380453
44380965
44381477
44381989
44382501
44383013
44383525
44384037
44384549
44385061
44380454
44380966
44381478
44381990
44382502
44383014
44383526
44384038
44384550
44385062
44380455
44380967
44381479
44381991
44382503
44383015
44383527
44384039
44384551
44385063
44380456
44380968
44381480
44381992
44382504
44383016
44383528
44384040
44384552
44385064
51487442
51487954
51488466
51488978
51489490
51490002
51490514
51491026
51491538
51492050
51487443
51487955
51488467
51488979
51489491
51490003
51490515
51491027
51491539
51492051
51487444
51487956
51488468
51488980
51489492
51490004
51490516
51491028
51491540
51492052
51487445
51487957
51488469
51488981
51489493
51490005
51490517
51491029
51491541
51492053
51487446
51487958
51488470
51488982
51489494
51490006
51490518
51491030
51491542
51492054
51487447
51487959
51488471
51488983
51489495
51490007
51490519
51491031
51491543
51492055
51487448
51487960
51488472
51488984
51489496
51490008
51490520
51491032
51491544
51492056
51487449
51487961
51488473
51488985
51489497
51490009
51490521
51491033
51491545
51492057
51487450
51487962
51488474
51488986
51489498
51490010
51490522
51491034
51491546
51492058
51487451
51487963
51488475
51488987
51489499
51490011
51490523
51491035
51491547
51492059
45156538
45157050
45157562
45158074
45158586
45159098
45159610
45160122
45160634
45161146
45156539
45157051
45157563
45158075
45158587
45159099
45159611
45160123
45160635
45161147
45156540
45157052
45157564
45158076
45158588
45159100
45159612
45160124
45160636
45161148
45156541
45157053
45157565
45158077
45158589
45159101
45159613
45160125
45160637
45161149
45156542
45157054
45157566
45158078
45158590
45159102
45159614
45160126
45160638
45161150
45156543
45157055
45157567
45158079
45158591
45159103
45159615
45160127
45160639
45161151
45156544
45157056
45157568
45158080
45158592
45159104
45159616
45160128
45160640
45161152
45156545
45157057
45157569
45158081
45158593
45159105
45159617
45160129
45160641
45161153
45156546
45157058
45157570
45158082
45158594
45159106
45159618
45160130
45160642
45161154
45156547
45157059
45157571
45158083
45158595
45159107
45159619
45160131
45160643
45161155
42000196
42000708
42001220
42001732
42002244
42002756
42003268
42003780
42004292
42004804
42000197
42000709
42001221
42001733
42002245
42002757
42003269
42003781
42004293
42004805
42000198
42000710
42001222
42001734
42002246
42002758
42003270
42003782
42004294
42004806
42000199
42000711
42001223
42001735
42002247
42002759
42003271
42003783
42004295
42004807
42000200
42000712
42001224
42001736
42002248
42002760
42003272
42003784
42004296
42004808
42000201
42000713
42001225
42001737
42002249
42002761
42003273
42003785
42004297
42004809
42000202
42000714
42001226
42001738
42002250
42002762
42003274
42003786
42004298
42004810
42000203
42000715
42001227
42001739
42002251
42002763
42003275
42003787
42004299
42004811
42000204
42000716
42001228
42001740
42002252
42002764
42003276
42003788
42004300
42004812
42000205
42000717
42001229
42001741
42002253
42002765
42003277
42003789
42004301
42004813
45420193
45420705
45421217
45421729
45422241
45422753
45423265
45423777
45424289
45424801
45420194
45420706
45421218
45421730
45422242
45422754
45423266
45423778
45424290
45424802
45420195
45420707
45421219
45421731
45422243
45422755
45423267
45423779
45424291
45424803
45420196
45420708
45421220
45421732
45422244
45422756
45423268
45423780
45424292
45424804
45420197
45420709
45421221
45421733
45422245
45422757
45423269
45423781
45424293
45424805
45420198
45420710
45421222
45421734
45422246
45422758
45423270
45423782
45424294
45424806
45420199
45420711
45421223
45421735
45422247
45422759
45423271
45423783
45424295
45424807
45420200
45420712
45421224
45421736
45422248
45422760
45423272
45423784
45424296
45424808
45420201
45420713
45421225
45421737
45422249
45422761
45423273
45423785
45424297
45424809
45420202
45420714
45421226
45421738
45422250
45422762
45423274
45423786
45424298
45424810
37808878
37809390
37809902
37810414
37810926
37811438
37811950
37812462
37812974
37813486
37808879
37809391
37809903
37810415
37810927
37811439
37811951
37812463
37812975
37813487
37808880
37809392
37809904
37810416
37810928
37811440
37811952
37812464
37812976
37813488
37808881
37809393
37809905
37810417
37810929
37811441
37811953
37812465
37812977
37813489
37808882
37809394
37809906
37810418
37810930
37811442
37811954
37812466
37812978
37813490
37808883
37809395
37809907
37810419
37810931
37811443
37811955
37812467
37812979
37813491
37808884
37809396
37809908
37810420
37810932
37811444
37811956
37812468
37812980
37813492
37808885
37809397
37809909
37810421
37810933
37811445
37811957
37812469
37812981
37813493
37808886
37809398
37809910
37810422
37810934
37811446
37811958
37812470
37812982
37813494
37808887
37809399
37809911
37810423
37810935
37811447
37811959
37812471
37812983
37813495
45412031
45412543
45413055
45413567
45414079
45414591
45415103
45415615
45416127
45416639
45412032
45412544
45413056
45413568
45414080
45414592
45415104
45415616
45416128
45416640
45412033
45412545
45413057
45413569
45414081
45414593
45415105
45415617
45416129
45416641
45412034
45412546
45413058
45413570
45414082
45414594
45415106
45415618
45416130
45416642
45412035
45412547
45413059
45413571
45414083
45414595
45415107
45415619
45416131
45416643
45412036
45412548
45413060
45413572
45414084
45414596
45415108
45415620
45416132
45416644
45412037
45412549
45413061
45413573
45414085
45414597
45415109
45415621
45416133
45416645
45412038
45412550
45413062
45413574
45414086
45414598
45415110
45415622
45416134
45416646
45412039
45412551
45413063
45413575
45414087
45414599
45415111
45415623
45416135
45416647
45412040
45412552
45413064
45413576
45414088
45414600
45415112
45415624
45416136
45416648
50961088
50961600
50962112
50962624
50963136
50963648
50964160
50964672
50965184
50965696
50961089
50961601
50962113
50962625
50963137
50963649
50964161
50964673
50965185
50965697
50961090
50961602
50962114
50962626
50963138
50963650
50964162
50964674
50965186
50965698
50961091
50961603
50962115
50962627
50963139
50963651
50964163
50964675
50965187
50965699
50961092
50961604
50962116
50962628
50963140
50963652
50964164
50964676
50965188
50965700
50961093
50961605
50962117
50962629
50963141
50963653
50964165
50964677
50965189
50965701
50961094
50961606
50962118
50962630
50963142
50963654
50964166
50964678
50965190
50965702
50961095
50961607
50962119
50962631
50963143
50963655
50964167
50964679
50965191
50965703
50961096
50961608
50962120
50962632
50963144
50963656
50964168
50964680
50965192
50965704
50961097
50961609
50962121
50962633
50963145
50963657
50964169
50964681
50965193
50965705
45403403
45403915
45404427
45404939
45405451
45405963
45406475
45406987
45407499
45408011
45403404
45403916
45404428
45404940
45405452
45405964
45406476
45406988
45407500
45408012
45403405
45403917
45404429
45404941
45405453
45405965
45406477
45406989
45407501
45408013
45403406
45403918
45404430
45404942
45405454
45405966
45406478
45406990
45407502
45408014
45403407
45403919
45404431
45404943
45405455
45405967
45406479
45406991
45407503
45408015
45403408
45403920
45404432
45404944
45405456
45405968
45406480
45406992
45407504
45408016
45403409
45403921
45404433
45404945
45405457
45405969
45406481
45406993
45407505
45408017
45403410
45403922
45404434
45404946
45405458
45405970
45406482
45406994
45407506
45408018
45403411
45403923
45404435
45404947
45405459
45405971
45406483
45406995
45407507
45408019
45403412
45403924
45404436
45404948
45405460
45405972
45406484
45406996
45407508
45408020
52297412
52297924
52298436
52298948
52299460
52299972
52300484
52300996
52301508
52302020
52297413
52297925
52298437
52298949
52299461
52299973
52300485
52300997
52301509
52302021
52297414
52297926
52298438
52298950
52299462
52299974
52300486
52300998
52301510
52302022
52297415
52297927
52298439
52298951
52299463
52299975
52300487
52300999
52301511
52302023
52297416
52297928
52298440
52298952
52299464
52299976
52300488
52301000
52301512
52302024
52297417
52297929
52298441
52298953
52299465
52299977
52300489
52301001
52301513
52302025
52297418
52297930
52298442
52298954
52299466
52299978
52300490
52301002
52301514
52302026
52297419
52297931
52298443
52298955
52299467
52299979
52300491
52301003
52301515
52302027
52297420
52297932
52298444
52298956
52299468
52299980
52300492
52301004
52301516
52302028
52297421
52297933
52298445
52298957
52299469
52299981
52300493
52301005
52301517
52302029
52780757
52781269
52781781
52782293
52782805
52783317
52783829
52784341
52784853
52785365
52780758
52781270
52781782
52782294
52782806
52783318
52783830
52784342
52784854
52785366
52780759
52781271
52781783
52782295
52782807
52783319
52783831
52784343
52784855
52785367
52780760
52781272
52781784
52782296
52782808
52783320
52783832
52784344
52784856
52785368
52780761
52781273
52781785
52782297
52782809
52783321
52783833
52784345
52784857
52785369
52780762
52781274
52781786
52782298
52782810
52783322
52783834
52784346
52784858
52785370
52780763
52781275
52781787
52782299
52782811
52783323
52783835
52784347
52784859
52785371
52780764
52781276
52781788
52782300
52782812
52783324
52783836
52784348
52784860
52785372
52780765
52781277
52781789
52782301
52782813
52783325
52783837
52784349
52784861
52785373
52780766
52781278
52781790
52782302
52782814
52783326
52783838
52784350
52784862
52785374
35715320
35715832
35716344
35716856
35717368
35717880
35718392
35718904
35719416
35719928
35715321
35715833
35716345
35716857
35717369
35717881
35718393
35718905
35719417
35719929
35715322
35715834
35716346
35716858
35717370
35717882
35718394
35718906
35719418
35719930
35715323
35715835
35716347
35716859
35717371
35717883
35718395
35718907
35719419
35719931
35715324
35715836
35716348
35716860
35717372
35717884
35718396
35718908
35719420
35719932
35715325
35715837
35716349
35716861
35717373
35717885
35718397
35718909
35719421
35719933
35715326
35715838
35716350
35716862
35717374
35717886
35718398
35718910
35719422
35719934
35715327
35715839
35716351
35716863
35717375
35717887
35718399
35718911
35719423
35719935
35715328
35715840
35716352
35716864
35717376
35717888
35718400
35718912
35719424
35719936
35715329
35715841
35716353
35716865
35717377
35717889
35718401
35718913
35719425
35719937
47043752
47044264
47044776
47045288
47045800
47046312
47046824
47047336
47047848
47048360
47043753
47044265
47044777
47045289
47045801
47046313
47046825
47047337
47047849
47048361
47043754
47044266
47044778
47045290
47045802
47046314
47046826
47047338
47047850
47048362
47043755
47044267
47044779
47045291
47045803
47046315
47046827
47047339
47047851
47048363
47043756
47044268
47044780
47045292
47045804
47046316
47046828
47047340
47047852
47048364
47043757
47044269
47044781
47045293
47045805
47046317
47046829
47047341
47047853
47048365
47043758
47044270
47044782
47045294
47045806
47046318
47046830
47047342
47047854
47048366
47043759
47044271
47044783
47045295
47045807
47046319
47046831
47047343
47047855
47048367
47043760
47044272
47044784
47045296
47045808
47046320
47046832
47047344
47047856
47048368
47043761
47044273
47044785
47045297
47045809
47046321
47046833
47047345
47047857
47048369
43912334
43912846
43913358
43913870
43914382
43914894
43915406
43915918
43916430
43916942
43912335
43912847
43913359
43913871
43914383
43914895
43915407
43915919
43916431
43916943
43912336
43912848
43913360
43913872
43914384
43914896
43915408
43915920
43916432
43916944
43912337
43912849
43913361
43913873
43914385
43914897
43915409
43915921
43916433
43916945
43912338
43912850
43913362
43913874
43914386
43914898
43915410
43915922
43916434
43916946
43912339
43912851
43913363
43913875
43914387
43914899
43915411
43915923
43916435
43916947
43912340
43912852
43913364
43913876
43914388
43914900
43915412
43915924
43916436
43916948
43912341
43912853
43913365
43913877
43914389
43914901
43915413
43915925
43916437
43916949
43912342
43912854
43913366
43913878
43914390
43914902
43915414
43915926
43916438
43916950
43912343
43912855
43913367
43913879
43914391
43914903
43915415
43915927
43916439
43916951
49370784
49371296
49371808
49372320
49372832
49373344
49373856
49374368
49374880
49375392
49370785
49371297
49371809
49372321
49372833
49373345
49373857
49374369
49374881
49375393
49370786
49371298
49371810
49372322
49372834
49373346
49373858
49374370
49374882
49375394
49370787
49371299
49371811
49372323
49372835
49373347
49373859
49374371
49374883
49375395
49370788
49371300
49371812
49372324
49372836
49373348
49373860
49374372
49374884
49375396
49370789
49371301
49371813
49372325
49372837
49373349
49373861
49374373
49374885
49375397
49370790
49371302
49371814
49372326
49372838
49373350
49373862
49374374
49374886
49375398
49370791
49371303
49371815
49372327
49372839
49373351
49373863
49374375
49374887
49375399
49370792
49371304
49371816
49372328
49372840
49373352
49373864
49374376
49374888
49375400
49370793
49371305
49371817
49372329
49372841
49373353
49373865
49374377
49374889
49375401
40709380
40709892
40710404
40710916
40711428
40711940
40712452
40712964
40713476
40713988
40709381
40709893
40710405
40710917
40711429
40711941
40712453
40712965
40713477
40713989
40709382
40709894
40710406
40710918
40711430
40711942
40712454
40712966
40713478
40713990
40709383
40709895
40710407
40710919
40711431
40711943
40712455
40712967
40713479
40713991
40709384
40709896
40710408
40710920
40711432
40711944
40712456
40712968
40713480
40713992
40709385
40709897
40710409
40710921
40711433
40711945
40712457
40712969
40713481
40713993
40709386
40709898
40710410
40710922
40711434
40711946
40712458
40712970
40713482
40713994
40709387
40709899
40710411
40710923
40711435
40711947
40712459
40712971
40713483
40713995
40709388
40709900
40710412
40710924
40711436
40711948
40712460
40712972
40713484
40713996
40709389
40709901
40710413
40710925
40711437
40711949
40712461
40712973
40713485
40713997
42792248
42792760
42793272
42793784
42794296
42794808
42795320
42795832
42796344
42796856
42792249
42792761
42793273
42793785
42794297
42794809
42795321
42795833
42796345
42796857
42792250
42792762
42793274
42793786
42794298
42794810
42795322
42795834
42796346
42796858
42792251
42792763
42793275
42793787
42794299
42794811
42795323
42795835
42796347
42796859
42792252
42792764
42793276
42793788
42794300
42794812
42795324
42795836
42796348
42796860
42792253
42792765
42793277
42793789
42794301
42794813
42795325
42795837
42796349
42796861
42792254
42792766
42793278
42793790
42794302
42794814
42795326
42795838
42796350
42796862
42792255
42792767
42793279
42793791
42794303
42794815
42795327
42795839
42796351
42796863
42792256
42792768
42793280
42793792
42794304
42794816
42795328
42795840
42796352
42796864
42792257
42792769
42793281
42793793
42794305
42794817
42795329
42795841
42796353
42796865
