28205455
28205967
28206479
28206991
28207503
28208015
28208527
28209039
28209551
28210063
28205456
28205968
28206480
28206992
28207504
28208016
28208528
28209040
28209552
28210064
28205457
28205969
28206481
28206993
28207505
28208017
28208529
28209041
28209553
28210065
28205458
28205970
28206482
28206994
28207506
28208018
28208530
28209042
28209554
28210066
28205459
28205971
28206483
28206995
28207507
28208019
28208531
28209043
28209555
28210067
28205460
28205972
28206484
28206996
28207508
28208020
28208532
28209044
28209556
28210068
28205461
28205973
28206485
28206997
28207509
28208021
28208533
28209045
28209557
28210069
28205462
28205974
28206486
28206998
28207510
28208022
28208534
28209046
28209558
28210070
28205463
28205975
28206487
28206999
28207511
28208023
28208535
28209047
28209559
28210071
28205464
28205976
28206488
28207000
28207512
28208024
28208536
28209048
28209560
28210072
13153886
13154398
13154910
13155422
13155934
13156446
13156958
13157470
13157982
13158494
13153887
13154399
13154911
13155423
13155935
13156447
13156959
13157471
13157983
13158495
13153888
13154400
13154912
13155424
13155936
13156448
13156960
13157472
13157984
13158496
13153889
13154401
13154913
13155425
13155937
13156449
13156961
13157473
13157985
13158497
13153890
13154402
13154914
13155426
13155938
13156450
13156962
13157474
13157986
13158498
13153891
13154403
13154915
13155427
13155939
13156451
13156963
13157475
13157987
13158499
13153892
13154404
13154916
13155428
13155940
13156452
13156964
13157476
13157988
13158500
13153893
13154405
13154917
13155429
13155941
13156453
13156965
13157477
13157989
13158501
13153894
13154406
13154918
13155430
13155942
13156454
13156966
13157478
13157990
13158502
13153895
13154407
13154919
13155431
13155943
13156455
13156967
13157479
13157991
13158503
36631392
36631904
36632416
36632928
36633440
36633952
36634464
36634976
36635488
36636000
36631393
36631905
36632417
36632929
36633441
36633953
36634465
36634977
36635489
36636001
36631394
36631906
36632418
36632930
36633442
36633954
36634466
36634978
36635490
36636002
36631395
36631907
36632419
36632931
36633443
36633955
36634467
36634979
36635491
36636003
36631396
36631908
36632420
36632932
36633444
36633956
36634468
36634980
36635492
36636004
36631397
36631909
36632421
36632933
36633445
36633957
36634469
36634981
36635493
36636005
36631398
36631910
36632422
36632934
36633446
36633958
36634470
36634982
36635494
36636006
36631399
36631911
36632423
36632935
36633447
36633959
36634471
36634983
36635495
36636007
36631400
36631912
36632424
36632936
36633448
36633960
36634472
36634984
36635496
36636008
36631401
36631913
36632425
36632937
36633449
36633961
36634473
36634985
36635497
36636009
4901944
4902456
4902968
4903480
4903992
4904504
4905016
4905528
4906040
4906552
4901945
4902457
4902969
4903481
4903993
4904505
4905017
4905529
4906041
4906553
4901946
4902458
4902970
4903482
4903994
4904506
4905018
4905530
4906042
4906554
4901947
4902459
4902971
4903483
4903995
4904507
4905019
4905531
4906043
4906555
4901948
4902460
4902972
4903484
4903996
4904508
4905020
4905532
4906044
4906556
4901949
4902461
4902973
4903485
4903997
4904509
4905021
4905533
4906045
4906557
4901950
4902462
4902974
4903486
4903998
4904510
4905022
4905534
4906046
4906558
4901951
4902463
4902975
4903487
4903999
4904511
4905023
4905535
4906047
4906559
4901952
4902464
4902976
4903488
4904000
4904512
4905024
4905536
4906048
4906560
4901953
4902465
4902977
4903489
4904001
4904513
4905025
4905537
4906049
4906561
22366942
22367454
22367966
22368478
22368990
22369502
22370014
22370526
22371038
22371550
22366943
22367455
22367967
22368479
22368991
22369503
22370015
22370527
22371039
22371551
22366944
22367456
22367968
22368480
22368992
22369504
22370016
22370528
22371040
22371552
22366945
22367457
22367969
22368481
22368993
22369505
22370017
22370529
22371041
22371553
22366946
22367458
22367970
22368482
22368994
22369506
22370018
22370530
22371042
22371554
22366947
22367459
22367971
22368483
22368995
22369507
22370019
22370531
22371043
22371555
22366948
22367460
22367972
22368484
22368996
22369508
22370020
22370532
22371044
22371556
22366949
22367461
22367973
22368485
22368997
22369509
22370021
22370533
22371045
22371557
22366950
22367462
22367974
22368486
22368998
22369510
22370022
22370534
22371046
22371558
22366951
22367463
22367975
22368487
22368999
22369511
22370023
22370535
22371047
22371559
2083957
2084469
2084981
2085493
2086005
2086517
2087029
2087541
2088053
2088565
2083958
2084470
2084982
2085494
2086006
2086518
2087030
2087542
2088054
2088566
2083959
2084471
2084983
2085495
2086007
2086519
2087031
2087543
2088055
2088567
2083960
2084472
2084984
2085496
2086008
2086520
2087032
2087544
2088056
2088568
2083961
2084473
2084985
2085497
2086009
2086521
2087033
2087545
2088057
2088569
2083962
2084474
2084986
2085498
2086010
2086522
2087034
2087546
2088058
2088570
2083963
2084475
2084987
2085499
2086011
2086523
2087035
2087547
2088059
2088571
2083964
2084476
2084988
2085500
2086012
2086524
2087036
2087548
2088060
2088572
2083965
2084477
2084989
2085501
2086013
2086525
2087037
2087549
2088061
2088573
2083966
2084478
2084990
2085502
2086014
2086526
2087038
2087550
2088062
2088574
24208006
24208518
24209030
24209542
24210054
24210566
24211078
24211590
24212102
24212614
24208007
24208519
24209031
24209543
24210055
24210567
24211079
24211591
24212103
24212615
24208008
24208520
24209032
24209544
24210056
24210568
24211080
24211592
24212104
24212616
24208009
24208521
24209033
24209545
24210057
24210569
24211081
24211593
24212105
24212617
24208010
24208522
24209034
24209546
24210058
24210570
24211082
24211594
24212106
24212618
24208011
24208523
24209035
24209547
24210059
24210571
24211083
24211595
24212107
24212619
24208012
24208524
24209036
24209548
24210060
24210572
24211084
24211596
24212108
24212620
24208013
24208525
24209037
24209549
24210061
24210573
24211085
24211597
24212109
24212621
24208014
24208526
24209038
24209550
24210062
24210574
24211086
24211598
24212110
24212622
24208015
24208527
24209039
24209551
24210063
24210575
24211087
24211599
24212111
24212623
45468524
45469036
45469548
45470060
45470572
45471084
45471596
45472108
45472620
45473132
45468525
45469037
45469549
45470061
45470573
45471085
45471597
45472109
45472621
45473133
45468526
45469038
45469550
45470062
45470574
45471086
45471598
45472110
45472622
45473134
45468527
45469039
45469551
45470063
45470575
45471087
45471599
45472111
45472623
45473135
45468528
45469040
45469552
45470064
45470576
45471088
45471600
45472112
45472624
45473136
45468529
45469041
45469553
45470065
45470577
45471089
45471601
45472113
45472625
45473137
45468530
45469042
45469554
45470066
45470578
45471090
45471602
45472114
45472626
45473138
45468531
45469043
45469555
45470067
45470579
45471091
45471603
45472115
45472627
45473139
45468532
45469044
45469556
45470068
45470580
45471092
45471604
45472116
45472628
45473140
45468533
45469045
45469557
45470069
45470581
45471093
45471605
45472117
45472629
45473141
10507666
10508178
10508690
10509202
10509714
10510226
10510738
10511250
10511762
10512274
10507667
10508179
10508691
10509203
10509715
10510227
10510739
10511251
10511763
10512275
10507668
10508180
10508692
10509204
10509716
10510228
10510740
10511252
10511764
10512276
10507669
10508181
10508693
10509205
10509717
10510229
10510741
10511253
10511765
10512277
10507670
10508182
10508694
10509206
10509718
10510230
10510742
10511254
10511766
10512278
10507671
10508183
10508695
10509207
10509719
10510231
10510743
10511255
10511767
10512279
10507672
10508184
10508696
10509208
10509720
10510232
10510744
10511256
10511768
10512280
10507673
10508185
10508697
10509209
10509721
10510233
10510745
10511257
10511769
10512281
10507674
10508186
10508698
10509210
10509722
10510234
10510746
10511258
10511770
10512282
10507675
10508187
10508699
10509211
10509723
10510235
10510747
10511259
10511771
10512283
34634261
34634773
34635285
34635797
34636309
34636821
34637333
34637845
34638357
34638869
34634262
34634774
34635286
34635798
34636310
34636822
34637334
34637846
34638358
34638870
34634263
34634775
34635287
34635799
34636311
34636823
34637335
34637847
34638359
34638871
34634264
34634776
34635288
34635800
34636312
34636824
34637336
34637848
34638360
34638872
34634265
34634777
34635289
34635801
34636313
34636825
34637337
34637849
34638361
34638873
34634266
34634778
34635290
34635802
34636314
34636826
34637338
34637850
34638362
34638874
34634267
34634779
34635291
34635803
34636315
34636827
34637339
34637851
34638363
34638875
34634268
34634780
34635292
34635804
34636316
34636828
34637340
34637852
34638364
34638876
34634269
34634781
34635293
34635805
34636317
34636829
34637341
34637853
34638365
34638877
34634270
34634782
34635294
34635806
34636318
34636830
34637342
34637854
34638366
34638878
16670289
16670801
16671313
16671825
16672337
16672849
16673361
16673873
16674385
16674897
16670290
16670802
16671314
16671826
16672338
16672850
16673362
16673874
16674386
16674898
16670291
16670803
16671315
16671827
16672339
16672851
16673363
16673875
16674387
16674899
16670292
16670804
16671316
16671828
16672340
16672852
16673364
16673876
16674388
16674900
16670293
16670805
16671317
16671829
16672341
16672853
16673365
16673877
16674389
16674901
16670294
16670806
16671318
16671830
16672342
16672854
16673366
16673878
16674390
16674902
16670295
16670807
16671319
16671831
16672343
16672855
16673367
16673879
16674391
16674903
16670296
16670808
16671320
16671832
16672344
16672856
16673368
16673880
16674392
16674904
16670297
16670809
16671321
16671833
16672345
16672857
16673369
16673881
16674393
16674905
16670298
16670810
16671322
16671834
16672346
16672858
16673370
16673882
16674394
16674906
35263162
35263674
35264186
35264698
35265210
35265722
35266234
35266746
35267258
35267770
35263163
35263675
35264187
35264699
35265211
35265723
35266235
35266747
35267259
35267771
35263164
35263676
35264188
35264700
35265212
35265724
35266236
35266748
35267260
35267772
35263165
35263677
35264189
35264701
35265213
35265725
35266237
35266749
35267261
35267773
35263166
35263678
35264190
35264702
35265214
35265726
35266238
35266750
35267262
35267774
35263167
35263679
35264191
35264703
35265215
35265727
35266239
35266751
35267263
35267775
35263168
35263680
35264192
35264704
35265216
35265728
35266240
35266752
35267264
35267776
35263169
35263681
35264193
35264705
35265217
35265729
35266241
35266753
35267265
35267777
35263170
35263682
35264194
35264706
35265218
35265730
35266242
35266754
35267266
35267778
35263171
35263683
35264195
35264707
35265219
35265731
35266243
35266755
35267267
35267779
2045232
2045744
2046256
2046768
2047280
2047792
2048304
2048816
2049328
2049840
2045233
2045745
2046257
2046769
2047281
2047793
2048305
2048817
2049329
2049841
2045234
2045746
2046258
2046770
2047282
2047794
2048306
2048818
2049330
2049842
2045235
2045747
2046259
2046771
2047283
2047795
2048307
2048819
2049331
2049843
2045236
2045748
2046260
2046772
2047284
2047796
2048308
2048820
2049332
2049844
2045237
2045749
2046261
2046773
2047285
2047797
2048309
2048821
2049333
2049845
2045238
2045750
2046262
2046774
2047286
2047798
2048310
2048822
2049334
2049846
2045239
2045751
2046263
2046775
2047287
2047799
2048311
2048823
2049335
2049847
2045240
2045752
2046264
2046776
2047288
2047800
2048312
2048824
2049336
2049848
2045241
2045753
2046265
2046777
2047289
2047801
2048313
2048825
2049337
2049849
35616132
35616644
35617156
35617668
35618180
35618692
35619204
35619716
35620228
35620740
35616133
35616645
35617157
35617669
35618181
35618693
35619205
35619717
35620229
35620741
35616134
35616646
35617158
35617670
35618182
35618694
35619206
35619718
35620230
35620742
35616135
35616647
35617159
35617671
35618183
35618695
35619207
35619719
35620231
35620743
35616136
35616648
35617160
35617672
35618184
35618696
35619208
35619720
35620232
35620744
35616137
35616649
35617161
35617673
35618185
35618697
35619209
35619721
35620233
35620745
35616138
35616650
35617162
35617674
35618186
35618698
35619210
35619722
35620234
35620746
35616139
35616651
35617163
35617675
35618187
35618699
35619211
35619723
35620235
35620747
35616140
35616652
35617164
35617676
35618188
35618700
35619212
35619724
35620236
35620748
35616141
35616653
35617165
35617677
35618189
35618701
35619213
35619725
35620237
35620749
16390113
16390625
16391137
16391649
16392161
16392673
16393185
16393697
16394209
16394721
16390114
16390626
16391138
16391650
16392162
16392674
16393186
16393698
16394210
16394722
16390115
16390627
16391139
16391651
16392163
16392675
16393187
16393699
16394211
16394723
16390116
16390628
16391140
16391652
16392164
16392676
16393188
16393700
16394212
16394724
16390117
16390629
16391141
16391653
16392165
16392677
16393189
16393701
16394213
16394725
16390118
16390630
16391142
16391654
16392166
16392678
16393190
16393702
16394214
16394726
16390119
16390631
16391143
16391655
16392167
16392679
16393191
16393703
16394215
16394727
16390120
16390632
16391144
16391656
16392168
16392680
16393192
16393704
16394216
16394728
16390121
16390633
16391145
16391657
16392169
16392681
16393193
16393705
16394217
16394729
16390122
16390634
16391146
16391658
16392170
16392682
16393194
16393706
16394218
16394730
43654312
43654824
43655336
43655848
43656360
43656872
43657384
43657896
43658408
43658920
43654313
43654825
43655337
43655849
43656361
43656873
43657385
43657897
43658409
43658921
43654314
43654826
43655338
43655850
43656362
43656874
43657386
43657898
43658410
43658922
43654315
43654827
43655339
43655851
43656363
43656875
43657387
43657899
43658411
43658923
43654316
43654828
43655340
43655852
43656364
43656876
43657388
43657900
43658412
43658924
43654317
43654829
43655341
43655853
43656365
43656877
43657389
43657901
43658413
43658925
43654318
43654830
43655342
43655854
43656366
43656878
43657390
43657902
43658414
43658926
43654319
43654831
43655343
43655855
43656367
43656879
43657391
43657903
43658415
43658927
43654320
43654832
43655344
43655856
43656368
43656880
43657392
43657904
43658416
43658928
43654321
43654833
43655345
43655857
43656369
43656881
43657393
43657905
43658417
43658929
47136720
47137232
47137744
47138256
47138768
47139280
47139792
47140304
47140816
47141328
47136721
47137233
47137745
47138257
47138769
47139281
47139793
47140305
47140817
47141329
47136722
47137234
47137746
47138258
47138770
47139282
47139794
47140306
47140818
47141330
47136723
47137235
47137747
47138259
47138771
47139283
47139795
47140307
47140819
47141331
47136724
47137236
47137748
47138260
47138772
47139284
47139796
47140308
47140820
47141332
47136725
47137237
47137749
47138261
47138773
47139285
47139797
47140309
47140821
47141333
47136726
47137238
47137750
47138262
47138774
47139286
47139798
47140310
47140822
47141334
47136727
47137239
47137751
47138263
47138775
47139287
47139799
47140311
47140823
47141335
47136728
47137240
47137752
47138264
47138776
47139288
47139800
47140312
47140824
47141336
47136729
47137241
47137753
47138265
47138777
47139289
47139801
47140313
47140825
47141337
21256682
21257194
21257706
21258218
21258730
21259242
21259754
21260266
21260778
21261290
21256683
21257195
21257707
21258219
21258731
21259243
21259755
21260267
21260779
21261291
21256684
21257196
21257708
21258220
21258732
21259244
21259756
21260268
21260780
21261292
21256685
21257197
21257709
21258221
21258733
21259245
21259757
21260269
21260781
21261293
21256686
21257198
21257710
21258222
21258734
21259246
21259758
21260270
21260782
21261294
21256687
21257199
21257711
21258223
21258735
21259247
21259759
21260271
21260783
21261295
21256688
21257200
21257712
21258224
21258736
21259248
21259760
21260272
21260784
21261296
21256689
21257201
21257713
21258225
21258737
21259249
21259761
21260273
21260785
21261297
21256690
21257202
21257714
21258226
21258738
21259250
21259762
21260274
21260786
21261298
21256691
21257203
21257715
21258227
21258739
21259251
21259763
21260275
21260787
21261299
24269251
24269763
24270275
24270787
24271299
24271811
24272323
24272835
24273347
24273859
24269252
24269764
24270276
24270788
24271300
24271812
24272324
24272836
24273348
24273860
24269253
24269765
24270277
24270789
24271301
24271813
24272325
24272837
24273349
24273861
24269254
24269766
24270278
24270790
24271302
24271814
24272326
24272838
24273350
24273862
24269255
24269767
24270279
24270791
24271303
24271815
24272327
24272839
24273351
24273863
24269256
24269768
24270280
24270792
24271304
24271816
24272328
24272840
24273352
24273864
24269257
24269769
24270281
24270793
24271305
24271817
24272329
24272841
24273353
24273865
24269258
24269770
24270282
24270794
24271306
24271818
24272330
24272842
24273354
24273866
24269259
24269771
24270283
24270795
24271307
24271819
24272331
24272843
24273355
24273867
24269260
24269772
24270284
24270796
24271308
24271820
24272332
24272844
24273356
24273868
43109110
43109622
43110134
43110646
43111158
43111670
43112182
43112694
43113206
43113718
43109111
43109623
43110135
43110647
43111159
43111671
43112183
43112695
43113207
43113719
43109112
43109624
43110136
43110648
43111160
43111672
43112184
43112696
43113208
43113720
43109113
43109625
43110137
43110649
43111161
43111673
43112185
43112697
43113209
43113721
43109114
43109626
43110138
43110650
43111162
43111674
43112186
43112698
43113210
43113722
43109115
43109627
43110139
43110651
43111163
43111675
43112187
43112699
43113211
43113723
43109116
43109628
43110140
43110652
43111164
43111676
43112188
43112700
43113212
43113724
43109117
43109629
43110141
43110653
43111165
43111677
43112189
43112701
43113213
43113725
43109118
43109630
43110142
43110654
43111166
43111678
43112190
43112702
43113214
43113726
43109119
43109631
43110143
43110655
43111167
43111679
43112191
43112703
43113215
43113727
41581515
41582027
41582539
41583051
41583563
41584075
41584587
41585099
41585611
41586123
41581516
41582028
41582540
41583052
41583564
41584076
41584588
41585100
41585612
41586124
41581517
41582029
41582541
41583053
41583565
41584077
41584589
41585101
41585613
41586125
41581518
41582030
41582542
41583054
41583566
41584078
41584590
41585102
41585614
41586126
41581519
41582031
41582543
41583055
41583567
41584079
41584591
41585103
41585615
41586127
41581520
41582032
41582544
41583056
41583568
41584080
41584592
41585104
41585616
41586128
41581521
41582033
41582545
41583057
41583569
41584081
41584593
41585105
41585617
41586129
41581522
41582034
41582546
41583058
41583570
41584082
41584594
41585106
41585618
41586130
41581523
41582035
41582547
41583059
41583571
41584083
41584595
41585107
41585619
41586131
41581524
41582036
41582548
41583060
41583572
41584084
41584596
41585108
41585620
41586132
3720835
3721347
3721859
3722371
3722883
3723395
3723907
3724419
3724931
3725443
3720836
3721348
3721860
3722372
3722884
3723396
3723908
3724420
3724932
3725444
3720837
3721349
3721861
3722373
3722885
3723397
3723909
3724421
3724933
3725445
3720838
3721350
3721862
3722374
3722886
3723398
3723910
3724422
3724934
3725446
3720839
3721351
3721863
3722375
3722887
3723399
3723911
3724423
3724935
3725447
3720840
3721352
3721864
3722376
3722888
3723400
3723912
3724424
3724936
3725448
3720841
3721353
3721865
3722377
3722889
3723401
3723913
3724425
3724937
3725449
3720842
3721354
3721866
3722378
3722890
3723402
3723914
3724426
3724938
3725450
3720843
3721355
3721867
3722379
3722891
3723403
3723915
3724427
3724939
3725451
3720844
3721356
3721868
3722380
3722892
3723404
3723916
3724428
3724940
3725452
9228962
9229474
9229986
9230498
9231010
9231522
9232034
9232546
9233058
9233570
9228963
9229475
9229987
9230499
9231011
9231523
9232035
9232547
9233059
9233571
9228964
9229476
9229988
9230500
9231012
9231524
9232036
9232548
9233060
9233572
9228965
9229477
9229989
9230501
9231013
9231525
9232037
9232549
9233061
9233573
9228966
9229478
9229990
9230502
9231014
9231526
9232038
9232550
9233062
9233574
9228967
9229479
9229991
9230503
9231015
9231527
9232039
9232551
9233063
9233575
9228968
9229480
9229992
9230504
9231016
9231528
9232040
9232552
9233064
9233576
9228969
9229481
9229993
9230505
9231017
9231529
9232041
9232553
9233065
9233577
9228970
9229482
9229994
9230506
9231018
9231530
9232042
9232554
9233066
9233578
9228971
9229483
9229995
9230507
9231019
9231531
9232043
9232555
9233067
9233579
27224023
27224535
27225047
27225559
27226071
27226583
27227095
27227607
27228119
27228631
27224024
27224536
27225048
27225560
27226072
27226584
27227096
27227608
27228120
27228632
27224025
27224537
27225049
27225561
27226073
27226585
27227097
27227609
27228121
27228633
27224026
27224538
27225050
27225562
27226074
27226586
27227098
27227610
27228122
27228634
27224027
27224539
27225051
27225563
27226075
27226587
27227099
27227611
27228123
27228635
27224028
27224540
27225052
27225564
27226076
27226588
27227100
27227612
27228124
27228636
27224029
27224541
27225053
27225565
27226077
27226589
27227101
27227613
27228125
27228637
27224030
27224542
27225054
27225566
27226078
27226590
27227102
27227614
27228126
27228638
27224031
27224543
27225055
27225567
27226079
27226591
27227103
27227615
27228127
27228639
27224032
27224544
27225056
27225568
27226080
27226592
27227104
27227616
27228128
27228640
38346761
38347273
38347785
38348297
38348809
38349321
38349833
38350345
38350857
38351369
38346762
38347274
38347786
38348298
38348810
38349322
38349834
38350346
38350858
38351370
38346763
38347275
38347787
38348299
38348811
38349323
38349835
38350347
38350859
38351371
38346764
38347276
38347788
38348300
38348812
38349324
38349836
38350348
38350860
38351372
38346765
38347277
38347789
38348301
38348813
38349325
38349837
38350349
38350861
38351373
38346766
38347278
38347790
38348302
38348814
38349326
38349838
38350350
38350862
38351374
38346767
38347279
38347791
38348303
38348815
38349327
38349839
38350351
38350863
38351375
38346768
38347280
38347792
38348304
38348816
38349328
38349840
38350352
38350864
38351376
38346769
38347281
38347793
38348305
38348817
38349329
38349841
38350353
38350865
38351377
38346770
38347282
38347794
38348306
38348818
38349330
38349842
38350354
38350866
38351378
54923937
54924449
54924961
54925473
54925985
54926497
54927009
54927521
54928033
54928545
54923938
54924450
54924962
54925474
54925986
54926498
54927010
54927522
54928034
54928546
54923939
54924451
54924963
54925475
54925987
54926499
54927011
54927523
54928035
54928547
54923940
54924452
54924964
54925476
54925988
54926500
54927012
54927524
54928036
54928548
54923941
54924453
54924965
54925477
54925989
54926501
54927013
54927525
54928037
54928549
54923942
54924454
54924966
54925478
54925990
54926502
54927014
54927526
54928038
54928550
54923943
54924455
54924967
54925479
54925991
54926503
54927015
54927527
54928039
54928551
54923944
54924456
54924968
54925480
54925992
54926504
54927016
54927528
54928040
54928552
54923945
54924457
54924969
54925481
54925993
54926505
54927017
54927529
54928041
54928553
54923946
54924458
54924970
54925482
54925994
54926506
54927018
54927530
54928042
54928554
26363987
26364499
26365011
26365523
26366035
26366547
26367059
26367571
26368083
26368595
26363988
26364500
26365012
26365524
26366036
26366548
26367060
26367572
26368084
26368596
26363989
26364501
26365013
26365525
26366037
26366549
26367061
26367573
26368085
26368597
26363990
26364502
26365014
26365526
26366038
26366550
26367062
26367574
26368086
26368598
26363991
26364503
26365015
26365527
26366039
26366551
26367063
26367575
26368087
26368599
26363992
26364504
26365016
26365528
26366040
26366552
26367064
26367576
26368088
26368600
26363993
26364505
26365017
26365529
26366041
26366553
26367065
26367577
26368089
26368601
26363994
26364506
26365018
26365530
26366042
26366554
26367066
26367578
26368090
26368602
26363995
26364507
26365019
26365531
26366043
26366555
26367067
26367579
26368091
26368603
26363996
26364508
26365020
26365532
26366044
26366556
26367068
26367580
26368092
26368604
20394312
20394824
20395336
20395848
20396360
20396872
20397384
20397896
20398408
20398920
20394313
20394825
20395337
20395849
20396361
20396873
20397385
20397897
20398409
20398921
20394314
20394826
20395338
20395850
20396362
20396874
20397386
20397898
20398410
20398922
20394315
20394827
20395339
20395851
20396363
20396875
20397387
20397899
20398411
20398923
20394316
20394828
20395340
20395852
20396364
20396876
20397388
20397900
20398412
20398924
20394317
20394829
20395341
20395853
20396365
20396877
20397389
20397901
20398413
20398925
20394318
20394830
20395342
20395854
20396366
20396878
20397390
20397902
20398414
20398926
20394319
20394831
20395343
20395855
20396367
20396879
20397391
20397903
20398415
20398927
20394320
20394832
20395344
20395856
20396368
20396880
20397392
20397904
20398416
20398928
20394321
20394833
20395345
20395857
20396369
20396881
20397393
20397905
20398417
20398929
18135724
18136236
18136748
18137260
18137772
18138284
18138796
18139308
18139820
18140332
18135725
18136237
18136749
18137261
18137773
18138285
18138797
18139309
18139821
18140333
18135726
18136238
18136750
18137262
18137774
18138286
18138798
18139310
18139822
18140334
18135727
18136239
18136751
18137263
18137775
18138287
18138799
18139311
18139823
18140335
18135728
18136240
18136752
18137264
18137776
18138288
18138800
18139312
18139824
18140336
18135729
18136241
18136753
18137265
18137777
18138289
18138801
18139313
18139825
18140337
18135730
18136242
18136754
18137266
18137778
18138290
18138802
18139314
18139826
18140338
18135731
18136243
18136755
18137267
18137779
18138291
18138803
18139315
18139827
18140339
18135732
18136244
18136756
18137268
18137780
18138292
18138804
18139316
18139828
18140340
18135733
18136245
18136757
18137269
18137781
18138293
18138805
18139317
18139829
18140341
52031572
52032084
52032596
52033108
52033620
52034132
52034644
52035156
52035668
52036180
52031573
52032085
52032597
52033109
52033621
52034133
52034645
52035157
52035669
52036181
52031574
52032086
52032598
52033110
52033622
52034134
52034646
52035158
52035670
52036182
52031575
52032087
52032599
52033111
52033623
52034135
52034647
52035159
52035671
52036183
52031576
52032088
52032600
52033112
52033624
52034136
52034648
52035160
52035672
52036184
52031577
52032089
52032601
52033113
52033625
52034137
52034649
52035161
52035673
52036185
52031578
52032090
52032602
52033114
52033626
52034138
52034650
52035162
52035674
52036186
52031579
52032091
52032603
52033115
52033627
52034139
52034651
52035163
52035675
52036187
52031580
52032092
52032604
52033116
52033628
52034140
52034652
52035164
52035676
52036188
52031581
52032093
52032605
52033117
52033629
52034141
52034653
52035165
52035677
52036189
