54469216
54469728
54470240
54470752
54471264
54471776
54472288
54472800
54473312
54473824
54469217
54469729
54470241
54470753
54471265
54471777
54472289
54472801
54473313
54473825
54469218
54469730
54470242
54470754
54471266
54471778
54472290
54472802
54473314
54473826
54469219
54469731
54470243
54470755
54471267
54471779
54472291
54472803
54473315
54473827
54469220
54469732
54470244
54470756
54471268
54471780
54472292
54472804
54473316
54473828
54469221
54469733
54470245
54470757
54471269
54471781
54472293
54472805
54473317
54473829
54469222
54469734
54470246
54470758
54471270
54471782
54472294
54472806
54473318
54473830
54469223
54469735
54470247
54470759
54471271
54471783
54472295
54472807
54473319
54473831
54469224
54469736
54470248
54470760
54471272
54471784
54472296
54472808
54473320
54473832
54469225
54469737
54470249
54470761
54471273
54471785
54472297
54472809
54473321
54473833
32004463
32004975
32005487
32005999
32006511
32007023
32007535
32008047
32008559
32009071
32004464
32004976
32005488
32006000
32006512
32007024
32007536
32008048
32008560
32009072
32004465
32004977
32005489
32006001
32006513
32007025
32007537
32008049
32008561
32009073
32004466
32004978
32005490
32006002
32006514
32007026
32007538
32008050
32008562
32009074
32004467
32004979
32005491
32006003
32006515
32007027
32007539
32008051
32008563
32009075
32004468
32004980
32005492
32006004
32006516
32007028
32007540
32008052
32008564
32009076
32004469
32004981
32005493
32006005
32006517
32007029
32007541
32008053
32008565
32009077
32004470
32004982
32005494
32006006
32006518
32007030
32007542
32008054
32008566
32009078
32004471
32004983
32005495
32006007
32006519
32007031
32007543
32008055
32008567
32009079
32004472
32004984
32005496
32006008
32006520
32007032
32007544
32008056
32008568
32009080
21112801
21113313
21113825
21114337
21114849
21115361
21115873
21116385
21116897
21117409
21112802
21113314
21113826
21114338
21114850
21115362
21115874
21116386
21116898
21117410
21112803
21113315
21113827
21114339
21114851
21115363
21115875
21116387
21116899
21117411
21112804
21113316
21113828
21114340
21114852
21115364
21115876
21116388
21116900
21117412
21112805
21113317
21113829
21114341
21114853
21115365
21115877
21116389
21116901
21117413
21112806
21113318
21113830
21114342
21114854
21115366
21115878
21116390
21116902
21117414
21112807
21113319
21113831
21114343
21114855
21115367
21115879
21116391
21116903
21117415
21112808
21113320
21113832
21114344
21114856
21115368
21115880
21116392
21116904
21117416
21112809
21113321
21113833
21114345
21114857
21115369
21115881
21116393
21116905
21117417
21112810
21113322
21113834
21114346
21114858
21115370
21115882
21116394
21116906
21117418
36290922
36291434
36291946
36292458
36292970
36293482
36293994
36294506
36295018
36295530
36290923
36291435
36291947
36292459
36292971
36293483
36293995
36294507
36295019
36295531
36290924
36291436
36291948
36292460
36292972
36293484
36293996
36294508
36295020
36295532
36290925
36291437
36291949
36292461
36292973
36293485
36293997
36294509
36295021
36295533
36290926
36291438
36291950
36292462
36292974
36293486
36293998
36294510
36295022
36295534
36290927
36291439
36291951
36292463
36292975
36293487
36293999
36294511
36295023
36295535
36290928
36291440
36291952
36292464
36292976
36293488
36294000
36294512
36295024
36295536
36290929
36291441
36291953
36292465
36292977
36293489
36294001
36294513
36295025
36295537
36290930
36291442
36291954
36292466
36292978
36293490
36294002
36294514
36295026
36295538
36290931
36291443
36291955
36292467
36292979
36293491
36294003
36294515
36295027
36295539
51220081
51220593
51221105
51221617
51222129
51222641
51223153
51223665
51224177
51224689
51220082
51220594
51221106
51221618
51222130
51222642
51223154
51223666
51224178
51224690
51220083
51220595
51221107
51221619
51222131
51222643
51223155
51223667
51224179
51224691
51220084
51220596
51221108
51221620
51222132
51222644
51223156
51223668
51224180
51224692
51220085
51220597
51221109
51221621
51222133
51222645
51223157
51223669
51224181
51224693
51220086
51220598
51221110
51221622
51222134
51222646
51223158
51223670
51224182
51224694
51220087
51220599
51221111
51221623
51222135
51222647
51223159
51223671
51224183
51224695
51220088
51220600
51221112
51221624
51222136
51222648
51223160
51223672
51224184
51224696
51220089
51220601
51221113
51221625
51222137
51222649
51223161
51223673
51224185
51224697
51220090
51220602
51221114
51221626
51222138
51222650
51223162
51223674
51224186
51224698
42693634
42694146
42694658
42695170
42695682
42696194
42696706
42697218
42697730
42698242
42693635
42694147
42694659
42695171
42695683
42696195
42696707
42697219
42697731
42698243
42693636
42694148
42694660
42695172
42695684
42696196
42696708
42697220
42697732
42698244
42693637
42694149
42694661
42695173
42695685
42696197
42696709
42697221
42697733
42698245
42693638
42694150
42694662
42695174
42695686
42696198
42696710
42697222
42697734
42698246
42693639
42694151
42694663
42695175
42695687
42696199
42696711
42697223
42697735
42698247
42693640
42694152
42694664
42695176
42695688
42696200
42696712
42697224
42697736
42698248
42693641
42694153
42694665
42695177
42695689
42696201
42696713
42697225
42697737
42698249
42693642
42694154
42694666
42695178
42695690
42696202
42696714
42697226
42697738
42698250
42693643
42694155
42694667
42695179
42695691
42696203
42696715
42697227
42697739
42698251
52220246
52220758
52221270
52221782
52222294
52222806
52223318
52223830
52224342
52224854
52220247
52220759
52221271
52221783
52222295
52222807
52223319
52223831
52224343
52224855
52220248
52220760
52221272
52221784
52222296
52222808
52223320
52223832
52224344
52224856
52220249
52220761
52221273
52221785
52222297
52222809
52223321
52223833
52224345
52224857
52220250
52220762
52221274
52221786
52222298
52222810
52223322
52223834
52224346
52224858
52220251
52220763
52221275
52221787
52222299
52222811
52223323
52223835
52224347
52224859
52220252
52220764
52221276
52221788
52222300
52222812
52223324
52223836
52224348
52224860
52220253
52220765
52221277
52221789
52222301
52222813
52223325
52223837
52224349
52224861
52220254
52220766
52221278
52221790
52222302
52222814
52223326
52223838
52224350
52224862
52220255
52220767
52221279
52221791
52222303
52222815
52223327
52223839
52224351
52224863
33341368
33341880
33342392
33342904
33343416
33343928
33344440
33344952
33345464
33345976
33341369
33341881
33342393
33342905
33343417
33343929
33344441
33344953
33345465
33345977
33341370
33341882
33342394
33342906
33343418
33343930
33344442
33344954
33345466
33345978
33341371
33341883
33342395
33342907
33343419
33343931
33344443
33344955
33345467
33345979
33341372
33341884
33342396
33342908
33343420
33343932
33344444
33344956
33345468
33345980
33341373
33341885
33342397
33342909
33343421
33343933
33344445
33344957
33345469
33345981
33341374
33341886
33342398
33342910
33343422
33343934
33344446
33344958
33345470
33345982
33341375
33341887
33342399
33342911
33343423
33343935
33344447
33344959
33345471
33345983
33341376
33341888
33342400
33342912
33343424
33343936
33344448
33344960
33345472
33345984
33341377
33341889
33342401
33342913
33343425
33343937
33344449
33344961
33345473
33345985
11100144
11100656
11101168
11101680
11102192
11102704
11103216
11103728
11104240
11104752
11100145
11100657
11101169
11101681
11102193
11102705
11103217
11103729
11104241
11104753
11100146
11100658
11101170
11101682
11102194
11102706
11103218
11103730
11104242
11104754
11100147
11100659
11101171
11101683
11102195
11102707
11103219
11103731
11104243
11104755
11100148
11100660
11101172
11101684
11102196
11102708
11103220
11103732
11104244
11104756
11100149
11100661
11101173
11101685
11102197
11102709
11103221
11103733
11104245
11104757
11100150
11100662
11101174
11101686
11102198
11102710
11103222
11103734
11104246
11104758
11100151
11100663
11101175
11101687
11102199
11102711
11103223
11103735
11104247
11104759
11100152
11100664
11101176
11101688
11102200
11102712
11103224
11103736
11104248
11104760
11100153
11100665
11101177
11101689
11102201
11102713
11103225
11103737
11104249
11104761
57186249
57186761
57187273
57187785
57188297
57188809
57189321
57189833
57190345
57190857
57186250
57186762
57187274
57187786
57188298
57188810
57189322
57189834
57190346
57190858
57186251
57186763
57187275
57187787
57188299
57188811
57189323
57189835
57190347
57190859
57186252
57186764
57187276
57187788
57188300
57188812
57189324
57189836
57190348
57190860
57186253
57186765
57187277
57187789
57188301
57188813
57189325
57189837
57190349
57190861
57186254
57186766
57187278
57187790
57188302
57188814
57189326
57189838
57190350
57190862
57186255
57186767
57187279
57187791
57188303
57188815
57189327
57189839
57190351
57190863
57186256
57186768
57187280
57187792
57188304
57188816
57189328
57189840
57190352
57190864
57186257
57186769
57187281
57187793
57188305
57188817
57189329
57189841
57190353
57190865
57186258
57186770
57187282
57187794
57188306
57188818
57189330
57189842
57190354
57190866
27486016
27486528
27487040
27487552
27488064
27488576
27489088
27489600
27490112
27490624
27486017
27486529
27487041
27487553
27488065
27488577
27489089
27489601
27490113
27490625
27486018
27486530
27487042
27487554
27488066
27488578
27489090
27489602
27490114
27490626
27486019
27486531
27487043
27487555
27488067
27488579
27489091
27489603
27490115
27490627
27486020
27486532
27487044
27487556
27488068
27488580
27489092
27489604
27490116
27490628
27486021
27486533
27487045
27487557
27488069
27488581
27489093
27489605
27490117
27490629
27486022
27486534
27487046
27487558
27488070
27488582
27489094
27489606
27490118
27490630
27486023
27486535
27487047
27487559
27488071
27488583
27489095
27489607
27490119
27490631
27486024
27486536
27487048
27487560
27488072
27488584
27489096
27489608
27490120
27490632
27486025
27486537
27487049
27487561
27488073
27488585
27489097
27489609
27490121
27490633
19062491
19063003
19063515
19064027
19064539
19065051
19065563
19066075
19066587
19067099
19062492
19063004
19063516
19064028
19064540
19065052
19065564
19066076
19066588
19067100
19062493
19063005
19063517
19064029
19064541
19065053
19065565
19066077
19066589
19067101
19062494
19063006
19063518
19064030
19064542
19065054
19065566
19066078
19066590
19067102
19062495
19063007
19063519
19064031
19064543
19065055
19065567
19066079
19066591
19067103
19062496
19063008
19063520
19064032
19064544
19065056
19065568
19066080
19066592
19067104
19062497
19063009
19063521
19064033
19064545
19065057
19065569
19066081
19066593
19067105
19062498
19063010
19063522
19064034
19064546
19065058
19065570
19066082
19066594
19067106
19062499
19063011
19063523
19064035
19064547
19065059
19065571
19066083
19066595
19067107
19062500
19063012
19063524
19064036
19064548
19065060
19065572
19066084
19066596
19067108
18134093
18134605
18135117
18135629
18136141
18136653
18137165
18137677
18138189
18138701
18134094
18134606
18135118
18135630
18136142
18136654
18137166
18137678
18138190
18138702
18134095
18134607
18135119
18135631
18136143
18136655
18137167
18137679
18138191
18138703
18134096
18134608
18135120
18135632
18136144
18136656
18137168
18137680
18138192
18138704
18134097
18134609
18135121
18135633
18136145
18136657
18137169
18137681
18138193
18138705
18134098
18134610
18135122
18135634
18136146
18136658
18137170
18137682
18138194
18138706
18134099
18134611
18135123
18135635
18136147
18136659
18137171
18137683
18138195
18138707
18134100
18134612
18135124
18135636
18136148
18136660
18137172
18137684
18138196
18138708
18134101
18134613
18135125
18135637
18136149
18136661
18137173
18137685
18138197
18138709
18134102
18134614
18135126
18135638
18136150
18136662
18137174
18137686
18138198
18138710
44522162
44522674
44523186
44523698
44524210
44524722
44525234
44525746
44526258
44526770
44522163
44522675
44523187
44523699
44524211
44524723
44525235
44525747
44526259
44526771
44522164
44522676
44523188
44523700
44524212
44524724
44525236
44525748
44526260
44526772
44522165
44522677
44523189
44523701
44524213
44524725
44525237
44525749
44526261
44526773
44522166
44522678
44523190
44523702
44524214
44524726
44525238
44525750
44526262
44526774
44522167
44522679
44523191
44523703
44524215
44524727
44525239
44525751
44526263
44526775
44522168
44522680
44523192
44523704
44524216
44524728
44525240
44525752
44526264
44526776
44522169
44522681
44523193
44523705
44524217
44524729
44525241
44525753
44526265
44526777
44522170
44522682
44523194
44523706
44524218
44524730
44525242
44525754
44526266
44526778
44522171
44522683
44523195
44523707
44524219
44524731
44525243
44525755
44526267
44526779
3650152
3650664
3651176
3651688
3652200
3652712
3653224
3653736
3654248
3654760
3650153
3650665
3651177
3651689
3652201
3652713
3653225
3653737
3654249
3654761
3650154
3650666
3651178
3651690
3652202
3652714
3653226
3653738
3654250
3654762
3650155
3650667
3651179
3651691
3652203
3652715
3653227
3653739
3654251
3654763
3650156
3650668
3651180
3651692
3652204
3652716
3653228
3653740
3654252
3654764
3650157
3650669
3651181
3651693
3652205
3652717
3653229
3653741
3654253
3654765
3650158
3650670
3651182
3651694
3652206
3652718
3653230
3653742
3654254
3654766
3650159
3650671
3651183
3651695
3652207
3652719
3653231
3653743
3654255
3654767
3650160
3650672
3651184
3651696
3652208
3652720
3653232
3653744
3654256
3654768
3650161
3650673
3651185
3651697
3652209
3652721
3653233
3653745
3654257
3654769
58127806
58128318
58128830
58129342
58129854
58130366
58130878
58131390
58131902
58132414
58127807
58128319
58128831
58129343
58129855
58130367
58130879
58131391
58131903
58132415
58127808
58128320
58128832
58129344
58129856
58130368
58130880
58131392
58131904
58132416
58127809
58128321
58128833
58129345
58129857
58130369
58130881
58131393
58131905
58132417
58127810
58128322
58128834
58129346
58129858
58130370
58130882
58131394
58131906
58132418
58127811
58128323
58128835
58129347
58129859
58130371
58130883
58131395
58131907
58132419
58127812
58128324
58128836
58129348
58129860
58130372
58130884
58131396
58131908
58132420
58127813
58128325
58128837
58129349
58129861
58130373
58130885
58131397
58131909
58132421
58127814
58128326
58128838
58129350
58129862
58130374
58130886
58131398
58131910
58132422
58127815
58128327
58128839
58129351
58129863
58130375
58130887
58131399
58131911
58132423
36025477
36025989
36026501
36027013
36027525
36028037
36028549
36029061
36029573
36030085
36025478
36025990
36026502
36027014
36027526
36028038
36028550
36029062
36029574
36030086
36025479
36025991
36026503
36027015
36027527
36028039
36028551
36029063
36029575
36030087
36025480
36025992
36026504
36027016
36027528
36028040
36028552
36029064
36029576
36030088
36025481
36025993
36026505
36027017
36027529
36028041
36028553
36029065
36029577
36030089
36025482
36025994
36026506
36027018
36027530
36028042
36028554
36029066
36029578
36030090
36025483
36025995
36026507
36027019
36027531
36028043
36028555
36029067
36029579
36030091
36025484
36025996
36026508
36027020
36027532
36028044
36028556
36029068
36029580
36030092
36025485
36025997
36026509
36027021
36027533
36028045
36028557
36029069
36029581
36030093
36025486
36025998
36026510
36027022
36027534
36028046
36028558
36029070
36029582
36030094
4836514
4837026
4837538
4838050
4838562
4839074
4839586
4840098
4840610
4841122
4836515
4837027
4837539
4838051
4838563
4839075
4839587
4840099
4840611
4841123
4836516
4837028
4837540
4838052
4838564
4839076
4839588
4840100
4840612
4841124
4836517
4837029
4837541
4838053
4838565
4839077
4839589
4840101
4840613
4841125
4836518
4837030
4837542
4838054
4838566
4839078
4839590
4840102
4840614
4841126
4836519
4837031
4837543
4838055
4838567
4839079
4839591
4840103
4840615
4841127
4836520
4837032
4837544
4838056
4838568
4839080
4839592
4840104
4840616
4841128
4836521
4837033
4837545
4838057
4838569
4839081
4839593
4840105
4840617
4841129
4836522
4837034
4837546
4838058
4838570
4839082
4839594
4840106
4840618
4841130
4836523
4837035
4837547
4838059
4838571
4839083
4839595
4840107
4840619
4841131
52476213
52476725
52477237
52477749
52478261
52478773
52479285
52479797
52480309
52480821
52476214
52476726
52477238
52477750
52478262
52478774
52479286
52479798
52480310
52480822
52476215
52476727
52477239
52477751
52478263
52478775
52479287
52479799
52480311
52480823
52476216
52476728
52477240
52477752
52478264
52478776
52479288
52479800
52480312
52480824
52476217
52476729
52477241
52477753
52478265
52478777
52479289
52479801
52480313
52480825
52476218
52476730
52477242
52477754
52478266
52478778
52479290
52479802
52480314
52480826
52476219
52476731
52477243
52477755
52478267
52478779
52479291
52479803
52480315
52480827
52476220
52476732
52477244
52477756
52478268
52478780
52479292
52479804
52480316
52480828
52476221
52476733
52477245
52477757
52478269
52478781
52479293
52479805
52480317
52480829
52476222
52476734
52477246
52477758
52478270
52478782
52479294
52479806
52480318
52480830
17085485
17085997
17086509
17087021
17087533
17088045
17088557
17089069
17089581
17090093
17085486
17085998
17086510
17087022
17087534
17088046
17088558
17089070
17089582
17090094
17085487
17085999
17086511
17087023
17087535
17088047
17088559
17089071
17089583
17090095
17085488
17086000
17086512
17087024
17087536
17088048
17088560
17089072
17089584
17090096
17085489
17086001
17086513
17087025
17087537
17088049
17088561
17089073
17089585
17090097
17085490
17086002
17086514
17087026
17087538
17088050
17088562
17089074
17089586
17090098
17085491
17086003
17086515
17087027
17087539
17088051
17088563
17089075
17089587
17090099
17085492
17086004
17086516
17087028
17087540
17088052
17088564
17089076
17089588
17090100
17085493
17086005
17086517
17087029
17087541
17088053
17088565
17089077
17089589
17090101
17085494
17086006
17086518
17087030
17087542
17088054
17088566
17089078
17089590
17090102
14136996
14137508
14138020
14138532
14139044
14139556
14140068
14140580
14141092
14141604
14136997
14137509
14138021
14138533
14139045
14139557
14140069
14140581
14141093
14141605
14136998
14137510
14138022
14138534
14139046
14139558
14140070
14140582
14141094
14141606
14136999
14137511
14138023
14138535
14139047
14139559
14140071
14140583
14141095
14141607
14137000
14137512
14138024
14138536
14139048
14139560
14140072
14140584
14141096
14141608
14137001
14137513
14138025
14138537
14139049
14139561
14140073
14140585
14141097
14141609
14137002
14137514
14138026
14138538
14139050
14139562
14140074
14140586
14141098
14141610
14137003
14137515
14138027
14138539
14139051
14139563
14140075
14140587
14141099
14141611
14137004
14137516
14138028
14138540
14139052
14139564
14140076
14140588
14141100
14141612
14137005
14137517
14138029
14138541
14139053
14139565
14140077
14140589
14141101
14141613
44043681
44044193
44044705
44045217
44045729
44046241
44046753
44047265
44047777
44048289
44043682
44044194
44044706
44045218
44045730
44046242
44046754
44047266
44047778
44048290
44043683
44044195
44044707
44045219
44045731
44046243
44046755
44047267
44047779
44048291
44043684
44044196
44044708
44045220
44045732
44046244
44046756
44047268
44047780
44048292
44043685
44044197
44044709
44045221
44045733
44046245
44046757
44047269
44047781
44048293
44043686
44044198
44044710
44045222
44045734
44046246
44046758
44047270
44047782
44048294
44043687
44044199
44044711
44045223
44045735
44046247
44046759
44047271
44047783
44048295
44043688
44044200
44044712
44045224
44045736
44046248
44046760
44047272
44047784
44048296
44043689
44044201
44044713
44045225
44045737
44046249
44046761
44047273
44047785
44048297
44043690
44044202
44044714
44045226
44045738
44046250
44046762
44047274
44047786
44048298
47833634
47834146
47834658
47835170
47835682
47836194
47836706
47837218
47837730
47838242
47833635
47834147
47834659
47835171
47835683
47836195
47836707
47837219
47837731
47838243
47833636
47834148
47834660
47835172
47835684
47836196
47836708
47837220
47837732
47838244
47833637
47834149
47834661
47835173
47835685
47836197
47836709
47837221
47837733
47838245
47833638
47834150
47834662
47835174
47835686
47836198
47836710
47837222
47837734
47838246
47833639
47834151
47834663
47835175
47835687
47836199
47836711
47837223
47837735
47838247
47833640
47834152
47834664
47835176
47835688
47836200
47836712
47837224
47837736
47838248
47833641
47834153
47834665
47835177
47835689
47836201
47836713
47837225
47837737
47838249
47833642
47834154
47834666
47835178
47835690
47836202
47836714
47837226
47837738
47838250
47833643
47834155
47834667
47835179
47835691
47836203
47836715
47837227
47837739
47838251
2523520
2524032
2524544
2525056
2525568
2526080
2526592
2527104
2527616
2528128
2523521
2524033
2524545
2525057
2525569
2526081
2526593
2527105
2527617
2528129
2523522
2524034
2524546
2525058
2525570
2526082
2526594
2527106
2527618
2528130
2523523
2524035
2524547
2525059
2525571
2526083
2526595
2527107
2527619
2528131
2523524
2524036
2524548
2525060
2525572
2526084
2526596
2527108
2527620
2528132
2523525
2524037
2524549
2525061
2525573
2526085
2526597
2527109
2527621
2528133
2523526
2524038
2524550
2525062
2525574
2526086
2526598
2527110
2527622
2528134
2523527
2524039
2524551
2525063
2525575
2526087
2526599
2527111
2527623
2528135
2523528
2524040
2524552
2525064
2525576
2526088
2526600
2527112
2527624
2528136
2523529
2524041
2524553
2525065
2525577
2526089
2526601
2527113
2527625
2528137
2642188
2642700
2643212
2643724
2644236
2644748
2645260
2645772
2646284
2646796
2642189
2642701
2643213
2643725
2644237
2644749
2645261
2645773
2646285
2646797
2642190
2642702
2643214
2643726
2644238
2644750
2645262
2645774
2646286
2646798
2642191
2642703
2643215
2643727
2644239
2644751
2645263
2645775
2646287
2646799
2642192
2642704
2643216
2643728
2644240
2644752
2645264
2645776
2646288
2646800
2642193
2642705
2643217
2643729
2644241
2644753
2645265
2645777
2646289
2646801
2642194
2642706
2643218
2643730
2644242
2644754
2645266
2645778
2646290
2646802
2642195
2642707
2643219
2643731
2644243
2644755
2645267
2645779
2646291
2646803
2642196
2642708
2643220
2643732
2644244
2644756
2645268
2645780
2646292
2646804
2642197
2642709
2643221
2643733
2644245
2644757
2645269
2645781
2646293
2646805
55652046
55652558
55653070
55653582
55654094
55654606
55655118
55655630
55656142
55656654
55652047
55652559
55653071
55653583
55654095
55654607
55655119
55655631
55656143
55656655
55652048
55652560
55653072
55653584
55654096
55654608
55655120
55655632
55656144
55656656
55652049
55652561
55653073
55653585
55654097
55654609
55655121
55655633
55656145
55656657
55652050
55652562
55653074
55653586
55654098
55654610
55655122
55655634
55656146
55656658
55652051
55652563
55653075
55653587
55654099
55654611
55655123
55655635
55656147
55656659
55652052
55652564
55653076
55653588
55654100
55654612
55655124
55655636
55656148
55656660
55652053
55652565
55653077
55653589
55654101
55654613
55655125
55655637
55656149
55656661
55652054
55652566
55653078
55653590
55654102
55654614
55655126
55655638
55656150
55656662
55652055
55652567
55653079
55653591
55654103
55654615
55655127
55655639
55656151
55656663
32923087
32923599
32924111
32924623
32925135
32925647
32926159
32926671
32927183
32927695
32923088
32923600
32924112
32924624
32925136
32925648
32926160
32926672
32927184
32927696
32923089
32923601
32924113
32924625
32925137
32925649
32926161
32926673
32927185
32927697
32923090
32923602
32924114
32924626
32925138
32925650
32926162
32926674
32927186
32927698
32923091
32923603
32924115
32924627
32925139
32925651
32926163
32926675
32927187
32927699
32923092
32923604
32924116
32924628
32925140
32925652
32926164
32926676
32927188
32927700
32923093
32923605
32924117
32924629
32925141
32925653
32926165
32926677
32927189
32927701
32923094
32923606
32924118
32924630
32925142
32925654
32926166
32926678
32927190
32927702
32923095
32923607
32924119
32924631
32925143
32925655
32926167
32926679
32927191
32927703
32923096
32923608
32924120
32924632
32925144
32925656
32926168
32926680
32927192
32927704
58508174
58508686
58509198
58509710
58510222
58510734
58511246
58511758
58512270
58512782
58508175
58508687
58509199
58509711
58510223
58510735
58511247
58511759
58512271
58512783
58508176
58508688
58509200
58509712
58510224
58510736
58511248
58511760
58512272
58512784
58508177
58508689
58509201
58509713
58510225
58510737
58511249
58511761
58512273
58512785
58508178
58508690
58509202
58509714
58510226
58510738
58511250
58511762
58512274
58512786
58508179
58508691
58509203
58509715
58510227
58510739
58511251
58511763
58512275
58512787
58508180
58508692
58509204
58509716
58510228
58510740
58511252
58511764
58512276
58512788
58508181
58508693
58509205
58509717
58510229
58510741
58511253
58511765
58512277
58512789
58508182
58508694
58509206
58509718
58510230
58510742
58511254
58511766
58512278
58512790
58508183
58508695
58509207
58509719
58510231
58510743
58511255
58511767
58512279
58512791
26755046
26755558
26756070
26756582
26757094
26757606
26758118
26758630
26759142
26759654
26755047
26755559
26756071
26756583
26757095
26757607
26758119
26758631
26759143
26759655
26755048
26755560
26756072
26756584
26757096
26757608
26758120
26758632
26759144
26759656
26755049
26755561
26756073
26756585
26757097
26757609
26758121
26758633
26759145
26759657
26755050
26755562
26756074
26756586
26757098
26757610
26758122
26758634
26759146
26759658
26755051
26755563
26756075
26756587
26757099
26757611
26758123
26758635
26759147
26759659
26755052
26755564
26756076
26756588
26757100
26757612
26758124
26758636
26759148
26759660
26755053
26755565
26756077
26756589
26757101
26757613
26758125
26758637
26759149
26759661
26755054
26755566
26756078
26756590
26757102
26757614
26758126
26758638
26759150
26759662
26755055
26755567
26756079
26756591
26757103
26757615
26758127
26758639
26759151
26759663
21750887
21751399
21751911
21752423
21752935
21753447
21753959
21754471
21754983
21755495
21750888
21751400
21751912
21752424
21752936
21753448
21753960
21754472
21754984
21755496
21750889
21751401
21751913
21752425
21752937
21753449
21753961
21754473
21754985
21755497
21750890
21751402
21751914
21752426
21752938
21753450
21753962
21754474
21754986
21755498
21750891
21751403
21751915
21752427
21752939
21753451
21753963
21754475
21754987
21755499
21750892
21751404
21751916
21752428
21752940
21753452
21753964
21754476
21754988
21755500
21750893
21751405
21751917
21752429
21752941
21753453
21753965
21754477
21754989
21755501
21750894
21751406
21751918
21752430
21752942
21753454
21753966
21754478
21754990
21755502
21750895
21751407
21751919
21752431
21752943
21753455
21753967
21754479
21754991
21755503
21750896
21751408
21751920
21752432
21752944
21753456
21753968
21754480
21754992
21755504
