49944725
49945237
49945749
49946261
49946773
49947285
49947797
49948309
49948821
49949333
49944726
49945238
49945750
49946262
49946774
49947286
49947798
49948310
49948822
49949334
49944727
49945239
49945751
49946263
49946775
49947287
49947799
49948311
49948823
49949335
49944728
49945240
49945752
49946264
49946776
49947288
49947800
49948312
49948824
49949336
49944729
49945241
49945753
49946265
49946777
49947289
49947801
49948313
49948825
49949337
49944730
49945242
49945754
49946266
49946778
49947290
49947802
49948314
49948826
49949338
49944731
49945243
49945755
49946267
49946779
49947291
49947803
49948315
49948827
49949339
49944732
49945244
49945756
49946268
49946780
49947292
49947804
49948316
49948828
49949340
49944733
49945245
49945757
49946269
49946781
49947293
49947805
49948317
49948829
49949341
49944734
49945246
49945758
49946270
49946782
49947294
49947806
49948318
49948830
49949342
43326628
43327140
43327652
43328164
43328676
43329188
43329700
43330212
43330724
43331236
43326629
43327141
43327653
43328165
43328677
43329189
43329701
43330213
43330725
43331237
43326630
43327142
43327654
43328166
43328678
43329190
43329702
43330214
43330726
43331238
43326631
43327143
43327655
43328167
43328679
43329191
43329703
43330215
43330727
43331239
43326632
43327144
43327656
43328168
43328680
43329192
43329704
43330216
43330728
43331240
43326633
43327145
43327657
43328169
43328681
43329193
43329705
43330217
43330729
43331241
43326634
43327146
43327658
43328170
43328682
43329194
43329706
43330218
43330730
43331242
43326635
43327147
43327659
43328171
43328683
43329195
43329707
43330219
43330731
43331243
43326636
43327148
43327660
43328172
43328684
43329196
43329708
43330220
43330732
43331244
43326637
43327149
43327661
43328173
43328685
43329197
43329709
43330221
43330733
43331245
42774306
42774818
42775330
42775842
42776354
42776866
42777378
42777890
42778402
42778914
42774307
42774819
42775331
42775843
42776355
42776867
42777379
42777891
42778403
42778915
42774308
42774820
42775332
42775844
42776356
42776868
42777380
42777892
42778404
42778916
42774309
42774821
42775333
42775845
42776357
42776869
42777381
42777893
42778405
42778917
42774310
42774822
42775334
42775846
42776358
42776870
42777382
42777894
42778406
42778918
42774311
42774823
42775335
42775847
42776359
42776871
42777383
42777895
42778407
42778919
42774312
42774824
42775336
42775848
42776360
42776872
42777384
42777896
42778408
42778920
42774313
42774825
42775337
42775849
42776361
42776873
42777385
42777897
42778409
42778921
42774314
42774826
42775338
42775850
42776362
42776874
42777386
42777898
42778410
42778922
42774315
42774827
42775339
42775851
42776363
42776875
42777387
42777899
42778411
42778923
48879793
48880305
48880817
48881329
48881841
48882353
48882865
48883377
48883889
48884401
48879794
48880306
48880818
48881330
48881842
48882354
48882866
48883378
48883890
48884402
48879795
48880307
48880819
48881331
48881843
48882355
48882867
48883379
48883891
48884403
48879796
48880308
48880820
48881332
48881844
48882356
48882868
48883380
48883892
48884404
48879797
48880309
48880821
48881333
48881845
48882357
48882869
48883381
48883893
48884405
48879798
48880310
48880822
48881334
48881846
48882358
48882870
48883382
48883894
48884406
48879799
48880311
48880823
48881335
48881847
48882359
48882871
48883383
48883895
48884407
48879800
48880312
48880824
48881336
48881848
48882360
48882872
48883384
48883896
48884408
48879801
48880313
48880825
48881337
48881849
48882361
48882873
48883385
48883897
48884409
48879802
48880314
48880826
48881338
48881850
48882362
48882874
48883386
48883898
48884410
48616087
48616599
48617111
48617623
48618135
48618647
48619159
48619671
48620183
48620695
48616088
48616600
48617112
48617624
48618136
48618648
48619160
48619672
48620184
48620696
48616089
48616601
48617113
48617625
48618137
48618649
48619161
48619673
48620185
48620697
48616090
48616602
48617114
48617626
48618138
48618650
48619162
48619674
48620186
48620698
48616091
48616603
48617115
48617627
48618139
48618651
48619163
48619675
48620187
48620699
48616092
48616604
48617116
48617628
48618140
48618652
48619164
48619676
48620188
48620700
48616093
48616605
48617117
48617629
48618141
48618653
48619165
48619677
48620189
48620701
48616094
48616606
48617118
48617630
48618142
48618654
48619166
48619678
48620190
48620702
48616095
48616607
48617119
48617631
48618143
48618655
48619167
48619679
48620191
48620703
48616096
48616608
48617120
48617632
48618144
48618656
48619168
48619680
48620192
48620704
41509107
41509619
41510131
41510643
41511155
41511667
41512179
41512691
41513203
41513715
41509108
41509620
41510132
41510644
41511156
41511668
41512180
41512692
41513204
41513716
41509109
41509621
41510133
41510645
41511157
41511669
41512181
41512693
41513205
41513717
41509110
41509622
41510134
41510646
41511158
41511670
41512182
41512694
41513206
41513718
41509111
41509623
41510135
41510647
41511159
41511671
41512183
41512695
41513207
41513719
41509112
41509624
41510136
41510648
41511160
41511672
41512184
41512696
41513208
41513720
41509113
41509625
41510137
41510649
41511161
41511673
41512185
41512697
41513209
41513721
41509114
41509626
41510138
41510650
41511162
41511674
41512186
41512698
41513210
41513722
41509115
41509627
41510139
41510651
41511163
41511675
41512187
41512699
41513211
41513723
41509116
41509628
41510140
41510652
41511164
41511676
41512188
41512700
41513212
41513724
45145906
45146418
45146930
45147442
45147954
45148466
45148978
45149490
45150002
45150514
45145907
45146419
45146931
45147443
45147955
45148467
45148979
45149491
45150003
45150515
45145908
45146420
45146932
45147444
45147956
45148468
45148980
45149492
45150004
45150516
45145909
45146421
45146933
45147445
45147957
45148469
45148981
45149493
45150005
45150517
45145910
45146422
45146934
45147446
45147958
45148470
45148982
45149494
45150006
45150518
45145911
45146423
45146935
45147447
45147959
45148471
45148983
45149495
45150007
45150519
45145912
45146424
45146936
45147448
45147960
45148472
45148984
45149496
45150008
45150520
45145913
45146425
45146937
45147449
45147961
45148473
45148985
45149497
45150009
45150521
45145914
45146426
45146938
45147450
45147962
45148474
45148986
45149498
45150010
45150522
45145915
45146427
45146939
45147451
45147963
45148475
45148987
45149499
45150011
45150523
52525250
52525762
52526274
52526786
52527298
52527810
52528322
52528834
52529346
52529858
52525251
52525763
52526275
52526787
52527299
52527811
52528323
52528835
52529347
52529859
52525252
52525764
52526276
52526788
52527300
52527812
52528324
52528836
52529348
52529860
52525253
52525765
52526277
52526789
52527301
52527813
52528325
52528837
52529349
52529861
52525254
52525766
52526278
52526790
52527302
52527814
52528326
52528838
52529350
52529862
52525255
52525767
52526279
52526791
52527303
52527815
52528327
52528839
52529351
52529863
52525256
52525768
52526280
52526792
52527304
52527816
52528328
52528840
52529352
52529864
52525257
52525769
52526281
52526793
52527305
52527817
52528329
52528841
52529353
52529865
52525258
52525770
52526282
52526794
52527306
52527818
52528330
52528842
52529354
52529866
52525259
52525771
52526283
52526795
52527307
52527819
52528331
52528843
52529355
52529867
51772089
51772601
51773113
51773625
51774137
51774649
51775161
51775673
51776185
51776697
51772090
51772602
51773114
51773626
51774138
51774650
51775162
51775674
51776186
51776698
51772091
51772603
51773115
51773627
51774139
51774651
51775163
51775675
51776187
51776699
51772092
51772604
51773116
51773628
51774140
51774652
51775164
51775676
51776188
51776700
51772093
51772605
51773117
51773629
51774141
51774653
51775165
51775677
51776189
51776701
51772094
51772606
51773118
51773630
51774142
51774654
51775166
51775678
51776190
51776702
51772095
51772607
51773119
51773631
51774143
51774655
51775167
51775679
51776191
51776703
51772096
51772608
51773120
51773632
51774144
51774656
51775168
51775680
51776192
51776704
51772097
51772609
51773121
51773633
51774145
51774657
51775169
51775681
51776193
51776705
51772098
51772610
51773122
51773634
51774146
51774658
51775170
51775682
51776194
51776706
47297242
47297754
47298266
47298778
47299290
47299802
47300314
47300826
47301338
47301850
47297243
47297755
47298267
47298779
47299291
47299803
47300315
47300827
47301339
47301851
47297244
47297756
47298268
47298780
47299292
47299804
47300316
47300828
47301340
47301852
47297245
47297757
47298269
47298781
47299293
47299805
47300317
47300829
47301341
47301853
47297246
47297758
47298270
47298782
47299294
47299806
47300318
47300830
47301342
47301854
47297247
47297759
47298271
47298783
47299295
47299807
47300319
47300831
47301343
47301855
47297248
47297760
47298272
47298784
47299296
47299808
47300320
47300832
47301344
47301856
47297249
47297761
47298273
47298785
47299297
47299809
47300321
47300833
47301345
47301857
47297250
47297762
47298274
47298786
47299298
47299810
47300322
47300834
47301346
47301858
47297251
47297763
47298275
47298787
47299299
47299811
47300323
47300835
47301347
47301859
44700288
44700800
44701312
44701824
44702336
44702848
44703360
44703872
44704384
44704896
44700289
44700801
44701313
44701825
44702337
44702849
44703361
44703873
44704385
44704897
44700290
44700802
44701314
44701826
44702338
44702850
44703362
44703874
44704386
44704898
44700291
44700803
44701315
44701827
44702339
44702851
44703363
44703875
44704387
44704899
44700292
44700804
44701316
44701828
44702340
44702852
44703364
44703876
44704388
44704900
44700293
44700805
44701317
44701829
44702341
44702853
44703365
44703877
44704389
44704901
44700294
44700806
44701318
44701830
44702342
44702854
44703366
44703878
44704390
44704902
44700295
44700807
44701319
44701831
44702343
44702855
44703367
44703879
44704391
44704903
44700296
44700808
44701320
44701832
44702344
44702856
44703368
44703880
44704392
44704904
44700297
44700809
44701321
44701833
44702345
44702857
44703369
44703881
44704393
44704905
43056460
43056972
43057484
43057996
43058508
43059020
43059532
43060044
43060556
43061068
43056461
43056973
43057485
43057997
43058509
43059021
43059533
43060045
43060557
43061069
43056462
43056974
43057486
43057998
43058510
43059022
43059534
43060046
43060558
43061070
43056463
43056975
43057487
43057999
43058511
43059023
43059535
43060047
43060559
43061071
43056464
43056976
43057488
43058000
43058512
43059024
43059536
43060048
43060560
43061072
43056465
43056977
43057489
43058001
43058513
43059025
43059537
43060049
43060561
43061073
43056466
43056978
43057490
43058002
43058514
43059026
43059538
43060050
43060562
43061074
43056467
43056979
43057491
43058003
43058515
43059027
43059539
43060051
43060563
43061075
43056468
43056980
43057492
43058004
43058516
43059028
43059540
43060052
43060564
43061076
43056469
43056981
43057493
43058005
43058517
43059029
43059541
43060053
43060565
43061077
48311500
48312012
48312524
48313036
48313548
48314060
48314572
48315084
48315596
48316108
48311501
48312013
48312525
48313037
48313549
48314061
48314573
48315085
48315597
48316109
48311502
48312014
48312526
48313038
48313550
48314062
48314574
48315086
48315598
48316110
48311503
48312015
48312527
48313039
48313551
48314063
48314575
48315087
48315599
48316111
48311504
48312016
48312528
48313040
48313552
48314064
48314576
48315088
48315600
48316112
48311505
48312017
48312529
48313041
48313553
48314065
48314577
48315089
48315601
48316113
48311506
48312018
48312530
48313042
48313554
48314066
48314578
48315090
48315602
48316114
48311507
48312019
48312531
48313043
48313555
48314067
48314579
48315091
48315603
48316115
48311508
48312020
48312532
48313044
48313556
48314068
48314580
48315092
48315604
48316116
48311509
48312021
48312533
48313045
48313557
48314069
48314581
48315093
48315605
48316117
50190542
50191054
50191566
50192078
50192590
50193102
50193614
50194126
50194638
50195150
50190543
50191055
50191567
50192079
50192591
50193103
50193615
50194127
50194639
50195151
50190544
50191056
50191568
50192080
50192592
50193104
50193616
50194128
50194640
50195152
50190545
50191057
50191569
50192081
50192593
50193105
50193617
50194129
50194641
50195153
50190546
50191058
50191570
50192082
50192594
50193106
50193618
50194130
50194642
50195154
50190547
50191059
50191571
50192083
50192595
50193107
50193619
50194131
50194643
50195155
50190548
50191060
50191572
50192084
50192596
50193108
50193620
50194132
50194644
50195156
50190549
50191061
50191573
50192085
50192597
50193109
50193621
50194133
50194645
50195157
50190550
50191062
50191574
50192086
50192598
50193110
50193622
50194134
50194646
50195158
50190551
50191063
50191575
50192087
50192599
50193111
50193623
50194135
50194647
50195159
47522513
47523025
47523537
47524049
47524561
47525073
47525585
47526097
47526609
47527121
47522514
47523026
47523538
47524050
47524562
47525074
47525586
47526098
47526610
47527122
47522515
47523027
47523539
47524051
47524563
47525075
47525587
47526099
47526611
47527123
47522516
47523028
47523540
47524052
47524564
47525076
47525588
47526100
47526612
47527124
47522517
47523029
47523541
47524053
47524565
47525077
47525589
47526101
47526613
47527125
47522518
47523030
47523542
47524054
47524566
47525078
47525590
47526102
47526614
47527126
47522519
47523031
47523543
47524055
47524567
47525079
47525591
47526103
47526615
47527127
47522520
47523032
47523544
47524056
47524568
47525080
47525592
47526104
47526616
47527128
47522521
47523033
47523545
47524057
47524569
47525081
47525593
47526105
47526617
47527129
47522522
47523034
47523546
47524058
47524570
47525082
47525594
47526106
47526618
47527130
37555431
37555943
37556455
37556967
37557479
37557991
37558503
37559015
37559527
37560039
37555432
37555944
37556456
37556968
37557480
37557992
37558504
37559016
37559528
37560040
37555433
37555945
37556457
37556969
37557481
37557993
37558505
37559017
37559529
37560041
37555434
37555946
37556458
37556970
37557482
37557994
37558506
37559018
37559530
37560042
37555435
37555947
37556459
37556971
37557483
37557995
37558507
37559019
37559531
37560043
37555436
37555948
37556460
37556972
37557484
37557996
37558508
37559020
37559532
37560044
37555437
37555949
37556461
37556973
37557485
37557997
37558509
37559021
37559533
37560045
37555438
37555950
37556462
37556974
37557486
37557998
37558510
37559022
37559534
37560046
37555439
37555951
37556463
37556975
37557487
37557999
37558511
37559023
37559535
37560047
37555440
37555952
37556464
37556976
37557488
37558000
37558512
37559024
37559536
37560048
44876562
44877074
44877586
44878098
44878610
44879122
44879634
44880146
44880658
44881170
44876563
44877075
44877587
44878099
44878611
44879123
44879635
44880147
44880659
44881171
44876564
44877076
44877588
44878100
44878612
44879124
44879636
44880148
44880660
44881172
44876565
44877077
44877589
44878101
44878613
44879125
44879637
44880149
44880661
44881173
44876566
44877078
44877590
44878102
44878614
44879126
44879638
44880150
44880662
44881174
44876567
44877079
44877591
44878103
44878615
44879127
44879639
44880151
44880663
44881175
44876568
44877080
44877592
44878104
44878616
44879128
44879640
44880152
44880664
44881176
44876569
44877081
44877593
44878105
44878617
44879129
44879641
44880153
44880665
44881177
44876570
44877082
44877594
44878106
44878618
44879130
44879642
44880154
44880666
44881178
44876571
44877083
44877595
44878107
44878619
44879131
44879643
44880155
44880667
44881179
40714523
40715035
40715547
40716059
40716571
40717083
40717595
40718107
40718619
40719131
40714524
40715036
40715548
40716060
40716572
40717084
40717596
40718108
40718620
40719132
40714525
40715037
40715549
40716061
40716573
40717085
40717597
40718109
40718621
40719133
40714526
40715038
40715550
40716062
40716574
40717086
40717598
40718110
40718622
40719134
40714527
40715039
40715551
40716063
40716575
40717087
40717599
40718111
40718623
40719135
40714528
40715040
40715552
40716064
40716576
40717088
40717600
40718112
40718624
40719136
40714529
40715041
40715553
40716065
40716577
40717089
40717601
40718113
40718625
40719137
40714530
40715042
40715554
40716066
40716578
40717090
40717602
40718114
40718626
40719138
40714531
40715043
40715555
40716067
40716579
40717091
40717603
40718115
40718627
40719139
40714532
40715044
40715556
40716068
40716580
40717092
40717604
40718116
40718628
40719140
48867588
48868100
48868612
48869124
48869636
48870148
48870660
48871172
48871684
48872196
48867589
48868101
48868613
48869125
48869637
48870149
48870661
48871173
48871685
48872197
48867590
48868102
48868614
48869126
48869638
48870150
48870662
48871174
48871686
48872198
48867591
48868103
48868615
48869127
48869639
48870151
48870663
48871175
48871687
48872199
48867592
48868104
48868616
48869128
48869640
48870152
48870664
48871176
48871688
48872200
48867593
48868105
48868617
48869129
48869641
48870153
48870665
48871177
48871689
48872201
48867594
48868106
48868618
48869130
48869642
48870154
48870666
48871178
48871690
48872202
48867595
48868107
48868619
48869131
48869643
48870155
48870667
48871179
48871691
48872203
48867596
48868108
48868620
48869132
48869644
48870156
48870668
48871180
48871692
48872204
48867597
48868109
48868621
48869133
48869645
48870157
48870669
48871181
48871693
48872205
45404434
45404946
45405458
45405970
45406482
45406994
45407506
45408018
45408530
45409042
45404435
45404947
45405459
45405971
45406483
45406995
45407507
45408019
45408531
45409043
45404436
45404948
45405460
45405972
45406484
45406996
45407508
45408020
45408532
45409044
45404437
45404949
45405461
45405973
45406485
45406997
45407509
45408021
45408533
45409045
45404438
45404950
45405462
45405974
45406486
45406998
45407510
45408022
45408534
45409046
45404439
45404951
45405463
45405975
45406487
45406999
45407511
45408023
45408535
45409047
45404440
45404952
45405464
45405976
45406488
45407000
45407512
45408024
45408536
45409048
45404441
45404953
45405465
45405977
45406489
45407001
45407513
45408025
45408537
45409049
45404442
45404954
45405466
45405978
45406490
45407002
45407514
45408026
45408538
45409050
45404443
45404955
45405467
45405979
45406491
45407003
45407515
45408027
45408539
45409051
36769494
36770006
36770518
36771030
36771542
36772054
36772566
36773078
36773590
36774102
36769495
36770007
36770519
36771031
36771543
36772055
36772567
36773079
36773591
36774103
36769496
36770008
36770520
36771032
36771544
36772056
36772568
36773080
36773592
36774104
36769497
36770009
36770521
36771033
36771545
36772057
36772569
36773081
36773593
36774105
36769498
36770010
36770522
36771034
36771546
36772058
36772570
36773082
36773594
36774106
36769499
36770011
36770523
36771035
36771547
36772059
36772571
36773083
36773595
36774107
36769500
36770012
36770524
36771036
36771548
36772060
36772572
36773084
36773596
36774108
36769501
36770013
36770525
36771037
36771549
36772061
36772573
36773085
36773597
36774109
36769502
36770014
36770526
36771038
36771550
36772062
36772574
36773086
36773598
36774110
36769503
36770015
36770527
36771039
36771551
36772063
36772575
36773087
36773599
36774111
52233895
52234407
52234919
52235431
52235943
52236455
52236967
52237479
52237991
52238503
52233896
52234408
52234920
52235432
52235944
52236456
52236968
52237480
52237992
52238504
52233897
52234409
52234921
52235433
52235945
52236457
52236969
52237481
52237993
52238505
52233898
52234410
52234922
52235434
52235946
52236458
52236970
52237482
52237994
52238506
52233899
52234411
52234923
52235435
52235947
52236459
52236971
52237483
52237995
52238507
52233900
52234412
52234924
52235436
52235948
52236460
52236972
52237484
52237996
52238508
52233901
52234413
52234925
52235437
52235949
52236461
52236973
52237485
52237997
52238509
52233902
52234414
52234926
52235438
52235950
52236462
52236974
52237486
52237998
52238510
52233903
52234415
52234927
52235439
52235951
52236463
52236975
52237487
52237999
52238511
52233904
52234416
52234928
52235440
52235952
52236464
52236976
52237488
52238000
52238512
48838311
48838823
48839335
48839847
48840359
48840871
48841383
48841895
48842407
48842919
48838312
48838824
48839336
48839848
48840360
48840872
48841384
48841896
48842408
48842920
48838313
48838825
48839337
48839849
48840361
48840873
48841385
48841897
48842409
48842921
48838314
48838826
48839338
48839850
48840362
48840874
48841386
48841898
48842410
48842922
48838315
48838827
48839339
48839851
48840363
48840875
48841387
48841899
48842411
48842923
48838316
48838828
48839340
48839852
48840364
48840876
48841388
48841900
48842412
48842924
48838317
48838829
48839341
48839853
48840365
48840877
48841389
48841901
48842413
48842925
48838318
48838830
48839342
48839854
48840366
48840878
48841390
48841902
48842414
48842926
48838319
48838831
48839343
48839855
48840367
48840879
48841391
48841903
48842415
48842927
48838320
48838832
48839344
48839856
48840368
48840880
48841392
48841904
48842416
48842928
45193925
45194437
45194949
45195461
45195973
45196485
45196997
45197509
45198021
45198533
45193926
45194438
45194950
45195462
45195974
45196486
45196998
45197510
45198022
45198534
45193927
45194439
45194951
45195463
45195975
45196487
45196999
45197511
45198023
45198535
45193928
45194440
45194952
45195464
45195976
45196488
45197000
45197512
45198024
45198536
45193929
45194441
45194953
45195465
45195977
45196489
45197001
45197513
45198025
45198537
45193930
45194442
45194954
45195466
45195978
45196490
45197002
45197514
45198026
45198538
45193931
45194443
45194955
45195467
45195979
45196491
45197003
45197515
45198027
45198539
45193932
45194444
45194956
45195468
45195980
45196492
45197004
45197516
45198028
45198540
45193933
45194445
45194957
45195469
45195981
45196493
45197005
45197517
45198029
45198541
45193934
45194446
45194958
45195470
45195982
45196494
45197006
45197518
45198030
45198542
52783353
52783865
52784377
52784889
52785401
52785913
52786425
52786937
52787449
52787961
52783354
52783866
52784378
52784890
52785402
52785914
52786426
52786938
52787450
52787962
52783355
52783867
52784379
52784891
52785403
52785915
52786427
52786939
52787451
52787963
52783356
52783868
52784380
52784892
52785404
52785916
52786428
52786940
52787452
52787964
52783357
52783869
52784381
52784893
52785405
52785917
52786429
52786941
52787453
52787965
52783358
52783870
52784382
52784894
52785406
52785918
52786430
52786942
52787454
52787966
52783359
52783871
52784383
52784895
52785407
52785919
52786431
52786943
52787455
52787967
52783360
52783872
52784384
52784896
52785408
52785920
52786432
52786944
52787456
52787968
52783361
52783873
52784385
52784897
52785409
52785921
52786433
52786945
52787457
52787969
52783362
52783874
52784386
52784898
52785410
52785922
52786434
52786946
52787458
52787970
41991982
41992494
41993006
41993518
41994030
41994542
41995054
41995566
41996078
41996590
41991983
41992495
41993007
41993519
41994031
41994543
41995055
41995567
41996079
41996591
41991984
41992496
41993008
41993520
41994032
41994544
41995056
41995568
41996080
41996592
41991985
41992497
41993009
41993521
41994033
41994545
41995057
41995569
41996081
41996593
41991986
41992498
41993010
41993522
41994034
41994546
41995058
41995570
41996082
41996594
41991987
41992499
41993011
41993523
41994035
41994547
41995059
41995571
41996083
41996595
41991988
41992500
41993012
41993524
41994036
41994548
41995060
41995572
41996084
41996596
41991989
41992501
41993013
41993525
41994037
41994549
41995061
41995573
41996085
41996597
41991990
41992502
41993014
41993526
41994038
41994550
41995062
41995574
41996086
41996598
41991991
41992503
41993015
41993527
41994039
41994551
41995063
41995575
41996087
41996599
47301280
47301792
47302304
47302816
47303328
47303840
47304352
47304864
47305376
47305888
47301281
47301793
47302305
47302817
47303329
47303841
47304353
47304865
47305377
47305889
47301282
47301794
47302306
47302818
47303330
47303842
47304354
47304866
47305378
47305890
47301283
47301795
47302307
47302819
47303331
47303843
47304355
47304867
47305379
47305891
47301284
47301796
47302308
47302820
47303332
47303844
47304356
47304868
47305380
47305892
47301285
47301797
47302309
47302821
47303333
47303845
47304357
47304869
47305381
47305893
47301286
47301798
47302310
47302822
47303334
47303846
47304358
47304870
47305382
47305894
47301287
47301799
47302311
47302823
47303335
47303847
47304359
47304871
47305383
47305895
47301288
47301800
47302312
47302824
47303336
47303848
47304360
47304872
47305384
47305896
47301289
47301801
47302313
47302825
47303337
47303849
47304361
47304873
47305385
47305897
42539796
42540308
42540820
42541332
42541844
42542356
42542868
42543380
42543892
42544404
42539797
42540309
42540821
42541333
42541845
42542357
42542869
42543381
42543893
42544405
42539798
42540310
42540822
42541334
42541846
42542358
42542870
42543382
42543894
42544406
42539799
42540311
42540823
42541335
42541847
42542359
42542871
42543383
42543895
42544407
42539800
42540312
42540824
42541336
42541848
42542360
42542872
42543384
42543896
42544408
42539801
42540313
42540825
42541337
42541849
42542361
42542873
42543385
42543897
42544409
42539802
42540314
42540826
42541338
42541850
42542362
42542874
42543386
42543898
42544410
42539803
42540315
42540827
42541339
42541851
42542363
42542875
42543387
42543899
42544411
42539804
42540316
42540828
42541340
42541852
42542364
42542876
42543388
42543900
42544412
42539805
42540317
42540829
42541341
42541853
42542365
42542877
42543389
42543901
42544413
36505325
36505837
36506349
36506861
36507373
36507885
36508397
36508909
36509421
36509933
36505326
36505838
36506350
36506862
36507374
36507886
36508398
36508910
36509422
36509934
36505327
36505839
36506351
36506863
36507375
36507887
36508399
36508911
36509423
36509935
36505328
36505840
36506352
36506864
36507376
36507888
36508400
36508912
36509424
36509936
36505329
36505841
36506353
36506865
36507377
36507889
36508401
36508913
36509425
36509937
36505330
36505842
36506354
36506866
36507378
36507890
36508402
36508914
36509426
36509938
36505331
36505843
36506355
36506867
36507379
36507891
36508403
36508915
36509427
36509939
36505332
36505844
36506356
36506868
36507380
36507892
36508404
36508916
36509428
36509940
36505333
36505845
36506357
36506869
36507381
36507893
36508405
36508917
36509429
36509941
36505334
36505846
36506358
36506870
36507382
36507894
36508406
36508918
36509430
36509942
51210500
51211012
51211524
51212036
51212548
51213060
51213572
51214084
51214596
51215108
51210501
51211013
51211525
51212037
51212549
51213061
51213573
51214085
51214597
51215109
51210502
51211014
51211526
51212038
51212550
51213062
51213574
51214086
51214598
51215110
51210503
51211015
51211527
51212039
51212551
51213063
51213575
51214087
51214599
51215111
51210504
51211016
51211528
51212040
51212552
51213064
51213576
51214088
51214600
51215112
51210505
51211017
51211529
51212041
51212553
51213065
51213577
51214089
51214601
51215113
51210506
51211018
51211530
51212042
51212554
51213066
51213578
51214090
51214602
51215114
51210507
51211019
51211531
51212043
51212555
51213067
51213579
51214091
51214603
51215115
51210508
51211020
51211532
51212044
51212556
51213068
51213580
51214092
51214604
51215116
51210509
51211021
51211533
51212045
51212557
51213069
51213581
51214093
51214605
51215117
