25142691
25143203
25143715
25144227
25144739
25145251
25145763
25146275
25146787
25147299
25142692
25143204
25143716
25144228
25144740
25145252
25145764
25146276
25146788
25147300
25142693
25143205
25143717
25144229
25144741
25145253
25145765
25146277
25146789
25147301
25142694
25143206
25143718
25144230
25144742
25145254
25145766
25146278
25146790
25147302
25142695
25143207
25143719
25144231
25144743
25145255
25145767
25146279
25146791
25147303
25142696
25143208
25143720
25144232
25144744
25145256
25145768
25146280
25146792
25147304
25142697
25143209
25143721
25144233
25144745
25145257
25145769
25146281
25146793
25147305
25142698
25143210
25143722
25144234
25144746
25145258
25145770
25146282
25146794
25147306
25142699
25143211
25143723
25144235
25144747
25145259
25145771
25146283
25146795
25147307
25142700
25143212
25143724
25144236
25144748
25145260
25145772
25146284
25146796
25147308
14855779
14856291
14856803
14857315
14857827
14858339
14858851
14859363
14859875
14860387
14855780
14856292
14856804
14857316
14857828
14858340
14858852
14859364
14859876
14860388
14855781
14856293
14856805
14857317
14857829
14858341
14858853
14859365
14859877
14860389
14855782
14856294
14856806
14857318
14857830
14858342
14858854
14859366
14859878
14860390
14855783
14856295
14856807
14857319
14857831
14858343
14858855
14859367
14859879
14860391
14855784
14856296
14856808
14857320
14857832
14858344
14858856
14859368
14859880
14860392
14855785
14856297
14856809
14857321
14857833
14858345
14858857
14859369
14859881
14860393
14855786
14856298
14856810
14857322
14857834
14858346
14858858
14859370
14859882
14860394
14855787
14856299
14856811
14857323
14857835
14858347
14858859
14859371
14859883
14860395
14855788
14856300
14856812
14857324
14857836
14858348
14858860
14859372
14859884
14860396
36643923
36644435
36644947
36645459
36645971
36646483
36646995
36647507
36648019
36648531
36643924
36644436
36644948
36645460
36645972
36646484
36646996
36647508
36648020
36648532
36643925
36644437
36644949
36645461
36645973
36646485
36646997
36647509
36648021
36648533
36643926
36644438
36644950
36645462
36645974
36646486
36646998
36647510
36648022
36648534
36643927
36644439
36644951
36645463
36645975
36646487
36646999
36647511
36648023
36648535
36643928
36644440
36644952
36645464
36645976
36646488
36647000
36647512
36648024
36648536
36643929
36644441
36644953
36645465
36645977
36646489
36647001
36647513
36648025
36648537
36643930
36644442
36644954
36645466
36645978
36646490
36647002
36647514
36648026
36648538
36643931
36644443
36644955
36645467
36645979
36646491
36647003
36647515
36648027
36648539
36643932
36644444
36644956
36645468
36645980
36646492
36647004
36647516
36648028
36648540
25222224
25222736
25223248
25223760
25224272
25224784
25225296
25225808
25226320
25226832
25222225
25222737
25223249
25223761
25224273
25224785
25225297
25225809
25226321
25226833
25222226
25222738
25223250
25223762
25224274
25224786
25225298
25225810
25226322
25226834
25222227
25222739
25223251
25223763
25224275
25224787
25225299
25225811
25226323
25226835
25222228
25222740
25223252
25223764
25224276
25224788
25225300
25225812
25226324
25226836
25222229
25222741
25223253
25223765
25224277
25224789
25225301
25225813
25226325
25226837
25222230
25222742
25223254
25223766
25224278
25224790
25225302
25225814
25226326
25226838
25222231
25222743
25223255
25223767
25224279
25224791
25225303
25225815
25226327
25226839
25222232
25222744
25223256
25223768
25224280
25224792
25225304
25225816
25226328
25226840
25222233
25222745
25223257
25223769
25224281
25224793
25225305
25225817
25226329
25226841
27436299
27436811
27437323
27437835
27438347
27438859
27439371
27439883
27440395
27440907
27436300
27436812
27437324
27437836
27438348
27438860
27439372
27439884
27440396
27440908
27436301
27436813
27437325
27437837
27438349
27438861
27439373
27439885
27440397
27440909
27436302
27436814
27437326
27437838
27438350
27438862
27439374
27439886
27440398
27440910
27436303
27436815
27437327
27437839
27438351
27438863
27439375
27439887
27440399
27440911
27436304
27436816
27437328
27437840
27438352
27438864
27439376
27439888
27440400
27440912
27436305
27436817
27437329
27437841
27438353
27438865
27439377
27439889
27440401
27440913
27436306
27436818
27437330
27437842
27438354
27438866
27439378
27439890
27440402
27440914
27436307
27436819
27437331
27437843
27438355
27438867
27439379
27439891
27440403
27440915
27436308
27436820
27437332
27437844
27438356
27438868
27439380
27439892
27440404
27440916
13974257
13974769
13975281
13975793
13976305
13976817
13977329
13977841
13978353
13978865
13974258
13974770
13975282
13975794
13976306
13976818
13977330
13977842
13978354
13978866
13974259
13974771
13975283
13975795
13976307
13976819
13977331
13977843
13978355
13978867
13974260
13974772
13975284
13975796
13976308
13976820
13977332
13977844
13978356
13978868
13974261
13974773
13975285
13975797
13976309
13976821
13977333
13977845
13978357
13978869
13974262
13974774
13975286
13975798
13976310
13976822
13977334
13977846
13978358
13978870
13974263
13974775
13975287
13975799
13976311
13976823
13977335
13977847
13978359
13978871
13974264
13974776
13975288
13975800
13976312
13976824
13977336
13977848
13978360
13978872
13974265
13974777
13975289
13975801
13976313
13976825
13977337
13977849
13978361
13978873
13974266
13974778
13975290
13975802
13976314
13976826
13977338
13977850
13978362
13978874
27022762
27023274
27023786
27024298
27024810
27025322
27025834
27026346
27026858
27027370
27022763
27023275
27023787
27024299
27024811
27025323
27025835
27026347
27026859
27027371
27022764
27023276
27023788
27024300
27024812
27025324
27025836
27026348
27026860
27027372
27022765
27023277
27023789
27024301
27024813
27025325
27025837
27026349
27026861
27027373
27022766
27023278
27023790
27024302
27024814
27025326
27025838
27026350
27026862
27027374
27022767
27023279
27023791
27024303
27024815
27025327
27025839
27026351
27026863
27027375
27022768
27023280
27023792
27024304
27024816
27025328
27025840
27026352
27026864
27027376
27022769
27023281
27023793
27024305
27024817
27025329
27025841
27026353
27026865
27027377
27022770
27023282
27023794
27024306
27024818
27025330
27025842
27026354
27026866
27027378
27022771
27023283
27023795
27024307
27024819
27025331
27025843
27026355
27026867
27027379
22839381
22839893
22840405
22840917
22841429
22841941
22842453
22842965
22843477
22843989
22839382
22839894
22840406
22840918
22841430
22841942
22842454
22842966
22843478
22843990
22839383
22839895
22840407
22840919
22841431
22841943
22842455
22842967
22843479
22843991
22839384
22839896
22840408
22840920
22841432
22841944
22842456
22842968
22843480
22843992
22839385
22839897
22840409
22840921
22841433
22841945
22842457
22842969
22843481
22843993
22839386
22839898
22840410
22840922
22841434
22841946
22842458
22842970
22843482
22843994
22839387
22839899
22840411
22840923
22841435
22841947
22842459
22842971
22843483
22843995
22839388
22839900
22840412
22840924
22841436
22841948
22842460
22842972
22843484
22843996
22839389
22839901
22840413
22840925
22841437
22841949
22842461
22842973
22843485
22843997
22839390
22839902
22840414
22840926
22841438
22841950
22842462
22842974
22843486
22843998
18351735
18352247
18352759
18353271
18353783
18354295
18354807
18355319
18355831
18356343
18351736
18352248
18352760
18353272
18353784
18354296
18354808
18355320
18355832
18356344
18351737
18352249
18352761
18353273
18353785
18354297
18354809
18355321
18355833
18356345
18351738
18352250
18352762
18353274
18353786
18354298
18354810
18355322
18355834
18356346
18351739
18352251
18352763
18353275
18353787
18354299
18354811
18355323
18355835
18356347
18351740
18352252
18352764
18353276
18353788
18354300
18354812
18355324
18355836
18356348
18351741
18352253
18352765
18353277
18353789
18354301
18354813
18355325
18355837
18356349
18351742
18352254
18352766
18353278
18353790
18354302
18354814
18355326
18355838
18356350
18351743
18352255
18352767
18353279
18353791
18354303
18354815
18355327
18355839
18356351
18351744
18352256
18352768
18353280
18353792
18354304
18354816
18355328
18355840
18356352
41703497
41704009
41704521
41705033
41705545
41706057
41706569
41707081
41707593
41708105
41703498
41704010
41704522
41705034
41705546
41706058
41706570
41707082
41707594
41708106
41703499
41704011
41704523
41705035
41705547
41706059
41706571
41707083
41707595
41708107
41703500
41704012
41704524
41705036
41705548
41706060
41706572
41707084
41707596
41708108
41703501
41704013
41704525
41705037
41705549
41706061
41706573
41707085
41707597
41708109
41703502
41704014
41704526
41705038
41705550
41706062
41706574
41707086
41707598
41708110
41703503
41704015
41704527
41705039
41705551
41706063
41706575
41707087
41707599
41708111
41703504
41704016
41704528
41705040
41705552
41706064
41706576
41707088
41707600
41708112
41703505
41704017
41704529
41705041
41705553
41706065
41706577
41707089
41707601
41708113
41703506
41704018
41704530
41705042
41705554
41706066
41706578
41707090
41707602
41708114
5530790
5531302
5531814
5532326
5532838
5533350
5533862
5534374
5534886
5535398
5530791
5531303
5531815
5532327
5532839
5533351
5533863
5534375
5534887
5535399
5530792
5531304
5531816
5532328
5532840
5533352
5533864
5534376
5534888
5535400
5530793
5531305
5531817
5532329
5532841
5533353
5533865
5534377
5534889
5535401
5530794
5531306
5531818
5532330
5532842
5533354
5533866
5534378
5534890
5535402
5530795
5531307
5531819
5532331
5532843
5533355
5533867
5534379
5534891
5535403
5530796
5531308
5531820
5532332
5532844
5533356
5533868
5534380
5534892
5535404
5530797
5531309
5531821
5532333
5532845
5533357
5533869
5534381
5534893
5535405
5530798
5531310
5531822
5532334
5532846
5533358
5533870
5534382
5534894
5535406
5530799
5531311
5531823
5532335
5532847
5533359
5533871
5534383
5534895
5535407
28537060
28537572
28538084
28538596
28539108
28539620
28540132
28540644
28541156
28541668
28537061
28537573
28538085
28538597
28539109
28539621
28540133
28540645
28541157
28541669
28537062
28537574
28538086
28538598
28539110
28539622
28540134
28540646
28541158
28541670
28537063
28537575
28538087
28538599
28539111
28539623
28540135
28540647
28541159
28541671
28537064
28537576
28538088
28538600
28539112
28539624
28540136
28540648
28541160
28541672
28537065
28537577
28538089
28538601
28539113
28539625
28540137
28540649
28541161
28541673
28537066
28537578
28538090
28538602
28539114
28539626
28540138
28540650
28541162
28541674
28537067
28537579
28538091
28538603
28539115
28539627
28540139
28540651
28541163
28541675
28537068
28537580
28538092
28538604
28539116
28539628
28540140
28540652
28541164
28541676
28537069
28537581
28538093
28538605
28539117
28539629
28540141
28540653
28541165
28541677
42844259
42844771
42845283
42845795
42846307
42846819
42847331
42847843
42848355
42848867
42844260
42844772
42845284
42845796
42846308
42846820
42847332
42847844
42848356
42848868
42844261
42844773
42845285
42845797
42846309
42846821
42847333
42847845
42848357
42848869
42844262
42844774
42845286
42845798
42846310
42846822
42847334
42847846
42848358
42848870
42844263
42844775
42845287
42845799
42846311
42846823
42847335
42847847
42848359
42848871
42844264
42844776
42845288
42845800
42846312
42846824
42847336
42847848
42848360
42848872
42844265
42844777
42845289
42845801
42846313
42846825
42847337
42847849
42848361
42848873
42844266
42844778
42845290
42845802
42846314
42846826
42847338
42847850
42848362
42848874
42844267
42844779
42845291
42845803
42846315
42846827
42847339
42847851
42848363
42848875
42844268
42844780
42845292
42845804
42846316
42846828
42847340
42847852
42848364
42848876
19093081
19093593
19094105
19094617
19095129
19095641
19096153
19096665
19097177
19097689
19093082
19093594
19094106
19094618
19095130
19095642
19096154
19096666
19097178
19097690
19093083
19093595
19094107
19094619
19095131
19095643
19096155
19096667
19097179
19097691
19093084
19093596
19094108
19094620
19095132
19095644
19096156
19096668
19097180
19097692
19093085
19093597
19094109
19094621
19095133
19095645
19096157
19096669
19097181
19097693
19093086
19093598
19094110
19094622
19095134
19095646
19096158
19096670
19097182
19097694
19093087
19093599
19094111
19094623
19095135
19095647
19096159
19096671
19097183
19097695
19093088
19093600
19094112
19094624
19095136
19095648
19096160
19096672
19097184
19097696
19093089
19093601
19094113
19094625
19095137
19095649
19096161
19096673
19097185
19097697
19093090
19093602
19094114
19094626
19095138
19095650
19096162
19096674
19097186
19097698
26149392
26149904
26150416
26150928
26151440
26151952
26152464
26152976
26153488
26154000
26149393
26149905
26150417
26150929
26151441
26151953
26152465
26152977
26153489
26154001
26149394
26149906
26150418
26150930
26151442
26151954
26152466
26152978
26153490
26154002
26149395
26149907
26150419
26150931
26151443
26151955
26152467
26152979
26153491
26154003
26149396
26149908
26150420
26150932
26151444
26151956
26152468
26152980
26153492
26154004
26149397
26149909
26150421
26150933
26151445
26151957
26152469
26152981
26153493
26154005
26149398
26149910
26150422
26150934
26151446
26151958
26152470
26152982
26153494
26154006
26149399
26149911
26150423
26150935
26151447
26151959
26152471
26152983
26153495
26154007
26149400
26149912
26150424
26150936
26151448
26151960
26152472
26152984
26153496
26154008
26149401
26149913
26150425
26150937
26151449
26151961
26152473
26152985
26153497
26154009
45482398
45482910
45483422
45483934
45484446
45484958
45485470
45485982
45486494
45487006
45482399
45482911
45483423
45483935
45484447
45484959
45485471
45485983
45486495
45487007
45482400
45482912
45483424
45483936
45484448
45484960
45485472
45485984
45486496
45487008
45482401
45482913
45483425
45483937
45484449
45484961
45485473
45485985
45486497
45487009
45482402
45482914
45483426
45483938
45484450
45484962
45485474
45485986
45486498
45487010
45482403
45482915
45483427
45483939
45484451
45484963
45485475
45485987
45486499
45487011
45482404
45482916
45483428
45483940
45484452
45484964
45485476
45485988
45486500
45487012
45482405
45482917
45483429
45483941
45484453
45484965
45485477
45485989
45486501
45487013
45482406
45482918
45483430
45483942
45484454
45484966
45485478
45485990
45486502
45487014
45482407
45482919
45483431
45483943
45484455
45484967
45485479
45485991
45486503
45487015
28135267
28135779
28136291
28136803
28137315
28137827
28138339
28138851
28139363
28139875
28135268
28135780
28136292
28136804
28137316
28137828
28138340
28138852
28139364
28139876
28135269
28135781
28136293
28136805
28137317
28137829
28138341
28138853
28139365
28139877
28135270
28135782
28136294
28136806
28137318
28137830
28138342
28138854
28139366
28139878
28135271
28135783
28136295
28136807
28137319
28137831
28138343
28138855
28139367
28139879
28135272
28135784
28136296
28136808
28137320
28137832
28138344
28138856
28139368
28139880
28135273
28135785
28136297
28136809
28137321
28137833
28138345
28138857
28139369
28139881
28135274
28135786
28136298
28136810
28137322
28137834
28138346
28138858
28139370
28139882
28135275
28135787
28136299
28136811
28137323
28137835
28138347
28138859
28139371
28139883
28135276
28135788
28136300
28136812
28137324
28137836
28138348
28138860
28139372
28139884
56887546
56888058
56888570
56889082
56889594
56890106
56890618
56891130
56891642
56892154
56887547
56888059
56888571
56889083
56889595
56890107
56890619
56891131
56891643
56892155
56887548
56888060
56888572
56889084
56889596
56890108
56890620
56891132
56891644
56892156
56887549
56888061
56888573
56889085
56889597
56890109
56890621
56891133
56891645
56892157
56887550
56888062
56888574
56889086
56889598
56890110
56890622
56891134
56891646
56892158
56887551
56888063
56888575
56889087
56889599
56890111
56890623
56891135
56891647
56892159
56887552
56888064
56888576
56889088
56889600
56890112
56890624
56891136
56891648
56892160
56887553
56888065
56888577
56889089
56889601
56890113
56890625
56891137
56891649
56892161
56887554
56888066
56888578
56889090
56889602
56890114
56890626
56891138
56891650
56892162
56887555
56888067
56888579
56889091
56889603
56890115
56890627
56891139
56891651
56892163
3369692
3370204
3370716
3371228
3371740
3372252
3372764
3373276
3373788
3374300
3369693
3370205
3370717
3371229
3371741
3372253
3372765
3373277
3373789
3374301
3369694
3370206
3370718
3371230
3371742
3372254
3372766
3373278
3373790
3374302
3369695
3370207
3370719
3371231
3371743
3372255
3372767
3373279
3373791
3374303
3369696
3370208
3370720
3371232
3371744
3372256
3372768
3373280
3373792
3374304
3369697
3370209
3370721
3371233
3371745
3372257
3372769
3373281
3373793
3374305
3369698
3370210
3370722
3371234
3371746
3372258
3372770
3373282
3373794
3374306
3369699
3370211
3370723
3371235
3371747
3372259
3372771
3373283
3373795
3374307
3369700
3370212
3370724
3371236
3371748
3372260
3372772
3373284
3373796
3374308
3369701
3370213
3370725
3371237
3371749
3372261
3372773
3373285
3373797
3374309
1907645
1908157
1908669
1909181
1909693
1910205
1910717
1911229
1911741
1912253
1907646
1908158
1908670
1909182
1909694
1910206
1910718
1911230
1911742
1912254
1907647
1908159
1908671
1909183
1909695
1910207
1910719
1911231
1911743
1912255
1907648
1908160
1908672
1909184
1909696
1910208
1910720
1911232
1911744
1912256
1907649
1908161
1908673
1909185
1909697
1910209
1910721
1911233
1911745
1912257
1907650
1908162
1908674
1909186
1909698
1910210
1910722
1911234
1911746
1912258
1907651
1908163
1908675
1909187
1909699
1910211
1910723
1911235
1911747
1912259
1907652
1908164
1908676
1909188
1909700
1910212
1910724
1911236
1911748
1912260
1907653
1908165
1908677
1909189
1909701
1910213
1910725
1911237
1911749
1912261
1907654
1908166
1908678
1909190
1909702
1910214
1910726
1911238
1911750
1912262
45095264
45095776
45096288
45096800
45097312
45097824
45098336
45098848
45099360
45099872
45095265
45095777
45096289
45096801
45097313
45097825
45098337
45098849
45099361
45099873
45095266
45095778
45096290
45096802
45097314
45097826
45098338
45098850
45099362
45099874
45095267
45095779
45096291
45096803
45097315
45097827
45098339
45098851
45099363
45099875
45095268
45095780
45096292
45096804
45097316
45097828
45098340
45098852
45099364
45099876
45095269
45095781
45096293
45096805
45097317
45097829
45098341
45098853
45099365
45099877
45095270
45095782
45096294
45096806
45097318
45097830
45098342
45098854
45099366
45099878
45095271
45095783
45096295
45096807
45097319
45097831
45098343
45098855
45099367
45099879
45095272
45095784
45096296
45096808
45097320
45097832
45098344
45098856
45099368
45099880
45095273
45095785
45096297
45096809
45097321
45097833
45098345
45098857
45099369
45099881
2209070
2209582
2210094
2210606
2211118
2211630
2212142
2212654
2213166
2213678
2209071
2209583
2210095
2210607
2211119
2211631
2212143
2212655
2213167
2213679
2209072
2209584
2210096
2210608
2211120
2211632
2212144
2212656
2213168
2213680
2209073
2209585
2210097
2210609
2211121
2211633
2212145
2212657
2213169
2213681
2209074
2209586
2210098
2210610
2211122
2211634
2212146
2212658
2213170
2213682
2209075
2209587
2210099
2210611
2211123
2211635
2212147
2212659
2213171
2213683
2209076
2209588
2210100
2210612
2211124
2211636
2212148
2212660
2213172
2213684
2209077
2209589
2210101
2210613
2211125
2211637
2212149
2212661
2213173
2213685
2209078
2209590
2210102
2210614
2211126
2211638
2212150
2212662
2213174
2213686
2209079
2209591
2210103
2210615
2211127
2211639
2212151
2212663
2213175
2213687
30087634
30088146
30088658
30089170
30089682
30090194
30090706
30091218
30091730
30092242
30087635
30088147
30088659
30089171
30089683
30090195
30090707
30091219
30091731
30092243
30087636
30088148
30088660
30089172
30089684
30090196
30090708
30091220
30091732
30092244
30087637
30088149
30088661
30089173
30089685
30090197
30090709
30091221
30091733
30092245
30087638
30088150
30088662
30089174
30089686
30090198
30090710
30091222
30091734
30092246
30087639
30088151
30088663
30089175
30089687
30090199
30090711
30091223
30091735
30092247
30087640
30088152
30088664
30089176
30089688
30090200
30090712
30091224
30091736
30092248
30087641
30088153
30088665
30089177
30089689
30090201
30090713
30091225
30091737
30092249
30087642
30088154
30088666
30089178
30089690
30090202
30090714
30091226
30091738
30092250
30087643
30088155
30088667
30089179
30089691
30090203
30090715
30091227
30091739
30092251
18965187
18965699
18966211
18966723
18967235
18967747
18968259
18968771
18969283
18969795
18965188
18965700
18966212
18966724
18967236
18967748
18968260
18968772
18969284
18969796
18965189
18965701
18966213
18966725
18967237
18967749
18968261
18968773
18969285
18969797
18965190
18965702
18966214
18966726
18967238
18967750
18968262
18968774
18969286
18969798
18965191
18965703
18966215
18966727
18967239
18967751
18968263
18968775
18969287
18969799
18965192
18965704
18966216
18966728
18967240
18967752
18968264
18968776
18969288
18969800
18965193
18965705
18966217
18966729
18967241
18967753
18968265
18968777
18969289
18969801
18965194
18965706
18966218
18966730
18967242
18967754
18968266
18968778
18969290
18969802
18965195
18965707
18966219
18966731
18967243
18967755
18968267
18968779
18969291
18969803
18965196
18965708
18966220
18966732
18967244
18967756
18968268
18968780
18969292
18969804
10215119
10215631
10216143
10216655
10217167
10217679
10218191
10218703
10219215
10219727
10215120
10215632
10216144
10216656
10217168
10217680
10218192
10218704
10219216
10219728
10215121
10215633
10216145
10216657
10217169
10217681
10218193
10218705
10219217
10219729
10215122
10215634
10216146
10216658
10217170
10217682
10218194
10218706
10219218
10219730
10215123
10215635
10216147
10216659
10217171
10217683
10218195
10218707
10219219
10219731
10215124
10215636
10216148
10216660
10217172
10217684
10218196
10218708
10219220
10219732
10215125
10215637
10216149
10216661
10217173
10217685
10218197
10218709
10219221
10219733
10215126
10215638
10216150
10216662
10217174
10217686
10218198
10218710
10219222
10219734
10215127
10215639
10216151
10216663
10217175
10217687
10218199
10218711
10219223
10219735
10215128
10215640
10216152
10216664
10217176
10217688
10218200
10218712
10219224
10219736
55895361
55895873
55896385
55896897
55897409
55897921
55898433
55898945
55899457
55899969
55895362
55895874
55896386
55896898
55897410
55897922
55898434
55898946
55899458
55899970
55895363
55895875
55896387
55896899
55897411
55897923
55898435
55898947
55899459
55899971
55895364
55895876
55896388
55896900
55897412
55897924
55898436
55898948
55899460
55899972
55895365
55895877
55896389
55896901
55897413
55897925
55898437
55898949
55899461
55899973
55895366
55895878
55896390
55896902
55897414
55897926
55898438
55898950
55899462
55899974
55895367
55895879
55896391
55896903
55897415
55897927
55898439
55898951
55899463
55899975
55895368
55895880
55896392
55896904
55897416
55897928
55898440
55898952
55899464
55899976
55895369
55895881
55896393
55896905
55897417
55897929
55898441
55898953
55899465
55899977
55895370
55895882
55896394
55896906
55897418
55897930
55898442
55898954
55899466
55899978
12260136
12260648
12261160
12261672
12262184
12262696
12263208
12263720
12264232
12264744
12260137
12260649
12261161
12261673
12262185
12262697
12263209
12263721
12264233
12264745
12260138
12260650
12261162
12261674
12262186
12262698
12263210
12263722
12264234
12264746
12260139
12260651
12261163
12261675
12262187
12262699
12263211
12263723
12264235
12264747
12260140
12260652
12261164
12261676
12262188
12262700
12263212
12263724
12264236
12264748
12260141
12260653
12261165
12261677
12262189
12262701
12263213
12263725
12264237
12264749
12260142
12260654
12261166
12261678
12262190
12262702
12263214
12263726
12264238
12264750
12260143
12260655
12261167
12261679
12262191
12262703
12263215
12263727
12264239
12264751
12260144
12260656
12261168
12261680
12262192
12262704
12263216
12263728
12264240
12264752
12260145
12260657
12261169
12261681
12262193
12262705
12263217
12263729
12264241
12264753
8160810
8161322
8161834
8162346
8162858
8163370
8163882
8164394
8164906
8165418
8160811
8161323
8161835
8162347
8162859
8163371
8163883
8164395
8164907
8165419
8160812
8161324
8161836
8162348
8162860
8163372
8163884
8164396
8164908
8165420
8160813
8161325
8161837
8162349
8162861
8163373
8163885
8164397
8164909
8165421
8160814
8161326
8161838
8162350
8162862
8163374
8163886
8164398
8164910
8165422
8160815
8161327
8161839
8162351
8162863
8163375
8163887
8164399
8164911
8165423
8160816
8161328
8161840
8162352
8162864
8163376
8163888
8164400
8164912
8165424
8160817
8161329
8161841
8162353
8162865
8163377
8163889
8164401
8164913
8165425
8160818
8161330
8161842
8162354
8162866
8163378
8163890
8164402
8164914
8165426
8160819
8161331
8161843
8162355
8162867
8163379
8163891
8164403
8164915
8165427
30730838
30731350
30731862
30732374
30732886
30733398
30733910
30734422
30734934
30735446
30730839
30731351
30731863
30732375
30732887
30733399
30733911
30734423
30734935
30735447
30730840
30731352
30731864
30732376
30732888
30733400
30733912
30734424
30734936
30735448
30730841
30731353
30731865
30732377
30732889
30733401
30733913
30734425
30734937
30735449
30730842
30731354
30731866
30732378
30732890
30733402
30733914
30734426
30734938
30735450
30730843
30731355
30731867
30732379
30732891
30733403
30733915
30734427
30734939
30735451
30730844
30731356
30731868
30732380
30732892
30733404
30733916
30734428
30734940
30735452
30730845
30731357
30731869
30732381
30732893
30733405
30733917
30734429
30734941
30735453
30730846
30731358
30731870
30732382
30732894
30733406
30733918
30734430
30734942
30735454
30730847
30731359
30731871
30732383
30732895
30733407
30733919
30734431
30734943
30735455
17136350
17136862
17137374
17137886
17138398
17138910
17139422
17139934
17140446
17140958
17136351
17136863
17137375
17137887
17138399
17138911
17139423
17139935
17140447
17140959
17136352
17136864
17137376
17137888
17138400
17138912
17139424
17139936
17140448
17140960
17136353
17136865
17137377
17137889
17138401
17138913
17139425
17139937
17140449
17140961
17136354
17136866
17137378
17137890
17138402
17138914
17139426
17139938
17140450
17140962
17136355
17136867
17137379
17137891
17138403
17138915
17139427
17139939
17140451
17140963
17136356
17136868
17137380
17137892
17138404
17138916
17139428
17139940
17140452
17140964
17136357
17136869
17137381
17137893
17138405
17138917
17139429
17139941
17140453
17140965
17136358
17136870
17137382
17137894
17138406
17138918
17139430
17139942
17140454
17140966
17136359
17136871
17137383
17137895
17138407
17138919
17139431
17139943
17140455
17140967
