43648147
43648659
43649171
43649683
43650195
43650707
43651219
43651731
43652243
43652755
43648148
43648660
43649172
43649684
43650196
43650708
43651220
43651732
43652244
43652756
43648149
43648661
43649173
43649685
43650197
43650709
43651221
43651733
43652245
43652757
43648150
43648662
43649174
43649686
43650198
43650710
43651222
43651734
43652246
43652758
43648151
43648663
43649175
43649687
43650199
43650711
43651223
43651735
43652247
43652759
43648152
43648664
43649176
43649688
43650200
43650712
43651224
43651736
43652248
43652760
43648153
43648665
43649177
43649689
43650201
43650713
43651225
43651737
43652249
43652761
43648154
43648666
43649178
43649690
43650202
43650714
43651226
43651738
43652250
43652762
43648155
43648667
43649179
43649691
43650203
43650715
43651227
43651739
43652251
43652763
43648156
43648668
43649180
43649692
43650204
43650716
43651228
43651740
43652252
43652764
45485183
45485695
45486207
45486719
45487231
45487743
45488255
45488767
45489279
45489791
45485184
45485696
45486208
45486720
45487232
45487744
45488256
45488768
45489280
45489792
45485185
45485697
45486209
45486721
45487233
45487745
45488257
45488769
45489281
45489793
45485186
45485698
45486210
45486722
45487234
45487746
45488258
45488770
45489282
45489794
45485187
45485699
45486211
45486723
45487235
45487747
45488259
45488771
45489283
45489795
45485188
45485700
45486212
45486724
45487236
45487748
45488260
45488772
45489284
45489796
45485189
45485701
45486213
45486725
45487237
45487749
45488261
45488773
45489285
45489797
45485190
45485702
45486214
45486726
45487238
45487750
45488262
45488774
45489286
45489798
45485191
45485703
45486215
45486727
45487239
45487751
45488263
45488775
45489287
45489799
45485192
45485704
45486216
45486728
45487240
45487752
45488264
45488776
45489288
45489800
35982011
35982523
35983035
35983547
35984059
35984571
35985083
35985595
35986107
35986619
35982012
35982524
35983036
35983548
35984060
35984572
35985084
35985596
35986108
35986620
35982013
35982525
35983037
35983549
35984061
35984573
35985085
35985597
35986109
35986621
35982014
35982526
35983038
35983550
35984062
35984574
35985086
35985598
35986110
35986622
35982015
35982527
35983039
35983551
35984063
35984575
35985087
35985599
35986111
35986623
35982016
35982528
35983040
35983552
35984064
35984576
35985088
35985600
35986112
35986624
35982017
35982529
35983041
35983553
35984065
35984577
35985089
35985601
35986113
35986625
35982018
35982530
35983042
35983554
35984066
35984578
35985090
35985602
35986114
35986626
35982019
35982531
35983043
35983555
35984067
35984579
35985091
35985603
35986115
35986627
35982020
35982532
35983044
35983556
35984068
35984580
35985092
35985604
35986116
35986628
36754699
36755211
36755723
36756235
36756747
36757259
36757771
36758283
36758795
36759307
36754700
36755212
36755724
36756236
36756748
36757260
36757772
36758284
36758796
36759308
36754701
36755213
36755725
36756237
36756749
36757261
36757773
36758285
36758797
36759309
36754702
36755214
36755726
36756238
36756750
36757262
36757774
36758286
36758798
36759310
36754703
36755215
36755727
36756239
36756751
36757263
36757775
36758287
36758799
36759311
36754704
36755216
36755728
36756240
36756752
36757264
36757776
36758288
36758800
36759312
36754705
36755217
36755729
36756241
36756753
36757265
36757777
36758289
36758801
36759313
36754706
36755218
36755730
36756242
36756754
36757266
36757778
36758290
36758802
36759314
36754707
36755219
36755731
36756243
36756755
36757267
36757779
36758291
36758803
36759315
36754708
36755220
36755732
36756244
36756756
36757268
36757780
36758292
36758804
36759316
48842961
48843473
48843985
48844497
48845009
48845521
48846033
48846545
48847057
48847569
48842962
48843474
48843986
48844498
48845010
48845522
48846034
48846546
48847058
48847570
48842963
48843475
48843987
48844499
48845011
48845523
48846035
48846547
48847059
48847571
48842964
48843476
48843988
48844500
48845012
48845524
48846036
48846548
48847060
48847572
48842965
48843477
48843989
48844501
48845013
48845525
48846037
48846549
48847061
48847573
48842966
48843478
48843990
48844502
48845014
48845526
48846038
48846550
48847062
48847574
48842967
48843479
48843991
48844503
48845015
48845527
48846039
48846551
48847063
48847575
48842968
48843480
48843992
48844504
48845016
48845528
48846040
48846552
48847064
48847576
48842969
48843481
48843993
48844505
48845017
48845529
48846041
48846553
48847065
48847577
48842970
48843482
48843994
48844506
48845018
48845530
48846042
48846554
48847066
48847578
44614416
44614928
44615440
44615952
44616464
44616976
44617488
44618000
44618512
44619024
44614417
44614929
44615441
44615953
44616465
44616977
44617489
44618001
44618513
44619025
44614418
44614930
44615442
44615954
44616466
44616978
44617490
44618002
44618514
44619026
44614419
44614931
44615443
44615955
44616467
44616979
44617491
44618003
44618515
44619027
44614420
44614932
44615444
44615956
44616468
44616980
44617492
44618004
44618516
44619028
44614421
44614933
44615445
44615957
44616469
44616981
44617493
44618005
44618517
44619029
44614422
44614934
44615446
44615958
44616470
44616982
44617494
44618006
44618518
44619030
44614423
44614935
44615447
44615959
44616471
44616983
44617495
44618007
44618519
44619031
44614424
44614936
44615448
44615960
44616472
44616984
44617496
44618008
44618520
44619032
44614425
44614937
44615449
44615961
44616473
44616985
44617497
44618009
44618521
44619033
35718376
35718888
35719400
35719912
35720424
35720936
35721448
35721960
35722472
35722984
35718377
35718889
35719401
35719913
35720425
35720937
35721449
35721961
35722473
35722985
35718378
35718890
35719402
35719914
35720426
35720938
35721450
35721962
35722474
35722986
35718379
35718891
35719403
35719915
35720427
35720939
35721451
35721963
35722475
35722987
35718380
35718892
35719404
35719916
35720428
35720940
35721452
35721964
35722476
35722988
35718381
35718893
35719405
35719917
35720429
35720941
35721453
35721965
35722477
35722989
35718382
35718894
35719406
35719918
35720430
35720942
35721454
35721966
35722478
35722990
35718383
35718895
35719407
35719919
35720431
35720943
35721455
35721967
35722479
35722991
35718384
35718896
35719408
35719920
35720432
35720944
35721456
35721968
35722480
35722992
35718385
35718897
35719409
35719921
35720433
35720945
35721457
35721969
35722481
35722993
48039618
48040130
48040642
48041154
48041666
48042178
48042690
48043202
48043714
48044226
48039619
48040131
48040643
48041155
48041667
48042179
48042691
48043203
48043715
48044227
48039620
48040132
48040644
48041156
48041668
48042180
48042692
48043204
48043716
48044228
48039621
48040133
48040645
48041157
48041669
48042181
48042693
48043205
48043717
48044229
48039622
48040134
48040646
48041158
48041670
48042182
48042694
48043206
48043718
48044230
48039623
48040135
48040647
48041159
48041671
48042183
48042695
48043207
48043719
48044231
48039624
48040136
48040648
48041160
48041672
48042184
48042696
48043208
48043720
48044232
48039625
48040137
48040649
48041161
48041673
48042185
48042697
48043209
48043721
48044233
48039626
48040138
48040650
48041162
48041674
48042186
48042698
48043210
48043722
48044234
48039627
48040139
48040651
48041163
48041675
48042187
48042699
48043211
48043723
48044235
45927716
45928228
45928740
45929252
45929764
45930276
45930788
45931300
45931812
45932324
45927717
45928229
45928741
45929253
45929765
45930277
45930789
45931301
45931813
45932325
45927718
45928230
45928742
45929254
45929766
45930278
45930790
45931302
45931814
45932326
45927719
45928231
45928743
45929255
45929767
45930279
45930791
45931303
45931815
45932327
45927720
45928232
45928744
45929256
45929768
45930280
45930792
45931304
45931816
45932328
45927721
45928233
45928745
45929257
45929769
45930281
45930793
45931305
45931817
45932329
45927722
45928234
45928746
45929258
45929770
45930282
45930794
45931306
45931818
45932330
45927723
45928235
45928747
45929259
45929771
45930283
45930795
45931307
45931819
45932331
45927724
45928236
45928748
45929260
45929772
45930284
45930796
45931308
45931820
45932332
45927725
45928237
45928749
45929261
45929773
45930285
45930797
45931309
45931821
45932333
50190533
50191045
50191557
50192069
50192581
50193093
50193605
50194117
50194629
50195141
50190534
50191046
50191558
50192070
50192582
50193094
50193606
50194118
50194630
50195142
50190535
50191047
50191559
50192071
50192583
50193095
50193607
50194119
50194631
50195143
50190536
50191048
50191560
50192072
50192584
50193096
50193608
50194120
50194632
50195144
50190537
50191049
50191561
50192073
50192585
50193097
50193609
50194121
50194633
50195145
50190538
50191050
50191562
50192074
50192586
50193098
50193610
50194122
50194634
50195146
50190539
50191051
50191563
50192075
50192587
50193099
50193611
50194123
50194635
50195147
50190540
50191052
50191564
50192076
50192588
50193100
50193612
50194124
50194636
50195148
50190541
50191053
50191565
50192077
50192589
50193101
50193613
50194125
50194637
50195149
50190542
50191054
50191566
50192078
50192590
50193102
50193614
50194126
50194638
50195150
49393940
49394452
49394964
49395476
49395988
49396500
49397012
49397524
49398036
49398548
49393941
49394453
49394965
49395477
49395989
49396501
49397013
49397525
49398037
49398549
49393942
49394454
49394966
49395478
49395990
49396502
49397014
49397526
49398038
49398550
49393943
49394455
49394967
49395479
49395991
49396503
49397015
49397527
49398039
49398551
49393944
49394456
49394968
49395480
49395992
49396504
49397016
49397528
49398040
49398552
49393945
49394457
49394969
49395481
49395993
49396505
49397017
49397529
49398041
49398553
49393946
49394458
49394970
49395482
49395994
49396506
49397018
49397530
49398042
49398554
49393947
49394459
49394971
49395483
49395995
49396507
49397019
49397531
49398043
49398555
49393948
49394460
49394972
49395484
49395996
49396508
49397020
49397532
49398044
49398556
49393949
49394461
49394973
49395485
49395997
49396509
49397021
49397533
49398045
49398557
42263248
42263760
42264272
42264784
42265296
42265808
42266320
42266832
42267344
42267856
42263249
42263761
42264273
42264785
42265297
42265809
42266321
42266833
42267345
42267857
42263250
42263762
42264274
42264786
42265298
42265810
42266322
42266834
42267346
42267858
42263251
42263763
42264275
42264787
42265299
42265811
42266323
42266835
42267347
42267859
42263252
42263764
42264276
42264788
42265300
42265812
42266324
42266836
42267348
42267860
42263253
42263765
42264277
42264789
42265301
42265813
42266325
42266837
42267349
42267861
42263254
42263766
42264278
42264790
42265302
42265814
42266326
42266838
42267350
42267862
42263255
42263767
42264279
42264791
42265303
42265815
42266327
42266839
42267351
42267863
42263256
42263768
42264280
42264792
42265304
42265816
42266328
42266840
42267352
42267864
42263257
42263769
42264281
42264793
42265305
42265817
42266329
42266841
42267353
42267865
49155259
49155771
49156283
49156795
49157307
49157819
49158331
49158843
49159355
49159867
49155260
49155772
49156284
49156796
49157308
49157820
49158332
49158844
49159356
49159868
49155261
49155773
49156285
49156797
49157309
49157821
49158333
49158845
49159357
49159869
49155262
49155774
49156286
49156798
49157310
49157822
49158334
49158846
49159358
49159870
49155263
49155775
49156287
49156799
49157311
49157823
49158335
49158847
49159359
49159871
49155264
49155776
49156288
49156800
49157312
49157824
49158336
49158848
49159360
49159872
49155265
49155777
49156289
49156801
49157313
49157825
49158337
49158849
49159361
49159873
49155266
49155778
49156290
49156802
49157314
49157826
49158338
49158850
49159362
49159874
49155267
49155779
49156291
49156803
49157315
49157827
49158339
49158851
49159363
49159875
49155268
49155780
49156292
49156804
49157316
49157828
49158340
49158852
49159364
49159876
48574635
48575147
48575659
48576171
48576683
48577195
48577707
48578219
48578731
48579243
48574636
48575148
48575660
48576172
48576684
48577196
48577708
48578220
48578732
48579244
48574637
48575149
48575661
48576173
48576685
48577197
48577709
48578221
48578733
48579245
48574638
48575150
48575662
48576174
48576686
48577198
48577710
48578222
48578734
48579246
48574639
48575151
48575663
48576175
48576687
48577199
48577711
48578223
48578735
48579247
48574640
48575152
48575664
48576176
48576688
48577200
48577712
48578224
48578736
48579248
48574641
48575153
48575665
48576177
48576689
48577201
48577713
48578225
48578737
48579249
48574642
48575154
48575666
48576178
48576690
48577202
48577714
48578226
48578738
48579250
48574643
48575155
48575667
48576179
48576691
48577203
48577715
48578227
48578739
48579251
48574644
48575156
48575668
48576180
48576692
48577204
48577716
48578228
48578740
48579252
42801907
42802419
42802931
42803443
42803955
42804467
42804979
42805491
42806003
42806515
42801908
42802420
42802932
42803444
42803956
42804468
42804980
42805492
42806004
42806516
42801909
42802421
42802933
42803445
42803957
42804469
42804981
42805493
42806005
42806517
42801910
42802422
42802934
42803446
42803958
42804470
42804982
42805494
42806006
42806518
42801911
42802423
42802935
42803447
42803959
42804471
42804983
42805495
42806007
42806519
42801912
42802424
42802936
42803448
42803960
42804472
42804984
42805496
42806008
42806520
42801913
42802425
42802937
42803449
42803961
42804473
42804985
42805497
42806009
42806521
42801914
42802426
42802938
42803450
42803962
42804474
42804986
42805498
42806010
42806522
42801915
42802427
42802939
42803451
42803963
42804475
42804987
42805499
42806011
42806523
42801916
42802428
42802940
42803452
42803964
42804476
42804988
42805500
42806012
42806524
41748717
41749229
41749741
41750253
41750765
41751277
41751789
41752301
41752813
41753325
41748718
41749230
41749742
41750254
41750766
41751278
41751790
41752302
41752814
41753326
41748719
41749231
41749743
41750255
41750767
41751279
41751791
41752303
41752815
41753327
41748720
41749232
41749744
41750256
41750768
41751280
41751792
41752304
41752816
41753328
41748721
41749233
41749745
41750257
41750769
41751281
41751793
41752305
41752817
41753329
41748722
41749234
41749746
41750258
41750770
41751282
41751794
41752306
41752818
41753330
41748723
41749235
41749747
41750259
41750771
41751283
41751795
41752307
41752819
41753331
41748724
41749236
41749748
41750260
41750772
41751284
41751796
41752308
41752820
41753332
41748725
41749237
41749749
41750261
41750773
41751285
41751797
41752309
41752821
41753333
41748726
41749238
41749750
41750262
41750774
41751286
41751798
41752310
41752822
41753334
38330626
38331138
38331650
38332162
38332674
38333186
38333698
38334210
38334722
38335234
38330627
38331139
38331651
38332163
38332675
38333187
38333699
38334211
38334723
38335235
38330628
38331140
38331652
38332164
38332676
38333188
38333700
38334212
38334724
38335236
38330629
38331141
38331653
38332165
38332677
38333189
38333701
38334213
38334725
38335237
38330630
38331142
38331654
38332166
38332678
38333190
38333702
38334214
38334726
38335238
38330631
38331143
38331655
38332167
38332679
38333191
38333703
38334215
38334727
38335239
38330632
38331144
38331656
38332168
38332680
38333192
38333704
38334216
38334728
38335240
38330633
38331145
38331657
38332169
38332681
38333193
38333705
38334217
38334729
38335241
38330634
38331146
38331658
38332170
38332682
38333194
38333706
38334218
38334730
38335242
38330635
38331147
38331659
38332171
38332683
38333195
38333707
38334219
38334731
38335243
45471381
45471893
45472405
45472917
45473429
45473941
45474453
45474965
45475477
45475989
45471382
45471894
45472406
45472918
45473430
45473942
45474454
45474966
45475478
45475990
45471383
45471895
45472407
45472919
45473431
45473943
45474455
45474967
45475479
45475991
45471384
45471896
45472408
45472920
45473432
45473944
45474456
45474968
45475480
45475992
45471385
45471897
45472409
45472921
45473433
45473945
45474457
45474969
45475481
45475993
45471386
45471898
45472410
45472922
45473434
45473946
45474458
45474970
45475482
45475994
45471387
45471899
45472411
45472923
45473435
45473947
45474459
45474971
45475483
45475995
45471388
45471900
45472412
45472924
45473436
45473948
45474460
45474972
45475484
45475996
45471389
45471901
45472413
45472925
45473437
45473949
45474461
45474973
45475485
45475997
45471390
45471902
45472414
45472926
45473438
45473950
45474462
45474974
45475486
45475998
35719367
35719879
35720391
35720903
35721415
35721927
35722439
35722951
35723463
35723975
35719368
35719880
35720392
35720904
35721416
35721928
35722440
35722952
35723464
35723976
35719369
35719881
35720393
35720905
35721417
35721929
35722441
35722953
35723465
35723977
35719370
35719882
35720394
35720906
35721418
35721930
35722442
35722954
35723466
35723978
35719371
35719883
35720395
35720907
35721419
35721931
35722443
35722955
35723467
35723979
35719372
35719884
35720396
35720908
35721420
35721932
35722444
35722956
35723468
35723980
35719373
35719885
35720397
35720909
35721421
35721933
35722445
35722957
35723469
35723981
35719374
35719886
35720398
35720910
35721422
35721934
35722446
35722958
35723470
35723982
35719375
35719887
35720399
35720911
35721423
35721935
35722447
35722959
35723471
35723983
35719376
35719888
35720400
35720912
35721424
35721936
35722448
35722960
35723472
35723984
46220072
46220584
46221096
46221608
46222120
46222632
46223144
46223656
46224168
46224680
46220073
46220585
46221097
46221609
46222121
46222633
46223145
46223657
46224169
46224681
46220074
46220586
46221098
46221610
46222122
46222634
46223146
46223658
46224170
46224682
46220075
46220587
46221099
46221611
46222123
46222635
46223147
46223659
46224171
46224683
46220076
46220588
46221100
46221612
46222124
46222636
46223148
46223660
46224172
46224684
46220077
46220589
46221101
46221613
46222125
46222637
46223149
46223661
46224173
46224685
46220078
46220590
46221102
46221614
46222126
46222638
46223150
46223662
46224174
46224686
46220079
46220591
46221103
46221615
46222127
46222639
46223151
46223663
46224175
46224687
46220080
46220592
46221104
46221616
46222128
46222640
46223152
46223664
46224176
46224688
46220081
46220593
46221105
46221617
46222129
46222641
46223153
46223665
46224177
46224689
44625120
44625632
44626144
44626656
44627168
44627680
44628192
44628704
44629216
44629728
44625121
44625633
44626145
44626657
44627169
44627681
44628193
44628705
44629217
44629729
44625122
44625634
44626146
44626658
44627170
44627682
44628194
44628706
44629218
44629730
44625123
44625635
44626147
44626659
44627171
44627683
44628195
44628707
44629219
44629731
44625124
44625636
44626148
44626660
44627172
44627684
44628196
44628708
44629220
44629732
44625125
44625637
44626149
44626661
44627173
44627685
44628197
44628709
44629221
44629733
44625126
44625638
44626150
44626662
44627174
44627686
44628198
44628710
44629222
44629734
44625127
44625639
44626151
44626663
44627175
44627687
44628199
44628711
44629223
44629735
44625128
44625640
44626152
44626664
44627176
44627688
44628200
44628712
44629224
44629736
44625129
44625641
44626153
44626665
44627177
44627689
44628201
44628713
44629225
44629737
50694376
50694888
50695400
50695912
50696424
50696936
50697448
50697960
50698472
50698984
50694377
50694889
50695401
50695913
50696425
50696937
50697449
50697961
50698473
50698985
50694378
50694890
50695402
50695914
50696426
50696938
50697450
50697962
50698474
50698986
50694379
50694891
50695403
50695915
50696427
50696939
50697451
50697963
50698475
50698987
50694380
50694892
50695404
50695916
50696428
50696940
50697452
50697964
50698476
50698988
50694381
50694893
50695405
50695917
50696429
50696941
50697453
50697965
50698477
50698989
50694382
50694894
50695406
50695918
50696430
50696942
50697454
50697966
50698478
50698990
50694383
50694895
50695407
50695919
50696431
50696943
50697455
50697967
50698479
50698991
50694384
50694896
50695408
50695920
50696432
50696944
50697456
50697968
50698480
50698992
50694385
50694897
50695409
50695921
50696433
50696945
50697457
50697969
50698481
50698993
45458615
45459127
45459639
45460151
45460663
45461175
45461687
45462199
45462711
45463223
45458616
45459128
45459640
45460152
45460664
45461176
45461688
45462200
45462712
45463224
45458617
45459129
45459641
45460153
45460665
45461177
45461689
45462201
45462713
45463225
45458618
45459130
45459642
45460154
45460666
45461178
45461690
45462202
45462714
45463226
45458619
45459131
45459643
45460155
45460667
45461179
45461691
45462203
45462715
45463227
45458620
45459132
45459644
45460156
45460668
45461180
45461692
45462204
45462716
45463228
45458621
45459133
45459645
45460157
45460669
45461181
45461693
45462205
45462717
45463229
45458622
45459134
45459646
45460158
45460670
45461182
45461694
45462206
45462718
45463230
45458623
45459135
45459647
45460159
45460671
45461183
45461695
45462207
45462719
45463231
45458624
45459136
45459648
45460160
45460672
45461184
45461696
45462208
45462720
45463232
45998275
45998787
45999299
45999811
46000323
46000835
46001347
46001859
46002371
46002883
45998276
45998788
45999300
45999812
46000324
46000836
46001348
46001860
46002372
46002884
45998277
45998789
45999301
45999813
46000325
46000837
46001349
46001861
46002373
46002885
45998278
45998790
45999302
45999814
46000326
46000838
46001350
46001862
46002374
46002886
45998279
45998791
45999303
45999815
46000327
46000839
46001351
46001863
46002375
46002887
45998280
45998792
45999304
45999816
46000328
46000840
46001352
46001864
46002376
46002888
45998281
45998793
45999305
45999817
46000329
46000841
46001353
46001865
46002377
46002889
45998282
45998794
45999306
45999818
46000330
46000842
46001354
46001866
46002378
46002890
45998283
45998795
45999307
45999819
46000331
46000843
46001355
46001867
46002379
46002891
45998284
45998796
45999308
45999820
46000332
46000844
46001356
46001868
46002380
46002892
46734593
46735105
46735617
46736129
46736641
46737153
46737665
46738177
46738689
46739201
46734594
46735106
46735618
46736130
46736642
46737154
46737666
46738178
46738690
46739202
46734595
46735107
46735619
46736131
46736643
46737155
46737667
46738179
46738691
46739203
46734596
46735108
46735620
46736132
46736644
46737156
46737668
46738180
46738692
46739204
46734597
46735109
46735621
46736133
46736645
46737157
46737669
46738181
46738693
46739205
46734598
46735110
46735622
46736134
46736646
46737158
46737670
46738182
46738694
46739206
46734599
46735111
46735623
46736135
46736647
46737159
46737671
46738183
46738695
46739207
46734600
46735112
46735624
46736136
46736648
46737160
46737672
46738184
46738696
46739208
46734601
46735113
46735625
46736137
46736649
46737161
46737673
46738185
46738697
46739209
46734602
46735114
46735626
46736138
46736650
46737162
46737674
46738186
46738698
46739210
43830549
43831061
43831573
43832085
43832597
43833109
43833621
43834133
43834645
43835157
43830550
43831062
43831574
43832086
43832598
43833110
43833622
43834134
43834646
43835158
43830551
43831063
43831575
43832087
43832599
43833111
43833623
43834135
43834647
43835159
43830552
43831064
43831576
43832088
43832600
43833112
43833624
43834136
43834648
43835160
43830553
43831065
43831577
43832089
43832601
43833113
43833625
43834137
43834649
43835161
43830554
43831066
43831578
43832090
43832602
43833114
43833626
43834138
43834650
43835162
43830555
43831067
43831579
43832091
43832603
43833115
43833627
43834139
43834651
43835163
43830556
43831068
43831580
43832092
43832604
43833116
43833628
43834140
43834652
43835164
43830557
43831069
43831581
43832093
43832605
43833117
43833629
43834141
43834653
43835165
43830558
43831070
43831582
43832094
43832606
43833118
43833630
43834142
43834654
43835166
49663183
49663695
49664207
49664719
49665231
49665743
49666255
49666767
49667279
49667791
49663184
49663696
49664208
49664720
49665232
49665744
49666256
49666768
49667280
49667792
49663185
49663697
49664209
49664721
49665233
49665745
49666257
49666769
49667281
49667793
49663186
49663698
49664210
49664722
49665234
49665746
49666258
49666770
49667282
49667794
49663187
49663699
49664211
49664723
49665235
49665747
49666259
49666771
49667283
49667795
49663188
49663700
49664212
49664724
49665236
49665748
49666260
49666772
49667284
49667796
49663189
49663701
49664213
49664725
49665237
49665749
49666261
49666773
49667285
49667797
49663190
49663702
49664214
49664726
49665238
49665750
49666262
49666774
49667286
49667798
49663191
49663703
49664215
49664727
49665239
49665751
49666263
49666775
49667287
49667799
49663192
49663704
49664216
49664728
49665240
49665752
49666264
49666776
49667288
49667800
38067937
38068449
38068961
38069473
38069985
38070497
38071009
38071521
38072033
38072545
38067938
38068450
38068962
38069474
38069986
38070498
38071010
38071522
38072034
38072546
38067939
38068451
38068963
38069475
38069987
38070499
38071011
38071523
38072035
38072547
38067940
38068452
38068964
38069476
38069988
38070500
38071012
38071524
38072036
38072548
38067941
38068453
38068965
38069477
38069989
38070501
38071013
38071525
38072037
38072549
38067942
38068454
38068966
38069478
38069990
38070502
38071014
38071526
38072038
38072550
38067943
38068455
38068967
38069479
38069991
38070503
38071015
38071527
38072039
38072551
38067944
38068456
38068968
38069480
38069992
38070504
38071016
38071528
38072040
38072552
38067945
38068457
38068969
38069481
38069993
38070505
38071017
38071529
38072041
38072553
38067946
38068458
38068970
38069482
38069994
38070506
38071018
38071530
38072042
38072554
49616127
49616639
49617151
49617663
49618175
49618687
49619199
49619711
49620223
49620735
49616128
49616640
49617152
49617664
49618176
49618688
49619200
49619712
49620224
49620736
49616129
49616641
49617153
49617665
49618177
49618689
49619201
49619713
49620225
49620737
49616130
49616642
49617154
49617666
49618178
49618690
49619202
49619714
49620226
49620738
49616131
49616643
49617155
49617667
49618179
49618691
49619203
49619715
49620227
49620739
49616132
49616644
49617156
49617668
49618180
49618692
49619204
49619716
49620228
49620740
49616133
49616645
49617157
49617669
49618181
49618693
49619205
49619717
49620229
49620741
49616134
49616646
49617158
49617670
49618182
49618694
49619206
49619718
49620230
49620742
49616135
49616647
49617159
49617671
49618183
49618695
49619207
49619719
49620231
49620743
49616136
49616648
49617160
49617672
49618184
49618696
49619208
49619720
49620232
49620744
47236814
47237326
47237838
47238350
47238862
47239374
47239886
47240398
47240910
47241422
47236815
47237327
47237839
47238351
47238863
47239375
47239887
47240399
47240911
47241423
47236816
47237328
47237840
47238352
47238864
47239376
47239888
47240400
47240912
47241424
47236817
47237329
47237841
47238353
47238865
47239377
47239889
47240401
47240913
47241425
47236818
47237330
47237842
47238354
47238866
47239378
47239890
47240402
47240914
47241426
47236819
47237331
47237843
47238355
47238867
47239379
47239891
47240403
47240915
47241427
47236820
47237332
47237844
47238356
47238868
47239380
47239892
47240404
47240916
47241428
47236821
47237333
47237845
47238357
47238869
47239381
47239893
47240405
47240917
47241429
47236822
47237334
47237846
47238358
47238870
47239382
47239894
47240406
47240918
47241430
47236823
47237335
47237847
47238359
47238871
47239383
47239895
47240407
47240919
47241431
