40691941
40692453
40692965
40693477
40693989
40694501
40695013
40695525
40696037
40696549
40691942
40692454
40692966
40693478
40693990
40694502
40695014
40695526
40696038
40696550
40691943
40692455
40692967
40693479
40693991
40694503
40695015
40695527
40696039
40696551
40691944
40692456
40692968
40693480
40693992
40694504
40695016
40695528
40696040
40696552
40691945
40692457
40692969
40693481
40693993
40694505
40695017
40695529
40696041
40696553
40691946
40692458
40692970
40693482
40693994
40694506
40695018
40695530
40696042
40696554
40691947
40692459
40692971
40693483
40693995
40694507
40695019
40695531
40696043
40696555
40691948
40692460
40692972
40693484
40693996
40694508
40695020
40695532
40696044
40696556
40691949
40692461
40692973
40693485
40693997
40694509
40695021
40695533
40696045
40696557
40691950
40692462
40692974
40693486
40693998
40694510
40695022
40695534
40696046
40696558
44912280
44912792
44913304
44913816
44914328
44914840
44915352
44915864
44916376
44916888
44912281
44912793
44913305
44913817
44914329
44914841
44915353
44915865
44916377
44916889
44912282
44912794
44913306
44913818
44914330
44914842
44915354
44915866
44916378
44916890
44912283
44912795
44913307
44913819
44914331
44914843
44915355
44915867
44916379
44916891
44912284
44912796
44913308
44913820
44914332
44914844
44915356
44915868
44916380
44916892
44912285
44912797
44913309
44913821
44914333
44914845
44915357
44915869
44916381
44916893
44912286
44912798
44913310
44913822
44914334
44914846
44915358
44915870
44916382
44916894
44912287
44912799
44913311
44913823
44914335
44914847
44915359
44915871
44916383
44916895
44912288
44912800
44913312
44913824
44914336
44914848
44915360
44915872
44916384
44916896
44912289
44912801
44913313
44913825
44914337
44914849
44915361
44915873
44916385
44916897
40964897
40965409
40965921
40966433
40966945
40967457
40967969
40968481
40968993
40969505
40964898
40965410
40965922
40966434
40966946
40967458
40967970
40968482
40968994
40969506
40964899
40965411
40965923
40966435
40966947
40967459
40967971
40968483
40968995
40969507
40964900
40965412
40965924
40966436
40966948
40967460
40967972
40968484
40968996
40969508
40964901
40965413
40965925
40966437
40966949
40967461
40967973
40968485
40968997
40969509
40964902
40965414
40965926
40966438
40966950
40967462
40967974
40968486
40968998
40969510
40964903
40965415
40965927
40966439
40966951
40967463
40967975
40968487
40968999
40969511
40964904
40965416
40965928
40966440
40966952
40967464
40967976
40968488
40969000
40969512
40964905
40965417
40965929
40966441
40966953
40967465
40967977
40968489
40969001
40969513
40964906
40965418
40965930
40966442
40966954
40967466
40967978
40968490
40969002
40969514
49112320
49112832
49113344
49113856
49114368
49114880
49115392
49115904
49116416
49116928
49112321
49112833
49113345
49113857
49114369
49114881
49115393
49115905
49116417
49116929
49112322
49112834
49113346
49113858
49114370
49114882
49115394
49115906
49116418
49116930
49112323
49112835
49113347
49113859
49114371
49114883
49115395
49115907
49116419
49116931
49112324
49112836
49113348
49113860
49114372
49114884
49115396
49115908
49116420
49116932
49112325
49112837
49113349
49113861
49114373
49114885
49115397
49115909
49116421
49116933
49112326
49112838
49113350
49113862
49114374
49114886
49115398
49115910
49116422
49116934
49112327
49112839
49113351
49113863
49114375
49114887
49115399
49115911
49116423
49116935
49112328
49112840
49113352
49113864
49114376
49114888
49115400
49115912
49116424
49116936
49112329
49112841
49113353
49113865
49114377
49114889
49115401
49115913
49116425
49116937
49631417
49631929
49632441
49632953
49633465
49633977
49634489
49635001
49635513
49636025
49631418
49631930
49632442
49632954
49633466
49633978
49634490
49635002
49635514
49636026
49631419
49631931
49632443
49632955
49633467
49633979
49634491
49635003
49635515
49636027
49631420
49631932
49632444
49632956
49633468
49633980
49634492
49635004
49635516
49636028
49631421
49631933
49632445
49632957
49633469
49633981
49634493
49635005
49635517
49636029
49631422
49631934
49632446
49632958
49633470
49633982
49634494
49635006
49635518
49636030
49631423
49631935
49632447
49632959
49633471
49633983
49634495
49635007
49635519
49636031
49631424
49631936
49632448
49632960
49633472
49633984
49634496
49635008
49635520
49636032
49631425
49631937
49632449
49632961
49633473
49633985
49634497
49635009
49635521
49636033
49631426
49631938
49632450
49632962
49633474
49633986
49634498
49635010
49635522
49636034
46470434
46470946
46471458
46471970
46472482
46472994
46473506
46474018
46474530
46475042
46470435
46470947
46471459
46471971
46472483
46472995
46473507
46474019
46474531
46475043
46470436
46470948
46471460
46471972
46472484
46472996
46473508
46474020
46474532
46475044
46470437
46470949
46471461
46471973
46472485
46472997
46473509
46474021
46474533
46475045
46470438
46470950
46471462
46471974
46472486
46472998
46473510
46474022
46474534
46475046
46470439
46470951
46471463
46471975
46472487
46472999
46473511
46474023
46474535
46475047
46470440
46470952
46471464
46471976
46472488
46473000
46473512
46474024
46474536
46475048
46470441
46470953
46471465
46471977
46472489
46473001
46473513
46474025
46474537
46475049
46470442
46470954
46471466
46471978
46472490
46473002
46473514
46474026
46474538
46475050
46470443
46470955
46471467
46471979
46472491
46473003
46473515
46474027
46474539
46475051
40980705
40981217
40981729
40982241
40982753
40983265
40983777
40984289
40984801
40985313
40980706
40981218
40981730
40982242
40982754
40983266
40983778
40984290
40984802
40985314
40980707
40981219
40981731
40982243
40982755
40983267
40983779
40984291
40984803
40985315
40980708
40981220
40981732
40982244
40982756
40983268
40983780
40984292
40984804
40985316
40980709
40981221
40981733
40982245
40982757
40983269
40983781
40984293
40984805
40985317
40980710
40981222
40981734
40982246
40982758
40983270
40983782
40984294
40984806
40985318
40980711
40981223
40981735
40982247
40982759
40983271
40983783
40984295
40984807
40985319
40980712
40981224
40981736
40982248
40982760
40983272
40983784
40984296
40984808
40985320
40980713
40981225
40981737
40982249
40982761
40983273
40983785
40984297
40984809
40985321
40980714
40981226
40981738
40982250
40982762
40983274
40983786
40984298
40984810
40985322
47028972
47029484
47029996
47030508
47031020
47031532
47032044
47032556
47033068
47033580
47028973
47029485
47029997
47030509
47031021
47031533
47032045
47032557
47033069
47033581
47028974
47029486
47029998
47030510
47031022
47031534
47032046
47032558
47033070
47033582
47028975
47029487
47029999
47030511
47031023
47031535
47032047
47032559
47033071
47033583
47028976
47029488
47030000
47030512
47031024
47031536
47032048
47032560
47033072
47033584
47028977
47029489
47030001
47030513
47031025
47031537
47032049
47032561
47033073
47033585
47028978
47029490
47030002
47030514
47031026
47031538
47032050
47032562
47033074
47033586
47028979
47029491
47030003
47030515
47031027
47031539
47032051
47032563
47033075
47033587
47028980
47029492
47030004
47030516
47031028
47031540
47032052
47032564
47033076
47033588
47028981
47029493
47030005
47030517
47031029
47031541
47032053
47032565
47033077
47033589
48831218
48831730
48832242
48832754
48833266
48833778
48834290
48834802
48835314
48835826
48831219
48831731
48832243
48832755
48833267
48833779
48834291
48834803
48835315
48835827
48831220
48831732
48832244
48832756
48833268
48833780
48834292
48834804
48835316
48835828
48831221
48831733
48832245
48832757
48833269
48833781
48834293
48834805
48835317
48835829
48831222
48831734
48832246
48832758
48833270
48833782
48834294
48834806
48835318
48835830
48831223
48831735
48832247
48832759
48833271
48833783
48834295
48834807
48835319
48835831
48831224
48831736
48832248
48832760
48833272
48833784
48834296
48834808
48835320
48835832
48831225
48831737
48832249
48832761
48833273
48833785
48834297
48834809
48835321
48835833
48831226
48831738
48832250
48832762
48833274
48833786
48834298
48834810
48835322
48835834
48831227
48831739
48832251
48832763
48833275
48833787
48834299
48834811
48835323
48835835
51779294
51779806
51780318
51780830
51781342
51781854
51782366
51782878
51783390
51783902
51779295
51779807
51780319
51780831
51781343
51781855
51782367
51782879
51783391
51783903
51779296
51779808
51780320
51780832
51781344
51781856
51782368
51782880
51783392
51783904
51779297
51779809
51780321
51780833
51781345
51781857
51782369
51782881
51783393
51783905
51779298
51779810
51780322
51780834
51781346
51781858
51782370
51782882
51783394
51783906
51779299
51779811
51780323
51780835
51781347
51781859
51782371
51782883
51783395
51783907
51779300
51779812
51780324
51780836
51781348
51781860
51782372
51782884
51783396
51783908
51779301
51779813
51780325
51780837
51781349
51781861
51782373
51782885
51783397
51783909
51779302
51779814
51780326
51780838
51781350
51781862
51782374
51782886
51783398
51783910
51779303
51779815
51780327
51780839
51781351
51781863
51782375
51782887
51783399
51783911
49350832
49351344
49351856
49352368
49352880
49353392
49353904
49354416
49354928
49355440
49350833
49351345
49351857
49352369
49352881
49353393
49353905
49354417
49354929
49355441
49350834
49351346
49351858
49352370
49352882
49353394
49353906
49354418
49354930
49355442
49350835
49351347
49351859
49352371
49352883
49353395
49353907
49354419
49354931
49355443
49350836
49351348
49351860
49352372
49352884
49353396
49353908
49354420
49354932
49355444
49350837
49351349
49351861
49352373
49352885
49353397
49353909
49354421
49354933
49355445
49350838
49351350
49351862
49352374
49352886
49353398
49353910
49354422
49354934
49355446
49350839
49351351
49351863
49352375
49352887
49353399
49353911
49354423
49354935
49355447
49350840
49351352
49351864
49352376
49352888
49353400
49353912
49354424
49354936
49355448
49350841
49351353
49351865
49352377
49352889
49353401
49353913
49354425
49354937
49355449
48305852
48306364
48306876
48307388
48307900
48308412
48308924
48309436
48309948
48310460
48305853
48306365
48306877
48307389
48307901
48308413
48308925
48309437
48309949
48310461
48305854
48306366
48306878
48307390
48307902
48308414
48308926
48309438
48309950
48310462
48305855
48306367
48306879
48307391
48307903
48308415
48308927
48309439
48309951
48310463
48305856
48306368
48306880
48307392
48307904
48308416
48308928
48309440
48309952
48310464
48305857
48306369
48306881
48307393
48307905
48308417
48308929
48309441
48309953
48310465
48305858
48306370
48306882
48307394
48307906
48308418
48308930
48309442
48309954
48310466
48305859
48306371
48306883
48307395
48307907
48308419
48308931
48309443
48309955
48310467
48305860
48306372
48306884
48307396
48307908
48308420
48308932
48309444
48309956
48310468
48305861
48306373
48306885
48307397
48307909
48308421
48308933
48309445
48309957
48310469
39119595
39120107
39120619
39121131
39121643
39122155
39122667
39123179
39123691
39124203
39119596
39120108
39120620
39121132
39121644
39122156
39122668
39123180
39123692
39124204
39119597
39120109
39120621
39121133
39121645
39122157
39122669
39123181
39123693
39124205
39119598
39120110
39120622
39121134
39121646
39122158
39122670
39123182
39123694
39124206
39119599
39120111
39120623
39121135
39121647
39122159
39122671
39123183
39123695
39124207
39119600
39120112
39120624
39121136
39121648
39122160
39122672
39123184
39123696
39124208
39119601
39120113
39120625
39121137
39121649
39122161
39122673
39123185
39123697
39124209
39119602
39120114
39120626
39121138
39121650
39122162
39122674
39123186
39123698
39124210
39119603
39120115
39120627
39121139
39121651
39122163
39122675
39123187
39123699
39124211
39119604
39120116
39120628
39121140
39121652
39122164
39122676
39123188
39123700
39124212
35709658
35710170
35710682
35711194
35711706
35712218
35712730
35713242
35713754
35714266
35709659
35710171
35710683
35711195
35711707
35712219
35712731
35713243
35713755
35714267
35709660
35710172
35710684
35711196
35711708
35712220
35712732
35713244
35713756
35714268
35709661
35710173
35710685
35711197
35711709
35712221
35712733
35713245
35713757
35714269
35709662
35710174
35710686
35711198
35711710
35712222
35712734
35713246
35713758
35714270
35709663
35710175
35710687
35711199
35711711
35712223
35712735
35713247
35713759
35714271
35709664
35710176
35710688
35711200
35711712
35712224
35712736
35713248
35713760
35714272
35709665
35710177
35710689
35711201
35711713
35712225
35712737
35713249
35713761
35714273
35709666
35710178
35710690
35711202
35711714
35712226
35712738
35713250
35713762
35714274
35709667
35710179
35710691
35711203
35711715
35712227
35712739
35713251
35713763
35714275
44357360
44357872
44358384
44358896
44359408
44359920
44360432
44360944
44361456
44361968
44357361
44357873
44358385
44358897
44359409
44359921
44360433
44360945
44361457
44361969
44357362
44357874
44358386
44358898
44359410
44359922
44360434
44360946
44361458
44361970
44357363
44357875
44358387
44358899
44359411
44359923
44360435
44360947
44361459
44361971
44357364
44357876
44358388
44358900
44359412
44359924
44360436
44360948
44361460
44361972
44357365
44357877
44358389
44358901
44359413
44359925
44360437
44360949
44361461
44361973
44357366
44357878
44358390
44358902
44359414
44359926
44360438
44360950
44361462
44361974
44357367
44357879
44358391
44358903
44359415
44359927
44360439
44360951
44361463
44361975
44357368
44357880
44358392
44358904
44359416
44359928
44360440
44360952
44361464
44361976
44357369
44357881
44358393
44358905
44359417
44359929
44360441
44360953
44361465
44361977
45208764
45209276
45209788
45210300
45210812
45211324
45211836
45212348
45212860
45213372
45208765
45209277
45209789
45210301
45210813
45211325
45211837
45212349
45212861
45213373
45208766
45209278
45209790
45210302
45210814
45211326
45211838
45212350
45212862
45213374
45208767
45209279
45209791
45210303
45210815
45211327
45211839
45212351
45212863
45213375
45208768
45209280
45209792
45210304
45210816
45211328
45211840
45212352
45212864
45213376
45208769
45209281
45209793
45210305
45210817
45211329
45211841
45212353
45212865
45213377
45208770
45209282
45209794
45210306
45210818
45211330
45211842
45212354
45212866
45213378
45208771
45209283
45209795
45210307
45210819
45211331
45211843
45212355
45212867
45213379
45208772
45209284
45209796
45210308
45210820
45211332
45211844
45212356
45212868
45213380
45208773
45209285
45209797
45210309
45210821
45211333
45211845
45212357
45212869
45213381
44383963
44384475
44384987
44385499
44386011
44386523
44387035
44387547
44388059
44388571
44383964
44384476
44384988
44385500
44386012
44386524
44387036
44387548
44388060
44388572
44383965
44384477
44384989
44385501
44386013
44386525
44387037
44387549
44388061
44388573
44383966
44384478
44384990
44385502
44386014
44386526
44387038
44387550
44388062
44388574
44383967
44384479
44384991
44385503
44386015
44386527
44387039
44387551
44388063
44388575
44383968
44384480
44384992
44385504
44386016
44386528
44387040
44387552
44388064
44388576
44383969
44384481
44384993
44385505
44386017
44386529
44387041
44387553
44388065
44388577
44383970
44384482
44384994
44385506
44386018
44386530
44387042
44387554
44388066
44388578
44383971
44384483
44384995
44385507
44386019
44386531
44387043
44387555
44388067
44388579
44383972
44384484
44384996
44385508
44386020
44386532
44387044
44387556
44388068
44388580
37539060
37539572
37540084
37540596
37541108
37541620
37542132
37542644
37543156
37543668
37539061
37539573
37540085
37540597
37541109
37541621
37542133
37542645
37543157
37543669
37539062
37539574
37540086
37540598
37541110
37541622
37542134
37542646
37543158
37543670
37539063
37539575
37540087
37540599
37541111
37541623
37542135
37542647
37543159
37543671
37539064
37539576
37540088
37540600
37541112
37541624
37542136
37542648
37543160
37543672
37539065
37539577
37540089
37540601
37541113
37541625
37542137
37542649
37543161
37543673
37539066
37539578
37540090
37540602
37541114
37541626
37542138
37542650
37543162
37543674
37539067
37539579
37540091
37540603
37541115
37541627
37542139
37542651
37543163
37543675
37539068
37539580
37540092
37540604
37541116
37541628
37542140
37542652
37543164
37543676
37539069
37539581
37540093
37540605
37541117
37541629
37542141
37542653
37543165
37543677
53312246
53312758
53313270
53313782
53314294
53314806
53315318
53315830
53316342
53316854
53312247
53312759
53313271
53313783
53314295
53314807
53315319
53315831
53316343
53316855
53312248
53312760
53313272
53313784
53314296
53314808
53315320
53315832
53316344
53316856
53312249
53312761
53313273
53313785
53314297
53314809
53315321
53315833
53316345
53316857
53312250
53312762
53313274
53313786
53314298
53314810
53315322
53315834
53316346
53316858
53312251
53312763
53313275
53313787
53314299
53314811
53315323
53315835
53316347
53316859
53312252
53312764
53313276
53313788
53314300
53314812
53315324
53315836
53316348
53316860
53312253
53312765
53313277
53313789
53314301
53314813
53315325
53315837
53316349
53316861
53312254
53312766
53313278
53313790
53314302
53314814
53315326
53315838
53316350
53316862
53312255
53312767
53313279
53313791
53314303
53314815
53315327
53315839
53316351
53316863
47758099
47758611
47759123
47759635
47760147
47760659
47761171
47761683
47762195
47762707
47758100
47758612
47759124
47759636
47760148
47760660
47761172
47761684
47762196
47762708
47758101
47758613
47759125
47759637
47760149
47760661
47761173
47761685
47762197
47762709
47758102
47758614
47759126
47759638
47760150
47760662
47761174
47761686
47762198
47762710
47758103
47758615
47759127
47759639
47760151
47760663
47761175
47761687
47762199
47762711
47758104
47758616
47759128
47759640
47760152
47760664
47761176
47761688
47762200
47762712
47758105
47758617
47759129
47759641
47760153
47760665
47761177
47761689
47762201
47762713
47758106
47758618
47759130
47759642
47760154
47760666
47761178
47761690
47762202
47762714
47758107
47758619
47759131
47759643
47760155
47760667
47761179
47761691
47762203
47762715
47758108
47758620
47759132
47759644
47760156
47760668
47761180
47761692
47762204
47762716
47036662
47037174
47037686
47038198
47038710
47039222
47039734
47040246
47040758
47041270
47036663
47037175
47037687
47038199
47038711
47039223
47039735
47040247
47040759
47041271
47036664
47037176
47037688
47038200
47038712
47039224
47039736
47040248
47040760
47041272
47036665
47037177
47037689
47038201
47038713
47039225
47039737
47040249
47040761
47041273
47036666
47037178
47037690
47038202
47038714
47039226
47039738
47040250
47040762
47041274
47036667
47037179
47037691
47038203
47038715
47039227
47039739
47040251
47040763
47041275
47036668
47037180
47037692
47038204
47038716
47039228
47039740
47040252
47040764
47041276
47036669
47037181
47037693
47038205
47038717
47039229
47039741
47040253
47040765
47041277
47036670
47037182
47037694
47038206
47038718
47039230
47039742
47040254
47040766
47041278
47036671
47037183
47037695
47038207
47038719
47039231
47039743
47040255
47040767
47041279
42525955
42526467
42526979
42527491
42528003
42528515
42529027
42529539
42530051
42530563
42525956
42526468
42526980
42527492
42528004
42528516
42529028
42529540
42530052
42530564
42525957
42526469
42526981
42527493
42528005
42528517
42529029
42529541
42530053
42530565
42525958
42526470
42526982
42527494
42528006
42528518
42529030
42529542
42530054
42530566
42525959
42526471
42526983
42527495
42528007
42528519
42529031
42529543
42530055
42530567
42525960
42526472
42526984
42527496
42528008
42528520
42529032
42529544
42530056
42530568
42525961
42526473
42526985
42527497
42528009
42528521
42529033
42529545
42530057
42530569
42525962
42526474
42526986
42527498
42528010
42528522
42529034
42529546
42530058
42530570
42525963
42526475
42526987
42527499
42528011
42528523
42529035
42529547
42530059
42530571
42525964
42526476
42526988
42527500
42528012
42528524
42529036
42529548
42530060
42530572
47525687
47526199
47526711
47527223
47527735
47528247
47528759
47529271
47529783
47530295
47525688
47526200
47526712
47527224
47527736
47528248
47528760
47529272
47529784
47530296
47525689
47526201
47526713
47527225
47527737
47528249
47528761
47529273
47529785
47530297
47525690
47526202
47526714
47527226
47527738
47528250
47528762
47529274
47529786
47530298
47525691
47526203
47526715
47527227
47527739
47528251
47528763
47529275
47529787
47530299
47525692
47526204
47526716
47527228
47527740
47528252
47528764
47529276
47529788
47530300
47525693
47526205
47526717
47527229
47527741
47528253
47528765
47529277
47529789
47530301
47525694
47526206
47526718
47527230
47527742
47528254
47528766
47529278
47529790
47530302
47525695
47526207
47526719
47527231
47527743
47528255
47528767
47529279
47529791
47530303
47525696
47526208
47526720
47527232
47527744
47528256
47528768
47529280
47529792
47530304
44360437
44360949
44361461
44361973
44362485
44362997
44363509
44364021
44364533
44365045
44360438
44360950
44361462
44361974
44362486
44362998
44363510
44364022
44364534
44365046
44360439
44360951
44361463
44361975
44362487
44362999
44363511
44364023
44364535
44365047
44360440
44360952
44361464
44361976
44362488
44363000
44363512
44364024
44364536
44365048
44360441
44360953
44361465
44361977
44362489
44363001
44363513
44364025
44364537
44365049
44360442
44360954
44361466
44361978
44362490
44363002
44363514
44364026
44364538
44365050
44360443
44360955
44361467
44361979
44362491
44363003
44363515
44364027
44364539
44365051
44360444
44360956
44361468
44361980
44362492
44363004
44363516
44364028
44364540
44365052
44360445
44360957
44361469
44361981
44362493
44363005
44363517
44364029
44364541
44365053
44360446
44360958
44361470
44361982
44362494
44363006
44363518
44364030
44364542
44365054
50134266
50134778
50135290
50135802
50136314
50136826
50137338
50137850
50138362
50138874
50134267
50134779
50135291
50135803
50136315
50136827
50137339
50137851
50138363
50138875
50134268
50134780
50135292
50135804
50136316
50136828
50137340
50137852
50138364
50138876
50134269
50134781
50135293
50135805
50136317
50136829
50137341
50137853
50138365
50138877
50134270
50134782
50135294
50135806
50136318
50136830
50137342
50137854
50138366
50138878
50134271
50134783
50135295
50135807
50136319
50136831
50137343
50137855
50138367
50138879
50134272
50134784
50135296
50135808
50136320
50136832
50137344
50137856
50138368
50138880
50134273
50134785
50135297
50135809
50136321
50136833
50137345
50137857
50138369
50138881
50134274
50134786
50135298
50135810
50136322
50136834
50137346
50137858
50138370
50138882
50134275
50134787
50135299
50135811
50136323
50136835
50137347
50137859
50138371
50138883
46260370
46260882
46261394
46261906
46262418
46262930
46263442
46263954
46264466
46264978
46260371
46260883
46261395
46261907
46262419
46262931
46263443
46263955
46264467
46264979
46260372
46260884
46261396
46261908
46262420
46262932
46263444
46263956
46264468
46264980
46260373
46260885
46261397
46261909
46262421
46262933
46263445
46263957
46264469
46264981
46260374
46260886
46261398
46261910
46262422
46262934
46263446
46263958
46264470
46264982
46260375
46260887
46261399
46261911
46262423
46262935
46263447
46263959
46264471
46264983
46260376
46260888
46261400
46261912
46262424
46262936
46263448
46263960
46264472
46264984
46260377
46260889
46261401
46261913
46262425
46262937
46263449
46263961
46264473
46264985
46260378
46260890
46261402
46261914
46262426
46262938
46263450
46263962
46264474
46264986
46260379
46260891
46261403
46261915
46262427
46262939
46263451
46263963
46264475
46264987
50956473
50956985
50957497
50958009
50958521
50959033
50959545
50960057
50960569
50961081
50956474
50956986
50957498
50958010
50958522
50959034
50959546
50960058
50960570
50961082
50956475
50956987
50957499
50958011
50958523
50959035
50959547
50960059
50960571
50961083
50956476
50956988
50957500
50958012
50958524
50959036
50959548
50960060
50960572
50961084
50956477
50956989
50957501
50958013
50958525
50959037
50959549
50960061
50960573
50961085
50956478
50956990
50957502
50958014
50958526
50959038
50959550
50960062
50960574
50961086
50956479
50956991
50957503
50958015
50958527
50959039
50959551
50960063
50960575
50961087
50956480
50956992
50957504
50958016
50958528
50959040
50959552
50960064
50960576
50961088
50956481
50956993
50957505
50958017
50958529
50959041
50959553
50960065
50960577
50961089
50956482
50956994
50957506
50958018
50958530
50959042
50959554
50960066
50960578
50961090
46982829
46983341
46983853
46984365
46984877
46985389
46985901
46986413
46986925
46987437
46982830
46983342
46983854
46984366
46984878
46985390
46985902
46986414
46986926
46987438
46982831
46983343
46983855
46984367
46984879
46985391
46985903
46986415
46986927
46987439
46982832
46983344
46983856
46984368
46984880
46985392
46985904
46986416
46986928
46987440
46982833
46983345
46983857
46984369
46984881
46985393
46985905
46986417
46986929
46987441
46982834
46983346
46983858
46984370
46984882
46985394
46985906
46986418
46986930
46987442
46982835
46983347
46983859
46984371
46984883
46985395
46985907
46986419
46986931
46987443
46982836
46983348
46983860
46984372
46984884
46985396
46985908
46986420
46986932
46987444
46982837
46983349
46983861
46984373
46984885
46985397
46985909
46986421
46986933
46987445
46982838
46983350
46983862
46984374
46984886
46985398
46985910
46986422
46986934
46987446
42518237
42518749
42519261
42519773
42520285
42520797
42521309
42521821
42522333
42522845
42518238
42518750
42519262
42519774
42520286
42520798
42521310
42521822
42522334
42522846
42518239
42518751
42519263
42519775
42520287
42520799
42521311
42521823
42522335
42522847
42518240
42518752
42519264
42519776
42520288
42520800
42521312
42521824
42522336
42522848
42518241
42518753
42519265
42519777
42520289
42520801
42521313
42521825
42522337
42522849
42518242
42518754
42519266
42519778
42520290
42520802
42521314
42521826
42522338
42522850
42518243
42518755
42519267
42519779
42520291
42520803
42521315
42521827
42522339
42522851
42518244
42518756
42519268
42519780
42520292
42520804
42521316
42521828
42522340
42522852
42518245
42518757
42519269
42519781
42520293
42520805
42521317
42521829
42522341
42522853
42518246
42518758
42519270
42519782
42520294
42520806
42521318
42521830
42522342
42522854
47515432
47515944
47516456
47516968
47517480
47517992
47518504
47519016
47519528
47520040
47515433
47515945
47516457
47516969
47517481
47517993
47518505
47519017
47519529
47520041
47515434
47515946
47516458
47516970
47517482
47517994
47518506
47519018
47519530
47520042
47515435
47515947
47516459
47516971
47517483
47517995
47518507
47519019
47519531
47520043
47515436
47515948
47516460
47516972
47517484
47517996
47518508
47519020
47519532
47520044
47515437
47515949
47516461
47516973
47517485
47517997
47518509
47519021
47519533
47520045
47515438
47515950
47516462
47516974
47517486
47517998
47518510
47519022
47519534
47520046
47515439
47515951
47516463
47516975
47517487
47517999
47518511
47519023
47519535
47520047
47515440
47515952
47516464
47516976
47517488
47518000
47518512
47519024
47519536
47520048
47515441
47515953
47516465
47516977
47517489
47518001
47518513
47519025
47519537
47520049
