6259323
6259835
6260347
6260859
6261371
6261883
6262395
6262907
6263419
6263931
6259324
6259836
6260348
6260860
6261372
6261884
6262396
6262908
6263420
6263932
6259325
6259837
6260349
6260861
6261373
6261885
6262397
6262909
6263421
6263933
6259326
6259838
6260350
6260862
6261374
6261886
6262398
6262910
6263422
6263934
6259327
6259839
6260351
6260863
6261375
6261887
6262399
6262911
6263423
6263935
6259328
6259840
6260352
6260864
6261376
6261888
6262400
6262912
6263424
6263936
6259329
6259841
6260353
6260865
6261377
6261889
6262401
6262913
6263425
6263937
6259330
6259842
6260354
6260866
6261378
6261890
6262402
6262914
6263426
6263938
6259331
6259843
6260355
6260867
6261379
6261891
6262403
6262915
6263427
6263939
6259332
6259844
6260356
6260868
6261380
6261892
6262404
6262916
6263428
6263940
48014802
48015314
48015826
48016338
48016850
48017362
48017874
48018386
48018898
48019410
48014803
48015315
48015827
48016339
48016851
48017363
48017875
48018387
48018899
48019411
48014804
48015316
48015828
48016340
48016852
48017364
48017876
48018388
48018900
48019412
48014805
48015317
48015829
48016341
48016853
48017365
48017877
48018389
48018901
48019413
48014806
48015318
48015830
48016342
48016854
48017366
48017878
48018390
48018902
48019414
48014807
48015319
48015831
48016343
48016855
48017367
48017879
48018391
48018903
48019415
48014808
48015320
48015832
48016344
48016856
48017368
48017880
48018392
48018904
48019416
48014809
48015321
48015833
48016345
48016857
48017369
48017881
48018393
48018905
48019417
48014810
48015322
48015834
48016346
48016858
48017370
48017882
48018394
48018906
48019418
48014811
48015323
48015835
48016347
48016859
48017371
48017883
48018395
48018907
48019419
23856281
23856793
23857305
23857817
23858329
23858841
23859353
23859865
23860377
23860889
23856282
23856794
23857306
23857818
23858330
23858842
23859354
23859866
23860378
23860890
23856283
23856795
23857307
23857819
23858331
23858843
23859355
23859867
23860379
23860891
23856284
23856796
23857308
23857820
23858332
23858844
23859356
23859868
23860380
23860892
23856285
23856797
23857309
23857821
23858333
23858845
23859357
23859869
23860381
23860893
23856286
23856798
23857310
23857822
23858334
23858846
23859358
23859870
23860382
23860894
23856287
23856799
23857311
23857823
23858335
23858847
23859359
23859871
23860383
23860895
23856288
23856800
23857312
23857824
23858336
23858848
23859360
23859872
23860384
23860896
23856289
23856801
23857313
23857825
23858337
23858849
23859361
23859873
23860385
23860897
23856290
23856802
23857314
23857826
23858338
23858850
23859362
23859874
23860386
23860898
16383206
16383718
16384230
16384742
16385254
16385766
16386278
16386790
16387302
16387814
16383207
16383719
16384231
16384743
16385255
16385767
16386279
16386791
16387303
16387815
16383208
16383720
16384232
16384744
16385256
16385768
16386280
16386792
16387304
16387816
16383209
16383721
16384233
16384745
16385257
16385769
16386281
16386793
16387305
16387817
16383210
16383722
16384234
16384746
16385258
16385770
16386282
16386794
16387306
16387818
16383211
16383723
16384235
16384747
16385259
16385771
16386283
16386795
16387307
16387819
16383212
16383724
16384236
16384748
16385260
16385772
16386284
16386796
16387308
16387820
16383213
16383725
16384237
16384749
16385261
16385773
16386285
16386797
16387309
16387821
16383214
16383726
16384238
16384750
16385262
16385774
16386286
16386798
16387310
16387822
16383215
16383727
16384239
16384751
16385263
16385775
16386287
16386799
16387311
16387823
21228274
21228786
21229298
21229810
21230322
21230834
21231346
21231858
21232370
21232882
21228275
21228787
21229299
21229811
21230323
21230835
21231347
21231859
21232371
21232883
21228276
21228788
21229300
21229812
21230324
21230836
21231348
21231860
21232372
21232884
21228277
21228789
21229301
21229813
21230325
21230837
21231349
21231861
21232373
21232885
21228278
21228790
21229302
21229814
21230326
21230838
21231350
21231862
21232374
21232886
21228279
21228791
21229303
21229815
21230327
21230839
21231351
21231863
21232375
21232887
21228280
21228792
21229304
21229816
21230328
21230840
21231352
21231864
21232376
21232888
21228281
21228793
21229305
21229817
21230329
21230841
21231353
21231865
21232377
21232889
21228282
21228794
21229306
21229818
21230330
21230842
21231354
21231866
21232378
21232890
21228283
21228795
21229307
21229819
21230331
21230843
21231355
21231867
21232379
21232891
53710325
53710837
53711349
53711861
53712373
53712885
53713397
53713909
53714421
53714933
53710326
53710838
53711350
53711862
53712374
53712886
53713398
53713910
53714422
53714934
53710327
53710839
53711351
53711863
53712375
53712887
53713399
53713911
53714423
53714935
53710328
53710840
53711352
53711864
53712376
53712888
53713400
53713912
53714424
53714936
53710329
53710841
53711353
53711865
53712377
53712889
53713401
53713913
53714425
53714937
53710330
53710842
53711354
53711866
53712378
53712890
53713402
53713914
53714426
53714938
53710331
53710843
53711355
53711867
53712379
53712891
53713403
53713915
53714427
53714939
53710332
53710844
53711356
53711868
53712380
53712892
53713404
53713916
53714428
53714940
53710333
53710845
53711357
53711869
53712381
53712893
53713405
53713917
53714429
53714941
53710334
53710846
53711358
53711870
53712382
53712894
53713406
53713918
53714430
53714942
48264329
48264841
48265353
48265865
48266377
48266889
48267401
48267913
48268425
48268937
48264330
48264842
48265354
48265866
48266378
48266890
48267402
48267914
48268426
48268938
48264331
48264843
48265355
48265867
48266379
48266891
48267403
48267915
48268427
48268939
48264332
48264844
48265356
48265868
48266380
48266892
48267404
48267916
48268428
48268940
48264333
48264845
48265357
48265869
48266381
48266893
48267405
48267917
48268429
48268941
48264334
48264846
48265358
48265870
48266382
48266894
48267406
48267918
48268430
48268942
48264335
48264847
48265359
48265871
48266383
48266895
48267407
48267919
48268431
48268943
48264336
48264848
48265360
48265872
48266384
48266896
48267408
48267920
48268432
48268944
48264337
48264849
48265361
48265873
48266385
48266897
48267409
48267921
48268433
48268945
48264338
48264850
48265362
48265874
48266386
48266898
48267410
48267922
48268434
48268946
16006399
16006911
16007423
16007935
16008447
16008959
16009471
16009983
16010495
16011007
16006400
16006912
16007424
16007936
16008448
16008960
16009472
16009984
16010496
16011008
16006401
16006913
16007425
16007937
16008449
16008961
16009473
16009985
16010497
16011009
16006402
16006914
16007426
16007938
16008450
16008962
16009474
16009986
16010498
16011010
16006403
16006915
16007427
16007939
16008451
16008963
16009475
16009987
16010499
16011011
16006404
16006916
16007428
16007940
16008452
16008964
16009476
16009988
16010500
16011012
16006405
16006917
16007429
16007941
16008453
16008965
16009477
16009989
16010501
16011013
16006406
16006918
16007430
16007942
16008454
16008966
16009478
16009990
16010502
16011014
16006407
16006919
16007431
16007943
16008455
16008967
16009479
16009991
16010503
16011015
16006408
16006920
16007432
16007944
16008456
16008968
16009480
16009992
16010504
16011016
47286651
47287163
47287675
47288187
47288699
47289211
47289723
47290235
47290747
47291259
47286652
47287164
47287676
47288188
47288700
47289212
47289724
47290236
47290748
47291260
47286653
47287165
47287677
47288189
47288701
47289213
47289725
47290237
47290749
47291261
47286654
47287166
47287678
47288190
47288702
47289214
47289726
47290238
47290750
47291262
47286655
47287167
47287679
47288191
47288703
47289215
47289727
47290239
47290751
47291263
47286656
47287168
47287680
47288192
47288704
47289216
47289728
47290240
47290752
47291264
47286657
47287169
47287681
47288193
47288705
47289217
47289729
47290241
47290753
47291265
47286658
47287170
47287682
47288194
47288706
47289218
47289730
47290242
47290754
47291266
47286659
47287171
47287683
47288195
47288707
47289219
47289731
47290243
47290755
47291267
47286660
47287172
47287684
47288196
47288708
47289220
47289732
47290244
47290756
47291268
17353566
17354078
17354590
17355102
17355614
17356126
17356638
17357150
17357662
17358174
17353567
17354079
17354591
17355103
17355615
17356127
17356639
17357151
17357663
17358175
17353568
17354080
17354592
17355104
17355616
17356128
17356640
17357152
17357664
17358176
17353569
17354081
17354593
17355105
17355617
17356129
17356641
17357153
17357665
17358177
17353570
17354082
17354594
17355106
17355618
17356130
17356642
17357154
17357666
17358178
17353571
17354083
17354595
17355107
17355619
17356131
17356643
17357155
17357667
17358179
17353572
17354084
17354596
17355108
17355620
17356132
17356644
17357156
17357668
17358180
17353573
17354085
17354597
17355109
17355621
17356133
17356645
17357157
17357669
17358181
17353574
17354086
17354598
17355110
17355622
17356134
17356646
17357158
17357670
17358182
17353575
17354087
17354599
17355111
17355623
17356135
17356647
17357159
17357671
17358183
15269209
15269721
15270233
15270745
15271257
15271769
15272281
15272793
15273305
15273817
15269210
15269722
15270234
15270746
15271258
15271770
15272282
15272794
15273306
15273818
15269211
15269723
15270235
15270747
15271259
15271771
15272283
15272795
15273307
15273819
15269212
15269724
15270236
15270748
15271260
15271772
15272284
15272796
15273308
15273820
15269213
15269725
15270237
15270749
15271261
15271773
15272285
15272797
15273309
15273821
15269214
15269726
15270238
15270750
15271262
15271774
15272286
15272798
15273310
15273822
15269215
15269727
15270239
15270751
15271263
15271775
15272287
15272799
15273311
15273823
15269216
15269728
15270240
15270752
15271264
15271776
15272288
15272800
15273312
15273824
15269217
15269729
15270241
15270753
15271265
15271777
15272289
15272801
15273313
15273825
15269218
15269730
15270242
15270754
15271266
15271778
15272290
15272802
15273314
15273826
30807078
30807590
30808102
30808614
30809126
30809638
30810150
30810662
30811174
30811686
30807079
30807591
30808103
30808615
30809127
30809639
30810151
30810663
30811175
30811687
30807080
30807592
30808104
30808616
30809128
30809640
30810152
30810664
30811176
30811688
30807081
30807593
30808105
30808617
30809129
30809641
30810153
30810665
30811177
30811689
30807082
30807594
30808106
30808618
30809130
30809642
30810154
30810666
30811178
30811690
30807083
30807595
30808107
30808619
30809131
30809643
30810155
30810667
30811179
30811691
30807084
30807596
30808108
30808620
30809132
30809644
30810156
30810668
30811180
30811692
30807085
30807597
30808109
30808621
30809133
30809645
30810157
30810669
30811181
30811693
30807086
30807598
30808110
30808622
30809134
30809646
30810158
30810670
30811182
30811694
30807087
30807599
30808111
30808623
30809135
30809647
30810159
30810671
30811183
30811695
19163406
19163918
19164430
19164942
19165454
19165966
19166478
19166990
19167502
19168014
19163407
19163919
19164431
19164943
19165455
19165967
19166479
19166991
19167503
19168015
19163408
19163920
19164432
19164944
19165456
19165968
19166480
19166992
19167504
19168016
19163409
19163921
19164433
19164945
19165457
19165969
19166481
19166993
19167505
19168017
19163410
19163922
19164434
19164946
19165458
19165970
19166482
19166994
19167506
19168018
19163411
19163923
19164435
19164947
19165459
19165971
19166483
19166995
19167507
19168019
19163412
19163924
19164436
19164948
19165460
19165972
19166484
19166996
19167508
19168020
19163413
19163925
19164437
19164949
19165461
19165973
19166485
19166997
19167509
19168021
19163414
19163926
19164438
19164950
19165462
19165974
19166486
19166998
19167510
19168022
19163415
19163927
19164439
19164951
19165463
19165975
19166487
19166999
19167511
19168023
30367664
30368176
30368688
30369200
30369712
30370224
30370736
30371248
30371760
30372272
30367665
30368177
30368689
30369201
30369713
30370225
30370737
30371249
30371761
30372273
30367666
30368178
30368690
30369202
30369714
30370226
30370738
30371250
30371762
30372274
30367667
30368179
30368691
30369203
30369715
30370227
30370739
30371251
30371763
30372275
30367668
30368180
30368692
30369204
30369716
30370228
30370740
30371252
30371764
30372276
30367669
30368181
30368693
30369205
30369717
30370229
30370741
30371253
30371765
30372277
30367670
30368182
30368694
30369206
30369718
30370230
30370742
30371254
30371766
30372278
30367671
30368183
30368695
30369207
30369719
30370231
30370743
30371255
30371767
30372279
30367672
30368184
30368696
30369208
30369720
30370232
30370744
30371256
30371768
30372280
30367673
30368185
30368697
30369209
30369721
30370233
30370745
30371257
30371769
30372281
7915211
7915723
7916235
7916747
7917259
7917771
7918283
7918795
7919307
7919819
7915212
7915724
7916236
7916748
7917260
7917772
7918284
7918796
7919308
7919820
7915213
7915725
7916237
7916749
7917261
7917773
7918285
7918797
7919309
7919821
7915214
7915726
7916238
7916750
7917262
7917774
7918286
7918798
7919310
7919822
7915215
7915727
7916239
7916751
7917263
7917775
7918287
7918799
7919311
7919823
7915216
7915728
7916240
7916752
7917264
7917776
7918288
7918800
7919312
7919824
7915217
7915729
7916241
7916753
7917265
7917777
7918289
7918801
7919313
7919825
7915218
7915730
7916242
7916754
7917266
7917778
7918290
7918802
7919314
7919826
7915219
7915731
7916243
7916755
7917267
7917779
7918291
7918803
7919315
7919827
7915220
7915732
7916244
7916756
7917268
7917780
7918292
7918804
7919316
7919828
13774047
13774559
13775071
13775583
13776095
13776607
13777119
13777631
13778143
13778655
13774048
13774560
13775072
13775584
13776096
13776608
13777120
13777632
13778144
13778656
13774049
13774561
13775073
13775585
13776097
13776609
13777121
13777633
13778145
13778657
13774050
13774562
13775074
13775586
13776098
13776610
13777122
13777634
13778146
13778658
13774051
13774563
13775075
13775587
13776099
13776611
13777123
13777635
13778147
13778659
13774052
13774564
13775076
13775588
13776100
13776612
13777124
13777636
13778148
13778660
13774053
13774565
13775077
13775589
13776101
13776613
13777125
13777637
13778149
13778661
13774054
13774566
13775078
13775590
13776102
13776614
13777126
13777638
13778150
13778662
13774055
13774567
13775079
13775591
13776103
13776615
13777127
13777639
13778151
13778663
13774056
13774568
13775080
13775592
13776104
13776616
13777128
13777640
13778152
13778664
14504900
14505412
14505924
14506436
14506948
14507460
14507972
14508484
14508996
14509508
14504901
14505413
14505925
14506437
14506949
14507461
14507973
14508485
14508997
14509509
14504902
14505414
14505926
14506438
14506950
14507462
14507974
14508486
14508998
14509510
14504903
14505415
14505927
14506439
14506951
14507463
14507975
14508487
14508999
14509511
14504904
14505416
14505928
14506440
14506952
14507464
14507976
14508488
14509000
14509512
14504905
14505417
14505929
14506441
14506953
14507465
14507977
14508489
14509001
14509513
14504906
14505418
14505930
14506442
14506954
14507466
14507978
14508490
14509002
14509514
14504907
14505419
14505931
14506443
14506955
14507467
14507979
14508491
14509003
14509515
14504908
14505420
14505932
14506444
14506956
14507468
14507980
14508492
14509004
14509516
14504909
14505421
14505933
14506445
14506957
14507469
14507981
14508493
14509005
14509517
9674308
9674820
9675332
9675844
9676356
9676868
9677380
9677892
9678404
9678916
9674309
9674821
9675333
9675845
9676357
9676869
9677381
9677893
9678405
9678917
9674310
9674822
9675334
9675846
9676358
9676870
9677382
9677894
9678406
9678918
9674311
9674823
9675335
9675847
9676359
9676871
9677383
9677895
9678407
9678919
9674312
9674824
9675336
9675848
9676360
9676872
9677384
9677896
9678408
9678920
9674313
9674825
9675337
9675849
9676361
9676873
9677385
9677897
9678409
9678921
9674314
9674826
9675338
9675850
9676362
9676874
9677386
9677898
9678410
9678922
9674315
9674827
9675339
9675851
9676363
9676875
9677387
9677899
9678411
9678923
9674316
9674828
9675340
9675852
9676364
9676876
9677388
9677900
9678412
9678924
9674317
9674829
9675341
9675853
9676365
9676877
9677389
9677901
9678413
9678925
58849154
58849666
58850178
58850690
58851202
58851714
58852226
58852738
58853250
58853762
58849155
58849667
58850179
58850691
58851203
58851715
58852227
58852739
58853251
58853763
58849156
58849668
58850180
58850692
58851204
58851716
58852228
58852740
58853252
58853764
58849157
58849669
58850181
58850693
58851205
58851717
58852229
58852741
58853253
58853765
58849158
58849670
58850182
58850694
58851206
58851718
58852230
58852742
58853254
58853766
58849159
58849671
58850183
58850695
58851207
58851719
58852231
58852743
58853255
58853767
58849160
58849672
58850184
58850696
58851208
58851720
58852232
58852744
58853256
58853768
58849161
58849673
58850185
58850697
58851209
58851721
58852233
58852745
58853257
58853769
58849162
58849674
58850186
58850698
58851210
58851722
58852234
58852746
58853258
58853770
58849163
58849675
58850187
58850699
58851211
58851723
58852235
58852747
58853259
58853771
883216
883728
884240
884752
885264
885776
886288
886800
887312
887824
883217
883729
884241
884753
885265
885777
886289
886801
887313
887825
883218
883730
884242
884754
885266
885778
886290
886802
887314
887826
883219
883731
884243
884755
885267
885779
886291
886803
887315
887827
883220
883732
884244
884756
885268
885780
886292
886804
887316
887828
883221
883733
884245
884757
885269
885781
886293
886805
887317
887829
883222
883734
884246
884758
885270
885782
886294
886806
887318
887830
883223
883735
884247
884759
885271
885783
886295
886807
887319
887831
883224
883736
884248
884760
885272
885784
886296
886808
887320
887832
883225
883737
884249
884761
885273
885785
886297
886809
887321
887833
2980557
2981069
2981581
2982093
2982605
2983117
2983629
2984141
2984653
2985165
2980558
2981070
2981582
2982094
2982606
2983118
2983630
2984142
2984654
2985166
2980559
2981071
2981583
2982095
2982607
2983119
2983631
2984143
2984655
2985167
2980560
2981072
2981584
2982096
2982608
2983120
2983632
2984144
2984656
2985168
2980561
2981073
2981585
2982097
2982609
2983121
2983633
2984145
2984657
2985169
2980562
2981074
2981586
2982098
2982610
2983122
2983634
2984146
2984658
2985170
2980563
2981075
2981587
2982099
2982611
2983123
2983635
2984147
2984659
2985171
2980564
2981076
2981588
2982100
2982612
2983124
2983636
2984148
2984660
2985172
2980565
2981077
2981589
2982101
2982613
2983125
2983637
2984149
2984661
2985173
2980566
2981078
2981590
2982102
2982614
2983126
2983638
2984150
2984662
2985174
14369402
14369914
14370426
14370938
14371450
14371962
14372474
14372986
14373498
14374010
14369403
14369915
14370427
14370939
14371451
14371963
14372475
14372987
14373499
14374011
14369404
14369916
14370428
14370940
14371452
14371964
14372476
14372988
14373500
14374012
14369405
14369917
14370429
14370941
14371453
14371965
14372477
14372989
14373501
14374013
14369406
14369918
14370430
14370942
14371454
14371966
14372478
14372990
14373502
14374014
14369407
14369919
14370431
14370943
14371455
14371967
14372479
14372991
14373503
14374015
14369408
14369920
14370432
14370944
14371456
14371968
14372480
14372992
14373504
14374016
14369409
14369921
14370433
14370945
14371457
14371969
14372481
14372993
14373505
14374017
14369410
14369922
14370434
14370946
14371458
14371970
14372482
14372994
14373506
14374018
14369411
14369923
14370435
14370947
14371459
14371971
14372483
14372995
14373507
14374019
8712860
8713372
8713884
8714396
8714908
8715420
8715932
8716444
8716956
8717468
8712861
8713373
8713885
8714397
8714909
8715421
8715933
8716445
8716957
8717469
8712862
8713374
8713886
8714398
8714910
8715422
8715934
8716446
8716958
8717470
8712863
8713375
8713887
8714399
8714911
8715423
8715935
8716447
8716959
8717471
8712864
8713376
8713888
8714400
8714912
8715424
8715936
8716448
8716960
8717472
8712865
8713377
8713889
8714401
8714913
8715425
8715937
8716449
8716961
8717473
8712866
8713378
8713890
8714402
8714914
8715426
8715938
8716450
8716962
8717474
8712867
8713379
8713891
8714403
8714915
8715427
8715939
8716451
8716963
8717475
8712868
8713380
8713892
8714404
8714916
8715428
8715940
8716452
8716964
8717476
8712869
8713381
8713893
8714405
8714917
8715429
8715941
8716453
8716965
8717477
39330325
39330837
39331349
39331861
39332373
39332885
39333397
39333909
39334421
39334933
39330326
39330838
39331350
39331862
39332374
39332886
39333398
39333910
39334422
39334934
39330327
39330839
39331351
39331863
39332375
39332887
39333399
39333911
39334423
39334935
39330328
39330840
39331352
39331864
39332376
39332888
39333400
39333912
39334424
39334936
39330329
39330841
39331353
39331865
39332377
39332889
39333401
39333913
39334425
39334937
39330330
39330842
39331354
39331866
39332378
39332890
39333402
39333914
39334426
39334938
39330331
39330843
39331355
39331867
39332379
39332891
39333403
39333915
39334427
39334939
39330332
39330844
39331356
39331868
39332380
39332892
39333404
39333916
39334428
39334940
39330333
39330845
39331357
39331869
39332381
39332893
39333405
39333917
39334429
39334941
39330334
39330846
39331358
39331870
39332382
39332894
39333406
39333918
39334430
39334942
48478728
48479240
48479752
48480264
48480776
48481288
48481800
48482312
48482824
48483336
48478729
48479241
48479753
48480265
48480777
48481289
48481801
48482313
48482825
48483337
48478730
48479242
48479754
48480266
48480778
48481290
48481802
48482314
48482826
48483338
48478731
48479243
48479755
48480267
48480779
48481291
48481803
48482315
48482827
48483339
48478732
48479244
48479756
48480268
48480780
48481292
48481804
48482316
48482828
48483340
48478733
48479245
48479757
48480269
48480781
48481293
48481805
48482317
48482829
48483341
48478734
48479246
48479758
48480270
48480782
48481294
48481806
48482318
48482830
48483342
48478735
48479247
48479759
48480271
48480783
48481295
48481807
48482319
48482831
48483343
48478736
48479248
48479760
48480272
48480784
48481296
48481808
48482320
48482832
48483344
48478737
48479249
48479761
48480273
48480785
48481297
48481809
48482321
48482833
48483345
53406799
53407311
53407823
53408335
53408847
53409359
53409871
53410383
53410895
53411407
53406800
53407312
53407824
53408336
53408848
53409360
53409872
53410384
53410896
53411408
53406801
53407313
53407825
53408337
53408849
53409361
53409873
53410385
53410897
53411409
53406802
53407314
53407826
53408338
53408850
53409362
53409874
53410386
53410898
53411410
53406803
53407315
53407827
53408339
53408851
53409363
53409875
53410387
53410899
53411411
53406804
53407316
53407828
53408340
53408852
53409364
53409876
53410388
53410900
53411412
53406805
53407317
53407829
53408341
53408853
53409365
53409877
53410389
53410901
53411413
53406806
53407318
53407830
53408342
53408854
53409366
53409878
53410390
53410902
53411414
53406807
53407319
53407831
53408343
53408855
53409367
53409879
53410391
53410903
53411415
53406808
53407320
53407832
53408344
53408856
53409368
53409880
53410392
53410904
53411416
29999450
29999962
30000474
30000986
30001498
30002010
30002522
30003034
30003546
30004058
29999451
29999963
30000475
30000987
30001499
30002011
30002523
30003035
30003547
30004059
29999452
29999964
30000476
30000988
30001500
30002012
30002524
30003036
30003548
30004060
29999453
29999965
30000477
30000989
30001501
30002013
30002525
30003037
30003549
30004061
29999454
29999966
30000478
30000990
30001502
30002014
30002526
30003038
30003550
30004062
29999455
29999967
30000479
30000991
30001503
30002015
30002527
30003039
30003551
30004063
29999456
29999968
30000480
30000992
30001504
30002016
30002528
30003040
30003552
30004064
29999457
29999969
30000481
30000993
30001505
30002017
30002529
30003041
30003553
30004065
29999458
29999970
30000482
30000994
30001506
30002018
30002530
30003042
30003554
30004066
29999459
29999971
30000483
30000995
30001507
30002019
30002531
30003043
30003555
30004067
20252637
20253149
20253661
20254173
20254685
20255197
20255709
20256221
20256733
20257245
20252638
20253150
20253662
20254174
20254686
20255198
20255710
20256222
20256734
20257246
20252639
20253151
20253663
20254175
20254687
20255199
20255711
20256223
20256735
20257247
20252640
20253152
20253664
20254176
20254688
20255200
20255712
20256224
20256736
20257248
20252641
20253153
20253665
20254177
20254689
20255201
20255713
20256225
20256737
20257249
20252642
20253154
20253666
20254178
20254690
20255202
20255714
20256226
20256738
20257250
20252643
20253155
20253667
20254179
20254691
20255203
20255715
20256227
20256739
20257251
20252644
20253156
20253668
20254180
20254692
20255204
20255716
20256228
20256740
20257252
20252645
20253157
20253669
20254181
20254693
20255205
20255717
20256229
20256741
20257253
20252646
20253158
20253670
20254182
20254694
20255206
20255718
20256230
20256742
20257254
36070588
36071100
36071612
36072124
36072636
36073148
36073660
36074172
36074684
36075196
36070589
36071101
36071613
36072125
36072637
36073149
36073661
36074173
36074685
36075197
36070590
36071102
36071614
36072126
36072638
36073150
36073662
36074174
36074686
36075198
36070591
36071103
36071615
36072127
36072639
36073151
36073663
36074175
36074687
36075199
36070592
36071104
36071616
36072128
36072640
36073152
36073664
36074176
36074688
36075200
36070593
36071105
36071617
36072129
36072641
36073153
36073665
36074177
36074689
36075201
36070594
36071106
36071618
36072130
36072642
36073154
36073666
36074178
36074690
36075202
36070595
36071107
36071619
36072131
36072643
36073155
36073667
36074179
36074691
36075203
36070596
36071108
36071620
36072132
36072644
36073156
36073668
36074180
36074692
36075204
36070597
36071109
36071621
36072133
36072645
36073157
36073669
36074181
36074693
36075205
9694341
9694853
9695365
9695877
9696389
9696901
9697413
9697925
9698437
9698949
9694342
9694854
9695366
9695878
9696390
9696902
9697414
9697926
9698438
9698950
9694343
9694855
9695367
9695879
9696391
9696903
9697415
9697927
9698439
9698951
9694344
9694856
9695368
9695880
9696392
9696904
9697416
9697928
9698440
9698952
9694345
9694857
9695369
9695881
9696393
9696905
9697417
9697929
9698441
9698953
9694346
9694858
9695370
9695882
9696394
9696906
9697418
9697930
9698442
9698954
9694347
9694859
9695371
9695883
9696395
9696907
9697419
9697931
9698443
9698955
9694348
9694860
9695372
9695884
9696396
9696908
9697420
9697932
9698444
9698956
9694349
9694861
9695373
9695885
9696397
9696909
9697421
9697933
9698445
9698957
9694350
9694862
9695374
9695886
9696398
9696910
9697422
9697934
9698446
9698958
