36670323
36670835
36671347
36671859
36672371
36672883
36673395
36673907
36674419
36674931
36670324
36670836
36671348
36671860
36672372
36672884
36673396
36673908
36674420
36674932
36670325
36670837
36671349
36671861
36672373
36672885
36673397
36673909
36674421
36674933
36670326
36670838
36671350
36671862
36672374
36672886
36673398
36673910
36674422
36674934
36670327
36670839
36671351
36671863
36672375
36672887
36673399
36673911
36674423
36674935
36670328
36670840
36671352
36671864
36672376
36672888
36673400
36673912
36674424
36674936
36670329
36670841
36671353
36671865
36672377
36672889
36673401
36673913
36674425
36674937
36670330
36670842
36671354
36671866
36672378
36672890
36673402
36673914
36674426
36674938
36670331
36670843
36671355
36671867
36672379
36672891
36673403
36673915
36674427
36674939
36670332
36670844
36671356
36671868
36672380
36672892
36673404
36673916
36674428
36674940
48971808
48972320
48972832
48973344
48973856
48974368
48974880
48975392
48975904
48976416
48971809
48972321
48972833
48973345
48973857
48974369
48974881
48975393
48975905
48976417
48971810
48972322
48972834
48973346
48973858
48974370
48974882
48975394
48975906
48976418
48971811
48972323
48972835
48973347
48973859
48974371
48974883
48975395
48975907
48976419
48971812
48972324
48972836
48973348
48973860
48974372
48974884
48975396
48975908
48976420
48971813
48972325
48972837
48973349
48973861
48974373
48974885
48975397
48975909
48976421
48971814
48972326
48972838
48973350
48973862
48974374
48974886
48975398
48975910
48976422
48971815
48972327
48972839
48973351
48973863
48974375
48974887
48975399
48975911
48976423
48971816
48972328
48972840
48973352
48973864
48974376
48974888
48975400
48975912
48976424
48971817
48972329
48972841
48973353
48973865
48974377
48974889
48975401
48975913
48976425
25582426
25582938
25583450
25583962
25584474
25584986
25585498
25586010
25586522
25587034
25582427
25582939
25583451
25583963
25584475
25584987
25585499
25586011
25586523
25587035
25582428
25582940
25583452
25583964
25584476
25584988
25585500
25586012
25586524
25587036
25582429
25582941
25583453
25583965
25584477
25584989
25585501
25586013
25586525
25587037
25582430
25582942
25583454
25583966
25584478
25584990
25585502
25586014
25586526
25587038
25582431
25582943
25583455
25583967
25584479
25584991
25585503
25586015
25586527
25587039
25582432
25582944
25583456
25583968
25584480
25584992
25585504
25586016
25586528
25587040
25582433
25582945
25583457
25583969
25584481
25584993
25585505
25586017
25586529
25587041
25582434
25582946
25583458
25583970
25584482
25584994
25585506
25586018
25586530
25587042
25582435
25582947
25583459
25583971
25584483
25584995
25585507
25586019
25586531
25587043
26342071
26342583
26343095
26343607
26344119
26344631
26345143
26345655
26346167
26346679
26342072
26342584
26343096
26343608
26344120
26344632
26345144
26345656
26346168
26346680
26342073
26342585
26343097
26343609
26344121
26344633
26345145
26345657
26346169
26346681
26342074
26342586
26343098
26343610
26344122
26344634
26345146
26345658
26346170
26346682
26342075
26342587
26343099
26343611
26344123
26344635
26345147
26345659
26346171
26346683
26342076
26342588
26343100
26343612
26344124
26344636
26345148
26345660
26346172
26346684
26342077
26342589
26343101
26343613
26344125
26344637
26345149
26345661
26346173
26346685
26342078
26342590
26343102
26343614
26344126
26344638
26345150
26345662
26346174
26346686
26342079
26342591
26343103
26343615
26344127
26344639
26345151
26345663
26346175
26346687
26342080
26342592
26343104
26343616
26344128
26344640
26345152
26345664
26346176
26346688
13963744
13964256
13964768
13965280
13965792
13966304
13966816
13967328
13967840
13968352
13963745
13964257
13964769
13965281
13965793
13966305
13966817
13967329
13967841
13968353
13963746
13964258
13964770
13965282
13965794
13966306
13966818
13967330
13967842
13968354
13963747
13964259
13964771
13965283
13965795
13966307
13966819
13967331
13967843
13968355
13963748
13964260
13964772
13965284
13965796
13966308
13966820
13967332
13967844
13968356
13963749
13964261
13964773
13965285
13965797
13966309
13966821
13967333
13967845
13968357
13963750
13964262
13964774
13965286
13965798
13966310
13966822
13967334
13967846
13968358
13963751
13964263
13964775
13965287
13965799
13966311
13966823
13967335
13967847
13968359
13963752
13964264
13964776
13965288
13965800
13966312
13966824
13967336
13967848
13968360
13963753
13964265
13964777
13965289
13965801
13966313
13966825
13967337
13967849
13968361
23095281
23095793
23096305
23096817
23097329
23097841
23098353
23098865
23099377
23099889
23095282
23095794
23096306
23096818
23097330
23097842
23098354
23098866
23099378
23099890
23095283
23095795
23096307
23096819
23097331
23097843
23098355
23098867
23099379
23099891
23095284
23095796
23096308
23096820
23097332
23097844
23098356
23098868
23099380
23099892
23095285
23095797
23096309
23096821
23097333
23097845
23098357
23098869
23099381
23099893
23095286
23095798
23096310
23096822
23097334
23097846
23098358
23098870
23099382
23099894
23095287
23095799
23096311
23096823
23097335
23097847
23098359
23098871
23099383
23099895
23095288
23095800
23096312
23096824
23097336
23097848
23098360
23098872
23099384
23099896
23095289
23095801
23096313
23096825
23097337
23097849
23098361
23098873
23099385
23099897
23095290
23095802
23096314
23096826
23097338
23097850
23098362
23098874
23099386
23099898
56969250
56969762
56970274
56970786
56971298
56971810
56972322
56972834
56973346
56973858
56969251
56969763
56970275
56970787
56971299
56971811
56972323
56972835
56973347
56973859
56969252
56969764
56970276
56970788
56971300
56971812
56972324
56972836
56973348
56973860
56969253
56969765
56970277
56970789
56971301
56971813
56972325
56972837
56973349
56973861
56969254
56969766
56970278
56970790
56971302
56971814
56972326
56972838
56973350
56973862
56969255
56969767
56970279
56970791
56971303
56971815
56972327
56972839
56973351
56973863
56969256
56969768
56970280
56970792
56971304
56971816
56972328
56972840
56973352
56973864
56969257
56969769
56970281
56970793
56971305
56971817
56972329
56972841
56973353
56973865
56969258
56969770
56970282
56970794
56971306
56971818
56972330
56972842
56973354
56973866
56969259
56969771
56970283
56970795
56971307
56971819
56972331
56972843
56973355
56973867
27168874
27169386
27169898
27170410
27170922
27171434
27171946
27172458
27172970
27173482
27168875
27169387
27169899
27170411
27170923
27171435
27171947
27172459
27172971
27173483
27168876
27169388
27169900
27170412
27170924
27171436
27171948
27172460
27172972
27173484
27168877
27169389
27169901
27170413
27170925
27171437
27171949
27172461
27172973
27173485
27168878
27169390
27169902
27170414
27170926
27171438
27171950
27172462
27172974
27173486
27168879
27169391
27169903
27170415
27170927
27171439
27171951
27172463
27172975
27173487
27168880
27169392
27169904
27170416
27170928
27171440
27171952
27172464
27172976
27173488
27168881
27169393
27169905
27170417
27170929
27171441
27171953
27172465
27172977
27173489
27168882
27169394
27169906
27170418
27170930
27171442
27171954
27172466
27172978
27173490
27168883
27169395
27169907
27170419
27170931
27171443
27171955
27172467
27172979
27173491
55595234
55595746
55596258
55596770
55597282
55597794
55598306
55598818
55599330
55599842
55595235
55595747
55596259
55596771
55597283
55597795
55598307
55598819
55599331
55599843
55595236
55595748
55596260
55596772
55597284
55597796
55598308
55598820
55599332
55599844
55595237
55595749
55596261
55596773
55597285
55597797
55598309
55598821
55599333
55599845
55595238
55595750
55596262
55596774
55597286
55597798
55598310
55598822
55599334
55599846
55595239
55595751
55596263
55596775
55597287
55597799
55598311
55598823
55599335
55599847
55595240
55595752
55596264
55596776
55597288
55597800
55598312
55598824
55599336
55599848
55595241
55595753
55596265
55596777
55597289
55597801
55598313
55598825
55599337
55599849
55595242
55595754
55596266
55596778
55597290
55597802
55598314
55598826
55599338
55599850
55595243
55595755
55596267
55596779
55597291
55597803
55598315
55598827
55599339
55599851
1950995
1951507
1952019
1952531
1953043
1953555
1954067
1954579
1955091
1955603
1950996
1951508
1952020
1952532
1953044
1953556
1954068
1954580
1955092
1955604
1950997
1951509
1952021
1952533
1953045
1953557
1954069
1954581
1955093
1955605
1950998
1951510
1952022
1952534
1953046
1953558
1954070
1954582
1955094
1955606
1950999
1951511
1952023
1952535
1953047
1953559
1954071
1954583
1955095
1955607
1951000
1951512
1952024
1952536
1953048
1953560
1954072
1954584
1955096
1955608
1951001
1951513
1952025
1952537
1953049
1953561
1954073
1954585
1955097
1955609
1951002
1951514
1952026
1952538
1953050
1953562
1954074
1954586
1955098
1955610
1951003
1951515
1952027
1952539
1953051
1953563
1954075
1954587
1955099
1955611
1951004
1951516
1952028
1952540
1953052
1953564
1954076
1954588
1955100
1955612
2282512
2283024
2283536
2284048
2284560
2285072
2285584
2286096
2286608
2287120
2282513
2283025
2283537
2284049
2284561
2285073
2285585
2286097
2286609
2287121
2282514
2283026
2283538
2284050
2284562
2285074
2285586
2286098
2286610
2287122
2282515
2283027
2283539
2284051
2284563
2285075
2285587
2286099
2286611
2287123
2282516
2283028
2283540
2284052
2284564
2285076
2285588
2286100
2286612
2287124
2282517
2283029
2283541
2284053
2284565
2285077
2285589
2286101
2286613
2287125
2282518
2283030
2283542
2284054
2284566
2285078
2285590
2286102
2286614
2287126
2282519
2283031
2283543
2284055
2284567
2285079
2285591
2286103
2286615
2287127
2282520
2283032
2283544
2284056
2284568
2285080
2285592
2286104
2286616
2287128
2282521
2283033
2283545
2284057
2284569
2285081
2285593
2286105
2286617
2287129
37839061
37839573
37840085
37840597
37841109
37841621
37842133
37842645
37843157
37843669
37839062
37839574
37840086
37840598
37841110
37841622
37842134
37842646
37843158
37843670
37839063
37839575
37840087
37840599
37841111
37841623
37842135
37842647
37843159
37843671
37839064
37839576
37840088
37840600
37841112
37841624
37842136
37842648
37843160
37843672
37839065
37839577
37840089
37840601
37841113
37841625
37842137
37842649
37843161
37843673
37839066
37839578
37840090
37840602
37841114
37841626
37842138
37842650
37843162
37843674
37839067
37839579
37840091
37840603
37841115
37841627
37842139
37842651
37843163
37843675
37839068
37839580
37840092
37840604
37841116
37841628
37842140
37842652
37843164
37843676
37839069
37839581
37840093
37840605
37841117
37841629
37842141
37842653
37843165
37843677
37839070
37839582
37840094
37840606
37841118
37841630
37842142
37842654
37843166
37843678
47637996
47638508
47639020
47639532
47640044
47640556
47641068
47641580
47642092
47642604
47637997
47638509
47639021
47639533
47640045
47640557
47641069
47641581
47642093
47642605
47637998
47638510
47639022
47639534
47640046
47640558
47641070
47641582
47642094
47642606
47637999
47638511
47639023
47639535
47640047
47640559
47641071
47641583
47642095
47642607
47638000
47638512
47639024
47639536
47640048
47640560
47641072
47641584
47642096
47642608
47638001
47638513
47639025
47639537
47640049
47640561
47641073
47641585
47642097
47642609
47638002
47638514
47639026
47639538
47640050
47640562
47641074
47641586
47642098
47642610
47638003
47638515
47639027
47639539
47640051
47640563
47641075
47641587
47642099
47642611
47638004
47638516
47639028
47639540
47640052
47640564
47641076
47641588
47642100
47642612
47638005
47638517
47639029
47639541
47640053
47640565
47641077
47641589
47642101
47642613
19290847
19291359
19291871
19292383
19292895
19293407
19293919
19294431
19294943
19295455
19290848
19291360
19291872
19292384
19292896
19293408
19293920
19294432
19294944
19295456
19290849
19291361
19291873
19292385
19292897
19293409
19293921
19294433
19294945
19295457
19290850
19291362
19291874
19292386
19292898
19293410
19293922
19294434
19294946
19295458
19290851
19291363
19291875
19292387
19292899
19293411
19293923
19294435
19294947
19295459
19290852
19291364
19291876
19292388
19292900
19293412
19293924
19294436
19294948
19295460
19290853
19291365
19291877
19292389
19292901
19293413
19293925
19294437
19294949
19295461
19290854
19291366
19291878
19292390
19292902
19293414
19293926
19294438
19294950
19295462
19290855
19291367
19291879
19292391
19292903
19293415
19293927
19294439
19294951
19295463
19290856
19291368
19291880
19292392
19292904
19293416
19293928
19294440
19294952
19295464
35419933
35420445
35420957
35421469
35421981
35422493
35423005
35423517
35424029
35424541
35419934
35420446
35420958
35421470
35421982
35422494
35423006
35423518
35424030
35424542
35419935
35420447
35420959
35421471
35421983
35422495
35423007
35423519
35424031
35424543
35419936
35420448
35420960
35421472
35421984
35422496
35423008
35423520
35424032
35424544
35419937
35420449
35420961
35421473
35421985
35422497
35423009
35423521
35424033
35424545
35419938
35420450
35420962
35421474
35421986
35422498
35423010
35423522
35424034
35424546
35419939
35420451
35420963
35421475
35421987
35422499
35423011
35423523
35424035
35424547
35419940
35420452
35420964
35421476
35421988
35422500
35423012
35423524
35424036
35424548
35419941
35420453
35420965
35421477
35421989
35422501
35423013
35423525
35424037
35424549
35419942
35420454
35420966
35421478
35421990
35422502
35423014
35423526
35424038
35424550
2586932
2587444
2587956
2588468
2588980
2589492
2590004
2590516
2591028
2591540
2586933
2587445
2587957
2588469
2588981
2589493
2590005
2590517
2591029
2591541
2586934
2587446
2587958
2588470
2588982
2589494
2590006
2590518
2591030
2591542
2586935
2587447
2587959
2588471
2588983
2589495
2590007
2590519
2591031
2591543
2586936
2587448
2587960
2588472
2588984
2589496
2590008
2590520
2591032
2591544
2586937
2587449
2587961
2588473
2588985
2589497
2590009
2590521
2591033
2591545
2586938
2587450
2587962
2588474
2588986
2589498
2590010
2590522
2591034
2591546
2586939
2587451
2587963
2588475
2588987
2589499
2590011
2590523
2591035
2591547
2586940
2587452
2587964
2588476
2588988
2589500
2590012
2590524
2591036
2591548
2586941
2587453
2587965
2588477
2588989
2589501
2590013
2590525
2591037
2591549
39626459
39626971
39627483
39627995
39628507
39629019
39629531
39630043
39630555
39631067
39626460
39626972
39627484
39627996
39628508
39629020
39629532
39630044
39630556
39631068
39626461
39626973
39627485
39627997
39628509
39629021
39629533
39630045
39630557
39631069
39626462
39626974
39627486
39627998
39628510
39629022
39629534
39630046
39630558
39631070
39626463
39626975
39627487
39627999
39628511
39629023
39629535
39630047
39630559
39631071
39626464
39626976
39627488
39628000
39628512
39629024
39629536
39630048
39630560
39631072
39626465
39626977
39627489
39628001
39628513
39629025
39629537
39630049
39630561
39631073
39626466
39626978
39627490
39628002
39628514
39629026
39629538
39630050
39630562
39631074
39626467
39626979
39627491
39628003
39628515
39629027
39629539
39630051
39630563
39631075
39626468
39626980
39627492
39628004
39628516
39629028
39629540
39630052
39630564
39631076
56790819
56791331
56791843
56792355
56792867
56793379
56793891
56794403
56794915
56795427
56790820
56791332
56791844
56792356
56792868
56793380
56793892
56794404
56794916
56795428
56790821
56791333
56791845
56792357
56792869
56793381
56793893
56794405
56794917
56795429
56790822
56791334
56791846
56792358
56792870
56793382
56793894
56794406
56794918
56795430
56790823
56791335
56791847
56792359
56792871
56793383
56793895
56794407
56794919
56795431
56790824
56791336
56791848
56792360
56792872
56793384
56793896
56794408
56794920
56795432
56790825
56791337
56791849
56792361
56792873
56793385
56793897
56794409
56794921
56795433
56790826
56791338
56791850
56792362
56792874
56793386
56793898
56794410
56794922
56795434
56790827
56791339
56791851
56792363
56792875
56793387
56793899
56794411
56794923
56795435
56790828
56791340
56791852
56792364
56792876
56793388
56793900
56794412
56794924
56795436
25656247
25656759
25657271
25657783
25658295
25658807
25659319
25659831
25660343
25660855
25656248
25656760
25657272
25657784
25658296
25658808
25659320
25659832
25660344
25660856
25656249
25656761
25657273
25657785
25658297
25658809
25659321
25659833
25660345
25660857
25656250
25656762
25657274
25657786
25658298
25658810
25659322
25659834
25660346
25660858
25656251
25656763
25657275
25657787
25658299
25658811
25659323
25659835
25660347
25660859
25656252
25656764
25657276
25657788
25658300
25658812
25659324
25659836
25660348
25660860
25656253
25656765
25657277
25657789
25658301
25658813
25659325
25659837
25660349
25660861
25656254
25656766
25657278
25657790
25658302
25658814
25659326
25659838
25660350
25660862
25656255
25656767
25657279
25657791
25658303
25658815
25659327
25659839
25660351
25660863
25656256
25656768
25657280
25657792
25658304
25658816
25659328
25659840
25660352
25660864
16288334
16288846
16289358
16289870
16290382
16290894
16291406
16291918
16292430
16292942
16288335
16288847
16289359
16289871
16290383
16290895
16291407
16291919
16292431
16292943
16288336
16288848
16289360
16289872
16290384
16290896
16291408
16291920
16292432
16292944
16288337
16288849
16289361
16289873
16290385
16290897
16291409
16291921
16292433
16292945
16288338
16288850
16289362
16289874
16290386
16290898
16291410
16291922
16292434
16292946
16288339
16288851
16289363
16289875
16290387
16290899
16291411
16291923
16292435
16292947
16288340
16288852
16289364
16289876
16290388
16290900
16291412
16291924
16292436
16292948
16288341
16288853
16289365
16289877
16290389
16290901
16291413
16291925
16292437
16292949
16288342
16288854
16289366
16289878
16290390
16290902
16291414
16291926
16292438
16292950
16288343
16288855
16289367
16289879
16290391
16290903
16291415
16291927
16292439
16292951
58876121
58876633
58877145
58877657
58878169
58878681
58879193
58879705
58880217
58880729
58876122
58876634
58877146
58877658
58878170
58878682
58879194
58879706
58880218
58880730
58876123
58876635
58877147
58877659
58878171
58878683
58879195
58879707
58880219
58880731
58876124
58876636
58877148
58877660
58878172
58878684
58879196
58879708
58880220
58880732
58876125
58876637
58877149
58877661
58878173
58878685
58879197
58879709
58880221
58880733
58876126
58876638
58877150
58877662
58878174
58878686
58879198
58879710
58880222
58880734
58876127
58876639
58877151
58877663
58878175
58878687
58879199
58879711
58880223
58880735
58876128
58876640
58877152
58877664
58878176
58878688
58879200
58879712
58880224
58880736
58876129
58876641
58877153
58877665
58878177
58878689
58879201
58879713
58880225
58880737
58876130
58876642
58877154
58877666
58878178
58878690
58879202
58879714
58880226
58880738
41277501
41278013
41278525
41279037
41279549
41280061
41280573
41281085
41281597
41282109
41277502
41278014
41278526
41279038
41279550
41280062
41280574
41281086
41281598
41282110
41277503
41278015
41278527
41279039
41279551
41280063
41280575
41281087
41281599
41282111
41277504
41278016
41278528
41279040
41279552
41280064
41280576
41281088
41281600
41282112
41277505
41278017
41278529
41279041
41279553
41280065
41280577
41281089
41281601
41282113
41277506
41278018
41278530
41279042
41279554
41280066
41280578
41281090
41281602
41282114
41277507
41278019
41278531
41279043
41279555
41280067
41280579
41281091
41281603
41282115
41277508
41278020
41278532
41279044
41279556
41280068
41280580
41281092
41281604
41282116
41277509
41278021
41278533
41279045
41279557
41280069
41280581
41281093
41281605
41282117
41277510
41278022
41278534
41279046
41279558
41280070
41280582
41281094
41281606
41282118
1869794
1870306
1870818
1871330
1871842
1872354
1872866
1873378
1873890
1874402
1869795
1870307
1870819
1871331
1871843
1872355
1872867
1873379
1873891
1874403
1869796
1870308
1870820
1871332
1871844
1872356
1872868
1873380
1873892
1874404
1869797
1870309
1870821
1871333
1871845
1872357
1872869
1873381
1873893
1874405
1869798
1870310
1870822
1871334
1871846
1872358
1872870
1873382
1873894
1874406
1869799
1870311
1870823
1871335
1871847
1872359
1872871
1873383
1873895
1874407
1869800
1870312
1870824
1871336
1871848
1872360
1872872
1873384
1873896
1874408
1869801
1870313
1870825
1871337
1871849
1872361
1872873
1873385
1873897
1874409
1869802
1870314
1870826
1871338
1871850
1872362
1872874
1873386
1873898
1874410
1869803
1870315
1870827
1871339
1871851
1872363
1872875
1873387
1873899
1874411
2003052
2003564
2004076
2004588
2005100
2005612
2006124
2006636
2007148
2007660
2003053
2003565
2004077
2004589
2005101
2005613
2006125
2006637
2007149
2007661
2003054
2003566
2004078
2004590
2005102
2005614
2006126
2006638
2007150
2007662
2003055
2003567
2004079
2004591
2005103
2005615
2006127
2006639
2007151
2007663
2003056
2003568
2004080
2004592
2005104
2005616
2006128
2006640
2007152
2007664
2003057
2003569
2004081
2004593
2005105
2005617
2006129
2006641
2007153
2007665
2003058
2003570
2004082
2004594
2005106
2005618
2006130
2006642
2007154
2007666
2003059
2003571
2004083
2004595
2005107
2005619
2006131
2006643
2007155
2007667
2003060
2003572
2004084
2004596
2005108
2005620
2006132
2006644
2007156
2007668
2003061
2003573
2004085
2004597
2005109
2005621
2006133
2006645
2007157
2007669
38144645
38145157
38145669
38146181
38146693
38147205
38147717
38148229
38148741
38149253
38144646
38145158
38145670
38146182
38146694
38147206
38147718
38148230
38148742
38149254
38144647
38145159
38145671
38146183
38146695
38147207
38147719
38148231
38148743
38149255
38144648
38145160
38145672
38146184
38146696
38147208
38147720
38148232
38148744
38149256
38144649
38145161
38145673
38146185
38146697
38147209
38147721
38148233
38148745
38149257
38144650
38145162
38145674
38146186
38146698
38147210
38147722
38148234
38148746
38149258
38144651
38145163
38145675
38146187
38146699
38147211
38147723
38148235
38148747
38149259
38144652
38145164
38145676
38146188
38146700
38147212
38147724
38148236
38148748
38149260
38144653
38145165
38145677
38146189
38146701
38147213
38147725
38148237
38148749
38149261
38144654
38145166
38145678
38146190
38146702
38147214
38147726
38148238
38148750
38149262
10749567
10750079
10750591
10751103
10751615
10752127
10752639
10753151
10753663
10754175
10749568
10750080
10750592
10751104
10751616
10752128
10752640
10753152
10753664
10754176
10749569
10750081
10750593
10751105
10751617
10752129
10752641
10753153
10753665
10754177
10749570
10750082
10750594
10751106
10751618
10752130
10752642
10753154
10753666
10754178
10749571
10750083
10750595
10751107
10751619
10752131
10752643
10753155
10753667
10754179
10749572
10750084
10750596
10751108
10751620
10752132
10752644
10753156
10753668
10754180
10749573
10750085
10750597
10751109
10751621
10752133
10752645
10753157
10753669
10754181
10749574
10750086
10750598
10751110
10751622
10752134
10752646
10753158
10753670
10754182
10749575
10750087
10750599
10751111
10751623
10752135
10752647
10753159
10753671
10754183
10749576
10750088
10750600
10751112
10751624
10752136
10752648
10753160
10753672
10754184
18187684
18188196
18188708
18189220
18189732
18190244
18190756
18191268
18191780
18192292
18187685
18188197
18188709
18189221
18189733
18190245
18190757
18191269
18191781
18192293
18187686
18188198
18188710
18189222
18189734
18190246
18190758
18191270
18191782
18192294
18187687
18188199
18188711
18189223
18189735
18190247
18190759
18191271
18191783
18192295
18187688
18188200
18188712
18189224
18189736
18190248
18190760
18191272
18191784
18192296
18187689
18188201
18188713
18189225
18189737
18190249
18190761
18191273
18191785
18192297
18187690
18188202
18188714
18189226
18189738
18190250
18190762
18191274
18191786
18192298
18187691
18188203
18188715
18189227
18189739
18190251
18190763
18191275
18191787
18192299
18187692
18188204
18188716
18189228
18189740
18190252
18190764
18191276
18191788
18192300
18187693
18188205
18188717
18189229
18189741
18190253
18190765
18191277
18191789
18192301
29660990
29661502
29662014
29662526
29663038
29663550
29664062
29664574
29665086
29665598
29660991
29661503
29662015
29662527
29663039
29663551
29664063
29664575
29665087
29665599
29660992
29661504
29662016
29662528
29663040
29663552
29664064
29664576
29665088
29665600
29660993
29661505
29662017
29662529
29663041
29663553
29664065
29664577
29665089
29665601
29660994
29661506
29662018
29662530
29663042
29663554
29664066
29664578
29665090
29665602
29660995
29661507
29662019
29662531
29663043
29663555
29664067
29664579
29665091
29665603
29660996
29661508
29662020
29662532
29663044
29663556
29664068
29664580
29665092
29665604
29660997
29661509
29662021
29662533
29663045
29663557
29664069
29664581
29665093
29665605
29660998
29661510
29662022
29662534
29663046
29663558
29664070
29664582
29665094
29665606
29660999
29661511
29662023
29662535
29663047
29663559
29664071
29664583
29665095
29665607
45614276
45614788
45615300
45615812
45616324
45616836
45617348
45617860
45618372
45618884
45614277
45614789
45615301
45615813
45616325
45616837
45617349
45617861
45618373
45618885
45614278
45614790
45615302
45615814
45616326
45616838
45617350
45617862
45618374
45618886
45614279
45614791
45615303
45615815
45616327
45616839
45617351
45617863
45618375
45618887
45614280
45614792
45615304
45615816
45616328
45616840
45617352
45617864
45618376
45618888
45614281
45614793
45615305
45615817
45616329
45616841
45617353
45617865
45618377
45618889
45614282
45614794
45615306
45615818
45616330
45616842
45617354
45617866
45618378
45618890
45614283
45614795
45615307
45615819
45616331
45616843
45617355
45617867
45618379
45618891
45614284
45614796
45615308
45615820
45616332
45616844
45617356
45617868
45618380
45618892
45614285
45614797
45615309
45615821
45616333
45616845
45617357
45617869
45618381
45618893
58695554
58696066
58696578
58697090
58697602
58698114
58698626
58699138
58699650
58700162
58695555
58696067
58696579
58697091
58697603
58698115
58698627
58699139
58699651
58700163
58695556
58696068
58696580
58697092
58697604
58698116
58698628
58699140
58699652
58700164
58695557
58696069
58696581
58697093
58697605
58698117
58698629
58699141
58699653
58700165
58695558
58696070
58696582
58697094
58697606
58698118
58698630
58699142
58699654
58700166
58695559
58696071
58696583
58697095
58697607
58698119
58698631
58699143
58699655
58700167
58695560
58696072
58696584
58697096
58697608
58698120
58698632
58699144
58699656
58700168
58695561
58696073
58696585
58697097
58697609
58698121
58698633
58699145
58699657
58700169
58695562
58696074
58696586
58697098
58697610
58698122
58698634
58699146
58699658
58700170
58695563
58696075
58696587
58697099
58697611
58698123
58698635
58699147
58699659
58700171
