47511208
47511720
47512232
47512744
47513256
47513768
47514280
47514792
47515304
47515816
47511209
47511721
47512233
47512745
47513257
47513769
47514281
47514793
47515305
47515817
47511210
47511722
47512234
47512746
47513258
47513770
47514282
47514794
47515306
47515818
47511211
47511723
47512235
47512747
47513259
47513771
47514283
47514795
47515307
47515819
47511212
47511724
47512236
47512748
47513260
47513772
47514284
47514796
47515308
47515820
47511213
47511725
47512237
47512749
47513261
47513773
47514285
47514797
47515309
47515821
47511214
47511726
47512238
47512750
47513262
47513774
47514286
47514798
47515310
47515822
47511215
47511727
47512239
47512751
47513263
47513775
47514287
47514799
47515311
47515823
47511216
47511728
47512240
47512752
47513264
47513776
47514288
47514800
47515312
47515824
47511217
47511729
47512241
47512753
47513265
47513777
47514289
47514801
47515313
47515825
43335975
43336487
43336999
43337511
43338023
43338535
43339047
43339559
43340071
43340583
43335976
43336488
43337000
43337512
43338024
43338536
43339048
43339560
43340072
43340584
43335977
43336489
43337001
43337513
43338025
43338537
43339049
43339561
43340073
43340585
43335978
43336490
43337002
43337514
43338026
43338538
43339050
43339562
43340074
43340586
43335979
43336491
43337003
43337515
43338027
43338539
43339051
43339563
43340075
43340587
43335980
43336492
43337004
43337516
43338028
43338540
43339052
43339564
43340076
43340588
43335981
43336493
43337005
43337517
43338029
43338541
43339053
43339565
43340077
43340589
43335982
43336494
43337006
43337518
43338030
43338542
43339054
43339566
43340078
43340590
43335983
43336495
43337007
43337519
43338031
43338543
43339055
43339567
43340079
43340591
43335984
43336496
43337008
43337520
43338032
43338544
43339056
43339568
43340080
43340592
44621535
44622047
44622559
44623071
44623583
44624095
44624607
44625119
44625631
44626143
44621536
44622048
44622560
44623072
44623584
44624096
44624608
44625120
44625632
44626144
44621537
44622049
44622561
44623073
44623585
44624097
44624609
44625121
44625633
44626145
44621538
44622050
44622562
44623074
44623586
44624098
44624610
44625122
44625634
44626146
44621539
44622051
44622563
44623075
44623587
44624099
44624611
44625123
44625635
44626147
44621540
44622052
44622564
44623076
44623588
44624100
44624612
44625124
44625636
44626148
44621541
44622053
44622565
44623077
44623589
44624101
44624613
44625125
44625637
44626149
44621542
44622054
44622566
44623078
44623590
44624102
44624614
44625126
44625638
44626150
44621543
44622055
44622567
44623079
44623591
44624103
44624615
44625127
44625639
44626151
44621544
44622056
44622568
44623080
44623592
44624104
44624616
44625128
44625640
44626152
46260356
46260868
46261380
46261892
46262404
46262916
46263428
46263940
46264452
46264964
46260357
46260869
46261381
46261893
46262405
46262917
46263429
46263941
46264453
46264965
46260358
46260870
46261382
46261894
46262406
46262918
46263430
46263942
46264454
46264966
46260359
46260871
46261383
46261895
46262407
46262919
46263431
46263943
46264455
46264967
46260360
46260872
46261384
46261896
46262408
46262920
46263432
46263944
46264456
46264968
46260361
46260873
46261385
46261897
46262409
46262921
46263433
46263945
46264457
46264969
46260362
46260874
46261386
46261898
46262410
46262922
46263434
46263946
46264458
46264970
46260363
46260875
46261387
46261899
46262411
46262923
46263435
46263947
46264459
46264971
46260364
46260876
46261388
46261900
46262412
46262924
46263436
46263948
46264460
46264972
46260365
46260877
46261389
46261901
46262413
46262925
46263437
46263949
46264461
46264973
46754047
46754559
46755071
46755583
46756095
46756607
46757119
46757631
46758143
46758655
46754048
46754560
46755072
46755584
46756096
46756608
46757120
46757632
46758144
46758656
46754049
46754561
46755073
46755585
46756097
46756609
46757121
46757633
46758145
46758657
46754050
46754562
46755074
46755586
46756098
46756610
46757122
46757634
46758146
46758658
46754051
46754563
46755075
46755587
46756099
46756611
46757123
46757635
46758147
46758659
46754052
46754564
46755076
46755588
46756100
46756612
46757124
46757636
46758148
46758660
46754053
46754565
46755077
46755589
46756101
46756613
46757125
46757637
46758149
46758661
46754054
46754566
46755078
46755590
46756102
46756614
46757126
46757638
46758150
46758662
46754055
46754567
46755079
46755591
46756103
46756615
46757127
46757639
46758151
46758663
46754056
46754568
46755080
46755592
46756104
46756616
46757128
46757640
46758152
46758664
47507167
47507679
47508191
47508703
47509215
47509727
47510239
47510751
47511263
47511775
47507168
47507680
47508192
47508704
47509216
47509728
47510240
47510752
47511264
47511776
47507169
47507681
47508193
47508705
47509217
47509729
47510241
47510753
47511265
47511777
47507170
47507682
47508194
47508706
47509218
47509730
47510242
47510754
47511266
47511778
47507171
47507683
47508195
47508707
47509219
47509731
47510243
47510755
47511267
47511779
47507172
47507684
47508196
47508708
47509220
47509732
47510244
47510756
47511268
47511780
47507173
47507685
47508197
47508709
47509221
47509733
47510245
47510757
47511269
47511781
47507174
47507686
47508198
47508710
47509222
47509734
47510246
47510758
47511270
47511782
47507175
47507687
47508199
47508711
47509223
47509735
47510247
47510759
47511271
47511783
47507176
47507688
47508200
47508712
47509224
47509736
47510248
47510760
47511272
47511784
51967205
51967717
51968229
51968741
51969253
51969765
51970277
51970789
51971301
51971813
51967206
51967718
51968230
51968742
51969254
51969766
51970278
51970790
51971302
51971814
51967207
51967719
51968231
51968743
51969255
51969767
51970279
51970791
51971303
51971815
51967208
51967720
51968232
51968744
51969256
51969768
51970280
51970792
51971304
51971816
51967209
51967721
51968233
51968745
51969257
51969769
51970281
51970793
51971305
51971817
51967210
51967722
51968234
51968746
51969258
51969770
51970282
51970794
51971306
51971818
51967211
51967723
51968235
51968747
51969259
51969771
51970283
51970795
51971307
51971819
51967212
51967724
51968236
51968748
51969260
51969772
51970284
51970796
51971308
51971820
51967213
51967725
51968237
51968749
51969261
51969773
51970285
51970797
51971309
51971821
51967214
51967726
51968238
51968750
51969262
51969774
51970286
51970798
51971310
51971822
44162703
44163215
44163727
44164239
44164751
44165263
44165775
44166287
44166799
44167311
44162704
44163216
44163728
44164240
44164752
44165264
44165776
44166288
44166800
44167312
44162705
44163217
44163729
44164241
44164753
44165265
44165777
44166289
44166801
44167313
44162706
44163218
44163730
44164242
44164754
44165266
44165778
44166290
44166802
44167314
44162707
44163219
44163731
44164243
44164755
44165267
44165779
44166291
44166803
44167315
44162708
44163220
44163732
44164244
44164756
44165268
44165780
44166292
44166804
44167316
44162709
44163221
44163733
44164245
44164757
44165269
44165781
44166293
44166805
44167317
44162710
44163222
44163734
44164246
44164758
44165270
44165782
44166294
44166806
44167318
44162711
44163223
44163735
44164247
44164759
44165271
44165783
44166295
44166807
44167319
44162712
44163224
44163736
44164248
44164760
44165272
44165784
44166296
44166808
44167320
52263163
52263675
52264187
52264699
52265211
52265723
52266235
52266747
52267259
52267771
52263164
52263676
52264188
52264700
52265212
52265724
52266236
52266748
52267260
52267772
52263165
52263677
52264189
52264701
52265213
52265725
52266237
52266749
52267261
52267773
52263166
52263678
52264190
52264702
52265214
52265726
52266238
52266750
52267262
52267774
52263167
52263679
52264191
52264703
52265215
52265727
52266239
52266751
52267263
52267775
52263168
52263680
52264192
52264704
52265216
52265728
52266240
52266752
52267264
52267776
52263169
52263681
52264193
52264705
52265217
52265729
52266241
52266753
52267265
52267777
52263170
52263682
52264194
52264706
52265218
52265730
52266242
52266754
52267266
52267778
52263171
52263683
52264195
52264707
52265219
52265731
52266243
52266755
52267267
52267779
52263172
52263684
52264196
52264708
52265220
52265732
52266244
52266756
52267268
52267780
48120979
48121491
48122003
48122515
48123027
48123539
48124051
48124563
48125075
48125587
48120980
48121492
48122004
48122516
48123028
48123540
48124052
48124564
48125076
48125588
48120981
48121493
48122005
48122517
48123029
48123541
48124053
48124565
48125077
48125589
48120982
48121494
48122006
48122518
48123030
48123542
48124054
48124566
48125078
48125590
48120983
48121495
48122007
48122519
48123031
48123543
48124055
48124567
48125079
48125591
48120984
48121496
48122008
48122520
48123032
48123544
48124056
48124568
48125080
48125592
48120985
48121497
48122009
48122521
48123033
48123545
48124057
48124569
48125081
48125593
48120986
48121498
48122010
48122522
48123034
48123546
48124058
48124570
48125082
48125594
48120987
48121499
48122011
48122523
48123035
48123547
48124059
48124571
48125083
48125595
48120988
48121500
48122012
48122524
48123036
48123548
48124060
48124572
48125084
48125596
45146953
45147465
45147977
45148489
45149001
45149513
45150025
45150537
45151049
45151561
45146954
45147466
45147978
45148490
45149002
45149514
45150026
45150538
45151050
45151562
45146955
45147467
45147979
45148491
45149003
45149515
45150027
45150539
45151051
45151563
45146956
45147468
45147980
45148492
45149004
45149516
45150028
45150540
45151052
45151564
45146957
45147469
45147981
45148493
45149005
45149517
45150029
45150541
45151053
45151565
45146958
45147470
45147982
45148494
45149006
45149518
45150030
45150542
45151054
45151566
45146959
45147471
45147983
45148495
45149007
45149519
45150031
45150543
45151055
45151567
45146960
45147472
45147984
45148496
45149008
45149520
45150032
45150544
45151056
45151568
45146961
45147473
45147985
45148497
45149009
45149521
45150033
45150545
45151057
45151569
45146962
45147474
45147986
45148498
45149010
45149522
45150034
45150546
45151058
45151570
50148587
50149099
50149611
50150123
50150635
50151147
50151659
50152171
50152683
50153195
50148588
50149100
50149612
50150124
50150636
50151148
50151660
50152172
50152684
50153196
50148589
50149101
50149613
50150125
50150637
50151149
50151661
50152173
50152685
50153197
50148590
50149102
50149614
50150126
50150638
50151150
50151662
50152174
50152686
50153198
50148591
50149103
50149615
50150127
50150639
50151151
50151663
50152175
50152687
50153199
50148592
50149104
50149616
50150128
50150640
50151152
50151664
50152176
50152688
50153200
50148593
50149105
50149617
50150129
50150641
50151153
50151665
50152177
50152689
50153201
50148594
50149106
50149618
50150130
50150642
50151154
50151666
50152178
50152690
50153202
50148595
50149107
50149619
50150131
50150643
50151155
50151667
50152179
50152691
50153203
50148596
50149108
50149620
50150132
50150644
50151156
50151668
50152180
50152692
50153204
46743849
46744361
46744873
46745385
46745897
46746409
46746921
46747433
46747945
46748457
46743850
46744362
46744874
46745386
46745898
46746410
46746922
46747434
46747946
46748458
46743851
46744363
46744875
46745387
46745899
46746411
46746923
46747435
46747947
46748459
46743852
46744364
46744876
46745388
46745900
46746412
46746924
46747436
46747948
46748460
46743853
46744365
46744877
46745389
46745901
46746413
46746925
46747437
46747949
46748461
46743854
46744366
46744878
46745390
46745902
46746414
46746926
46747438
46747950
46748462
46743855
46744367
46744879
46745391
46745903
46746415
46746927
46747439
46747951
46748463
46743856
46744368
46744880
46745392
46745904
46746416
46746928
46747440
46747952
46748464
46743857
46744369
46744881
46745393
46745905
46746417
46746929
46747441
46747953
46748465
46743858
46744370
46744882
46745394
46745906
46746418
46746930
46747442
46747954
46748466
47541524
47542036
47542548
47543060
47543572
47544084
47544596
47545108
47545620
47546132
47541525
47542037
47542549
47543061
47543573
47544085
47544597
47545109
47545621
47546133
47541526
47542038
47542550
47543062
47543574
47544086
47544598
47545110
47545622
47546134
47541527
47542039
47542551
47543063
47543575
47544087
47544599
47545111
47545623
47546135
47541528
47542040
47542552
47543064
47543576
47544088
47544600
47545112
47545624
47546136
47541529
47542041
47542553
47543065
47543577
47544089
47544601
47545113
47545625
47546137
47541530
47542042
47542554
47543066
47543578
47544090
47544602
47545114
47545626
47546138
47541531
47542043
47542555
47543067
47543579
47544091
47544603
47545115
47545627
47546139
47541532
47542044
47542556
47543068
47543580
47544092
47544604
47545116
47545628
47546140
47541533
47542045
47542557
47543069
47543581
47544093
47544605
47545117
47545629
47546141
44152967
44153479
44153991
44154503
44155015
44155527
44156039
44156551
44157063
44157575
44152968
44153480
44153992
44154504
44155016
44155528
44156040
44156552
44157064
44157576
44152969
44153481
44153993
44154505
44155017
44155529
44156041
44156553
44157065
44157577
44152970
44153482
44153994
44154506
44155018
44155530
44156042
44156554
44157066
44157578
44152971
44153483
44153995
44154507
44155019
44155531
44156043
44156555
44157067
44157579
44152972
44153484
44153996
44154508
44155020
44155532
44156044
44156556
44157068
44157580
44152973
44153485
44153997
44154509
44155021
44155533
44156045
44156557
44157069
44157581
44152974
44153486
44153998
44154510
44155022
44155534
44156046
44156558
44157070
44157582
44152975
44153487
44153999
44154511
44155023
44155535
44156047
44156559
44157071
44157583
44152976
44153488
44154000
44154512
44155024
44155536
44156048
44156560
44157072
44157584
41225529
41226041
41226553
41227065
41227577
41228089
41228601
41229113
41229625
41230137
41225530
41226042
41226554
41227066
41227578
41228090
41228602
41229114
41229626
41230138
41225531
41226043
41226555
41227067
41227579
41228091
41228603
41229115
41229627
41230139
41225532
41226044
41226556
41227068
41227580
41228092
41228604
41229116
41229628
41230140
41225533
41226045
41226557
41227069
41227581
41228093
41228605
41229117
41229629
41230141
41225534
41226046
41226558
41227070
41227582
41228094
41228606
41229118
41229630
41230142
41225535
41226047
41226559
41227071
41227583
41228095
41228607
41229119
41229631
41230143
41225536
41226048
41226560
41227072
41227584
41228096
41228608
41229120
41229632
41230144
41225537
41226049
41226561
41227073
41227585
41228097
41228609
41229121
41229633
41230145
41225538
41226050
41226562
41227074
41227586
41228098
41228610
41229122
41229634
41230146
46444788
46445300
46445812
46446324
46446836
46447348
46447860
46448372
46448884
46449396
46444789
46445301
46445813
46446325
46446837
46447349
46447861
46448373
46448885
46449397
46444790
46445302
46445814
46446326
46446838
46447350
46447862
46448374
46448886
46449398
46444791
46445303
46445815
46446327
46446839
46447351
46447863
46448375
46448887
46449399
46444792
46445304
46445816
46446328
46446840
46447352
46447864
46448376
46448888
46449400
46444793
46445305
46445817
46446329
46446841
46447353
46447865
46448377
46448889
46449401
46444794
46445306
46445818
46446330
46446842
46447354
46447866
46448378
46448890
46449402
46444795
46445307
46445819
46446331
46446843
46447355
46447867
46448379
46448891
46449403
46444796
46445308
46445820
46446332
46446844
46447356
46447868
46448380
46448892
46449404
46444797
46445309
46445821
46446333
46446845
46447357
46447869
46448381
46448893
46449405
44403905
44404417
44404929
44405441
44405953
44406465
44406977
44407489
44408001
44408513
44403906
44404418
44404930
44405442
44405954
44406466
44406978
44407490
44408002
44408514
44403907
44404419
44404931
44405443
44405955
44406467
44406979
44407491
44408003
44408515
44403908
44404420
44404932
44405444
44405956
44406468
44406980
44407492
44408004
44408516
44403909
44404421
44404933
44405445
44405957
44406469
44406981
44407493
44408005
44408517
44403910
44404422
44404934
44405446
44405958
44406470
44406982
44407494
44408006
44408518
44403911
44404423
44404935
44405447
44405959
44406471
44406983
44407495
44408007
44408519
44403912
44404424
44404936
44405448
44405960
44406472
44406984
44407496
44408008
44408520
44403913
44404425
44404937
44405449
44405961
44406473
44406985
44407497
44408009
44408521
44403914
44404426
44404938
44405450
44405962
44406474
44406986
44407498
44408010
44408522
46707962
46708474
46708986
46709498
46710010
46710522
46711034
46711546
46712058
46712570
46707963
46708475
46708987
46709499
46710011
46710523
46711035
46711547
46712059
46712571
46707964
46708476
46708988
46709500
46710012
46710524
46711036
46711548
46712060
46712572
46707965
46708477
46708989
46709501
46710013
46710525
46711037
46711549
46712061
46712573
46707966
46708478
46708990
46709502
46710014
46710526
46711038
46711550
46712062
46712574
46707967
46708479
46708991
46709503
46710015
46710527
46711039
46711551
46712063
46712575
46707968
46708480
46708992
46709504
46710016
46710528
46711040
46711552
46712064
46712576
46707969
46708481
46708993
46709505
46710017
46710529
46711041
46711553
46712065
46712577
46707970
46708482
46708994
46709506
46710018
46710530
46711042
46711554
46712066
46712578
46707971
46708483
46708995
46709507
46710019
46710531
46711043
46711555
46712067
46712579
46189869
46190381
46190893
46191405
46191917
46192429
46192941
46193453
46193965
46194477
46189870
46190382
46190894
46191406
46191918
46192430
46192942
46193454
46193966
46194478
46189871
46190383
46190895
46191407
46191919
46192431
46192943
46193455
46193967
46194479
46189872
46190384
46190896
46191408
46191920
46192432
46192944
46193456
46193968
46194480
46189873
46190385
46190897
46191409
46191921
46192433
46192945
46193457
46193969
46194481
46189874
46190386
46190898
46191410
46191922
46192434
46192946
46193458
46193970
46194482
46189875
46190387
46190899
46191411
46191923
46192435
46192947
46193459
46193971
46194483
46189876
46190388
46190900
46191412
46191924
46192436
46192948
46193460
46193972
46194484
46189877
46190389
46190901
46191413
46191925
46192437
46192949
46193461
46193973
46194485
46189878
46190390
46190902
46191414
46191926
46192438
46192950
46193462
46193974
46194486
40687392
40687904
40688416
40688928
40689440
40689952
40690464
40690976
40691488
40692000
40687393
40687905
40688417
40688929
40689441
40689953
40690465
40690977
40691489
40692001
40687394
40687906
40688418
40688930
40689442
40689954
40690466
40690978
40691490
40692002
40687395
40687907
40688419
40688931
40689443
40689955
40690467
40690979
40691491
40692003
40687396
40687908
40688420
40688932
40689444
40689956
40690468
40690980
40691492
40692004
40687397
40687909
40688421
40688933
40689445
40689957
40690469
40690981
40691493
40692005
40687398
40687910
40688422
40688934
40689446
40689958
40690470
40690982
40691494
40692006
40687399
40687911
40688423
40688935
40689447
40689959
40690471
40690983
40691495
40692007
40687400
40687912
40688424
40688936
40689448
40689960
40690472
40690984
40691496
40692008
40687401
40687913
40688425
40688937
40689449
40689961
40690473
40690985
40691497
40692009
41481977
41482489
41483001
41483513
41484025
41484537
41485049
41485561
41486073
41486585
41481978
41482490
41483002
41483514
41484026
41484538
41485050
41485562
41486074
41486586
41481979
41482491
41483003
41483515
41484027
41484539
41485051
41485563
41486075
41486587
41481980
41482492
41483004
41483516
41484028
41484540
41485052
41485564
41486076
41486588
41481981
41482493
41483005
41483517
41484029
41484541
41485053
41485565
41486077
41486589
41481982
41482494
41483006
41483518
41484030
41484542
41485054
41485566
41486078
41486590
41481983
41482495
41483007
41483519
41484031
41484543
41485055
41485567
41486079
41486591
41481984
41482496
41483008
41483520
41484032
41484544
41485056
41485568
41486080
41486592
41481985
41482497
41483009
41483521
41484033
41484545
41485057
41485569
41486081
41486593
41481986
41482498
41483010
41483522
41484034
41484546
41485058
41485570
41486082
41486594
40715009
40715521
40716033
40716545
40717057
40717569
40718081
40718593
40719105
40719617
40715010
40715522
40716034
40716546
40717058
40717570
40718082
40718594
40719106
40719618
40715011
40715523
40716035
40716547
40717059
40717571
40718083
40718595
40719107
40719619
40715012
40715524
40716036
40716548
40717060
40717572
40718084
40718596
40719108
40719620
40715013
40715525
40716037
40716549
40717061
40717573
40718085
40718597
40719109
40719621
40715014
40715526
40716038
40716550
40717062
40717574
40718086
40718598
40719110
40719622
40715015
40715527
40716039
40716551
40717063
40717575
40718087
40718599
40719111
40719623
40715016
40715528
40716040
40716552
40717064
40717576
40718088
40718600
40719112
40719624
40715017
40715529
40716041
40716553
40717065
40717577
40718089
40718601
40719113
40719625
40715018
40715530
40716042
40716554
40717066
40717578
40718090
40718602
40719114
40719626
41989890
41990402
41990914
41991426
41991938
41992450
41992962
41993474
41993986
41994498
41989891
41990403
41990915
41991427
41991939
41992451
41992963
41993475
41993987
41994499
41989892
41990404
41990916
41991428
41991940
41992452
41992964
41993476
41993988
41994500
41989893
41990405
41990917
41991429
41991941
41992453
41992965
41993477
41993989
41994501
41989894
41990406
41990918
41991430
41991942
41992454
41992966
41993478
41993990
41994502
41989895
41990407
41990919
41991431
41991943
41992455
41992967
41993479
41993991
41994503
41989896
41990408
41990920
41991432
41991944
41992456
41992968
41993480
41993992
41994504
41989897
41990409
41990921
41991433
41991945
41992457
41992969
41993481
41993993
41994505
41989898
41990410
41990922
41991434
41991946
41992458
41992970
41993482
41993994
41994506
41989899
41990411
41990923
41991435
41991947
41992459
41992971
41993483
41993995
41994507
51518132
51518644
51519156
51519668
51520180
51520692
51521204
51521716
51522228
51522740
51518133
51518645
51519157
51519669
51520181
51520693
51521205
51521717
51522229
51522741
51518134
51518646
51519158
51519670
51520182
51520694
51521206
51521718
51522230
51522742
51518135
51518647
51519159
51519671
51520183
51520695
51521207
51521719
51522231
51522743
51518136
51518648
51519160
51519672
51520184
51520696
51521208
51521720
51522232
51522744
51518137
51518649
51519161
51519673
51520185
51520697
51521209
51521721
51522233
51522745
51518138
51518650
51519162
51519674
51520186
51520698
51521210
51521722
51522234
51522746
51518139
51518651
51519163
51519675
51520187
51520699
51521211
51521723
51522235
51522747
51518140
51518652
51519164
51519676
51520188
51520700
51521212
51521724
51522236
51522748
51518141
51518653
51519165
51519677
51520189
51520701
51521213
51521725
51522237
51522749
40180494
40181006
40181518
40182030
40182542
40183054
40183566
40184078
40184590
40185102
40180495
40181007
40181519
40182031
40182543
40183055
40183567
40184079
40184591
40185103
40180496
40181008
40181520
40182032
40182544
40183056
40183568
40184080
40184592
40185104
40180497
40181009
40181521
40182033
40182545
40183057
40183569
40184081
40184593
40185105
40180498
40181010
40181522
40182034
40182546
40183058
40183570
40184082
40184594
40185106
40180499
40181011
40181523
40182035
40182547
40183059
40183571
40184083
40184595
40185107
40180500
40181012
40181524
40182036
40182548
40183060
40183572
40184084
40184596
40185108
40180501
40181013
40181525
40182037
40182549
40183061
40183573
40184085
40184597
40185109
40180502
40181014
40181526
40182038
40182550
40183062
40183574
40184086
40184598
40185110
40180503
40181015
40181527
40182039
40182551
40183063
40183575
40184087
40184599
40185111
42274532
42275044
42275556
42276068
42276580
42277092
42277604
42278116
42278628
42279140
42274533
42275045
42275557
42276069
42276581
42277093
42277605
42278117
42278629
42279141
42274534
42275046
42275558
42276070
42276582
42277094
42277606
42278118
42278630
42279142
42274535
42275047
42275559
42276071
42276583
42277095
42277607
42278119
42278631
42279143
42274536
42275048
42275560
42276072
42276584
42277096
42277608
42278120
42278632
42279144
42274537
42275049
42275561
42276073
42276585
42277097
42277609
42278121
42278633
42279145
42274538
42275050
42275562
42276074
42276586
42277098
42277610
42278122
42278634
42279146
42274539
42275051
42275563
42276075
42276587
42277099
42277611
42278123
42278635
42279147
42274540
42275052
42275564
42276076
42276588
42277100
42277612
42278124
42278636
42279148
42274541
42275053
42275565
42276077
42276589
42277101
42277613
42278125
42278637
42279149
39130902
39131414
39131926
39132438
39132950
39133462
39133974
39134486
39134998
39135510
39130903
39131415
39131927
39132439
39132951
39133463
39133975
39134487
39134999
39135511
39130904
39131416
39131928
39132440
39132952
39133464
39133976
39134488
39135000
39135512
39130905
39131417
39131929
39132441
39132953
39133465
39133977
39134489
39135001
39135513
39130906
39131418
39131930
39132442
39132954
39133466
39133978
39134490
39135002
39135514
39130907
39131419
39131931
39132443
39132955
39133467
39133979
39134491
39135003
39135515
39130908
39131420
39131932
39132444
39132956
39133468
39133980
39134492
39135004
39135516
39130909
39131421
39131933
39132445
39132957
39133469
39133981
39134493
39135005
39135517
39130910
39131422
39131934
39132446
39132958
39133470
39133982
39134494
39135006
39135518
39130911
39131423
39131935
39132447
39132959
39133471
39133983
39134495
39135007
39135519
46719190
46719702
46720214
46720726
46721238
46721750
46722262
46722774
46723286
46723798
46719191
46719703
46720215
46720727
46721239
46721751
46722263
46722775
46723287
46723799
46719192
46719704
46720216
46720728
46721240
46721752
46722264
46722776
46723288
46723800
46719193
46719705
46720217
46720729
46721241
46721753
46722265
46722777
46723289
46723801
46719194
46719706
46720218
46720730
46721242
46721754
46722266
46722778
46723290
46723802
46719195
46719707
46720219
46720731
46721243
46721755
46722267
46722779
46723291
46723803
46719196
46719708
46720220
46720732
46721244
46721756
46722268
46722780
46723292
46723804
46719197
46719709
46720221
46720733
46721245
46721757
46722269
46722781
46723293
46723805
46719198
46719710
46720222
46720734
46721246
46721758
46722270
46722782
46723294
46723806
46719199
46719711
46720223
46720735
46721247
46721759
46722271
46722783
46723295
46723807
44147880
44148392
44148904
44149416
44149928
44150440
44150952
44151464
44151976
44152488
44147881
44148393
44148905
44149417
44149929
44150441
44150953
44151465
44151977
44152489
44147882
44148394
44148906
44149418
44149930
44150442
44150954
44151466
44151978
44152490
44147883
44148395
44148907
44149419
44149931
44150443
44150955
44151467
44151979
44152491
44147884
44148396
44148908
44149420
44149932
44150444
44150956
44151468
44151980
44152492
44147885
44148397
44148909
44149421
44149933
44150445
44150957
44151469
44151981
44152493
44147886
44148398
44148910
44149422
44149934
44150446
44150958
44151470
44151982
44152494
44147887
44148399
44148911
44149423
44149935
44150447
44150959
44151471
44151983
44152495
44147888
44148400
44148912
44149424
44149936
44150448
44150960
44151472
44151984
44152496
44147889
44148401
44148913
44149425
44149937
44150449
44150961
44151473
44151985
44152497
