47289597
47290109
47290621
47291133
47291645
47292157
47292669
47293181
47293693
47294205
47289598
47290110
47290622
47291134
47291646
47292158
47292670
47293182
47293694
47294206
47289599
47290111
47290623
47291135
47291647
47292159
47292671
47293183
47293695
47294207
47289600
47290112
47290624
47291136
47291648
47292160
47292672
47293184
47293696
47294208
47289601
47290113
47290625
47291137
47291649
47292161
47292673
47293185
47293697
47294209
47289602
47290114
47290626
47291138
47291650
47292162
47292674
47293186
47293698
47294210
47289603
47290115
47290627
47291139
47291651
47292163
47292675
47293187
47293699
47294211
47289604
47290116
47290628
47291140
47291652
47292164
47292676
47293188
47293700
47294212
47289605
47290117
47290629
47291141
47291653
47292165
47292677
47293189
47293701
47294213
47289606
47290118
47290630
47291142
47291654
47292166
47292678
47293190
47293702
47294214
51494119
51494631
51495143
51495655
51496167
51496679
51497191
51497703
51498215
51498727
51494120
51494632
51495144
51495656
51496168
51496680
51497192
51497704
51498216
51498728
51494121
51494633
51495145
51495657
51496169
51496681
51497193
51497705
51498217
51498729
51494122
51494634
51495146
51495658
51496170
51496682
51497194
51497706
51498218
51498730
51494123
51494635
51495147
51495659
51496171
51496683
51497195
51497707
51498219
51498731
51494124
51494636
51495148
51495660
51496172
51496684
51497196
51497708
51498220
51498732
51494125
51494637
51495149
51495661
51496173
51496685
51497197
51497709
51498221
51498733
51494126
51494638
51495150
51495662
51496174
51496686
51497198
51497710
51498222
51498734
51494127
51494639
51495151
51495663
51496175
51496687
51497199
51497711
51498223
51498735
51494128
51494640
51495152
51495664
51496176
51496688
51497200
51497712
51498224
51498736
38858535
38859047
38859559
38860071
38860583
38861095
38861607
38862119
38862631
38863143
38858536
38859048
38859560
38860072
38860584
38861096
38861608
38862120
38862632
38863144
38858537
38859049
38859561
38860073
38860585
38861097
38861609
38862121
38862633
38863145
38858538
38859050
38859562
38860074
38860586
38861098
38861610
38862122
38862634
38863146
38858539
38859051
38859563
38860075
38860587
38861099
38861611
38862123
38862635
38863147
38858540
38859052
38859564
38860076
38860588
38861100
38861612
38862124
38862636
38863148
38858541
38859053
38859565
38860077
38860589
38861101
38861613
38862125
38862637
38863149
38858542
38859054
38859566
38860078
38860590
38861102
38861614
38862126
38862638
38863150
38858543
38859055
38859567
38860079
38860591
38861103
38861615
38862127
38862639
38863151
38858544
38859056
38859568
38860080
38860592
38861104
38861616
38862128
38862640
38863152
43306250
43306762
43307274
43307786
43308298
43308810
43309322
43309834
43310346
43310858
43306251
43306763
43307275
43307787
43308299
43308811
43309323
43309835
43310347
43310859
43306252
43306764
43307276
43307788
43308300
43308812
43309324
43309836
43310348
43310860
43306253
43306765
43307277
43307789
43308301
43308813
43309325
43309837
43310349
43310861
43306254
43306766
43307278
43307790
43308302
43308814
43309326
43309838
43310350
43310862
43306255
43306767
43307279
43307791
43308303
43308815
43309327
43309839
43310351
43310863
43306256
43306768
43307280
43307792
43308304
43308816
43309328
43309840
43310352
43310864
43306257
43306769
43307281
43307793
43308305
43308817
43309329
43309841
43310353
43310865
43306258
43306770
43307282
43307794
43308306
43308818
43309330
43309842
43310354
43310866
43306259
43306771
43307283
43307795
43308307
43308819
43309331
43309843
43310355
43310867
44909778
44910290
44910802
44911314
44911826
44912338
44912850
44913362
44913874
44914386
44909779
44910291
44910803
44911315
44911827
44912339
44912851
44913363
44913875
44914387
44909780
44910292
44910804
44911316
44911828
44912340
44912852
44913364
44913876
44914388
44909781
44910293
44910805
44911317
44911829
44912341
44912853
44913365
44913877
44914389
44909782
44910294
44910806
44911318
44911830
44912342
44912854
44913366
44913878
44914390
44909783
44910295
44910807
44911319
44911831
44912343
44912855
44913367
44913879
44914391
44909784
44910296
44910808
44911320
44911832
44912344
44912856
44913368
44913880
44914392
44909785
44910297
44910809
44911321
44911833
44912345
44912857
44913369
44913881
44914393
44909786
44910298
44910810
44911322
44911834
44912346
44912858
44913370
44913882
44914394
44909787
44910299
44910811
44911323
44911835
44912347
44912859
44913371
44913883
44914395
49869511
49870023
49870535
49871047
49871559
49872071
49872583
49873095
49873607
49874119
49869512
49870024
49870536
49871048
49871560
49872072
49872584
49873096
49873608
49874120
49869513
49870025
49870537
49871049
49871561
49872073
49872585
49873097
49873609
49874121
49869514
49870026
49870538
49871050
49871562
49872074
49872586
49873098
49873610
49874122
49869515
49870027
49870539
49871051
49871563
49872075
49872587
49873099
49873611
49874123
49869516
49870028
49870540
49871052
49871564
49872076
49872588
49873100
49873612
49874124
49869517
49870029
49870541
49871053
49871565
49872077
49872589
49873101
49873613
49874125
49869518
49870030
49870542
49871054
49871566
49872078
49872590
49873102
49873614
49874126
49869519
49870031
49870543
49871055
49871567
49872079
49872591
49873103
49873615
49874127
49869520
49870032
49870544
49871056
49871568
49872080
49872592
49873104
49873616
49874128
49407146
49407658
49408170
49408682
49409194
49409706
49410218
49410730
49411242
49411754
49407147
49407659
49408171
49408683
49409195
49409707
49410219
49410731
49411243
49411755
49407148
49407660
49408172
49408684
49409196
49409708
49410220
49410732
49411244
49411756
49407149
49407661
49408173
49408685
49409197
49409709
49410221
49410733
49411245
49411757
49407150
49407662
49408174
49408686
49409198
49409710
49410222
49410734
49411246
49411758
49407151
49407663
49408175
49408687
49409199
49409711
49410223
49410735
49411247
49411759
49407152
49407664
49408176
49408688
49409200
49409712
49410224
49410736
49411248
49411760
49407153
49407665
49408177
49408689
49409201
49409713
49410225
49410737
49411249
49411761
49407154
49407666
49408178
49408690
49409202
49409714
49410226
49410738
49411250
49411762
49407155
49407667
49408179
49408691
49409203
49409715
49410227
49410739
49411251
49411763
47566608
47567120
47567632
47568144
47568656
47569168
47569680
47570192
47570704
47571216
47566609
47567121
47567633
47568145
47568657
47569169
47569681
47570193
47570705
47571217
47566610
47567122
47567634
47568146
47568658
47569170
47569682
47570194
47570706
47571218
47566611
47567123
47567635
47568147
47568659
47569171
47569683
47570195
47570707
47571219
47566612
47567124
47567636
47568148
47568660
47569172
47569684
47570196
47570708
47571220
47566613
47567125
47567637
47568149
47568661
47569173
47569685
47570197
47570709
47571221
47566614
47567126
47567638
47568150
47568662
47569174
47569686
47570198
47570710
47571222
47566615
47567127
47567639
47568151
47568663
47569175
47569687
47570199
47570711
47571223
47566616
47567128
47567640
47568152
47568664
47569176
47569688
47570200
47570712
47571224
47566617
47567129
47567641
47568153
47568665
47569177
47569689
47570201
47570713
47571225
45180044
45180556
45181068
45181580
45182092
45182604
45183116
45183628
45184140
45184652
45180045
45180557
45181069
45181581
45182093
45182605
45183117
45183629
45184141
45184653
45180046
45180558
45181070
45181582
45182094
45182606
45183118
45183630
45184142
45184654
45180047
45180559
45181071
45181583
45182095
45182607
45183119
45183631
45184143
45184655
45180048
45180560
45181072
45181584
45182096
45182608
45183120
45183632
45184144
45184656
45180049
45180561
45181073
45181585
45182097
45182609
45183121
45183633
45184145
45184657
45180050
45180562
45181074
45181586
45182098
45182610
45183122
45183634
45184146
45184658
45180051
45180563
45181075
45181587
45182099
45182611
45183123
45183635
45184147
45184659
45180052
45180564
45181076
45181588
45182100
45182612
45183124
45183636
45184148
45184660
45180053
45180565
45181077
45181589
45182101
45182613
45183125
45183637
45184149
45184661
46780562
46781074
46781586
46782098
46782610
46783122
46783634
46784146
46784658
46785170
46780563
46781075
46781587
46782099
46782611
46783123
46783635
46784147
46784659
46785171
46780564
46781076
46781588
46782100
46782612
46783124
46783636
46784148
46784660
46785172
46780565
46781077
46781589
46782101
46782613
46783125
46783637
46784149
46784661
46785173
46780566
46781078
46781590
46782102
46782614
46783126
46783638
46784150
46784662
46785174
46780567
46781079
46781591
46782103
46782615
46783127
46783639
46784151
46784663
46785175
46780568
46781080
46781592
46782104
46782616
46783128
46783640
46784152
46784664
46785176
46780569
46781081
46781593
46782105
46782617
46783129
46783641
46784153
46784665
46785177
46780570
46781082
46781594
46782106
46782618
46783130
46783642
46784154
46784666
46785178
46780571
46781083
46781595
46782107
46782619
46783131
46783643
46784155
46784667
46785179
49903780
49904292
49904804
49905316
49905828
49906340
49906852
49907364
49907876
49908388
49903781
49904293
49904805
49905317
49905829
49906341
49906853
49907365
49907877
49908389
49903782
49904294
49904806
49905318
49905830
49906342
49906854
49907366
49907878
49908390
49903783
49904295
49904807
49905319
49905831
49906343
49906855
49907367
49907879
49908391
49903784
49904296
49904808
49905320
49905832
49906344
49906856
49907368
49907880
49908392
49903785
49904297
49904809
49905321
49905833
49906345
49906857
49907369
49907881
49908393
49903786
49904298
49904810
49905322
49905834
49906346
49906858
49907370
49907882
49908394
49903787
49904299
49904811
49905323
49905835
49906347
49906859
49907371
49907883
49908395
49903788
49904300
49904812
49905324
49905836
49906348
49906860
49907372
49907884
49908396
49903789
49904301
49904813
49905325
49905837
49906349
49906861
49907373
49907885
49908397
46254229
46254741
46255253
46255765
46256277
46256789
46257301
46257813
46258325
46258837
46254230
46254742
46255254
46255766
46256278
46256790
46257302
46257814
46258326
46258838
46254231
46254743
46255255
46255767
46256279
46256791
46257303
46257815
46258327
46258839
46254232
46254744
46255256
46255768
46256280
46256792
46257304
46257816
46258328
46258840
46254233
46254745
46255257
46255769
46256281
46256793
46257305
46257817
46258329
46258841
46254234
46254746
46255258
46255770
46256282
46256794
46257306
46257818
46258330
46258842
46254235
46254747
46255259
46255771
46256283
46256795
46257307
46257819
46258331
46258843
46254236
46254748
46255260
46255772
46256284
46256796
46257308
46257820
46258332
46258844
46254237
46254749
46255261
46255773
46256285
46256797
46257309
46257821
46258333
46258845
46254238
46254750
46255262
46255774
46256286
46256798
46257310
46257822
46258334
46258846
49093895
49094407
49094919
49095431
49095943
49096455
49096967
49097479
49097991
49098503
49093896
49094408
49094920
49095432
49095944
49096456
49096968
49097480
49097992
49098504
49093897
49094409
49094921
49095433
49095945
49096457
49096969
49097481
49097993
49098505
49093898
49094410
49094922
49095434
49095946
49096458
49096970
49097482
49097994
49098506
49093899
49094411
49094923
49095435
49095947
49096459
49096971
49097483
49097995
49098507
49093900
49094412
49094924
49095436
49095948
49096460
49096972
49097484
49097996
49098508
49093901
49094413
49094925
49095437
49095949
49096461
49096973
49097485
49097997
49098509
49093902
49094414
49094926
49095438
49095950
49096462
49096974
49097486
49097998
49098510
49093903
49094415
49094927
49095439
49095951
49096463
49096975
49097487
49097999
49098511
49093904
49094416
49094928
49095440
49095952
49096464
49096976
49097488
49098000
49098512
43831111
43831623
43832135
43832647
43833159
43833671
43834183
43834695
43835207
43835719
43831112
43831624
43832136
43832648
43833160
43833672
43834184
43834696
43835208
43835720
43831113
43831625
43832137
43832649
43833161
43833673
43834185
43834697
43835209
43835721
43831114
43831626
43832138
43832650
43833162
43833674
43834186
43834698
43835210
43835722
43831115
43831627
43832139
43832651
43833163
43833675
43834187
43834699
43835211
43835723
43831116
43831628
43832140
43832652
43833164
43833676
43834188
43834700
43835212
43835724
43831117
43831629
43832141
43832653
43833165
43833677
43834189
43834701
43835213
43835725
43831118
43831630
43832142
43832654
43833166
43833678
43834190
43834702
43835214
43835726
43831119
43831631
43832143
43832655
43833167
43833679
43834191
43834703
43835215
43835727
43831120
43831632
43832144
43832656
43833168
43833680
43834192
43834704
43835216
43835728
44383407
44383919
44384431
44384943
44385455
44385967
44386479
44386991
44387503
44388015
44383408
44383920
44384432
44384944
44385456
44385968
44386480
44386992
44387504
44388016
44383409
44383921
44384433
44384945
44385457
44385969
44386481
44386993
44387505
44388017
44383410
44383922
44384434
44384946
44385458
44385970
44386482
44386994
44387506
44388018
44383411
44383923
44384435
44384947
44385459
44385971
44386483
44386995
44387507
44388019
44383412
44383924
44384436
44384948
44385460
44385972
44386484
44386996
44387508
44388020
44383413
44383925
44384437
44384949
44385461
44385973
44386485
44386997
44387509
44388021
44383414
44383926
44384438
44384950
44385462
44385974
44386486
44386998
44387510
44388022
44383415
44383927
44384439
44384951
44385463
44385975
44386487
44386999
44387511
44388023
44383416
44383928
44384440
44384952
44385464
44385976
44386488
44387000
44387512
44388024
48039099
48039611
48040123
48040635
48041147
48041659
48042171
48042683
48043195
48043707
48039100
48039612
48040124
48040636
48041148
48041660
48042172
48042684
48043196
48043708
48039101
48039613
48040125
48040637
48041149
48041661
48042173
48042685
48043197
48043709
48039102
48039614
48040126
48040638
48041150
48041662
48042174
48042686
48043198
48043710
48039103
48039615
48040127
48040639
48041151
48041663
48042175
48042687
48043199
48043711
48039104
48039616
48040128
48040640
48041152
48041664
48042176
48042688
48043200
48043712
48039105
48039617
48040129
48040641
48041153
48041665
48042177
48042689
48043201
48043713
48039106
48039618
48040130
48040642
48041154
48041666
48042178
48042690
48043202
48043714
48039107
48039619
48040131
48040643
48041155
48041667
48042179
48042691
48043203
48043715
48039108
48039620
48040132
48040644
48041156
48041668
48042180
48042692
48043204
48043716
48042769
48043281
48043793
48044305
48044817
48045329
48045841
48046353
48046865
48047377
48042770
48043282
48043794
48044306
48044818
48045330
48045842
48046354
48046866
48047378
48042771
48043283
48043795
48044307
48044819
48045331
48045843
48046355
48046867
48047379
48042772
48043284
48043796
48044308
48044820
48045332
48045844
48046356
48046868
48047380
48042773
48043285
48043797
48044309
48044821
48045333
48045845
48046357
48046869
48047381
48042774
48043286
48043798
48044310
48044822
48045334
48045846
48046358
48046870
48047382
48042775
48043287
48043799
48044311
48044823
48045335
48045847
48046359
48046871
48047383
48042776
48043288
48043800
48044312
48044824
48045336
48045848
48046360
48046872
48047384
48042777
48043289
48043801
48044313
48044825
48045337
48045849
48046361
48046873
48047385
48042778
48043290
48043802
48044314
48044826
48045338
48045850
48046362
48046874
48047386
45919996
45920508
45921020
45921532
45922044
45922556
45923068
45923580
45924092
45924604
45919997
45920509
45921021
45921533
45922045
45922557
45923069
45923581
45924093
45924605
45919998
45920510
45921022
45921534
45922046
45922558
45923070
45923582
45924094
45924606
45919999
45920511
45921023
45921535
45922047
45922559
45923071
45923583
45924095
45924607
45920000
45920512
45921024
45921536
45922048
45922560
45923072
45923584
45924096
45924608
45920001
45920513
45921025
45921537
45922049
45922561
45923073
45923585
45924097
45924609
45920002
45920514
45921026
45921538
45922050
45922562
45923074
45923586
45924098
45924610
45920003
45920515
45921027
45921539
45922051
45922563
45923075
45923587
45924099
45924611
45920004
45920516
45921028
45921540
45922052
45922564
45923076
45923588
45924100
45924612
45920005
45920517
45921029
45921541
45922053
45922565
45923077
45923589
45924101
45924613
42546908
42547420
42547932
42548444
42548956
42549468
42549980
42550492
42551004
42551516
42546909
42547421
42547933
42548445
42548957
42549469
42549981
42550493
42551005
42551517
42546910
42547422
42547934
42548446
42548958
42549470
42549982
42550494
42551006
42551518
42546911
42547423
42547935
42548447
42548959
42549471
42549983
42550495
42551007
42551519
42546912
42547424
42547936
42548448
42548960
42549472
42549984
42550496
42551008
42551520
42546913
42547425
42547937
42548449
42548961
42549473
42549985
42550497
42551009
42551521
42546914
42547426
42547938
42548450
42548962
42549474
42549986
42550498
42551010
42551522
42546915
42547427
42547939
42548451
42548963
42549475
42549987
42550499
42551011
42551523
42546916
42547428
42547940
42548452
42548964
42549476
42549988
42550500
42551012
42551524
42546917
42547429
42547941
42548453
42548965
42549477
42549989
42550501
42551013
42551525
47515827
47516339
47516851
47517363
47517875
47518387
47518899
47519411
47519923
47520435
47515828
47516340
47516852
47517364
47517876
47518388
47518900
47519412
47519924
47520436
47515829
47516341
47516853
47517365
47517877
47518389
47518901
47519413
47519925
47520437
47515830
47516342
47516854
47517366
47517878
47518390
47518902
47519414
47519926
47520438
47515831
47516343
47516855
47517367
47517879
47518391
47518903
47519415
47519927
47520439
47515832
47516344
47516856
47517368
47517880
47518392
47518904
47519416
47519928
47520440
47515833
47516345
47516857
47517369
47517881
47518393
47518905
47519417
47519929
47520441
47515834
47516346
47516858
47517370
47517882
47518394
47518906
47519418
47519930
47520442
47515835
47516347
47516859
47517371
47517883
47518395
47518907
47519419
47519931
47520443
47515836
47516348
47516860
47517372
47517884
47518396
47518908
47519420
47519932
47520444
48875238
48875750
48876262
48876774
48877286
48877798
48878310
48878822
48879334
48879846
48875239
48875751
48876263
48876775
48877287
48877799
48878311
48878823
48879335
48879847
48875240
48875752
48876264
48876776
48877288
48877800
48878312
48878824
48879336
48879848
48875241
48875753
48876265
48876777
48877289
48877801
48878313
48878825
48879337
48879849
48875242
48875754
48876266
48876778
48877290
48877802
48878314
48878826
48879338
48879850
48875243
48875755
48876267
48876779
48877291
48877803
48878315
48878827
48879339
48879851
48875244
48875756
48876268
48876780
48877292
48877804
48878316
48878828
48879340
48879852
48875245
48875757
48876269
48876781
48877293
48877805
48878317
48878829
48879341
48879853
48875246
48875758
48876270
48876782
48877294
48877806
48878318
48878830
48879342
48879854
48875247
48875759
48876271
48876783
48877295
48877807
48878319
48878831
48879343
48879855
49380567
49381079
49381591
49382103
49382615
49383127
49383639
49384151
49384663
49385175
49380568
49381080
49381592
49382104
49382616
49383128
49383640
49384152
49384664
49385176
49380569
49381081
49381593
49382105
49382617
49383129
49383641
49384153
49384665
49385177
49380570
49381082
49381594
49382106
49382618
49383130
49383642
49384154
49384666
49385178
49380571
49381083
49381595
49382107
49382619
49383131
49383643
49384155
49384667
49385179
49380572
49381084
49381596
49382108
49382620
49383132
49383644
49384156
49384668
49385180
49380573
49381085
49381597
49382109
49382621
49383133
49383645
49384157
49384669
49385181
49380574
49381086
49381598
49382110
49382622
49383134
49383646
49384158
49384670
49385182
49380575
49381087
49381599
49382111
49382623
49383135
49383647
49384159
49384671
49385183
49380576
49381088
49381600
49382112
49382624
49383136
49383648
49384160
49384672
49385184
52279497
52280009
52280521
52281033
52281545
52282057
52282569
52283081
52283593
52284105
52279498
52280010
52280522
52281034
52281546
52282058
52282570
52283082
52283594
52284106
52279499
52280011
52280523
52281035
52281547
52282059
52282571
52283083
52283595
52284107
52279500
52280012
52280524
52281036
52281548
52282060
52282572
52283084
52283596
52284108
52279501
52280013
52280525
52281037
52281549
52282061
52282573
52283085
52283597
52284109
52279502
52280014
52280526
52281038
52281550
52282062
52282574
52283086
52283598
52284110
52279503
52280015
52280527
52281039
52281551
52282063
52282575
52283087
52283599
52284111
52279504
52280016
52280528
52281040
52281552
52282064
52282576
52283088
52283600
52284112
52279505
52280017
52280529
52281041
52281553
52282065
52282577
52283089
52283601
52284113
52279506
52280018
52280530
52281042
52281554
52282066
52282578
52283090
52283602
52284114
45443858
45444370
45444882
45445394
45445906
45446418
45446930
45447442
45447954
45448466
45443859
45444371
45444883
45445395
45445907
45446419
45446931
45447443
45447955
45448467
45443860
45444372
45444884
45445396
45445908
45446420
45446932
45447444
45447956
45448468
45443861
45444373
45444885
45445397
45445909
45446421
45446933
45447445
45447957
45448469
45443862
45444374
45444886
45445398
45445910
45446422
45446934
45447446
45447958
45448470
45443863
45444375
45444887
45445399
45445911
45446423
45446935
45447447
45447959
45448471
45443864
45444376
45444888
45445400
45445912
45446424
45446936
45447448
45447960
45448472
45443865
45444377
45444889
45445401
45445913
45446425
45446937
45447449
45447961
45448473
45443866
45444378
45444890
45445402
45445914
45446426
45446938
45447450
45447962
45448474
45443867
45444379
45444891
45445403
45445915
45446427
45446939
45447451
45447963
45448475
48324257
48324769
48325281
48325793
48326305
48326817
48327329
48327841
48328353
48328865
48324258
48324770
48325282
48325794
48326306
48326818
48327330
48327842
48328354
48328866
48324259
48324771
48325283
48325795
48326307
48326819
48327331
48327843
48328355
48328867
48324260
48324772
48325284
48325796
48326308
48326820
48327332
48327844
48328356
48328868
48324261
48324773
48325285
48325797
48326309
48326821
48327333
48327845
48328357
48328869
48324262
48324774
48325286
48325798
48326310
48326822
48327334
48327846
48328358
48328870
48324263
48324775
48325287
48325799
48326311
48326823
48327335
48327847
48328359
48328871
48324264
48324776
48325288
48325800
48326312
48326824
48327336
48327848
48328360
48328872
48324265
48324777
48325289
48325801
48326313
48326825
48327337
48327849
48328361
48328873
48324266
48324778
48325290
48325802
48326314
48326826
48327338
48327850
48328362
48328874
39139529
39140041
39140553
39141065
39141577
39142089
39142601
39143113
39143625
39144137
39139530
39140042
39140554
39141066
39141578
39142090
39142602
39143114
39143626
39144138
39139531
39140043
39140555
39141067
39141579
39142091
39142603
39143115
39143627
39144139
39139532
39140044
39140556
39141068
39141580
39142092
39142604
39143116
39143628
39144140
39139533
39140045
39140557
39141069
39141581
39142093
39142605
39143117
39143629
39144141
39139534
39140046
39140558
39141070
39141582
39142094
39142606
39143118
39143630
39144142
39139535
39140047
39140559
39141071
39141583
39142095
39142607
39143119
39143631
39144143
39139536
39140048
39140560
39141072
39141584
39142096
39142608
39143120
39143632
39144144
39139537
39140049
39140561
39141073
39141585
39142097
39142609
39143121
39143633
39144145
39139538
39140050
39140562
39141074
39141586
39142098
39142610
39143122
39143634
39144146
45154987
45155499
45156011
45156523
45157035
45157547
45158059
45158571
45159083
45159595
45154988
45155500
45156012
45156524
45157036
45157548
45158060
45158572
45159084
45159596
45154989
45155501
45156013
45156525
45157037
45157549
45158061
45158573
45159085
45159597
45154990
45155502
45156014
45156526
45157038
45157550
45158062
45158574
45159086
45159598
45154991
45155503
45156015
45156527
45157039
45157551
45158063
45158575
45159087
45159599
45154992
45155504
45156016
45156528
45157040
45157552
45158064
45158576
45159088
45159600
45154993
45155505
45156017
45156529
45157041
45157553
45158065
45158577
45159089
45159601
45154994
45155506
45156018
45156530
45157042
45157554
45158066
45158578
45159090
45159602
45154995
45155507
45156019
45156531
45157043
45157555
45158067
45158579
45159091
45159603
45154996
45155508
45156020
45156532
45157044
45157556
45158068
45158580
45159092
45159604
50946749
50947261
50947773
50948285
50948797
50949309
50949821
50950333
50950845
50951357
50946750
50947262
50947774
50948286
50948798
50949310
50949822
50950334
50950846
50951358
50946751
50947263
50947775
50948287
50948799
50949311
50949823
50950335
50950847
50951359
50946752
50947264
50947776
50948288
50948800
50949312
50949824
50950336
50950848
50951360
50946753
50947265
50947777
50948289
50948801
50949313
50949825
50950337
50950849
50951361
50946754
50947266
50947778
50948290
50948802
50949314
50949826
50950338
50950850
50951362
50946755
50947267
50947779
50948291
50948803
50949315
50949827
50950339
50950851
50951363
50946756
50947268
50947780
50948292
50948804
50949316
50949828
50950340
50950852
50951364
50946757
50947269
50947781
50948293
50948805
50949317
50949829
50950341
50950853
50951365
50946758
50947270
50947782
50948294
50948806
50949318
50949830
50950342
50950854
50951366
44102980
44103492
44104004
44104516
44105028
44105540
44106052
44106564
44107076
44107588
44102981
44103493
44104005
44104517
44105029
44105541
44106053
44106565
44107077
44107589
44102982
44103494
44104006
44104518
44105030
44105542
44106054
44106566
44107078
44107590
44102983
44103495
44104007
44104519
44105031
44105543
44106055
44106567
44107079
44107591
44102984
44103496
44104008
44104520
44105032
44105544
44106056
44106568
44107080
44107592
44102985
44103497
44104009
44104521
44105033
44105545
44106057
44106569
44107081
44107593
44102986
44103498
44104010
44104522
44105034
44105546
44106058
44106570
44107082
44107594
44102987
44103499
44104011
44104523
44105035
44105547
44106059
44106571
44107083
44107595
44102988
44103500
44104012
44104524
44105036
44105548
44106060
44106572
44107084
44107596
44102989
44103501
44104013
44104525
44105037
44105549
44106061
44106573
44107085
44107597
41489083
41489595
41490107
41490619
41491131
41491643
41492155
41492667
41493179
41493691
41489084
41489596
41490108
41490620
41491132
41491644
41492156
41492668
41493180
41493692
41489085
41489597
41490109
41490621
41491133
41491645
41492157
41492669
41493181
41493693
41489086
41489598
41490110
41490622
41491134
41491646
41492158
41492670
41493182
41493694
41489087
41489599
41490111
41490623
41491135
41491647
41492159
41492671
41493183
41493695
41489088
41489600
41490112
41490624
41491136
41491648
41492160
41492672
41493184
41493696
41489089
41489601
41490113
41490625
41491137
41491649
41492161
41492673
41493185
41493697
41489090
41489602
41490114
41490626
41491138
41491650
41492162
41492674
41493186
41493698
41489091
41489603
41490115
41490627
41491139
41491651
41492163
41492675
41493187
41493699
41489092
41489604
41490116
41490628
41491140
41491652
41492164
41492676
41493188
41493700
