47586439
47586951
47587463
47587975
47588487
47588999
47589511
47590023
47590535
47591047
47586440
47586952
47587464
47587976
47588488
47589000
47589512
47590024
47590536
47591048
47586441
47586953
47587465
47587977
47588489
47589001
47589513
47590025
47590537
47591049
47586442
47586954
47587466
47587978
47588490
47589002
47589514
47590026
47590538
47591050
47586443
47586955
47587467
47587979
47588491
47589003
47589515
47590027
47590539
47591051
47586444
47586956
47587468
47587980
47588492
47589004
47589516
47590028
47590540
47591052
47586445
47586957
47587469
47587981
47588493
47589005
47589517
47590029
47590541
47591053
47586446
47586958
47587470
47587982
47588494
47589006
47589518
47590030
47590542
47591054
47586447
47586959
47587471
47587983
47588495
47589007
47589519
47590031
47590543
47591055
47586448
47586960
47587472
47587984
47588496
47589008
47589520
47590032
47590544
47591056
44156574
44157086
44157598
44158110
44158622
44159134
44159646
44160158
44160670
44161182
44156575
44157087
44157599
44158111
44158623
44159135
44159647
44160159
44160671
44161183
44156576
44157088
44157600
44158112
44158624
44159136
44159648
44160160
44160672
44161184
44156577
44157089
44157601
44158113
44158625
44159137
44159649
44160161
44160673
44161185
44156578
44157090
44157602
44158114
44158626
44159138
44159650
44160162
44160674
44161186
44156579
44157091
44157603
44158115
44158627
44159139
44159651
44160163
44160675
44161187
44156580
44157092
44157604
44158116
44158628
44159140
44159652
44160164
44160676
44161188
44156581
44157093
44157605
44158117
44158629
44159141
44159653
44160165
44160677
44161189
44156582
44157094
44157606
44158118
44158630
44159142
44159654
44160166
44160678
44161190
44156583
44157095
44157607
44158119
44158631
44159143
44159655
44160167
44160679
44161191
52800202
52800714
52801226
52801738
52802250
52802762
52803274
52803786
52804298
52804810
52800203
52800715
52801227
52801739
52802251
52802763
52803275
52803787
52804299
52804811
52800204
52800716
52801228
52801740
52802252
52802764
52803276
52803788
52804300
52804812
52800205
52800717
52801229
52801741
52802253
52802765
52803277
52803789
52804301
52804813
52800206
52800718
52801230
52801742
52802254
52802766
52803278
52803790
52804302
52804814
52800207
52800719
52801231
52801743
52802255
52802767
52803279
52803791
52804303
52804815
52800208
52800720
52801232
52801744
52802256
52802768
52803280
52803792
52804304
52804816
52800209
52800721
52801233
52801745
52802257
52802769
52803281
52803793
52804305
52804817
52800210
52800722
52801234
52801746
52802258
52802770
52803282
52803794
52804306
52804818
52800211
52800723
52801235
52801747
52802259
52802771
52803283
52803795
52804307
52804819
47028495
47029007
47029519
47030031
47030543
47031055
47031567
47032079
47032591
47033103
47028496
47029008
47029520
47030032
47030544
47031056
47031568
47032080
47032592
47033104
47028497
47029009
47029521
47030033
47030545
47031057
47031569
47032081
47032593
47033105
47028498
47029010
47029522
47030034
47030546
47031058
47031570
47032082
47032594
47033106
47028499
47029011
47029523
47030035
47030547
47031059
47031571
47032083
47032595
47033107
47028500
47029012
47029524
47030036
47030548
47031060
47031572
47032084
47032596
47033108
47028501
47029013
47029525
47030037
47030549
47031061
47031573
47032085
47032597
47033109
47028502
47029014
47029526
47030038
47030550
47031062
47031574
47032086
47032598
47033110
47028503
47029015
47029527
47030039
47030551
47031063
47031575
47032087
47032599
47033111
47028504
47029016
47029528
47030040
47030552
47031064
47031576
47032088
47032600
47033112
50927861
50928373
50928885
50929397
50929909
50930421
50930933
50931445
50931957
50932469
50927862
50928374
50928886
50929398
50929910
50930422
50930934
50931446
50931958
50932470
50927863
50928375
50928887
50929399
50929911
50930423
50930935
50931447
50931959
50932471
50927864
50928376
50928888
50929400
50929912
50930424
50930936
50931448
50931960
50932472
50927865
50928377
50928889
50929401
50929913
50930425
50930937
50931449
50931961
50932473
50927866
50928378
50928890
50929402
50929914
50930426
50930938
50931450
50931962
50932474
50927867
50928379
50928891
50929403
50929915
50930427
50930939
50931451
50931963
50932475
50927868
50928380
50928892
50929404
50929916
50930428
50930940
50931452
50931964
50932476
50927869
50928381
50928893
50929405
50929917
50930429
50930941
50931453
50931965
50932477
50927870
50928382
50928894
50929406
50929918
50930430
50930942
50931454
50931966
50932478
48883911
48884423
48884935
48885447
48885959
48886471
48886983
48887495
48888007
48888519
48883912
48884424
48884936
48885448
48885960
48886472
48886984
48887496
48888008
48888520
48883913
48884425
48884937
48885449
48885961
48886473
48886985
48887497
48888009
48888521
48883914
48884426
48884938
48885450
48885962
48886474
48886986
48887498
48888010
48888522
48883915
48884427
48884939
48885451
48885963
48886475
48886987
48887499
48888011
48888523
48883916
48884428
48884940
48885452
48885964
48886476
48886988
48887500
48888012
48888524
48883917
48884429
48884941
48885453
48885965
48886477
48886989
48887501
48888013
48888525
48883918
48884430
48884942
48885454
48885966
48886478
48886990
48887502
48888014
48888526
48883919
48884431
48884943
48885455
48885967
48886479
48886991
48887503
48888015
48888527
48883920
48884432
48884944
48885456
48885968
48886480
48886992
48887504
48888016
48888528
53578466
53578978
53579490
53580002
53580514
53581026
53581538
53582050
53582562
53583074
53578467
53578979
53579491
53580003
53580515
53581027
53581539
53582051
53582563
53583075
53578468
53578980
53579492
53580004
53580516
53581028
53581540
53582052
53582564
53583076
53578469
53578981
53579493
53580005
53580517
53581029
53581541
53582053
53582565
53583077
53578470
53578982
53579494
53580006
53580518
53581030
53581542
53582054
53582566
53583078
53578471
53578983
53579495
53580007
53580519
53581031
53581543
53582055
53582567
53583079
53578472
53578984
53579496
53580008
53580520
53581032
53581544
53582056
53582568
53583080
53578473
53578985
53579497
53580009
53580521
53581033
53581545
53582057
53582569
53583081
53578474
53578986
53579498
53580010
53580522
53581034
53581546
53582058
53582570
53583082
53578475
53578987
53579499
53580011
53580523
53581035
53581547
53582059
53582571
53583083
47291648
47292160
47292672
47293184
47293696
47294208
47294720
47295232
47295744
47296256
47291649
47292161
47292673
47293185
47293697
47294209
47294721
47295233
47295745
47296257
47291650
47292162
47292674
47293186
47293698
47294210
47294722
47295234
47295746
47296258
47291651
47292163
47292675
47293187
47293699
47294211
47294723
47295235
47295747
47296259
47291652
47292164
47292676
47293188
47293700
47294212
47294724
47295236
47295748
47296260
47291653
47292165
47292677
47293189
47293701
47294213
47294725
47295237
47295749
47296261
47291654
47292166
47292678
47293190
47293702
47294214
47294726
47295238
47295750
47296262
47291655
47292167
47292679
47293191
47293703
47294215
47294727
47295239
47295751
47296263
47291656
47292168
47292680
47293192
47293704
47294216
47294728
47295240
47295752
47296264
47291657
47292169
47292681
47293193
47293705
47294217
47294729
47295241
47295753
47296265
48103627
48104139
48104651
48105163
48105675
48106187
48106699
48107211
48107723
48108235
48103628
48104140
48104652
48105164
48105676
48106188
48106700
48107212
48107724
48108236
48103629
48104141
48104653
48105165
48105677
48106189
48106701
48107213
48107725
48108237
48103630
48104142
48104654
48105166
48105678
48106190
48106702
48107214
48107726
48108238
48103631
48104143
48104655
48105167
48105679
48106191
48106703
48107215
48107727
48108239
48103632
48104144
48104656
48105168
48105680
48106192
48106704
48107216
48107728
48108240
48103633
48104145
48104657
48105169
48105681
48106193
48106705
48107217
48107729
48108241
48103634
48104146
48104658
48105170
48105682
48106194
48106706
48107218
48107730
48108242
48103635
48104147
48104659
48105171
48105683
48106195
48106707
48107219
48107731
48108243
48103636
48104148
48104660
48105172
48105684
48106196
48106708
48107220
48107732
48108244
47802070
47802582
47803094
47803606
47804118
47804630
47805142
47805654
47806166
47806678
47802071
47802583
47803095
47803607
47804119
47804631
47805143
47805655
47806167
47806679
47802072
47802584
47803096
47803608
47804120
47804632
47805144
47805656
47806168
47806680
47802073
47802585
47803097
47803609
47804121
47804633
47805145
47805657
47806169
47806681
47802074
47802586
47803098
47803610
47804122
47804634
47805146
47805658
47806170
47806682
47802075
47802587
47803099
47803611
47804123
47804635
47805147
47805659
47806171
47806683
47802076
47802588
47803100
47803612
47804124
47804636
47805148
47805660
47806172
47806684
47802077
47802589
47803101
47803613
47804125
47804637
47805149
47805661
47806173
47806685
47802078
47802590
47803102
47803614
47804126
47804638
47805150
47805662
47806174
47806686
47802079
47802591
47803103
47803615
47804127
47804639
47805151
47805663
47806175
47806687
45444775
45445287
45445799
45446311
45446823
45447335
45447847
45448359
45448871
45449383
45444776
45445288
45445800
45446312
45446824
45447336
45447848
45448360
45448872
45449384
45444777
45445289
45445801
45446313
45446825
45447337
45447849
45448361
45448873
45449385
45444778
45445290
45445802
45446314
45446826
45447338
45447850
45448362
45448874
45449386
45444779
45445291
45445803
45446315
45446827
45447339
45447851
45448363
45448875
45449387
45444780
45445292
45445804
45446316
45446828
45447340
45447852
45448364
45448876
45449388
45444781
45445293
45445805
45446317
45446829
45447341
45447853
45448365
45448877
45449389
45444782
45445294
45445806
45446318
45446830
45447342
45447854
45448366
45448878
45449390
45444783
45445295
45445807
45446319
45446831
45447343
45447855
45448367
45448879
45449391
45444784
45445296
45445808
45446320
45446832
45447344
45447856
45448368
45448880
45449392
51436782
51437294
51437806
51438318
51438830
51439342
51439854
51440366
51440878
51441390
51436783
51437295
51437807
51438319
51438831
51439343
51439855
51440367
51440879
51441391
51436784
51437296
51437808
51438320
51438832
51439344
51439856
51440368
51440880
51441392
51436785
51437297
51437809
51438321
51438833
51439345
51439857
51440369
51440881
51441393
51436786
51437298
51437810
51438322
51438834
51439346
51439858
51440370
51440882
51441394
51436787
51437299
51437811
51438323
51438835
51439347
51439859
51440371
51440883
51441395
51436788
51437300
51437812
51438324
51438836
51439348
51439860
51440372
51440884
51441396
51436789
51437301
51437813
51438325
51438837
51439349
51439861
51440373
51440885
51441397
51436790
51437302
51437814
51438326
51438838
51439350
51439862
51440374
51440886
51441398
51436791
51437303
51437815
51438327
51438839
51439351
51439863
51440375
51440887
51441399
52756177
52756689
52757201
52757713
52758225
52758737
52759249
52759761
52760273
52760785
52756178
52756690
52757202
52757714
52758226
52758738
52759250
52759762
52760274
52760786
52756179
52756691
52757203
52757715
52758227
52758739
52759251
52759763
52760275
52760787
52756180
52756692
52757204
52757716
52758228
52758740
52759252
52759764
52760276
52760788
52756181
52756693
52757205
52757717
52758229
52758741
52759253
52759765
52760277
52760789
52756182
52756694
52757206
52757718
52758230
52758742
52759254
52759766
52760278
52760790
52756183
52756695
52757207
52757719
52758231
52758743
52759255
52759767
52760279
52760791
52756184
52756696
52757208
52757720
52758232
52758744
52759256
52759768
52760280
52760792
52756185
52756697
52757209
52757721
52758233
52758745
52759257
52759769
52760281
52760793
52756186
52756698
52757210
52757722
52758234
52758746
52759258
52759770
52760282
52760794
47765704
47766216
47766728
47767240
47767752
47768264
47768776
47769288
47769800
47770312
47765705
47766217
47766729
47767241
47767753
47768265
47768777
47769289
47769801
47770313
47765706
47766218
47766730
47767242
47767754
47768266
47768778
47769290
47769802
47770314
47765707
47766219
47766731
47767243
47767755
47768267
47768779
47769291
47769803
47770315
47765708
47766220
47766732
47767244
47767756
47768268
47768780
47769292
47769804
47770316
47765709
47766221
47766733
47767245
47767757
47768269
47768781
47769293
47769805
47770317
47765710
47766222
47766734
47767246
47767758
47768270
47768782
47769294
47769806
47770318
47765711
47766223
47766735
47767247
47767759
47768271
47768783
47769295
47769807
47770319
47765712
47766224
47766736
47767248
47767760
47768272
47768784
47769296
47769808
47770320
47765713
47766225
47766737
47767249
47767761
47768273
47768785
47769297
47769809
47770321
44910366
44910878
44911390
44911902
44912414
44912926
44913438
44913950
44914462
44914974
44910367
44910879
44911391
44911903
44912415
44912927
44913439
44913951
44914463
44914975
44910368
44910880
44911392
44911904
44912416
44912928
44913440
44913952
44914464
44914976
44910369
44910881
44911393
44911905
44912417
44912929
44913441
44913953
44914465
44914977
44910370
44910882
44911394
44911906
44912418
44912930
44913442
44913954
44914466
44914978
44910371
44910883
44911395
44911907
44912419
44912931
44913443
44913955
44914467
44914979
44910372
44910884
44911396
44911908
44912420
44912932
44913444
44913956
44914468
44914980
44910373
44910885
44911397
44911909
44912421
44912933
44913445
44913957
44914469
44914981
44910374
44910886
44911398
44911910
44912422
44912934
44913446
44913958
44914470
44914982
44910375
44910887
44911399
44911911
44912423
44912935
44913447
44913959
44914471
44914983
35711731
35712243
35712755
35713267
35713779
35714291
35714803
35715315
35715827
35716339
35711732
35712244
35712756
35713268
35713780
35714292
35714804
35715316
35715828
35716340
35711733
35712245
35712757
35713269
35713781
35714293
35714805
35715317
35715829
35716341
35711734
35712246
35712758
35713270
35713782
35714294
35714806
35715318
35715830
35716342
35711735
35712247
35712759
35713271
35713783
35714295
35714807
35715319
35715831
35716343
35711736
35712248
35712760
35713272
35713784
35714296
35714808
35715320
35715832
35716344
35711737
35712249
35712761
35713273
35713785
35714297
35714809
35715321
35715833
35716345
35711738
35712250
35712762
35713274
35713786
35714298
35714810
35715322
35715834
35716346
35711739
35712251
35712763
35713275
35713787
35714299
35714811
35715323
35715835
35716347
35711740
35712252
35712764
35713276
35713788
35714300
35714812
35715324
35715836
35716348
41498395
41498907
41499419
41499931
41500443
41500955
41501467
41501979
41502491
41503003
41498396
41498908
41499420
41499932
41500444
41500956
41501468
41501980
41502492
41503004
41498397
41498909
41499421
41499933
41500445
41500957
41501469
41501981
41502493
41503005
41498398
41498910
41499422
41499934
41500446
41500958
41501470
41501982
41502494
41503006
41498399
41498911
41499423
41499935
41500447
41500959
41501471
41501983
41502495
41503007
41498400
41498912
41499424
41499936
41500448
41500960
41501472
41501984
41502496
41503008
41498401
41498913
41499425
41499937
41500449
41500961
41501473
41501985
41502497
41503009
41498402
41498914
41499426
41499938
41500450
41500962
41501474
41501986
41502498
41503010
41498403
41498915
41499427
41499939
41500451
41500963
41501475
41501987
41502499
41503011
41498404
41498916
41499428
41499940
41500452
41500964
41501476
41501988
41502500
41503012
53034741
53035253
53035765
53036277
53036789
53037301
53037813
53038325
53038837
53039349
53034742
53035254
53035766
53036278
53036790
53037302
53037814
53038326
53038838
53039350
53034743
53035255
53035767
53036279
53036791
53037303
53037815
53038327
53038839
53039351
53034744
53035256
53035768
53036280
53036792
53037304
53037816
53038328
53038840
53039352
53034745
53035257
53035769
53036281
53036793
53037305
53037817
53038329
53038841
53039353
53034746
53035258
53035770
53036282
53036794
53037306
53037818
53038330
53038842
53039354
53034747
53035259
53035771
53036283
53036795
53037307
53037819
53038331
53038843
53039355
53034748
53035260
53035772
53036284
53036796
53037308
53037820
53038332
53038844
53039356
53034749
53035261
53035773
53036285
53036797
53037309
53037821
53038333
53038845
53039357
53034750
53035262
53035774
53036286
53036798
53037310
53037822
53038334
53038846
53039358
50943228
50943740
50944252
50944764
50945276
50945788
50946300
50946812
50947324
50947836
50943229
50943741
50944253
50944765
50945277
50945789
50946301
50946813
50947325
50947837
50943230
50943742
50944254
50944766
50945278
50945790
50946302
50946814
50947326
50947838
50943231
50943743
50944255
50944767
50945279
50945791
50946303
50946815
50947327
50947839
50943232
50943744
50944256
50944768
50945280
50945792
50946304
50946816
50947328
50947840
50943233
50943745
50944257
50944769
50945281
50945793
50946305
50946817
50947329
50947841
50943234
50943746
50944258
50944770
50945282
50945794
50946306
50946818
50947330
50947842
50943235
50943747
50944259
50944771
50945283
50945795
50946307
50946819
50947331
50947843
50943236
50943748
50944260
50944772
50945284
50945796
50946308
50946820
50947332
50947844
50943237
50943749
50944261
50944773
50945285
50945797
50946309
50946821
50947333
50947845
40432351
40432863
40433375
40433887
40434399
40434911
40435423
40435935
40436447
40436959
40432352
40432864
40433376
40433888
40434400
40434912
40435424
40435936
40436448
40436960
40432353
40432865
40433377
40433889
40434401
40434913
40435425
40435937
40436449
40436961
40432354
40432866
40433378
40433890
40434402
40434914
40435426
40435938
40436450
40436962
40432355
40432867
40433379
40433891
40434403
40434915
40435427
40435939
40436451
40436963
40432356
40432868
40433380
40433892
40434404
40434916
40435428
40435940
40436452
40436964
40432357
40432869
40433381
40433893
40434405
40434917
40435429
40435941
40436453
40436965
40432358
40432870
40433382
40433894
40434406
40434918
40435430
40435942
40436454
40436966
40432359
40432871
40433383
40433895
40434407
40434919
40435431
40435943
40436455
40436967
40432360
40432872
40433384
40433896
40434408
40434920
40435432
40435944
40436456
40436968
35456235
35456747
35457259
35457771
35458283
35458795
35459307
35459819
35460331
35460843
35456236
35456748
35457260
35457772
35458284
35458796
35459308
35459820
35460332
35460844
35456237
35456749
35457261
35457773
35458285
35458797
35459309
35459821
35460333
35460845
35456238
35456750
35457262
35457774
35458286
35458798
35459310
35459822
35460334
35460846
35456239
35456751
35457263
35457775
35458287
35458799
35459311
35459823
35460335
35460847
35456240
35456752
35457264
35457776
35458288
35458800
35459312
35459824
35460336
35460848
35456241
35456753
35457265
35457777
35458289
35458801
35459313
35459825
35460337
35460849
35456242
35456754
35457266
35457778
35458290
35458802
35459314
35459826
35460338
35460850
35456243
35456755
35457267
35457779
35458291
35458803
35459315
35459827
35460339
35460851
35456244
35456756
35457268
35457780
35458292
35458804
35459316
35459828
35460340
35460852
44356304
44356816
44357328
44357840
44358352
44358864
44359376
44359888
44360400
44360912
44356305
44356817
44357329
44357841
44358353
44358865
44359377
44359889
44360401
44360913
44356306
44356818
44357330
44357842
44358354
44358866
44359378
44359890
44360402
44360914
44356307
44356819
44357331
44357843
44358355
44358867
44359379
44359891
44360403
44360915
44356308
44356820
44357332
44357844
44358356
44358868
44359380
44359892
44360404
44360916
44356309
44356821
44357333
44357845
44358357
44358869
44359381
44359893
44360405
44360917
44356310
44356822
44357334
44357846
44358358
44358870
44359382
44359894
44360406
44360918
44356311
44356823
44357335
44357847
44358359
44358871
44359383
44359895
44360407
44360919
44356312
44356824
44357336
44357848
44358360
44358872
44359384
44359896
44360408
44360920
44356313
44356825
44357337
44357849
44358361
44358873
44359385
44359897
44360409
44360921
48851727
48852239
48852751
48853263
48853775
48854287
48854799
48855311
48855823
48856335
48851728
48852240
48852752
48853264
48853776
48854288
48854800
48855312
48855824
48856336
48851729
48852241
48852753
48853265
48853777
48854289
48854801
48855313
48855825
48856337
48851730
48852242
48852754
48853266
48853778
48854290
48854802
48855314
48855826
48856338
48851731
48852243
48852755
48853267
48853779
48854291
48854803
48855315
48855827
48856339
48851732
48852244
48852756
48853268
48853780
48854292
48854804
48855316
48855828
48856340
48851733
48852245
48852757
48853269
48853781
48854293
48854805
48855317
48855829
48856341
48851734
48852246
48852758
48853270
48853782
48854294
48854806
48855318
48855830
48856342
48851735
48852247
48852759
48853271
48853783
48854295
48854807
48855319
48855831
48856343
48851736
48852248
48852760
48853272
48853784
48854296
48854808
48855320
48855832
48856344
45968564
45969076
45969588
45970100
45970612
45971124
45971636
45972148
45972660
45973172
45968565
45969077
45969589
45970101
45970613
45971125
45971637
45972149
45972661
45973173
45968566
45969078
45969590
45970102
45970614
45971126
45971638
45972150
45972662
45973174
45968567
45969079
45969591
45970103
45970615
45971127
45971639
45972151
45972663
45973175
45968568
45969080
45969592
45970104
45970616
45971128
45971640
45972152
45972664
45973176
45968569
45969081
45969593
45970105
45970617
45971129
45971641
45972153
45972665
45973177
45968570
45969082
45969594
45970106
45970618
45971130
45971642
45972154
45972666
45973178
45968571
45969083
45969595
45970107
45970619
45971131
45971643
45972155
45972667
45973179
45968572
45969084
45969596
45970108
45970620
45971132
45971644
45972156
45972668
45973180
45968573
45969085
45969597
45970109
45970621
45971133
45971645
45972157
45972669
45973181
48328367
48328879
48329391
48329903
48330415
48330927
48331439
48331951
48332463
48332975
48328368
48328880
48329392
48329904
48330416
48330928
48331440
48331952
48332464
48332976
48328369
48328881
48329393
48329905
48330417
48330929
48331441
48331953
48332465
48332977
48328370
48328882
48329394
48329906
48330418
48330930
48331442
48331954
48332466
48332978
48328371
48328883
48329395
48329907
48330419
48330931
48331443
48331955
48332467
48332979
48328372
48328884
48329396
48329908
48330420
48330932
48331444
48331956
48332468
48332980
48328373
48328885
48329397
48329909
48330421
48330933
48331445
48331957
48332469
48332981
48328374
48328886
48329398
48329910
48330422
48330934
48331446
48331958
48332470
48332982
48328375
48328887
48329399
48329911
48330423
48330935
48331447
48331959
48332471
48332983
48328376
48328888
48329400
48329912
48330424
48330936
48331448
48331960
48332472
48332984
44633380
44633892
44634404
44634916
44635428
44635940
44636452
44636964
44637476
44637988
44633381
44633893
44634405
44634917
44635429
44635941
44636453
44636965
44637477
44637989
44633382
44633894
44634406
44634918
44635430
44635942
44636454
44636966
44637478
44637990
44633383
44633895
44634407
44634919
44635431
44635943
44636455
44636967
44637479
44637991
44633384
44633896
44634408
44634920
44635432
44635944
44636456
44636968
44637480
44637992
44633385
44633897
44634409
44634921
44635433
44635945
44636457
44636969
44637481
44637993
44633386
44633898
44634410
44634922
44635434
44635946
44636458
44636970
44637482
44637994
44633387
44633899
44634411
44634923
44635435
44635947
44636459
44636971
44637483
44637995
44633388
44633900
44634412
44634924
44635436
44635948
44636460
44636972
44637484
44637996
44633389
44633901
44634413
44634925
44635437
44635949
44636461
44636973
44637485
44637997
49621182
49621694
49622206
49622718
49623230
49623742
49624254
49624766
49625278
49625790
49621183
49621695
49622207
49622719
49623231
49623743
49624255
49624767
49625279
49625791
49621184
49621696
49622208
49622720
49623232
49623744
49624256
49624768
49625280
49625792
49621185
49621697
49622209
49622721
49623233
49623745
49624257
49624769
49625281
49625793
49621186
49621698
49622210
49622722
49623234
49623746
49624258
49624770
49625282
49625794
49621187
49621699
49622211
49622723
49623235
49623747
49624259
49624771
49625283
49625795
49621188
49621700
49622212
49622724
49623236
49623748
49624260
49624772
49625284
49625796
49621189
49621701
49622213
49622725
49623237
49623749
49624261
49624773
49625285
49625797
49621190
49621702
49622214
49622726
49623238
49623750
49624262
49624774
49625286
49625798
49621191
49621703
49622215
49622727
49623239
49623751
49624263
49624775
49625287
49625799
47248151
47248663
47249175
47249687
47250199
47250711
47251223
47251735
47252247
47252759
47248152
47248664
47249176
47249688
47250200
47250712
47251224
47251736
47252248
47252760
47248153
47248665
47249177
47249689
47250201
47250713
47251225
47251737
47252249
47252761
47248154
47248666
47249178
47249690
47250202
47250714
47251226
47251738
47252250
47252762
47248155
47248667
47249179
47249691
47250203
47250715
47251227
47251739
47252251
47252763
47248156
47248668
47249180
47249692
47250204
47250716
47251228
47251740
47252252
47252764
47248157
47248669
47249181
47249693
47250205
47250717
47251229
47251741
47252253
47252765
47248158
47248670
47249182
47249694
47250206
47250718
47251230
47251742
47252254
47252766
47248159
47248671
47249183
47249695
47250207
47250719
47251231
47251743
47252255
47252767
47248160
47248672
47249184
47249696
47250208
47250720
47251232
47251744
47252256
47252768
48081088
48081600
48082112
48082624
48083136
48083648
48084160
48084672
48085184
48085696
48081089
48081601
48082113
48082625
48083137
48083649
48084161
48084673
48085185
48085697
48081090
48081602
48082114
48082626
48083138
48083650
48084162
48084674
48085186
48085698
48081091
48081603
48082115
48082627
48083139
48083651
48084163
48084675
48085187
48085699
48081092
48081604
48082116
48082628
48083140
48083652
48084164
48084676
48085188
48085700
48081093
48081605
48082117
48082629
48083141
48083653
48084165
48084677
48085189
48085701
48081094
48081606
48082118
48082630
48083142
48083654
48084166
48084678
48085190
48085702
48081095
48081607
48082119
48082631
48083143
48083655
48084167
48084679
48085191
48085703
48081096
48081608
48082120
48082632
48083144
48083656
48084168
48084680
48085192
48085704
48081097
48081609
48082121
48082633
48083145
48083657
48084169
48084681
48085193
48085705
43054371
43054883
43055395
43055907
43056419
43056931
43057443
43057955
43058467
43058979
43054372
43054884
43055396
43055908
43056420
43056932
43057444
43057956
43058468
43058980
43054373
43054885
43055397
43055909
43056421
43056933
43057445
43057957
43058469
43058981
43054374
43054886
43055398
43055910
43056422
43056934
43057446
43057958
43058470
43058982
43054375
43054887
43055399
43055911
43056423
43056935
43057447
43057959
43058471
43058983
43054376
43054888
43055400
43055912
43056424
43056936
43057448
43057960
43058472
43058984
43054377
43054889
43055401
43055913
43056425
43056937
43057449
43057961
43058473
43058985
43054378
43054890
43055402
43055914
43056426
43056938
43057450
43057962
43058474
43058986
43054379
43054891
43055403
43055915
43056427
43056939
43057451
43057963
43058475
43058987
43054380
43054892
43055404
43055916
43056428
43056940
43057452
43057964
43058476
43058988
