45415639
45416151
45416663
45417175
45417687
45418199
45418711
45419223
45419735
45420247
45415640
45416152
45416664
45417176
45417688
45418200
45418712
45419224
45419736
45420248
45415641
45416153
45416665
45417177
45417689
45418201
45418713
45419225
45419737
45420249
45415642
45416154
45416666
45417178
45417690
45418202
45418714
45419226
45419738
45420250
45415643
45416155
45416667
45417179
45417691
45418203
45418715
45419227
45419739
45420251
45415644
45416156
45416668
45417180
45417692
45418204
45418716
45419228
45419740
45420252
45415645
45416157
45416669
45417181
45417693
45418205
45418717
45419229
45419741
45420253
45415646
45416158
45416670
45417182
45417694
45418206
45418718
45419230
45419742
45420254
45415647
45416159
45416671
45417183
45417695
45418207
45418719
45419231
45419743
45420255
45415648
45416160
45416672
45417184
45417696
45418208
45418720
45419232
45419744
45420256
46492396
46492908
46493420
46493932
46494444
46494956
46495468
46495980
46496492
46497004
46492397
46492909
46493421
46493933
46494445
46494957
46495469
46495981
46496493
46497005
46492398
46492910
46493422
46493934
46494446
46494958
46495470
46495982
46496494
46497006
46492399
46492911
46493423
46493935
46494447
46494959
46495471
46495983
46496495
46497007
46492400
46492912
46493424
46493936
46494448
46494960
46495472
46495984
46496496
46497008
46492401
46492913
46493425
46493937
46494449
46494961
46495473
46495985
46496497
46497009
46492402
46492914
46493426
46493938
46494450
46494962
46495474
46495986
46496498
46497010
46492403
46492915
46493427
46493939
46494451
46494963
46495475
46495987
46496499
46497011
46492404
46492916
46493428
46493940
46494452
46494964
46495476
46495988
46496500
46497012
46492405
46492917
46493429
46493941
46494453
46494965
46495477
46495989
46496501
46497013
49664653
49665165
49665677
49666189
49666701
49667213
49667725
49668237
49668749
49669261
49664654
49665166
49665678
49666190
49666702
49667214
49667726
49668238
49668750
49669262
49664655
49665167
49665679
49666191
49666703
49667215
49667727
49668239
49668751
49669263
49664656
49665168
49665680
49666192
49666704
49667216
49667728
49668240
49668752
49669264
49664657
49665169
49665681
49666193
49666705
49667217
49667729
49668241
49668753
49669265
49664658
49665170
49665682
49666194
49666706
49667218
49667730
49668242
49668754
49669266
49664659
49665171
49665683
49666195
49666707
49667219
49667731
49668243
49668755
49669267
49664660
49665172
49665684
49666196
49666708
49667220
49667732
49668244
49668756
49669268
49664661
49665173
49665685
49666197
49666709
49667221
49667733
49668245
49668757
49669269
49664662
49665174
49665686
49666198
49666710
49667222
49667734
49668246
49668758
49669270
46209280
46209792
46210304
46210816
46211328
46211840
46212352
46212864
46213376
46213888
46209281
46209793
46210305
46210817
46211329
46211841
46212353
46212865
46213377
46213889
46209282
46209794
46210306
46210818
46211330
46211842
46212354
46212866
46213378
46213890
46209283
46209795
46210307
46210819
46211331
46211843
46212355
46212867
46213379
46213891
46209284
46209796
46210308
46210820
46211332
46211844
46212356
46212868
46213380
46213892
46209285
46209797
46210309
46210821
46211333
46211845
46212357
46212869
46213381
46213893
46209286
46209798
46210310
46210822
46211334
46211846
46212358
46212870
46213382
46213894
46209287
46209799
46210311
46210823
46211335
46211847
46212359
46212871
46213383
46213895
46209288
46209800
46210312
46210824
46211336
46211848
46212360
46212872
46213384
46213896
46209289
46209801
46210313
46210825
46211337
46211849
46212361
46212873
46213385
46213897
47495433
47495945
47496457
47496969
47497481
47497993
47498505
47499017
47499529
47500041
47495434
47495946
47496458
47496970
47497482
47497994
47498506
47499018
47499530
47500042
47495435
47495947
47496459
47496971
47497483
47497995
47498507
47499019
47499531
47500043
47495436
47495948
47496460
47496972
47497484
47497996
47498508
47499020
47499532
47500044
47495437
47495949
47496461
47496973
47497485
47497997
47498509
47499021
47499533
47500045
47495438
47495950
47496462
47496974
47497486
47497998
47498510
47499022
47499534
47500046
47495439
47495951
47496463
47496975
47497487
47497999
47498511
47499023
47499535
47500047
47495440
47495952
47496464
47496976
47497488
47498000
47498512
47499024
47499536
47500048
47495441
47495953
47496465
47496977
47497489
47498001
47498513
47499025
47499537
47500049
47495442
47495954
47496466
47496978
47497490
47498002
47498514
47499026
47499538
47500050
48819425
48819937
48820449
48820961
48821473
48821985
48822497
48823009
48823521
48824033
48819426
48819938
48820450
48820962
48821474
48821986
48822498
48823010
48823522
48824034
48819427
48819939
48820451
48820963
48821475
48821987
48822499
48823011
48823523
48824035
48819428
48819940
48820452
48820964
48821476
48821988
48822500
48823012
48823524
48824036
48819429
48819941
48820453
48820965
48821477
48821989
48822501
48823013
48823525
48824037
48819430
48819942
48820454
48820966
48821478
48821990
48822502
48823014
48823526
48824038
48819431
48819943
48820455
48820967
48821479
48821991
48822503
48823015
48823527
48824039
48819432
48819944
48820456
48820968
48821480
48821992
48822504
48823016
48823528
48824040
48819433
48819945
48820457
48820969
48821481
48821993
48822505
48823017
48823529
48824041
48819434
48819946
48820458
48820970
48821482
48821994
48822506
48823018
48823530
48824042
39925019
39925531
39926043
39926555
39927067
39927579
39928091
39928603
39929115
39929627
39925020
39925532
39926044
39926556
39927068
39927580
39928092
39928604
39929116
39929628
39925021
39925533
39926045
39926557
39927069
39927581
39928093
39928605
39929117
39929629
39925022
39925534
39926046
39926558
39927070
39927582
39928094
39928606
39929118
39929630
39925023
39925535
39926047
39926559
39927071
39927583
39928095
39928607
39929119
39929631
39925024
39925536
39926048
39926560
39927072
39927584
39928096
39928608
39929120
39929632
39925025
39925537
39926049
39926561
39927073
39927585
39928097
39928609
39929121
39929633
39925026
39925538
39926050
39926562
39927074
39927586
39928098
39928610
39929122
39929634
39925027
39925539
39926051
39926563
39927075
39927587
39928099
39928611
39929123
39929635
39925028
39925540
39926052
39926564
39927076
39927588
39928100
39928612
39929124
39929636
49631922
49632434
49632946
49633458
49633970
49634482
49634994
49635506
49636018
49636530
49631923
49632435
49632947
49633459
49633971
49634483
49634995
49635507
49636019
49636531
49631924
49632436
49632948
49633460
49633972
49634484
49634996
49635508
49636020
49636532
49631925
49632437
49632949
49633461
49633973
49634485
49634997
49635509
49636021
49636533
49631926
49632438
49632950
49633462
49633974
49634486
49634998
49635510
49636022
49636534
49631927
49632439
49632951
49633463
49633975
49634487
49634999
49635511
49636023
49636535
49631928
49632440
49632952
49633464
49633976
49634488
49635000
49635512
49636024
49636536
49631929
49632441
49632953
49633465
49633977
49634489
49635001
49635513
49636025
49636537
49631930
49632442
49632954
49633466
49633978
49634490
49635002
49635514
49636026
49636538
49631931
49632443
49632955
49633467
49633979
49634491
49635003
49635515
49636027
49636539
46535840
46536352
46536864
46537376
46537888
46538400
46538912
46539424
46539936
46540448
46535841
46536353
46536865
46537377
46537889
46538401
46538913
46539425
46539937
46540449
46535842
46536354
46536866
46537378
46537890
46538402
46538914
46539426
46539938
46540450
46535843
46536355
46536867
46537379
46537891
46538403
46538915
46539427
46539939
46540451
46535844
46536356
46536868
46537380
46537892
46538404
46538916
46539428
46539940
46540452
46535845
46536357
46536869
46537381
46537893
46538405
46538917
46539429
46539941
46540453
46535846
46536358
46536870
46537382
46537894
46538406
46538918
46539430
46539942
46540454
46535847
46536359
46536871
46537383
46537895
46538407
46538919
46539431
46539943
46540455
46535848
46536360
46536872
46537384
46537896
46538408
46538920
46539432
46539944
46540456
46535849
46536361
46536873
46537385
46537897
46538409
46538921
46539433
46539945
46540457
45165280
45165792
45166304
45166816
45167328
45167840
45168352
45168864
45169376
45169888
45165281
45165793
45166305
45166817
45167329
45167841
45168353
45168865
45169377
45169889
45165282
45165794
45166306
45166818
45167330
45167842
45168354
45168866
45169378
45169890
45165283
45165795
45166307
45166819
45167331
45167843
45168355
45168867
45169379
45169891
45165284
45165796
45166308
45166820
45167332
45167844
45168356
45168868
45169380
45169892
45165285
45165797
45166309
45166821
45167333
45167845
45168357
45168869
45169381
45169893
45165286
45165798
45166310
45166822
45167334
45167846
45168358
45168870
45169382
45169894
45165287
45165799
45166311
45166823
45167335
45167847
45168359
45168871
45169383
45169895
45165288
45165800
45166312
45166824
45167336
45167848
45168360
45168872
45169384
45169896
45165289
45165801
45166313
45166825
45167337
45167849
45168361
45168873
45169385
45169897
50968805
50969317
50969829
50970341
50970853
50971365
50971877
50972389
50972901
50973413
50968806
50969318
50969830
50970342
50970854
50971366
50971878
50972390
50972902
50973414
50968807
50969319
50969831
50970343
50970855
50971367
50971879
50972391
50972903
50973415
50968808
50969320
50969832
50970344
50970856
50971368
50971880
50972392
50972904
50973416
50968809
50969321
50969833
50970345
50970857
50971369
50971881
50972393
50972905
50973417
50968810
50969322
50969834
50970346
50970858
50971370
50971882
50972394
50972906
50973418
50968811
50969323
50969835
50970347
50970859
50971371
50971883
50972395
50972907
50973419
50968812
50969324
50969836
50970348
50970860
50971372
50971884
50972396
50972908
50973420
50968813
50969325
50969837
50970349
50970861
50971373
50971885
50972397
50972909
50973421
50968814
50969326
50969838
50970350
50970862
50971374
50971886
50972398
50972910
50973422
50661125
50661637
50662149
50662661
50663173
50663685
50664197
50664709
50665221
50665733
50661126
50661638
50662150
50662662
50663174
50663686
50664198
50664710
50665222
50665734
50661127
50661639
50662151
50662663
50663175
50663687
50664199
50664711
50665223
50665735
50661128
50661640
50662152
50662664
50663176
50663688
50664200
50664712
50665224
50665736
50661129
50661641
50662153
50662665
50663177
50663689
50664201
50664713
50665225
50665737
50661130
50661642
50662154
50662666
50663178
50663690
50664202
50664714
50665226
50665738
50661131
50661643
50662155
50662667
50663179
50663691
50664203
50664715
50665227
50665739
50661132
50661644
50662156
50662668
50663180
50663692
50664204
50664716
50665228
50665740
50661133
50661645
50662157
50662669
50663181
50663693
50664205
50664717
50665229
50665741
50661134
50661646
50662158
50662670
50663182
50663694
50664206
50664718
50665230
50665742
49656991
49657503
49658015
49658527
49659039
49659551
49660063
49660575
49661087
49661599
49656992
49657504
49658016
49658528
49659040
49659552
49660064
49660576
49661088
49661600
49656993
49657505
49658017
49658529
49659041
49659553
49660065
49660577
49661089
49661601
49656994
49657506
49658018
49658530
49659042
49659554
49660066
49660578
49661090
49661602
49656995
49657507
49658019
49658531
49659043
49659555
49660067
49660579
49661091
49661603
49656996
49657508
49658020
49658532
49659044
49659556
49660068
49660580
49661092
49661604
49656997
49657509
49658021
49658533
49659045
49659557
49660069
49660581
49661093
49661605
49656998
49657510
49658022
49658534
49659046
49659558
49660070
49660582
49661094
49661606
49656999
49657511
49658023
49658535
49659047
49659559
49660071
49660583
49661095
49661607
49657000
49657512
49658024
49658536
49659048
49659560
49660072
49660584
49661096
49661608
50209939
50210451
50210963
50211475
50211987
50212499
50213011
50213523
50214035
50214547
50209940
50210452
50210964
50211476
50211988
50212500
50213012
50213524
50214036
50214548
50209941
50210453
50210965
50211477
50211989
50212501
50213013
50213525
50214037
50214549
50209942
50210454
50210966
50211478
50211990
50212502
50213014
50213526
50214038
50214550
50209943
50210455
50210967
50211479
50211991
50212503
50213015
50213527
50214039
50214551
50209944
50210456
50210968
50211480
50211992
50212504
50213016
50213528
50214040
50214552
50209945
50210457
50210969
50211481
50211993
50212505
50213017
50213529
50214041
50214553
50209946
50210458
50210970
50211482
50211994
50212506
50213018
50213530
50214042
50214554
50209947
50210459
50210971
50211483
50211995
50212507
50213019
50213531
50214043
50214555
50209948
50210460
50210972
50211484
50211996
50212508
50213020
50213532
50214044
50214556
44909351
44909863
44910375
44910887
44911399
44911911
44912423
44912935
44913447
44913959
44909352
44909864
44910376
44910888
44911400
44911912
44912424
44912936
44913448
44913960
44909353
44909865
44910377
44910889
44911401
44911913
44912425
44912937
44913449
44913961
44909354
44909866
44910378
44910890
44911402
44911914
44912426
44912938
44913450
44913962
44909355
44909867
44910379
44910891
44911403
44911915
44912427
44912939
44913451
44913963
44909356
44909868
44910380
44910892
44911404
44911916
44912428
44912940
44913452
44913964
44909357
44909869
44910381
44910893
44911405
44911917
44912429
44912941
44913453
44913965
44909358
44909870
44910382
44910894
44911406
44911918
44912430
44912942
44913454
44913966
44909359
44909871
44910383
44910895
44911407
44911919
44912431
44912943
44913455
44913967
44909360
44909872
44910384
44910896
44911408
44911920
44912432
44912944
44913456
44913968
51977916
51978428
51978940
51979452
51979964
51980476
51980988
51981500
51982012
51982524
51977917
51978429
51978941
51979453
51979965
51980477
51980989
51981501
51982013
51982525
51977918
51978430
51978942
51979454
51979966
51980478
51980990
51981502
51982014
51982526
51977919
51978431
51978943
51979455
51979967
51980479
51980991
51981503
51982015
51982527
51977920
51978432
51978944
51979456
51979968
51980480
51980992
51981504
51982016
51982528
51977921
51978433
51978945
51979457
51979969
51980481
51980993
51981505
51982017
51982529
51977922
51978434
51978946
51979458
51979970
51980482
51980994
51981506
51982018
51982530
51977923
51978435
51978947
51979459
51979971
51980483
51980995
51981507
51982019
51982531
51977924
51978436
51978948
51979460
51979972
51980484
51980996
51981508
51982020
51982532
51977925
51978437
51978949
51979461
51979973
51980485
51980997
51981509
51982021
51982533
40697108
40697620
40698132
40698644
40699156
40699668
40700180
40700692
40701204
40701716
40697109
40697621
40698133
40698645
40699157
40699669
40700181
40700693
40701205
40701717
40697110
40697622
40698134
40698646
40699158
40699670
40700182
40700694
40701206
40701718
40697111
40697623
40698135
40698647
40699159
40699671
40700183
40700695
40701207
40701719
40697112
40697624
40698136
40698648
40699160
40699672
40700184
40700696
40701208
40701720
40697113
40697625
40698137
40698649
40699161
40699673
40700185
40700697
40701209
40701721
40697114
40697626
40698138
40698650
40699162
40699674
40700186
40700698
40701210
40701722
40697115
40697627
40698139
40698651
40699163
40699675
40700187
40700699
40701211
40701723
40697116
40697628
40698140
40698652
40699164
40699676
40700188
40700700
40701212
40701724
40697117
40697629
40698141
40698653
40699165
40699677
40700189
40700701
40701213
40701725
48611465
48611977
48612489
48613001
48613513
48614025
48614537
48615049
48615561
48616073
48611466
48611978
48612490
48613002
48613514
48614026
48614538
48615050
48615562
48616074
48611467
48611979
48612491
48613003
48613515
48614027
48614539
48615051
48615563
48616075
48611468
48611980
48612492
48613004
48613516
48614028
48614540
48615052
48615564
48616076
48611469
48611981
48612493
48613005
48613517
48614029
48614541
48615053
48615565
48616077
48611470
48611982
48612494
48613006
48613518
48614030
48614542
48615054
48615566
48616078
48611471
48611983
48612495
48613007
48613519
48614031
48614543
48615055
48615567
48616079
48611472
48611984
48612496
48613008
48613520
48614032
48614544
48615056
48615568
48616080
48611473
48611985
48612497
48613009
48613521
48614033
48614545
48615057
48615569
48616081
48611474
48611986
48612498
48613010
48613522
48614034
48614546
48615058
48615570
48616082
43576662
43577174
43577686
43578198
43578710
43579222
43579734
43580246
43580758
43581270
43576663
43577175
43577687
43578199
43578711
43579223
43579735
43580247
43580759
43581271
43576664
43577176
43577688
43578200
43578712
43579224
43579736
43580248
43580760
43581272
43576665
43577177
43577689
43578201
43578713
43579225
43579737
43580249
43580761
43581273
43576666
43577178
43577690
43578202
43578714
43579226
43579738
43580250
43580762
43581274
43576667
43577179
43577691
43578203
43578715
43579227
43579739
43580251
43580763
43581275
43576668
43577180
43577692
43578204
43578716
43579228
43579740
43580252
43580764
43581276
43576669
43577181
43577693
43578205
43578717
43579229
43579741
43580253
43580765
43581277
43576670
43577182
43577694
43578206
43578718
43579230
43579742
43580254
43580766
43581278
43576671
43577183
43577695
43578207
43578719
43579231
43579743
43580255
43580767
43581279
46212386
46212898
46213410
46213922
46214434
46214946
46215458
46215970
46216482
46216994
46212387
46212899
46213411
46213923
46214435
46214947
46215459
46215971
46216483
46216995
46212388
46212900
46213412
46213924
46214436
46214948
46215460
46215972
46216484
46216996
46212389
46212901
46213413
46213925
46214437
46214949
46215461
46215973
46216485
46216997
46212390
46212902
46213414
46213926
46214438
46214950
46215462
46215974
46216486
46216998
46212391
46212903
46213415
46213927
46214439
46214951
46215463
46215975
46216487
46216999
46212392
46212904
46213416
46213928
46214440
46214952
46215464
46215976
46216488
46217000
46212393
46212905
46213417
46213929
46214441
46214953
46215465
46215977
46216489
46217001
46212394
46212906
46213418
46213930
46214442
46214954
46215466
46215978
46216490
46217002
46212395
46212907
46213419
46213931
46214443
46214955
46215467
46215979
46216491
46217003
51240607
51241119
51241631
51242143
51242655
51243167
51243679
51244191
51244703
51245215
51240608
51241120
51241632
51242144
51242656
51243168
51243680
51244192
51244704
51245216
51240609
51241121
51241633
51242145
51242657
51243169
51243681
51244193
51244705
51245217
51240610
51241122
51241634
51242146
51242658
51243170
51243682
51244194
51244706
51245218
51240611
51241123
51241635
51242147
51242659
51243171
51243683
51244195
51244707
51245219
51240612
51241124
51241636
51242148
51242660
51243172
51243684
51244196
51244708
51245220
51240613
51241125
51241637
51242149
51242661
51243173
51243685
51244197
51244709
51245221
51240614
51241126
51241638
51242150
51242662
51243174
51243686
51244198
51244710
51245222
51240615
51241127
51241639
51242151
51242663
51243175
51243687
51244199
51244711
51245223
51240616
51241128
51241640
51242152
51242664
51243176
51243688
51244200
51244712
51245224
40983697
40984209
40984721
40985233
40985745
40986257
40986769
40987281
40987793
40988305
40983698
40984210
40984722
40985234
40985746
40986258
40986770
40987282
40987794
40988306
40983699
40984211
40984723
40985235
40985747
40986259
40986771
40987283
40987795
40988307
40983700
40984212
40984724
40985236
40985748
40986260
40986772
40987284
40987796
40988308
40983701
40984213
40984725
40985237
40985749
40986261
40986773
40987285
40987797
40988309
40983702
40984214
40984726
40985238
40985750
40986262
40986774
40987286
40987798
40988310
40983703
40984215
40984727
40985239
40985751
40986263
40986775
40987287
40987799
40988311
40983704
40984216
40984728
40985240
40985752
40986264
40986776
40987288
40987800
40988312
40983705
40984217
40984729
40985241
40985753
40986265
40986777
40987289
40987801
40988313
40983706
40984218
40984730
40985242
40985754
40986266
40986778
40987290
40987802
40988314
40948000
40948512
40949024
40949536
40950048
40950560
40951072
40951584
40952096
40952608
40948001
40948513
40949025
40949537
40950049
40950561
40951073
40951585
40952097
40952609
40948002
40948514
40949026
40949538
40950050
40950562
40951074
40951586
40952098
40952610
40948003
40948515
40949027
40949539
40950051
40950563
40951075
40951587
40952099
40952611
40948004
40948516
40949028
40949540
40950052
40950564
40951076
40951588
40952100
40952612
40948005
40948517
40949029
40949541
40950053
40950565
40951077
40951589
40952101
40952613
40948006
40948518
40949030
40949542
40950054
40950566
40951078
40951590
40952102
40952614
40948007
40948519
40949031
40949543
40950055
40950567
40951079
40951591
40952103
40952615
40948008
40948520
40949032
40949544
40950056
40950568
40951080
40951592
40952104
40952616
40948009
40948521
40949033
40949545
40950057
40950569
40951081
40951593
40952105
40952617
45212822
45213334
45213846
45214358
45214870
45215382
45215894
45216406
45216918
45217430
45212823
45213335
45213847
45214359
45214871
45215383
45215895
45216407
45216919
45217431
45212824
45213336
45213848
45214360
45214872
45215384
45215896
45216408
45216920
45217432
45212825
45213337
45213849
45214361
45214873
45215385
45215897
45216409
45216921
45217433
45212826
45213338
45213850
45214362
45214874
45215386
45215898
45216410
45216922
45217434
45212827
45213339
45213851
45214363
45214875
45215387
45215899
45216411
45216923
45217435
45212828
45213340
45213852
45214364
45214876
45215388
45215900
45216412
45216924
45217436
45212829
45213341
45213853
45214365
45214877
45215389
45215901
45216413
45216925
45217437
45212830
45213342
45213854
45214366
45214878
45215390
45215902
45216414
45216926
45217438
45212831
45213343
45213855
45214367
45214879
45215391
45215903
45216415
45216927
45217439
45704984
45705496
45706008
45706520
45707032
45707544
45708056
45708568
45709080
45709592
45704985
45705497
45706009
45706521
45707033
45707545
45708057
45708569
45709081
45709593
45704986
45705498
45706010
45706522
45707034
45707546
45708058
45708570
45709082
45709594
45704987
45705499
45706011
45706523
45707035
45707547
45708059
45708571
45709083
45709595
45704988
45705500
45706012
45706524
45707036
45707548
45708060
45708572
45709084
45709596
45704989
45705501
45706013
45706525
45707037
45707549
45708061
45708573
45709085
45709597
45704990
45705502
45706014
45706526
45707038
45707550
45708062
45708574
45709086
45709598
45704991
45705503
45706015
45706527
45707039
45707551
45708063
45708575
45709087
45709599
45704992
45705504
45706016
45706528
45707040
45707552
45708064
45708576
45709088
45709600
45704993
45705505
45706017
45706529
45707041
45707553
45708065
45708577
45709089
45709601
46495457
46495969
46496481
46496993
46497505
46498017
46498529
46499041
46499553
46500065
46495458
46495970
46496482
46496994
46497506
46498018
46498530
46499042
46499554
46500066
46495459
46495971
46496483
46496995
46497507
46498019
46498531
46499043
46499555
46500067
46495460
46495972
46496484
46496996
46497508
46498020
46498532
46499044
46499556
46500068
46495461
46495973
46496485
46496997
46497509
46498021
46498533
46499045
46499557
46500069
46495462
46495974
46496486
46496998
46497510
46498022
46498534
46499046
46499558
46500070
46495463
46495975
46496487
46496999
46497511
46498023
46498535
46499047
46499559
46500071
46495464
46495976
46496488
46497000
46497512
46498024
46498536
46499048
46499560
46500072
46495465
46495977
46496489
46497001
46497513
46498025
46498537
46499049
46499561
46500073
46495466
46495978
46496490
46497002
46497514
46498026
46498538
46499050
46499562
46500074
46746353
46746865
46747377
46747889
46748401
46748913
46749425
46749937
46750449
46750961
46746354
46746866
46747378
46747890
46748402
46748914
46749426
46749938
46750450
46750962
46746355
46746867
46747379
46747891
46748403
46748915
46749427
46749939
46750451
46750963
46746356
46746868
46747380
46747892
46748404
46748916
46749428
46749940
46750452
46750964
46746357
46746869
46747381
46747893
46748405
46748917
46749429
46749941
46750453
46750965
46746358
46746870
46747382
46747894
46748406
46748918
46749430
46749942
46750454
46750966
46746359
46746871
46747383
46747895
46748407
46748919
46749431
46749943
46750455
46750967
46746360
46746872
46747384
46747896
46748408
46748920
46749432
46749944
46750456
46750968
46746361
46746873
46747385
46747897
46748409
46748921
46749433
46749945
46750457
46750969
46746362
46746874
46747386
46747898
46748410
46748922
46749434
46749946
46750458
46750970
50732196
50732708
50733220
50733732
50734244
50734756
50735268
50735780
50736292
50736804
50732197
50732709
50733221
50733733
50734245
50734757
50735269
50735781
50736293
50736805
50732198
50732710
50733222
50733734
50734246
50734758
50735270
50735782
50736294
50736806
50732199
50732711
50733223
50733735
50734247
50734759
50735271
50735783
50736295
50736807
50732200
50732712
50733224
50733736
50734248
50734760
50735272
50735784
50736296
50736808
50732201
50732713
50733225
50733737
50734249
50734761
50735273
50735785
50736297
50736809
50732202
50732714
50733226
50733738
50734250
50734762
50735274
50735786
50736298
50736810
50732203
50732715
50733227
50733739
50734251
50734763
50735275
50735787
50736299
50736811
50732204
50732716
50733228
50733740
50734252
50734764
50735276
50735788
50736300
50736812
50732205
50732717
50733229
50733741
50734253
50734765
50735277
50735789
50736301
50736813
48361107
48361619
48362131
48362643
48363155
48363667
48364179
48364691
48365203
48365715
48361108
48361620
48362132
48362644
48363156
48363668
48364180
48364692
48365204
48365716
48361109
48361621
48362133
48362645
48363157
48363669
48364181
48364693
48365205
48365717
48361110
48361622
48362134
48362646
48363158
48363670
48364182
48364694
48365206
48365718
48361111
48361623
48362135
48362647
48363159
48363671
48364183
48364695
48365207
48365719
48361112
48361624
48362136
48362648
48363160
48363672
48364184
48364696
48365208
48365720
48361113
48361625
48362137
48362649
48363161
48363673
48364185
48364697
48365209
48365721
48361114
48361626
48362138
48362650
48363162
48363674
48364186
48364698
48365210
48365722
48361115
48361627
48362139
48362651
48363163
48363675
48364187
48364699
48365211
48365723
48361116
48361628
48362140
48362652
48363164
48363676
48364188
48364700
48365212
48365724
46987971
46988483
46988995
46989507
46990019
46990531
46991043
46991555
46992067
46992579
46987972
46988484
46988996
46989508
46990020
46990532
46991044
46991556
46992068
46992580
46987973
46988485
46988997
46989509
46990021
46990533
46991045
46991557
46992069
46992581
46987974
46988486
46988998
46989510
46990022
46990534
46991046
46991558
46992070
46992582
46987975
46988487
46988999
46989511
46990023
46990535
46991047
46991559
46992071
46992583
46987976
46988488
46989000
46989512
46990024
46990536
46991048
46991560
46992072
46992584
46987977
46988489
46989001
46989513
46990025
46990537
46991049
46991561
46992073
46992585
46987978
46988490
46989002
46989514
46990026
46990538
46991050
46991562
46992074
46992586
46987979
46988491
46989003
46989515
46990027
46990539
46991051
46991563
46992075
46992587
46987980
46988492
46989004
46989516
46990028
46990540
46991052
46991564
46992076
46992588
