13790304
13790816
13791328
13791840
13792352
13792864
13793376
13793888
13794400
13794912
13790305
13790817
13791329
13791841
13792353
13792865
13793377
13793889
13794401
13794913
13790306
13790818
13791330
13791842
13792354
13792866
13793378
13793890
13794402
13794914
13790307
13790819
13791331
13791843
13792355
13792867
13793379
13793891
13794403
13794915
13790308
13790820
13791332
13791844
13792356
13792868
13793380
13793892
13794404
13794916
13790309
13790821
13791333
13791845
13792357
13792869
13793381
13793893
13794405
13794917
13790310
13790822
13791334
13791846
13792358
13792870
13793382
13793894
13794406
13794918
13790311
13790823
13791335
13791847
13792359
13792871
13793383
13793895
13794407
13794919
13790312
13790824
13791336
13791848
13792360
13792872
13793384
13793896
13794408
13794920
13790313
13790825
13791337
13791849
13792361
13792873
13793385
13793897
13794409
13794921
41522801
41523313
41523825
41524337
41524849
41525361
41525873
41526385
41526897
41527409
41522802
41523314
41523826
41524338
41524850
41525362
41525874
41526386
41526898
41527410
41522803
41523315
41523827
41524339
41524851
41525363
41525875
41526387
41526899
41527411
41522804
41523316
41523828
41524340
41524852
41525364
41525876
41526388
41526900
41527412
41522805
41523317
41523829
41524341
41524853
41525365
41525877
41526389
41526901
41527413
41522806
41523318
41523830
41524342
41524854
41525366
41525878
41526390
41526902
41527414
41522807
41523319
41523831
41524343
41524855
41525367
41525879
41526391
41526903
41527415
41522808
41523320
41523832
41524344
41524856
41525368
41525880
41526392
41526904
41527416
41522809
41523321
41523833
41524345
41524857
41525369
41525881
41526393
41526905
41527417
41522810
41523322
41523834
41524346
41524858
41525370
41525882
41526394
41526906
41527418
5218063
5218575
5219087
5219599
5220111
5220623
5221135
5221647
5222159
5222671
5218064
5218576
5219088
5219600
5220112
5220624
5221136
5221648
5222160
5222672
5218065
5218577
5219089
5219601
5220113
5220625
5221137
5221649
5222161
5222673
5218066
5218578
5219090
5219602
5220114
5220626
5221138
5221650
5222162
5222674
5218067
5218579
5219091
5219603
5220115
5220627
5221139
5221651
5222163
5222675
5218068
5218580
5219092
5219604
5220116
5220628
5221140
5221652
5222164
5222676
5218069
5218581
5219093
5219605
5220117
5220629
5221141
5221653
5222165
5222677
5218070
5218582
5219094
5219606
5220118
5220630
5221142
5221654
5222166
5222678
5218071
5218583
5219095
5219607
5220119
5220631
5221143
5221655
5222167
5222679
5218072
5218584
5219096
5219608
5220120
5220632
5221144
5221656
5222168
5222680
20163699
20164211
20164723
20165235
20165747
20166259
20166771
20167283
20167795
20168307
20163700
20164212
20164724
20165236
20165748
20166260
20166772
20167284
20167796
20168308
20163701
20164213
20164725
20165237
20165749
20166261
20166773
20167285
20167797
20168309
20163702
20164214
20164726
20165238
20165750
20166262
20166774
20167286
20167798
20168310
20163703
20164215
20164727
20165239
20165751
20166263
20166775
20167287
20167799
20168311
20163704
20164216
20164728
20165240
20165752
20166264
20166776
20167288
20167800
20168312
20163705
20164217
20164729
20165241
20165753
20166265
20166777
20167289
20167801
20168313
20163706
20164218
20164730
20165242
20165754
20166266
20166778
20167290
20167802
20168314
20163707
20164219
20164731
20165243
20165755
20166267
20166779
20167291
20167803
20168315
20163708
20164220
20164732
20165244
20165756
20166268
20166780
20167292
20167804
20168316
25540419
25540931
25541443
25541955
25542467
25542979
25543491
25544003
25544515
25545027
25540420
25540932
25541444
25541956
25542468
25542980
25543492
25544004
25544516
25545028
25540421
25540933
25541445
25541957
25542469
25542981
25543493
25544005
25544517
25545029
25540422
25540934
25541446
25541958
25542470
25542982
25543494
25544006
25544518
25545030
25540423
25540935
25541447
25541959
25542471
25542983
25543495
25544007
25544519
25545031
25540424
25540936
25541448
25541960
25542472
25542984
25543496
25544008
25544520
25545032
25540425
25540937
25541449
25541961
25542473
25542985
25543497
25544009
25544521
25545033
25540426
25540938
25541450
25541962
25542474
25542986
25543498
25544010
25544522
25545034
25540427
25540939
25541451
25541963
25542475
25542987
25543499
25544011
25544523
25545035
25540428
25540940
25541452
25541964
25542476
25542988
25543500
25544012
25544524
25545036
22039361
22039873
22040385
22040897
22041409
22041921
22042433
22042945
22043457
22043969
22039362
22039874
22040386
22040898
22041410
22041922
22042434
22042946
22043458
22043970
22039363
22039875
22040387
22040899
22041411
22041923
22042435
22042947
22043459
22043971
22039364
22039876
22040388
22040900
22041412
22041924
22042436
22042948
22043460
22043972
22039365
22039877
22040389
22040901
22041413
22041925
22042437
22042949
22043461
22043973
22039366
22039878
22040390
22040902
22041414
22041926
22042438
22042950
22043462
22043974
22039367
22039879
22040391
22040903
22041415
22041927
22042439
22042951
22043463
22043975
22039368
22039880
22040392
22040904
22041416
22041928
22042440
22042952
22043464
22043976
22039369
22039881
22040393
22040905
22041417
22041929
22042441
22042953
22043465
22043977
22039370
22039882
22040394
22040906
22041418
22041930
22042442
22042954
22043466
22043978
2463255
2463767
2464279
2464791
2465303
2465815
2466327
2466839
2467351
2467863
2463256
2463768
2464280
2464792
2465304
2465816
2466328
2466840
2467352
2467864
2463257
2463769
2464281
2464793
2465305
2465817
2466329
2466841
2467353
2467865
2463258
2463770
2464282
2464794
2465306
2465818
2466330
2466842
2467354
2467866
2463259
2463771
2464283
2464795
2465307
2465819
2466331
2466843
2467355
2467867
2463260
2463772
2464284
2464796
2465308
2465820
2466332
2466844
2467356
2467868
2463261
2463773
2464285
2464797
2465309
2465821
2466333
2466845
2467357
2467869
2463262
2463774
2464286
2464798
2465310
2465822
2466334
2466846
2467358
2467870
2463263
2463775
2464287
2464799
2465311
2465823
2466335
2466847
2467359
2467871
2463264
2463776
2464288
2464800
2465312
2465824
2466336
2466848
2467360
2467872
41516973
41517485
41517997
41518509
41519021
41519533
41520045
41520557
41521069
41521581
41516974
41517486
41517998
41518510
41519022
41519534
41520046
41520558
41521070
41521582
41516975
41517487
41517999
41518511
41519023
41519535
41520047
41520559
41521071
41521583
41516976
41517488
41518000
41518512
41519024
41519536
41520048
41520560
41521072
41521584
41516977
41517489
41518001
41518513
41519025
41519537
41520049
41520561
41521073
41521585
41516978
41517490
41518002
41518514
41519026
41519538
41520050
41520562
41521074
41521586
41516979
41517491
41518003
41518515
41519027
41519539
41520051
41520563
41521075
41521587
41516980
41517492
41518004
41518516
41519028
41519540
41520052
41520564
41521076
41521588
41516981
41517493
41518005
41518517
41519029
41519541
41520053
41520565
41521077
41521589
41516982
41517494
41518006
41518518
41519030
41519542
41520054
41520566
41521078
41521590
4834548
4835060
4835572
4836084
4836596
4837108
4837620
4838132
4838644
4839156
4834549
4835061
4835573
4836085
4836597
4837109
4837621
4838133
4838645
4839157
4834550
4835062
4835574
4836086
4836598
4837110
4837622
4838134
4838646
4839158
4834551
4835063
4835575
4836087
4836599
4837111
4837623
4838135
4838647
4839159
4834552
4835064
4835576
4836088
4836600
4837112
4837624
4838136
4838648
4839160
4834553
4835065
4835577
4836089
4836601
4837113
4837625
4838137
4838649
4839161
4834554
4835066
4835578
4836090
4836602
4837114
4837626
4838138
4838650
4839162
4834555
4835067
4835579
4836091
4836603
4837115
4837627
4838139
4838651
4839163
4834556
4835068
4835580
4836092
4836604
4837116
4837628
4838140
4838652
4839164
4834557
4835069
4835581
4836093
4836605
4837117
4837629
4838141
4838653
4839165
37628503
37629015
37629527
37630039
37630551
37631063
37631575
37632087
37632599
37633111
37628504
37629016
37629528
37630040
37630552
37631064
37631576
37632088
37632600
37633112
37628505
37629017
37629529
37630041
37630553
37631065
37631577
37632089
37632601
37633113
37628506
37629018
37629530
37630042
37630554
37631066
37631578
37632090
37632602
37633114
37628507
37629019
37629531
37630043
37630555
37631067
37631579
37632091
37632603
37633115
37628508
37629020
37629532
37630044
37630556
37631068
37631580
37632092
37632604
37633116
37628509
37629021
37629533
37630045
37630557
37631069
37631581
37632093
37632605
37633117
37628510
37629022
37629534
37630046
37630558
37631070
37631582
37632094
37632606
37633118
37628511
37629023
37629535
37630047
37630559
37631071
37631583
37632095
37632607
37633119
37628512
37629024
37629536
37630048
37630560
37631072
37631584
37632096
37632608
37633120
51654102
51654614
51655126
51655638
51656150
51656662
51657174
51657686
51658198
51658710
51654103
51654615
51655127
51655639
51656151
51656663
51657175
51657687
51658199
51658711
51654104
51654616
51655128
51655640
51656152
51656664
51657176
51657688
51658200
51658712
51654105
51654617
51655129
51655641
51656153
51656665
51657177
51657689
51658201
51658713
51654106
51654618
51655130
51655642
51656154
51656666
51657178
51657690
51658202
51658714
51654107
51654619
51655131
51655643
51656155
51656667
51657179
51657691
51658203
51658715
51654108
51654620
51655132
51655644
51656156
51656668
51657180
51657692
51658204
51658716
51654109
51654621
51655133
51655645
51656157
51656669
51657181
51657693
51658205
51658717
51654110
51654622
51655134
51655646
51656158
51656670
51657182
51657694
51658206
51658718
51654111
51654623
51655135
51655647
51656159
51656671
51657183
51657695
51658207
51658719
50312238
50312750
50313262
50313774
50314286
50314798
50315310
50315822
50316334
50316846
50312239
50312751
50313263
50313775
50314287
50314799
50315311
50315823
50316335
50316847
50312240
50312752
50313264
50313776
50314288
50314800
50315312
50315824
50316336
50316848
50312241
50312753
50313265
50313777
50314289
50314801
50315313
50315825
50316337
50316849
50312242
50312754
50313266
50313778
50314290
50314802
50315314
50315826
50316338
50316850
50312243
50312755
50313267
50313779
50314291
50314803
50315315
50315827
50316339
50316851
50312244
50312756
50313268
50313780
50314292
50314804
50315316
50315828
50316340
50316852
50312245
50312757
50313269
50313781
50314293
50314805
50315317
50315829
50316341
50316853
50312246
50312758
50313270
50313782
50314294
50314806
50315318
50315830
50316342
50316854
50312247
50312759
50313271
50313783
50314295
50314807
50315319
50315831
50316343
50316855
51636147
51636659
51637171
51637683
51638195
51638707
51639219
51639731
51640243
51640755
51636148
51636660
51637172
51637684
51638196
51638708
51639220
51639732
51640244
51640756
51636149
51636661
51637173
51637685
51638197
51638709
51639221
51639733
51640245
51640757
51636150
51636662
51637174
51637686
51638198
51638710
51639222
51639734
51640246
51640758
51636151
51636663
51637175
51637687
51638199
51638711
51639223
51639735
51640247
51640759
51636152
51636664
51637176
51637688
51638200
51638712
51639224
51639736
51640248
51640760
51636153
51636665
51637177
51637689
51638201
51638713
51639225
51639737
51640249
51640761
51636154
51636666
51637178
51637690
51638202
51638714
51639226
51639738
51640250
51640762
51636155
51636667
51637179
51637691
51638203
51638715
51639227
51639739
51640251
51640763
51636156
51636668
51637180
51637692
51638204
51638716
51639228
51639740
51640252
51640764
15013698
15014210
15014722
15015234
15015746
15016258
15016770
15017282
15017794
15018306
15013699
15014211
15014723
15015235
15015747
15016259
15016771
15017283
15017795
15018307
15013700
15014212
15014724
15015236
15015748
15016260
15016772
15017284
15017796
15018308
15013701
15014213
15014725
15015237
15015749
15016261
15016773
15017285
15017797
15018309
15013702
15014214
15014726
15015238
15015750
15016262
15016774
15017286
15017798
15018310
15013703
15014215
15014727
15015239
15015751
15016263
15016775
15017287
15017799
15018311
15013704
15014216
15014728
15015240
15015752
15016264
15016776
15017288
15017800
15018312
15013705
15014217
15014729
15015241
15015753
15016265
15016777
15017289
15017801
15018313
15013706
15014218
15014730
15015242
15015754
15016266
15016778
15017290
15017802
15018314
15013707
15014219
15014731
15015243
15015755
15016267
15016779
15017291
15017803
15018315
7166673
7167185
7167697
7168209
7168721
7169233
7169745
7170257
7170769
7171281
7166674
7167186
7167698
7168210
7168722
7169234
7169746
7170258
7170770
7171282
7166675
7167187
7167699
7168211
7168723
7169235
7169747
7170259
7170771
7171283
7166676
7167188
7167700
7168212
7168724
7169236
7169748
7170260
7170772
7171284
7166677
7167189
7167701
7168213
7168725
7169237
7169749
7170261
7170773
7171285
7166678
7167190
7167702
7168214
7168726
7169238
7169750
7170262
7170774
7171286
7166679
7167191
7167703
7168215
7168727
7169239
7169751
7170263
7170775
7171287
7166680
7167192
7167704
7168216
7168728
7169240
7169752
7170264
7170776
7171288
7166681
7167193
7167705
7168217
7168729
7169241
7169753
7170265
7170777
7171289
7166682
7167194
7167706
7168218
7168730
7169242
7169754
7170266
7170778
7171290
25813447
25813959
25814471
25814983
25815495
25816007
25816519
25817031
25817543
25818055
25813448
25813960
25814472
25814984
25815496
25816008
25816520
25817032
25817544
25818056
25813449
25813961
25814473
25814985
25815497
25816009
25816521
25817033
25817545
25818057
25813450
25813962
25814474
25814986
25815498
25816010
25816522
25817034
25817546
25818058
25813451
25813963
25814475
25814987
25815499
25816011
25816523
25817035
25817547
25818059
25813452
25813964
25814476
25814988
25815500
25816012
25816524
25817036
25817548
25818060
25813453
25813965
25814477
25814989
25815501
25816013
25816525
25817037
25817549
25818061
25813454
25813966
25814478
25814990
25815502
25816014
25816526
25817038
25817550
25818062
25813455
25813967
25814479
25814991
25815503
25816015
25816527
25817039
25817551
25818063
25813456
25813968
25814480
25814992
25815504
25816016
25816528
25817040
25817552
25818064
33411591
33412103
33412615
33413127
33413639
33414151
33414663
33415175
33415687
33416199
33411592
33412104
33412616
33413128
33413640
33414152
33414664
33415176
33415688
33416200
33411593
33412105
33412617
33413129
33413641
33414153
33414665
33415177
33415689
33416201
33411594
33412106
33412618
33413130
33413642
33414154
33414666
33415178
33415690
33416202
33411595
33412107
33412619
33413131
33413643
33414155
33414667
33415179
33415691
33416203
33411596
33412108
33412620
33413132
33413644
33414156
33414668
33415180
33415692
33416204
33411597
33412109
33412621
33413133
33413645
33414157
33414669
33415181
33415693
33416205
33411598
33412110
33412622
33413134
33413646
33414158
33414670
33415182
33415694
33416206
33411599
33412111
33412623
33413135
33413647
33414159
33414671
33415183
33415695
33416207
33411600
33412112
33412624
33413136
33413648
33414160
33414672
33415184
33415696
33416208
46291170
46291682
46292194
46292706
46293218
46293730
46294242
46294754
46295266
46295778
46291171
46291683
46292195
46292707
46293219
46293731
46294243
46294755
46295267
46295779
46291172
46291684
46292196
46292708
46293220
46293732
46294244
46294756
46295268
46295780
46291173
46291685
46292197
46292709
46293221
46293733
46294245
46294757
46295269
46295781
46291174
46291686
46292198
46292710
46293222
46293734
46294246
46294758
46295270
46295782
46291175
46291687
46292199
46292711
46293223
46293735
46294247
46294759
46295271
46295783
46291176
46291688
46292200
46292712
46293224
46293736
46294248
46294760
46295272
46295784
46291177
46291689
46292201
46292713
46293225
46293737
46294249
46294761
46295273
46295785
46291178
46291690
46292202
46292714
46293226
46293738
46294250
46294762
46295274
46295786
46291179
46291691
46292203
46292715
46293227
46293739
46294251
46294763
46295275
46295787
33150835
33151347
33151859
33152371
33152883
33153395
33153907
33154419
33154931
33155443
33150836
33151348
33151860
33152372
33152884
33153396
33153908
33154420
33154932
33155444
33150837
33151349
33151861
33152373
33152885
33153397
33153909
33154421
33154933
33155445
33150838
33151350
33151862
33152374
33152886
33153398
33153910
33154422
33154934
33155446
33150839
33151351
33151863
33152375
33152887
33153399
33153911
33154423
33154935
33155447
33150840
33151352
33151864
33152376
33152888
33153400
33153912
33154424
33154936
33155448
33150841
33151353
33151865
33152377
33152889
33153401
33153913
33154425
33154937
33155449
33150842
33151354
33151866
33152378
33152890
33153402
33153914
33154426
33154938
33155450
33150843
33151355
33151867
33152379
33152891
33153403
33153915
33154427
33154939
33155451
33150844
33151356
33151868
33152380
33152892
33153404
33153916
33154428
33154940
33155452
56657105
56657617
56658129
56658641
56659153
56659665
56660177
56660689
56661201
56661713
56657106
56657618
56658130
56658642
56659154
56659666
56660178
56660690
56661202
56661714
56657107
56657619
56658131
56658643
56659155
56659667
56660179
56660691
56661203
56661715
56657108
56657620
56658132
56658644
56659156
56659668
56660180
56660692
56661204
56661716
56657109
56657621
56658133
56658645
56659157
56659669
56660181
56660693
56661205
56661717
56657110
56657622
56658134
56658646
56659158
56659670
56660182
56660694
56661206
56661718
56657111
56657623
56658135
56658647
56659159
56659671
56660183
56660695
56661207
56661719
56657112
56657624
56658136
56658648
56659160
56659672
56660184
56660696
56661208
56661720
56657113
56657625
56658137
56658649
56659161
56659673
56660185
56660697
56661209
56661721
56657114
56657626
56658138
56658650
56659162
56659674
56660186
56660698
56661210
56661722
51341698
51342210
51342722
51343234
51343746
51344258
51344770
51345282
51345794
51346306
51341699
51342211
51342723
51343235
51343747
51344259
51344771
51345283
51345795
51346307
51341700
51342212
51342724
51343236
51343748
51344260
51344772
51345284
51345796
51346308
51341701
51342213
51342725
51343237
51343749
51344261
51344773
51345285
51345797
51346309
51341702
51342214
51342726
51343238
51343750
51344262
51344774
51345286
51345798
51346310
51341703
51342215
51342727
51343239
51343751
51344263
51344775
51345287
51345799
51346311
51341704
51342216
51342728
51343240
51343752
51344264
51344776
51345288
51345800
51346312
51341705
51342217
51342729
51343241
51343753
51344265
51344777
51345289
51345801
51346313
51341706
51342218
51342730
51343242
51343754
51344266
51344778
51345290
51345802
51346314
51341707
51342219
51342731
51343243
51343755
51344267
51344779
51345291
51345803
51346315
5622514
5623026
5623538
5624050
5624562
5625074
5625586
5626098
5626610
5627122
5622515
5623027
5623539
5624051
5624563
5625075
5625587
5626099
5626611
5627123
5622516
5623028
5623540
5624052
5624564
5625076
5625588
5626100
5626612
5627124
5622517
5623029
5623541
5624053
5624565
5625077
5625589
5626101
5626613
5627125
5622518
5623030
5623542
5624054
5624566
5625078
5625590
5626102
5626614
5627126
5622519
5623031
5623543
5624055
5624567
5625079
5625591
5626103
5626615
5627127
5622520
5623032
5623544
5624056
5624568
5625080
5625592
5626104
5626616
5627128
5622521
5623033
5623545
5624057
5624569
5625081
5625593
5626105
5626617
5627129
5622522
5623034
5623546
5624058
5624570
5625082
5625594
5626106
5626618
5627130
5622523
5623035
5623547
5624059
5624571
5625083
5625595
5626107
5626619
5627131
13640259
13640771
13641283
13641795
13642307
13642819
13643331
13643843
13644355
13644867
13640260
13640772
13641284
13641796
13642308
13642820
13643332
13643844
13644356
13644868
13640261
13640773
13641285
13641797
13642309
13642821
13643333
13643845
13644357
13644869
13640262
13640774
13641286
13641798
13642310
13642822
13643334
13643846
13644358
13644870
13640263
13640775
13641287
13641799
13642311
13642823
13643335
13643847
13644359
13644871
13640264
13640776
13641288
13641800
13642312
13642824
13643336
13643848
13644360
13644872
13640265
13640777
13641289
13641801
13642313
13642825
13643337
13643849
13644361
13644873
13640266
13640778
13641290
13641802
13642314
13642826
13643338
13643850
13644362
13644874
13640267
13640779
13641291
13641803
13642315
13642827
13643339
13643851
13644363
13644875
13640268
13640780
13641292
13641804
13642316
13642828
13643340
13643852
13644364
13644876
11000162
11000674
11001186
11001698
11002210
11002722
11003234
11003746
11004258
11004770
11000163
11000675
11001187
11001699
11002211
11002723
11003235
11003747
11004259
11004771
11000164
11000676
11001188
11001700
11002212
11002724
11003236
11003748
11004260
11004772
11000165
11000677
11001189
11001701
11002213
11002725
11003237
11003749
11004261
11004773
11000166
11000678
11001190
11001702
11002214
11002726
11003238
11003750
11004262
11004774
11000167
11000679
11001191
11001703
11002215
11002727
11003239
11003751
11004263
11004775
11000168
11000680
11001192
11001704
11002216
11002728
11003240
11003752
11004264
11004776
11000169
11000681
11001193
11001705
11002217
11002729
11003241
11003753
11004265
11004777
11000170
11000682
11001194
11001706
11002218
11002730
11003242
11003754
11004266
11004778
11000171
11000683
11001195
11001707
11002219
11002731
11003243
11003755
11004267
11004779
11278688
11279200
11279712
11280224
11280736
11281248
11281760
11282272
11282784
11283296
11278689
11279201
11279713
11280225
11280737
11281249
11281761
11282273
11282785
11283297
11278690
11279202
11279714
11280226
11280738
11281250
11281762
11282274
11282786
11283298
11278691
11279203
11279715
11280227
11280739
11281251
11281763
11282275
11282787
11283299
11278692
11279204
11279716
11280228
11280740
11281252
11281764
11282276
11282788
11283300
11278693
11279205
11279717
11280229
11280741
11281253
11281765
11282277
11282789
11283301
11278694
11279206
11279718
11280230
11280742
11281254
11281766
11282278
11282790
11283302
11278695
11279207
11279719
11280231
11280743
11281255
11281767
11282279
11282791
11283303
11278696
11279208
11279720
11280232
11280744
11281256
11281768
11282280
11282792
11283304
11278697
11279209
11279721
11280233
11280745
11281257
11281769
11282281
11282793
11283305
57149592
57150104
57150616
57151128
57151640
57152152
57152664
57153176
57153688
57154200
57149593
57150105
57150617
57151129
57151641
57152153
57152665
57153177
57153689
57154201
57149594
57150106
57150618
57151130
57151642
57152154
57152666
57153178
57153690
57154202
57149595
57150107
57150619
57151131
57151643
57152155
57152667
57153179
57153691
57154203
57149596
57150108
57150620
57151132
57151644
57152156
57152668
57153180
57153692
57154204
57149597
57150109
57150621
57151133
57151645
57152157
57152669
57153181
57153693
57154205
57149598
57150110
57150622
57151134
57151646
57152158
57152670
57153182
57153694
57154206
57149599
57150111
57150623
57151135
57151647
57152159
57152671
57153183
57153695
57154207
57149600
57150112
57150624
57151136
57151648
57152160
57152672
57153184
57153696
57154208
57149601
57150113
57150625
57151137
57151649
57152161
57152673
57153185
57153697
57154209
6057217
6057729
6058241
6058753
6059265
6059777
6060289
6060801
6061313
6061825
6057218
6057730
6058242
6058754
6059266
6059778
6060290
6060802
6061314
6061826
6057219
6057731
6058243
6058755
6059267
6059779
6060291
6060803
6061315
6061827
6057220
6057732
6058244
6058756
6059268
6059780
6060292
6060804
6061316
6061828
6057221
6057733
6058245
6058757
6059269
6059781
6060293
6060805
6061317
6061829
6057222
6057734
6058246
6058758
6059270
6059782
6060294
6060806
6061318
6061830
6057223
6057735
6058247
6058759
6059271
6059783
6060295
6060807
6061319
6061831
6057224
6057736
6058248
6058760
6059272
6059784
6060296
6060808
6061320
6061832
6057225
6057737
6058249
6058761
6059273
6059785
6060297
6060809
6061321
6061833
6057226
6057738
6058250
6058762
6059274
6059786
6060298
6060810
6061322
6061834
50039097
50039609
50040121
50040633
50041145
50041657
50042169
50042681
50043193
50043705
50039098
50039610
50040122
50040634
50041146
50041658
50042170
50042682
50043194
50043706
50039099
50039611
50040123
50040635
50041147
50041659
50042171
50042683
50043195
50043707
50039100
50039612
50040124
50040636
50041148
50041660
50042172
50042684
50043196
50043708
50039101
50039613
50040125
50040637
50041149
50041661
50042173
50042685
50043197
50043709
50039102
50039614
50040126
50040638
50041150
50041662
50042174
50042686
50043198
50043710
50039103
50039615
50040127
50040639
50041151
50041663
50042175
50042687
50043199
50043711
50039104
50039616
50040128
50040640
50041152
50041664
50042176
50042688
50043200
50043712
50039105
50039617
50040129
50040641
50041153
50041665
50042177
50042689
50043201
50043713
50039106
50039618
50040130
50040642
50041154
50041666
50042178
50042690
50043202
50043714
39378404
39378916
39379428
39379940
39380452
39380964
39381476
39381988
39382500
39383012
39378405
39378917
39379429
39379941
39380453
39380965
39381477
39381989
39382501
39383013
39378406
39378918
39379430
39379942
39380454
39380966
39381478
39381990
39382502
39383014
39378407
39378919
39379431
39379943
39380455
39380967
39381479
39381991
39382503
39383015
39378408
39378920
39379432
39379944
39380456
39380968
39381480
39381992
39382504
39383016
39378409
39378921
39379433
39379945
39380457
39380969
39381481
39381993
39382505
39383017
39378410
39378922
39379434
39379946
39380458
39380970
39381482
39381994
39382506
39383018
39378411
39378923
39379435
39379947
39380459
39380971
39381483
39381995
39382507
39383019
39378412
39378924
39379436
39379948
39380460
39380972
39381484
39381996
39382508
39383020
39378413
39378925
39379437
39379949
39380461
39380973
39381485
39381997
39382509
39383021
6825050
6825562
6826074
6826586
6827098
6827610
6828122
6828634
6829146
6829658
6825051
6825563
6826075
6826587
6827099
6827611
6828123
6828635
6829147
6829659
6825052
6825564
6826076
6826588
6827100
6827612
6828124
6828636
6829148
6829660
6825053
6825565
6826077
6826589
6827101
6827613
6828125
6828637
6829149
6829661
6825054
6825566
6826078
6826590
6827102
6827614
6828126
6828638
6829150
6829662
6825055
6825567
6826079
6826591
6827103
6827615
6828127
6828639
6829151
6829663
6825056
6825568
6826080
6826592
6827104
6827616
6828128
6828640
6829152
6829664
6825057
6825569
6826081
6826593
6827105
6827617
6828129
6828641
6829153
6829665
6825058
6825570
6826082
6826594
6827106
6827618
6828130
6828642
6829154
6829666
6825059
6825571
6826083
6826595
6827107
6827619
6828131
6828643
6829155
6829667
