54739501
54740013
54740525
54741037
54741549
54742061
54742573
54743085
54743597
54744109
54739502
54740014
54740526
54741038
54741550
54742062
54742574
54743086
54743598
54744110
54739503
54740015
54740527
54741039
54741551
54742063
54742575
54743087
54743599
54744111
54739504
54740016
54740528
54741040
54741552
54742064
54742576
54743088
54743600
54744112
54739505
54740017
54740529
54741041
54741553
54742065
54742577
54743089
54743601
54744113
54739506
54740018
54740530
54741042
54741554
54742066
54742578
54743090
54743602
54744114
54739507
54740019
54740531
54741043
54741555
54742067
54742579
54743091
54743603
54744115
54739508
54740020
54740532
54741044
54741556
54742068
54742580
54743092
54743604
54744116
54739509
54740021
54740533
54741045
54741557
54742069
54742581
54743093
54743605
54744117
54739510
54740022
54740534
54741046
54741558
54742070
54742582
54743094
54743606
54744118
22086736
22087248
22087760
22088272
22088784
22089296
22089808
22090320
22090832
22091344
22086737
22087249
22087761
22088273
22088785
22089297
22089809
22090321
22090833
22091345
22086738
22087250
22087762
22088274
22088786
22089298
22089810
22090322
22090834
22091346
22086739
22087251
22087763
22088275
22088787
22089299
22089811
22090323
22090835
22091347
22086740
22087252
22087764
22088276
22088788
22089300
22089812
22090324
22090836
22091348
22086741
22087253
22087765
22088277
22088789
22089301
22089813
22090325
22090837
22091349
22086742
22087254
22087766
22088278
22088790
22089302
22089814
22090326
22090838
22091350
22086743
22087255
22087767
22088279
22088791
22089303
22089815
22090327
22090839
22091351
22086744
22087256
22087768
22088280
22088792
22089304
22089816
22090328
22090840
22091352
22086745
22087257
22087769
22088281
22088793
22089305
22089817
22090329
22090841
22091353
42315454
42315966
42316478
42316990
42317502
42318014
42318526
42319038
42319550
42320062
42315455
42315967
42316479
42316991
42317503
42318015
42318527
42319039
42319551
42320063
42315456
42315968
42316480
42316992
42317504
42318016
42318528
42319040
42319552
42320064
42315457
42315969
42316481
42316993
42317505
42318017
42318529
42319041
42319553
42320065
42315458
42315970
42316482
42316994
42317506
42318018
42318530
42319042
42319554
42320066
42315459
42315971
42316483
42316995
42317507
42318019
42318531
42319043
42319555
42320067
42315460
42315972
42316484
42316996
42317508
42318020
42318532
42319044
42319556
42320068
42315461
42315973
42316485
42316997
42317509
42318021
42318533
42319045
42319557
42320069
42315462
42315974
42316486
42316998
42317510
42318022
42318534
42319046
42319558
42320070
42315463
42315975
42316487
42316999
42317511
42318023
42318535
42319047
42319559
42320071
18984034
18984546
18985058
18985570
18986082
18986594
18987106
18987618
18988130
18988642
18984035
18984547
18985059
18985571
18986083
18986595
18987107
18987619
18988131
18988643
18984036
18984548
18985060
18985572
18986084
18986596
18987108
18987620
18988132
18988644
18984037
18984549
18985061
18985573
18986085
18986597
18987109
18987621
18988133
18988645
18984038
18984550
18985062
18985574
18986086
18986598
18987110
18987622
18988134
18988646
18984039
18984551
18985063
18985575
18986087
18986599
18987111
18987623
18988135
18988647
18984040
18984552
18985064
18985576
18986088
18986600
18987112
18987624
18988136
18988648
18984041
18984553
18985065
18985577
18986089
18986601
18987113
18987625
18988137
18988649
18984042
18984554
18985066
18985578
18986090
18986602
18987114
18987626
18988138
18988650
18984043
18984555
18985067
18985579
18986091
18986603
18987115
18987627
18988139
18988651
20116732
20117244
20117756
20118268
20118780
20119292
20119804
20120316
20120828
20121340
20116733
20117245
20117757
20118269
20118781
20119293
20119805
20120317
20120829
20121341
20116734
20117246
20117758
20118270
20118782
20119294
20119806
20120318
20120830
20121342
20116735
20117247
20117759
20118271
20118783
20119295
20119807
20120319
20120831
20121343
20116736
20117248
20117760
20118272
20118784
20119296
20119808
20120320
20120832
20121344
20116737
20117249
20117761
20118273
20118785
20119297
20119809
20120321
20120833
20121345
20116738
20117250
20117762
20118274
20118786
20119298
20119810
20120322
20120834
20121346
20116739
20117251
20117763
20118275
20118787
20119299
20119811
20120323
20120835
20121347
20116740
20117252
20117764
20118276
20118788
20119300
20119812
20120324
20120836
20121348
20116741
20117253
20117765
20118277
20118789
20119301
20119813
20120325
20120837
20121349
22096992
22097504
22098016
22098528
22099040
22099552
22100064
22100576
22101088
22101600
22096993
22097505
22098017
22098529
22099041
22099553
22100065
22100577
22101089
22101601
22096994
22097506
22098018
22098530
22099042
22099554
22100066
22100578
22101090
22101602
22096995
22097507
22098019
22098531
22099043
22099555
22100067
22100579
22101091
22101603
22096996
22097508
22098020
22098532
22099044
22099556
22100068
22100580
22101092
22101604
22096997
22097509
22098021
22098533
22099045
22099557
22100069
22100581
22101093
22101605
22096998
22097510
22098022
22098534
22099046
22099558
22100070
22100582
22101094
22101606
22096999
22097511
22098023
22098535
22099047
22099559
22100071
22100583
22101095
22101607
22097000
22097512
22098024
22098536
22099048
22099560
22100072
22100584
22101096
22101608
22097001
22097513
22098025
22098537
22099049
22099561
22100073
22100585
22101097
22101609
55727450
55727962
55728474
55728986
55729498
55730010
55730522
55731034
55731546
55732058
55727451
55727963
55728475
55728987
55729499
55730011
55730523
55731035
55731547
55732059
55727452
55727964
55728476
55728988
55729500
55730012
55730524
55731036
55731548
55732060
55727453
55727965
55728477
55728989
55729501
55730013
55730525
55731037
55731549
55732061
55727454
55727966
55728478
55728990
55729502
55730014
55730526
55731038
55731550
55732062
55727455
55727967
55728479
55728991
55729503
55730015
55730527
55731039
55731551
55732063
55727456
55727968
55728480
55728992
55729504
55730016
55730528
55731040
55731552
55732064
55727457
55727969
55728481
55728993
55729505
55730017
55730529
55731041
55731553
55732065
55727458
55727970
55728482
55728994
55729506
55730018
55730530
55731042
55731554
55732066
55727459
55727971
55728483
55728995
55729507
55730019
55730531
55731043
55731555
55732067
13638216
13638728
13639240
13639752
13640264
13640776
13641288
13641800
13642312
13642824
13638217
13638729
13639241
13639753
13640265
13640777
13641289
13641801
13642313
13642825
13638218
13638730
13639242
13639754
13640266
13640778
13641290
13641802
13642314
13642826
13638219
13638731
13639243
13639755
13640267
13640779
13641291
13641803
13642315
13642827
13638220
13638732
13639244
13639756
13640268
13640780
13641292
13641804
13642316
13642828
13638221
13638733
13639245
13639757
13640269
13640781
13641293
13641805
13642317
13642829
13638222
13638734
13639246
13639758
13640270
13640782
13641294
13641806
13642318
13642830
13638223
13638735
13639247
13639759
13640271
13640783
13641295
13641807
13642319
13642831
13638224
13638736
13639248
13639760
13640272
13640784
13641296
13641808
13642320
13642832
13638225
13638737
13639249
13639761
13640273
13640785
13641297
13641809
13642321
13642833
22670193
22670705
22671217
22671729
22672241
22672753
22673265
22673777
22674289
22674801
22670194
22670706
22671218
22671730
22672242
22672754
22673266
22673778
22674290
22674802
22670195
22670707
22671219
22671731
22672243
22672755
22673267
22673779
22674291
22674803
22670196
22670708
22671220
22671732
22672244
22672756
22673268
22673780
22674292
22674804
22670197
22670709
22671221
22671733
22672245
22672757
22673269
22673781
22674293
22674805
22670198
22670710
22671222
22671734
22672246
22672758
22673270
22673782
22674294
22674806
22670199
22670711
22671223
22671735
22672247
22672759
22673271
22673783
22674295
22674807
22670200
22670712
22671224
22671736
22672248
22672760
22673272
22673784
22674296
22674808
22670201
22670713
22671225
22671737
22672249
22672761
22673273
22673785
22674297
22674809
22670202
22670714
22671226
22671738
22672250
22672762
22673274
22673786
22674298
22674810
31221871
31222383
31222895
31223407
31223919
31224431
31224943
31225455
31225967
31226479
31221872
31222384
31222896
31223408
31223920
31224432
31224944
31225456
31225968
31226480
31221873
31222385
31222897
31223409
31223921
31224433
31224945
31225457
31225969
31226481
31221874
31222386
31222898
31223410
31223922
31224434
31224946
31225458
31225970
31226482
31221875
31222387
31222899
31223411
31223923
31224435
31224947
31225459
31225971
31226483
31221876
31222388
31222900
31223412
31223924
31224436
31224948
31225460
31225972
31226484
31221877
31222389
31222901
31223413
31223925
31224437
31224949
31225461
31225973
31226485
31221878
31222390
31222902
31223414
31223926
31224438
31224950
31225462
31225974
31226486
31221879
31222391
31222903
31223415
31223927
31224439
31224951
31225463
31225975
31226487
31221880
31222392
31222904
31223416
31223928
31224440
31224952
31225464
31225976
31226488
10078117
10078629
10079141
10079653
10080165
10080677
10081189
10081701
10082213
10082725
10078118
10078630
10079142
10079654
10080166
10080678
10081190
10081702
10082214
10082726
10078119
10078631
10079143
10079655
10080167
10080679
10081191
10081703
10082215
10082727
10078120
10078632
10079144
10079656
10080168
10080680
10081192
10081704
10082216
10082728
10078121
10078633
10079145
10079657
10080169
10080681
10081193
10081705
10082217
10082729
10078122
10078634
10079146
10079658
10080170
10080682
10081194
10081706
10082218
10082730
10078123
10078635
10079147
10079659
10080171
10080683
10081195
10081707
10082219
10082731
10078124
10078636
10079148
10079660
10080172
10080684
10081196
10081708
10082220
10082732
10078125
10078637
10079149
10079661
10080173
10080685
10081197
10081709
10082221
10082733
10078126
10078638
10079150
10079662
10080174
10080686
10081198
10081710
10082222
10082734
37523236
37523748
37524260
37524772
37525284
37525796
37526308
37526820
37527332
37527844
37523237
37523749
37524261
37524773
37525285
37525797
37526309
37526821
37527333
37527845
37523238
37523750
37524262
37524774
37525286
37525798
37526310
37526822
37527334
37527846
37523239
37523751
37524263
37524775
37525287
37525799
37526311
37526823
37527335
37527847
37523240
37523752
37524264
37524776
37525288
37525800
37526312
37526824
37527336
37527848
37523241
37523753
37524265
37524777
37525289
37525801
37526313
37526825
37527337
37527849
37523242
37523754
37524266
37524778
37525290
37525802
37526314
37526826
37527338
37527850
37523243
37523755
37524267
37524779
37525291
37525803
37526315
37526827
37527339
37527851
37523244
37523756
37524268
37524780
37525292
37525804
37526316
37526828
37527340
37527852
37523245
37523757
37524269
37524781
37525293
37525805
37526317
37526829
37527341
37527853
7828444
7828956
7829468
7829980
7830492
7831004
7831516
7832028
7832540
7833052
7828445
7828957
7829469
7829981
7830493
7831005
7831517
7832029
7832541
7833053
7828446
7828958
7829470
7829982
7830494
7831006
7831518
7832030
7832542
7833054
7828447
7828959
7829471
7829983
7830495
7831007
7831519
7832031
7832543
7833055
7828448
7828960
7829472
7829984
7830496
7831008
7831520
7832032
7832544
7833056
7828449
7828961
7829473
7829985
7830497
7831009
7831521
7832033
7832545
7833057
7828450
7828962
7829474
7829986
7830498
7831010
7831522
7832034
7832546
7833058
7828451
7828963
7829475
7829987
7830499
7831011
7831523
7832035
7832547
7833059
7828452
7828964
7829476
7829988
7830500
7831012
7831524
7832036
7832548
7833060
7828453
7828965
7829477
7829989
7830501
7831013
7831525
7832037
7832549
7833061
11722734
11723246
11723758
11724270
11724782
11725294
11725806
11726318
11726830
11727342
11722735
11723247
11723759
11724271
11724783
11725295
11725807
11726319
11726831
11727343
11722736
11723248
11723760
11724272
11724784
11725296
11725808
11726320
11726832
11727344
11722737
11723249
11723761
11724273
11724785
11725297
11725809
11726321
11726833
11727345
11722738
11723250
11723762
11724274
11724786
11725298
11725810
11726322
11726834
11727346
11722739
11723251
11723763
11724275
11724787
11725299
11725811
11726323
11726835
11727347
11722740
11723252
11723764
11724276
11724788
11725300
11725812
11726324
11726836
11727348
11722741
11723253
11723765
11724277
11724789
11725301
11725813
11726325
11726837
11727349
11722742
11723254
11723766
11724278
11724790
11725302
11725814
11726326
11726838
11727350
11722743
11723255
11723767
11724279
11724791
11725303
11725815
11726327
11726839
11727351
8411349
8411861
8412373
8412885
8413397
8413909
8414421
8414933
8415445
8415957
8411350
8411862
8412374
8412886
8413398
8413910
8414422
8414934
8415446
8415958
8411351
8411863
8412375
8412887
8413399
8413911
8414423
8414935
8415447
8415959
8411352
8411864
8412376
8412888
8413400
8413912
8414424
8414936
8415448
8415960
8411353
8411865
8412377
8412889
8413401
8413913
8414425
8414937
8415449
8415961
8411354
8411866
8412378
8412890
8413402
8413914
8414426
8414938
8415450
8415962
8411355
8411867
8412379
8412891
8413403
8413915
8414427
8414939
8415451
8415963
8411356
8411868
8412380
8412892
8413404
8413916
8414428
8414940
8415452
8415964
8411357
8411869
8412381
8412893
8413405
8413917
8414429
8414941
8415453
8415965
8411358
8411870
8412382
8412894
8413406
8413918
8414430
8414942
8415454
8415966
17972324
17972836
17973348
17973860
17974372
17974884
17975396
17975908
17976420
17976932
17972325
17972837
17973349
17973861
17974373
17974885
17975397
17975909
17976421
17976933
17972326
17972838
17973350
17973862
17974374
17974886
17975398
17975910
17976422
17976934
17972327
17972839
17973351
17973863
17974375
17974887
17975399
17975911
17976423
17976935
17972328
17972840
17973352
17973864
17974376
17974888
17975400
17975912
17976424
17976936
17972329
17972841
17973353
17973865
17974377
17974889
17975401
17975913
17976425
17976937
17972330
17972842
17973354
17973866
17974378
17974890
17975402
17975914
17976426
17976938
17972331
17972843
17973355
17973867
17974379
17974891
17975403
17975915
17976427
17976939
17972332
17972844
17973356
17973868
17974380
17974892
17975404
17975916
17976428
17976940
17972333
17972845
17973357
17973869
17974381
17974893
17975405
17975917
17976429
17976941
9692742
9693254
9693766
9694278
9694790
9695302
9695814
9696326
9696838
9697350
9692743
9693255
9693767
9694279
9694791
9695303
9695815
9696327
9696839
9697351
9692744
9693256
9693768
9694280
9694792
9695304
9695816
9696328
9696840
9697352
9692745
9693257
9693769
9694281
9694793
9695305
9695817
9696329
9696841
9697353
9692746
9693258
9693770
9694282
9694794
9695306
9695818
9696330
9696842
9697354
9692747
9693259
9693771
9694283
9694795
9695307
9695819
9696331
9696843
9697355
9692748
9693260
9693772
9694284
9694796
9695308
9695820
9696332
9696844
9697356
9692749
9693261
9693773
9694285
9694797
9695309
9695821
9696333
9696845
9697357
9692750
9693262
9693774
9694286
9694798
9695310
9695822
9696334
9696846
9697358
9692751
9693263
9693775
9694287
9694799
9695311
9695823
9696335
9696847
9697359
4755000
4755512
4756024
4756536
4757048
4757560
4758072
4758584
4759096
4759608
4755001
4755513
4756025
4756537
4757049
4757561
4758073
4758585
4759097
4759609
4755002
4755514
4756026
4756538
4757050
4757562
4758074
4758586
4759098
4759610
4755003
4755515
4756027
4756539
4757051
4757563
4758075
4758587
4759099
4759611
4755004
4755516
4756028
4756540
4757052
4757564
4758076
4758588
4759100
4759612
4755005
4755517
4756029
4756541
4757053
4757565
4758077
4758589
4759101
4759613
4755006
4755518
4756030
4756542
4757054
4757566
4758078
4758590
4759102
4759614
4755007
4755519
4756031
4756543
4757055
4757567
4758079
4758591
4759103
4759615
4755008
4755520
4756032
4756544
4757056
4757568
4758080
4758592
4759104
4759616
4755009
4755521
4756033
4756545
4757057
4757569
4758081
4758593
4759105
4759617
23468793
23469305
23469817
23470329
23470841
23471353
23471865
23472377
23472889
23473401
23468794
23469306
23469818
23470330
23470842
23471354
23471866
23472378
23472890
23473402
23468795
23469307
23469819
23470331
23470843
23471355
23471867
23472379
23472891
23473403
23468796
23469308
23469820
23470332
23470844
23471356
23471868
23472380
23472892
23473404
23468797
23469309
23469821
23470333
23470845
23471357
23471869
23472381
23472893
23473405
23468798
23469310
23469822
23470334
23470846
23471358
23471870
23472382
23472894
23473406
23468799
23469311
23469823
23470335
23470847
23471359
23471871
23472383
23472895
23473407
23468800
23469312
23469824
23470336
23470848
23471360
23471872
23472384
23472896
23473408
23468801
23469313
23469825
23470337
23470849
23471361
23471873
23472385
23472897
23473409
23468802
23469314
23469826
23470338
23470850
23471362
23471874
23472386
23472898
23473410
6183172
6183684
6184196
6184708
6185220
6185732
6186244
6186756
6187268
6187780
6183173
6183685
6184197
6184709
6185221
6185733
6186245
6186757
6187269
6187781
6183174
6183686
6184198
6184710
6185222
6185734
6186246
6186758
6187270
6187782
6183175
6183687
6184199
6184711
6185223
6185735
6186247
6186759
6187271
6187783
6183176
6183688
6184200
6184712
6185224
6185736
6186248
6186760
6187272
6187784
6183177
6183689
6184201
6184713
6185225
6185737
6186249
6186761
6187273
6187785
6183178
6183690
6184202
6184714
6185226
6185738
6186250
6186762
6187274
6187786
6183179
6183691
6184203
6184715
6185227
6185739
6186251
6186763
6187275
6187787
6183180
6183692
6184204
6184716
6185228
6185740
6186252
6186764
6187276
6187788
6183181
6183693
6184205
6184717
6185229
6185741
6186253
6186765
6187277
6187789
38254773
38255285
38255797
38256309
38256821
38257333
38257845
38258357
38258869
38259381
38254774
38255286
38255798
38256310
38256822
38257334
38257846
38258358
38258870
38259382
38254775
38255287
38255799
38256311
38256823
38257335
38257847
38258359
38258871
38259383
38254776
38255288
38255800
38256312
38256824
38257336
38257848
38258360
38258872
38259384
38254777
38255289
38255801
38256313
38256825
38257337
38257849
38258361
38258873
38259385
38254778
38255290
38255802
38256314
38256826
38257338
38257850
38258362
38258874
38259386
38254779
38255291
38255803
38256315
38256827
38257339
38257851
38258363
38258875
38259387
38254780
38255292
38255804
38256316
38256828
38257340
38257852
38258364
38258876
38259388
38254781
38255293
38255805
38256317
38256829
38257341
38257853
38258365
38258877
38259389
38254782
38255294
38255806
38256318
38256830
38257342
38257854
38258366
38258878
38259390
57878224
57878736
57879248
57879760
57880272
57880784
57881296
57881808
57882320
57882832
57878225
57878737
57879249
57879761
57880273
57880785
57881297
57881809
57882321
57882833
57878226
57878738
57879250
57879762
57880274
57880786
57881298
57881810
57882322
57882834
57878227
57878739
57879251
57879763
57880275
57880787
57881299
57881811
57882323
57882835
57878228
57878740
57879252
57879764
57880276
57880788
57881300
57881812
57882324
57882836
57878229
57878741
57879253
57879765
57880277
57880789
57881301
57881813
57882325
57882837
57878230
57878742
57879254
57879766
57880278
57880790
57881302
57881814
57882326
57882838
57878231
57878743
57879255
57879767
57880279
57880791
57881303
57881815
57882327
57882839
57878232
57878744
57879256
57879768
57880280
57880792
57881304
57881816
57882328
57882840
57878233
57878745
57879257
57879769
57880281
57880793
57881305
57881817
57882329
57882841
24033986
24034498
24035010
24035522
24036034
24036546
24037058
24037570
24038082
24038594
24033987
24034499
24035011
24035523
24036035
24036547
24037059
24037571
24038083
24038595
24033988
24034500
24035012
24035524
24036036
24036548
24037060
24037572
24038084
24038596
24033989
24034501
24035013
24035525
24036037
24036549
24037061
24037573
24038085
24038597
24033990
24034502
24035014
24035526
24036038
24036550
24037062
24037574
24038086
24038598
24033991
24034503
24035015
24035527
24036039
24036551
24037063
24037575
24038087
24038599
24033992
24034504
24035016
24035528
24036040
24036552
24037064
24037576
24038088
24038600
24033993
24034505
24035017
24035529
24036041
24036553
24037065
24037577
24038089
24038601
24033994
24034506
24035018
24035530
24036042
24036554
24037066
24037578
24038090
24038602
24033995
24034507
24035019
24035531
24036043
24036555
24037067
24037579
24038091
24038603
19434678
19435190
19435702
19436214
19436726
19437238
19437750
19438262
19438774
19439286
19434679
19435191
19435703
19436215
19436727
19437239
19437751
19438263
19438775
19439287
19434680
19435192
19435704
19436216
19436728
19437240
19437752
19438264
19438776
19439288
19434681
19435193
19435705
19436217
19436729
19437241
19437753
19438265
19438777
19439289
19434682
19435194
19435706
19436218
19436730
19437242
19437754
19438266
19438778
19439290
19434683
19435195
19435707
19436219
19436731
19437243
19437755
19438267
19438779
19439291
19434684
19435196
19435708
19436220
19436732
19437244
19437756
19438268
19438780
19439292
19434685
19435197
19435709
19436221
19436733
19437245
19437757
19438269
19438781
19439293
19434686
19435198
19435710
19436222
19436734
19437246
19437758
19438270
19438782
19439294
19434687
19435199
19435711
19436223
19436735
19437247
19437759
19438271
19438783
19439295
18142150
18142662
18143174
18143686
18144198
18144710
18145222
18145734
18146246
18146758
18142151
18142663
18143175
18143687
18144199
18144711
18145223
18145735
18146247
18146759
18142152
18142664
18143176
18143688
18144200
18144712
18145224
18145736
18146248
18146760
18142153
18142665
18143177
18143689
18144201
18144713
18145225
18145737
18146249
18146761
18142154
18142666
18143178
18143690
18144202
18144714
18145226
18145738
18146250
18146762
18142155
18142667
18143179
18143691
18144203
18144715
18145227
18145739
18146251
18146763
18142156
18142668
18143180
18143692
18144204
18144716
18145228
18145740
18146252
18146764
18142157
18142669
18143181
18143693
18144205
18144717
18145229
18145741
18146253
18146765
18142158
18142670
18143182
18143694
18144206
18144718
18145230
18145742
18146254
18146766
18142159
18142671
18143183
18143695
18144207
18144719
18145231
18145743
18146255
18146767
27683614
27684126
27684638
27685150
27685662
27686174
27686686
27687198
27687710
27688222
27683615
27684127
27684639
27685151
27685663
27686175
27686687
27687199
27687711
27688223
27683616
27684128
27684640
27685152
27685664
27686176
27686688
27687200
27687712
27688224
27683617
27684129
27684641
27685153
27685665
27686177
27686689
27687201
27687713
27688225
27683618
27684130
27684642
27685154
27685666
27686178
27686690
27687202
27687714
27688226
27683619
27684131
27684643
27685155
27685667
27686179
27686691
27687203
27687715
27688227
27683620
27684132
27684644
27685156
27685668
27686180
27686692
27687204
27687716
27688228
27683621
27684133
27684645
27685157
27685669
27686181
27686693
27687205
27687717
27688229
27683622
27684134
27684646
27685158
27685670
27686182
27686694
27687206
27687718
27688230
27683623
27684135
27684647
27685159
27685671
27686183
27686695
27687207
27687719
27688231
50133293
50133805
50134317
50134829
50135341
50135853
50136365
50136877
50137389
50137901
50133294
50133806
50134318
50134830
50135342
50135854
50136366
50136878
50137390
50137902
50133295
50133807
50134319
50134831
50135343
50135855
50136367
50136879
50137391
50137903
50133296
50133808
50134320
50134832
50135344
50135856
50136368
50136880
50137392
50137904
50133297
50133809
50134321
50134833
50135345
50135857
50136369
50136881
50137393
50137905
50133298
50133810
50134322
50134834
50135346
50135858
50136370
50136882
50137394
50137906
50133299
50133811
50134323
50134835
50135347
50135859
50136371
50136883
50137395
50137907
50133300
50133812
50134324
50134836
50135348
50135860
50136372
50136884
50137396
50137908
50133301
50133813
50134325
50134837
50135349
50135861
50136373
50136885
50137397
50137909
50133302
50133814
50134326
50134838
50135350
50135862
50136374
50136886
50137398
50137910
33831357
33831869
33832381
33832893
33833405
33833917
33834429
33834941
33835453
33835965
33831358
33831870
33832382
33832894
33833406
33833918
33834430
33834942
33835454
33835966
33831359
33831871
33832383
33832895
33833407
33833919
33834431
33834943
33835455
33835967
33831360
33831872
33832384
33832896
33833408
33833920
33834432
33834944
33835456
33835968
33831361
33831873
33832385
33832897
33833409
33833921
33834433
33834945
33835457
33835969
33831362
33831874
33832386
33832898
33833410
33833922
33834434
33834946
33835458
33835970
33831363
33831875
33832387
33832899
33833411
33833923
33834435
33834947
33835459
33835971
33831364
33831876
33832388
33832900
33833412
33833924
33834436
33834948
33835460
33835972
33831365
33831877
33832389
33832901
33833413
33833925
33834437
33834949
33835461
33835973
33831366
33831878
33832390
33832902
33833414
33833926
33834438
33834950
33835462
33835974
56787670
56788182
56788694
56789206
56789718
56790230
56790742
56791254
56791766
56792278
56787671
56788183
56788695
56789207
56789719
56790231
56790743
56791255
56791767
56792279
56787672
56788184
56788696
56789208
56789720
56790232
56790744
56791256
56791768
56792280
56787673
56788185
56788697
56789209
56789721
56790233
56790745
56791257
56791769
56792281
56787674
56788186
56788698
56789210
56789722
56790234
56790746
56791258
56791770
56792282
56787675
56788187
56788699
56789211
56789723
56790235
56790747
56791259
56791771
56792283
56787676
56788188
56788700
56789212
56789724
56790236
56790748
56791260
56791772
56792284
56787677
56788189
56788701
56789213
56789725
56790237
56790749
56791261
56791773
56792285
56787678
56788190
56788702
56789214
56789726
56790238
56790750
56791262
56791774
56792286
56787679
56788191
56788703
56789215
56789727
56790239
56790751
56791263
56791775
56792287
31390864
31391376
31391888
31392400
31392912
31393424
31393936
31394448
31394960
31395472
31390865
31391377
31391889
31392401
31392913
31393425
31393937
31394449
31394961
31395473
31390866
31391378
31391890
31392402
31392914
31393426
31393938
31394450
31394962
31395474
31390867
31391379
31391891
31392403
31392915
31393427
31393939
31394451
31394963
31395475
31390868
31391380
31391892
31392404
31392916
31393428
31393940
31394452
31394964
31395476
31390869
31391381
31391893
31392405
31392917
31393429
31393941
31394453
31394965
31395477
31390870
31391382
31391894
31392406
31392918
31393430
31393942
31394454
31394966
31395478
31390871
31391383
31391895
31392407
31392919
31393431
31393943
31394455
31394967
31395479
31390872
31391384
31391896
31392408
31392920
31393432
31393944
31394456
31394968
31395480
31390873
31391385
31391897
31392409
31392921
31393433
31393945
31394457
31394969
31395481
