36928211
36928723
36929235
36929747
36930259
36930771
36931283
36931795
36932307
36932819
36928212
36928724
36929236
36929748
36930260
36930772
36931284
36931796
36932308
36932820
36928213
36928725
36929237
36929749
36930261
36930773
36931285
36931797
36932309
36932821
36928214
36928726
36929238
36929750
36930262
36930774
36931286
36931798
36932310
36932822
36928215
36928727
36929239
36929751
36930263
36930775
36931287
36931799
36932311
36932823
36928216
36928728
36929240
36929752
36930264
36930776
36931288
36931800
36932312
36932824
36928217
36928729
36929241
36929753
36930265
36930777
36931289
36931801
36932313
36932825
36928218
36928730
36929242
36929754
36930266
36930778
36931290
36931802
36932314
36932826
36928219
36928731
36929243
36929755
36930267
36930779
36931291
36931803
36932315
36932827
36928220
36928732
36929244
36929756
36930268
36930780
36931292
36931804
36932316
36932828
19324819
19325331
19325843
19326355
19326867
19327379
19327891
19328403
19328915
19329427
19324820
19325332
19325844
19326356
19326868
19327380
19327892
19328404
19328916
19329428
19324821
19325333
19325845
19326357
19326869
19327381
19327893
19328405
19328917
19329429
19324822
19325334
19325846
19326358
19326870
19327382
19327894
19328406
19328918
19329430
19324823
19325335
19325847
19326359
19326871
19327383
19327895
19328407
19328919
19329431
19324824
19325336
19325848
19326360
19326872
19327384
19327896
19328408
19328920
19329432
19324825
19325337
19325849
19326361
19326873
19327385
19327897
19328409
19328921
19329433
19324826
19325338
19325850
19326362
19326874
19327386
19327898
19328410
19328922
19329434
19324827
19325339
19325851
19326363
19326875
19327387
19327899
19328411
19328923
19329435
19324828
19325340
19325852
19326364
19326876
19327388
19327900
19328412
19328924
19329436
31043417
31043929
31044441
31044953
31045465
31045977
31046489
31047001
31047513
31048025
31043418
31043930
31044442
31044954
31045466
31045978
31046490
31047002
31047514
31048026
31043419
31043931
31044443
31044955
31045467
31045979
31046491
31047003
31047515
31048027
31043420
31043932
31044444
31044956
31045468
31045980
31046492
31047004
31047516
31048028
31043421
31043933
31044445
31044957
31045469
31045981
31046493
31047005
31047517
31048029
31043422
31043934
31044446
31044958
31045470
31045982
31046494
31047006
31047518
31048030
31043423
31043935
31044447
31044959
31045471
31045983
31046495
31047007
31047519
31048031
31043424
31043936
31044448
31044960
31045472
31045984
31046496
31047008
31047520
31048032
31043425
31043937
31044449
31044961
31045473
31045985
31046497
31047009
31047521
31048033
31043426
31043938
31044450
31044962
31045474
31045986
31046498
31047010
31047522
31048034
51264823
51265335
51265847
51266359
51266871
51267383
51267895
51268407
51268919
51269431
51264824
51265336
51265848
51266360
51266872
51267384
51267896
51268408
51268920
51269432
51264825
51265337
51265849
51266361
51266873
51267385
51267897
51268409
51268921
51269433
51264826
51265338
51265850
51266362
51266874
51267386
51267898
51268410
51268922
51269434
51264827
51265339
51265851
51266363
51266875
51267387
51267899
51268411
51268923
51269435
51264828
51265340
51265852
51266364
51266876
51267388
51267900
51268412
51268924
51269436
51264829
51265341
51265853
51266365
51266877
51267389
51267901
51268413
51268925
51269437
51264830
51265342
51265854
51266366
51266878
51267390
51267902
51268414
51268926
51269438
51264831
51265343
51265855
51266367
51266879
51267391
51267903
51268415
51268927
51269439
51264832
51265344
51265856
51266368
51266880
51267392
51267904
51268416
51268928
51269440
30198873
30199385
30199897
30200409
30200921
30201433
30201945
30202457
30202969
30203481
30198874
30199386
30199898
30200410
30200922
30201434
30201946
30202458
30202970
30203482
30198875
30199387
30199899
30200411
30200923
30201435
30201947
30202459
30202971
30203483
30198876
30199388
30199900
30200412
30200924
30201436
30201948
30202460
30202972
30203484
30198877
30199389
30199901
30200413
30200925
30201437
30201949
30202461
30202973
30203485
30198878
30199390
30199902
30200414
30200926
30201438
30201950
30202462
30202974
30203486
30198879
30199391
30199903
30200415
30200927
30201439
30201951
30202463
30202975
30203487
30198880
30199392
30199904
30200416
30200928
30201440
30201952
30202464
30202976
30203488
30198881
30199393
30199905
30200417
30200929
30201441
30201953
30202465
30202977
30203489
30198882
30199394
30199906
30200418
30200930
30201442
30201954
30202466
30202978
30203490
1679586
1680098
1680610
1681122
1681634
1682146
1682658
1683170
1683682
1684194
1679587
1680099
1680611
1681123
1681635
1682147
1682659
1683171
1683683
1684195
1679588
1680100
1680612
1681124
1681636
1682148
1682660
1683172
1683684
1684196
1679589
1680101
1680613
1681125
1681637
1682149
1682661
1683173
1683685
1684197
1679590
1680102
1680614
1681126
1681638
1682150
1682662
1683174
1683686
1684198
1679591
1680103
1680615
1681127
1681639
1682151
1682663
1683175
1683687
1684199
1679592
1680104
1680616
1681128
1681640
1682152
1682664
1683176
1683688
1684200
1679593
1680105
1680617
1681129
1681641
1682153
1682665
1683177
1683689
1684201
1679594
1680106
1680618
1681130
1681642
1682154
1682666
1683178
1683690
1684202
1679595
1680107
1680619
1681131
1681643
1682155
1682667
1683179
1683691
1684203
20923785
20924297
20924809
20925321
20925833
20926345
20926857
20927369
20927881
20928393
20923786
20924298
20924810
20925322
20925834
20926346
20926858
20927370
20927882
20928394
20923787
20924299
20924811
20925323
20925835
20926347
20926859
20927371
20927883
20928395
20923788
20924300
20924812
20925324
20925836
20926348
20926860
20927372
20927884
20928396
20923789
20924301
20924813
20925325
20925837
20926349
20926861
20927373
20927885
20928397
20923790
20924302
20924814
20925326
20925838
20926350
20926862
20927374
20927886
20928398
20923791
20924303
20924815
20925327
20925839
20926351
20926863
20927375
20927887
20928399
20923792
20924304
20924816
20925328
20925840
20926352
20926864
20927376
20927888
20928400
20923793
20924305
20924817
20925329
20925841
20926353
20926865
20927377
20927889
20928401
20923794
20924306
20924818
20925330
20925842
20926354
20926866
20927378
20927890
20928402
48421634
48422146
48422658
48423170
48423682
48424194
48424706
48425218
48425730
48426242
48421635
48422147
48422659
48423171
48423683
48424195
48424707
48425219
48425731
48426243
48421636
48422148
48422660
48423172
48423684
48424196
48424708
48425220
48425732
48426244
48421637
48422149
48422661
48423173
48423685
48424197
48424709
48425221
48425733
48426245
48421638
48422150
48422662
48423174
48423686
48424198
48424710
48425222
48425734
48426246
48421639
48422151
48422663
48423175
48423687
48424199
48424711
48425223
48425735
48426247
48421640
48422152
48422664
48423176
48423688
48424200
48424712
48425224
48425736
48426248
48421641
48422153
48422665
48423177
48423689
48424201
48424713
48425225
48425737
48426249
48421642
48422154
48422666
48423178
48423690
48424202
48424714
48425226
48425738
48426250
48421643
48422155
48422667
48423179
48423691
48424203
48424715
48425227
48425739
48426251
51768278
51768790
51769302
51769814
51770326
51770838
51771350
51771862
51772374
51772886
51768279
51768791
51769303
51769815
51770327
51770839
51771351
51771863
51772375
51772887
51768280
51768792
51769304
51769816
51770328
51770840
51771352
51771864
51772376
51772888
51768281
51768793
51769305
51769817
51770329
51770841
51771353
51771865
51772377
51772889
51768282
51768794
51769306
51769818
51770330
51770842
51771354
51771866
51772378
51772890
51768283
51768795
51769307
51769819
51770331
51770843
51771355
51771867
51772379
51772891
51768284
51768796
51769308
51769820
51770332
51770844
51771356
51771868
51772380
51772892
51768285
51768797
51769309
51769821
51770333
51770845
51771357
51771869
51772381
51772893
51768286
51768798
51769310
51769822
51770334
51770846
51771358
51771870
51772382
51772894
51768287
51768799
51769311
51769823
51770335
51770847
51771359
51771871
51772383
51772895
46422960
46423472
46423984
46424496
46425008
46425520
46426032
46426544
46427056
46427568
46422961
46423473
46423985
46424497
46425009
46425521
46426033
46426545
46427057
46427569
46422962
46423474
46423986
46424498
46425010
46425522
46426034
46426546
46427058
46427570
46422963
46423475
46423987
46424499
46425011
46425523
46426035
46426547
46427059
46427571
46422964
46423476
46423988
46424500
46425012
46425524
46426036
46426548
46427060
46427572
46422965
46423477
46423989
46424501
46425013
46425525
46426037
46426549
46427061
46427573
46422966
46423478
46423990
46424502
46425014
46425526
46426038
46426550
46427062
46427574
46422967
46423479
46423991
46424503
46425015
46425527
46426039
46426551
46427063
46427575
46422968
46423480
46423992
46424504
46425016
46425528
46426040
46426552
46427064
46427576
46422969
46423481
46423993
46424505
46425017
46425529
46426041
46426553
46427065
46427577
28385508
28386020
28386532
28387044
28387556
28388068
28388580
28389092
28389604
28390116
28385509
28386021
28386533
28387045
28387557
28388069
28388581
28389093
28389605
28390117
28385510
28386022
28386534
28387046
28387558
28388070
28388582
28389094
28389606
28390118
28385511
28386023
28386535
28387047
28387559
28388071
28388583
28389095
28389607
28390119
28385512
28386024
28386536
28387048
28387560
28388072
28388584
28389096
28389608
28390120
28385513
28386025
28386537
28387049
28387561
28388073
28388585
28389097
28389609
28390121
28385514
28386026
28386538
28387050
28387562
28388074
28388586
28389098
28389610
28390122
28385515
28386027
28386539
28387051
28387563
28388075
28388587
28389099
28389611
28390123
28385516
28386028
28386540
28387052
28387564
28388076
28388588
28389100
28389612
28390124
28385517
28386029
28386541
28387053
28387565
28388077
28388589
28389101
28389613
28390125
34214420
34214932
34215444
34215956
34216468
34216980
34217492
34218004
34218516
34219028
34214421
34214933
34215445
34215957
34216469
34216981
34217493
34218005
34218517
34219029
34214422
34214934
34215446
34215958
34216470
34216982
34217494
34218006
34218518
34219030
34214423
34214935
34215447
34215959
34216471
34216983
34217495
34218007
34218519
34219031
34214424
34214936
34215448
34215960
34216472
34216984
34217496
34218008
34218520
34219032
34214425
34214937
34215449
34215961
34216473
34216985
34217497
34218009
34218521
34219033
34214426
34214938
34215450
34215962
34216474
34216986
34217498
34218010
34218522
34219034
34214427
34214939
34215451
34215963
34216475
34216987
34217499
34218011
34218523
34219035
34214428
34214940
34215452
34215964
34216476
34216988
34217500
34218012
34218524
34219036
34214429
34214941
34215453
34215965
34216477
34216989
34217501
34218013
34218525
34219037
10743278
10743790
10744302
10744814
10745326
10745838
10746350
10746862
10747374
10747886
10743279
10743791
10744303
10744815
10745327
10745839
10746351
10746863
10747375
10747887
10743280
10743792
10744304
10744816
10745328
10745840
10746352
10746864
10747376
10747888
10743281
10743793
10744305
10744817
10745329
10745841
10746353
10746865
10747377
10747889
10743282
10743794
10744306
10744818
10745330
10745842
10746354
10746866
10747378
10747890
10743283
10743795
10744307
10744819
10745331
10745843
10746355
10746867
10747379
10747891
10743284
10743796
10744308
10744820
10745332
10745844
10746356
10746868
10747380
10747892
10743285
10743797
10744309
10744821
10745333
10745845
10746357
10746869
10747381
10747893
10743286
10743798
10744310
10744822
10745334
10745846
10746358
10746870
10747382
10747894
10743287
10743799
10744311
10744823
10745335
10745847
10746359
10746871
10747383
10747895
42430806
42431318
42431830
42432342
42432854
42433366
42433878
42434390
42434902
42435414
42430807
42431319
42431831
42432343
42432855
42433367
42433879
42434391
42434903
42435415
42430808
42431320
42431832
42432344
42432856
42433368
42433880
42434392
42434904
42435416
42430809
42431321
42431833
42432345
42432857
42433369
42433881
42434393
42434905
42435417
42430810
42431322
42431834
42432346
42432858
42433370
42433882
42434394
42434906
42435418
42430811
42431323
42431835
42432347
42432859
42433371
42433883
42434395
42434907
42435419
42430812
42431324
42431836
42432348
42432860
42433372
42433884
42434396
42434908
42435420
42430813
42431325
42431837
42432349
42432861
42433373
42433885
42434397
42434909
42435421
42430814
42431326
42431838
42432350
42432862
42433374
42433886
42434398
42434910
42435422
42430815
42431327
42431839
42432351
42432863
42433375
42433887
42434399
42434911
42435423
25618987
25619499
25620011
25620523
25621035
25621547
25622059
25622571
25623083
25623595
25618988
25619500
25620012
25620524
25621036
25621548
25622060
25622572
25623084
25623596
25618989
25619501
25620013
25620525
25621037
25621549
25622061
25622573
25623085
25623597
25618990
25619502
25620014
25620526
25621038
25621550
25622062
25622574
25623086
25623598
25618991
25619503
25620015
25620527
25621039
25621551
25622063
25622575
25623087
25623599
25618992
25619504
25620016
25620528
25621040
25621552
25622064
25622576
25623088
25623600
25618993
25619505
25620017
25620529
25621041
25621553
25622065
25622577
25623089
25623601
25618994
25619506
25620018
25620530
25621042
25621554
25622066
25622578
25623090
25623602
25618995
25619507
25620019
25620531
25621043
25621555
25622067
25622579
25623091
25623603
25618996
25619508
25620020
25620532
25621044
25621556
25622068
25622580
25623092
25623604
34850274
34850786
34851298
34851810
34852322
34852834
34853346
34853858
34854370
34854882
34850275
34850787
34851299
34851811
34852323
34852835
34853347
34853859
34854371
34854883
34850276
34850788
34851300
34851812
34852324
34852836
34853348
34853860
34854372
34854884
34850277
34850789
34851301
34851813
34852325
34852837
34853349
34853861
34854373
34854885
34850278
34850790
34851302
34851814
34852326
34852838
34853350
34853862
34854374
34854886
34850279
34850791
34851303
34851815
34852327
34852839
34853351
34853863
34854375
34854887
34850280
34850792
34851304
34851816
34852328
34852840
34853352
34853864
34854376
34854888
34850281
34850793
34851305
34851817
34852329
34852841
34853353
34853865
34854377
34854889
34850282
34850794
34851306
34851818
34852330
34852842
34853354
34853866
34854378
34854890
34850283
34850795
34851307
34851819
34852331
34852843
34853355
34853867
34854379
34854891
57628746
57629258
57629770
57630282
57630794
57631306
57631818
57632330
57632842
57633354
57628747
57629259
57629771
57630283
57630795
57631307
57631819
57632331
57632843
57633355
57628748
57629260
57629772
57630284
57630796
57631308
57631820
57632332
57632844
57633356
57628749
57629261
57629773
57630285
57630797
57631309
57631821
57632333
57632845
57633357
57628750
57629262
57629774
57630286
57630798
57631310
57631822
57632334
57632846
57633358
57628751
57629263
57629775
57630287
57630799
57631311
57631823
57632335
57632847
57633359
57628752
57629264
57629776
57630288
57630800
57631312
57631824
57632336
57632848
57633360
57628753
57629265
57629777
57630289
57630801
57631313
57631825
57632337
57632849
57633361
57628754
57629266
57629778
57630290
57630802
57631314
57631826
57632338
57632850
57633362
57628755
57629267
57629779
57630291
57630803
57631315
57631827
57632339
57632851
57633363
50354512
50355024
50355536
50356048
50356560
50357072
50357584
50358096
50358608
50359120
50354513
50355025
50355537
50356049
50356561
50357073
50357585
50358097
50358609
50359121
50354514
50355026
50355538
50356050
50356562
50357074
50357586
50358098
50358610
50359122
50354515
50355027
50355539
50356051
50356563
50357075
50357587
50358099
50358611
50359123
50354516
50355028
50355540
50356052
50356564
50357076
50357588
50358100
50358612
50359124
50354517
50355029
50355541
50356053
50356565
50357077
50357589
50358101
50358613
50359125
50354518
50355030
50355542
50356054
50356566
50357078
50357590
50358102
50358614
50359126
50354519
50355031
50355543
50356055
50356567
50357079
50357591
50358103
50358615
50359127
50354520
50355032
50355544
50356056
50356568
50357080
50357592
50358104
50358616
50359128
50354521
50355033
50355545
50356057
50356569
50357081
50357593
50358105
50358617
50359129
10146999
10147511
10148023
10148535
10149047
10149559
10150071
10150583
10151095
10151607
10147000
10147512
10148024
10148536
10149048
10149560
10150072
10150584
10151096
10151608
10147001
10147513
10148025
10148537
10149049
10149561
10150073
10150585
10151097
10151609
10147002
10147514
10148026
10148538
10149050
10149562
10150074
10150586
10151098
10151610
10147003
10147515
10148027
10148539
10149051
10149563
10150075
10150587
10151099
10151611
10147004
10147516
10148028
10148540
10149052
10149564
10150076
10150588
10151100
10151612
10147005
10147517
10148029
10148541
10149053
10149565
10150077
10150589
10151101
10151613
10147006
10147518
10148030
10148542
10149054
10149566
10150078
10150590
10151102
10151614
10147007
10147519
10148031
10148543
10149055
10149567
10150079
10150591
10151103
10151615
10147008
10147520
10148032
10148544
10149056
10149568
10150080
10150592
10151104
10151616
7787181
7787693
7788205
7788717
7789229
7789741
7790253
7790765
7791277
7791789
7787182
7787694
7788206
7788718
7789230
7789742
7790254
7790766
7791278
7791790
7787183
7787695
7788207
7788719
7789231
7789743
7790255
7790767
7791279
7791791
7787184
7787696
7788208
7788720
7789232
7789744
7790256
7790768
7791280
7791792
7787185
7787697
7788209
7788721
7789233
7789745
7790257
7790769
7791281
7791793
7787186
7787698
7788210
7788722
7789234
7789746
7790258
7790770
7791282
7791794
7787187
7787699
7788211
7788723
7789235
7789747
7790259
7790771
7791283
7791795
7787188
7787700
7788212
7788724
7789236
7789748
7790260
7790772
7791284
7791796
7787189
7787701
7788213
7788725
7789237
7789749
7790261
7790773
7791285
7791797
7787190
7787702
7788214
7788726
7789238
7789750
7790262
7790774
7791286
7791798
45910150
45910662
45911174
45911686
45912198
45912710
45913222
45913734
45914246
45914758
45910151
45910663
45911175
45911687
45912199
45912711
45913223
45913735
45914247
45914759
45910152
45910664
45911176
45911688
45912200
45912712
45913224
45913736
45914248
45914760
45910153
45910665
45911177
45911689
45912201
45912713
45913225
45913737
45914249
45914761
45910154
45910666
45911178
45911690
45912202
45912714
45913226
45913738
45914250
45914762
45910155
45910667
45911179
45911691
45912203
45912715
45913227
45913739
45914251
45914763
45910156
45910668
45911180
45911692
45912204
45912716
45913228
45913740
45914252
45914764
45910157
45910669
45911181
45911693
45912205
45912717
45913229
45913741
45914253
45914765
45910158
45910670
45911182
45911694
45912206
45912718
45913230
45913742
45914254
45914766
45910159
45910671
45911183
45911695
45912207
45912719
45913231
45913743
45914255
45914767
27347856
27348368
27348880
27349392
27349904
27350416
27350928
27351440
27351952
27352464
27347857
27348369
27348881
27349393
27349905
27350417
27350929
27351441
27351953
27352465
27347858
27348370
27348882
27349394
27349906
27350418
27350930
27351442
27351954
27352466
27347859
27348371
27348883
27349395
27349907
27350419
27350931
27351443
27351955
27352467
27347860
27348372
27348884
27349396
27349908
27350420
27350932
27351444
27351956
27352468
27347861
27348373
27348885
27349397
27349909
27350421
27350933
27351445
27351957
27352469
27347862
27348374
27348886
27349398
27349910
27350422
27350934
27351446
27351958
27352470
27347863
27348375
27348887
27349399
27349911
27350423
27350935
27351447
27351959
27352471
27347864
27348376
27348888
27349400
27349912
27350424
27350936
27351448
27351960
27352472
27347865
27348377
27348889
27349401
27349913
27350425
27350937
27351449
27351961
27352473
722350
722862
723374
723886
724398
724910
725422
725934
726446
726958
722351
722863
723375
723887
724399
724911
725423
725935
726447
726959
722352
722864
723376
723888
724400
724912
725424
725936
726448
726960
722353
722865
723377
723889
724401
724913
725425
725937
726449
726961
722354
722866
723378
723890
724402
724914
725426
725938
726450
726962
722355
722867
723379
723891
724403
724915
725427
725939
726451
726963
722356
722868
723380
723892
724404
724916
725428
725940
726452
726964
722357
722869
723381
723893
724405
724917
725429
725941
726453
726965
722358
722870
723382
723894
724406
724918
725430
725942
726454
726966
722359
722871
723383
723895
724407
724919
725431
725943
726455
726967
9867461
9867973
9868485
9868997
9869509
9870021
9870533
9871045
9871557
9872069
9867462
9867974
9868486
9868998
9869510
9870022
9870534
9871046
9871558
9872070
9867463
9867975
9868487
9868999
9869511
9870023
9870535
9871047
9871559
9872071
9867464
9867976
9868488
9869000
9869512
9870024
9870536
9871048
9871560
9872072
9867465
9867977
9868489
9869001
9869513
9870025
9870537
9871049
9871561
9872073
9867466
9867978
9868490
9869002
9869514
9870026
9870538
9871050
9871562
9872074
9867467
9867979
9868491
9869003
9869515
9870027
9870539
9871051
9871563
9872075
9867468
9867980
9868492
9869004
9869516
9870028
9870540
9871052
9871564
9872076
9867469
9867981
9868493
9869005
9869517
9870029
9870541
9871053
9871565
9872077
9867470
9867982
9868494
9869006
9869518
9870030
9870542
9871054
9871566
9872078
24334062
24334574
24335086
24335598
24336110
24336622
24337134
24337646
24338158
24338670
24334063
24334575
24335087
24335599
24336111
24336623
24337135
24337647
24338159
24338671
24334064
24334576
24335088
24335600
24336112
24336624
24337136
24337648
24338160
24338672
24334065
24334577
24335089
24335601
24336113
24336625
24337137
24337649
24338161
24338673
24334066
24334578
24335090
24335602
24336114
24336626
24337138
24337650
24338162
24338674
24334067
24334579
24335091
24335603
24336115
24336627
24337139
24337651
24338163
24338675
24334068
24334580
24335092
24335604
24336116
24336628
24337140
24337652
24338164
24338676
24334069
24334581
24335093
24335605
24336117
24336629
24337141
24337653
24338165
24338677
24334070
24334582
24335094
24335606
24336118
24336630
24337142
24337654
24338166
24338678
24334071
24334583
24335095
24335607
24336119
24336631
24337143
24337655
24338167
24338679
10683286
10683798
10684310
10684822
10685334
10685846
10686358
10686870
10687382
10687894
10683287
10683799
10684311
10684823
10685335
10685847
10686359
10686871
10687383
10687895
10683288
10683800
10684312
10684824
10685336
10685848
10686360
10686872
10687384
10687896
10683289
10683801
10684313
10684825
10685337
10685849
10686361
10686873
10687385
10687897
10683290
10683802
10684314
10684826
10685338
10685850
10686362
10686874
10687386
10687898
10683291
10683803
10684315
10684827
10685339
10685851
10686363
10686875
10687387
10687899
10683292
10683804
10684316
10684828
10685340
10685852
10686364
10686876
10687388
10687900
10683293
10683805
10684317
10684829
10685341
10685853
10686365
10686877
10687389
10687901
10683294
10683806
10684318
10684830
10685342
10685854
10686366
10686878
10687390
10687902
10683295
10683807
10684319
10684831
10685343
10685855
10686367
10686879
10687391
10687903
38127280
38127792
38128304
38128816
38129328
38129840
38130352
38130864
38131376
38131888
38127281
38127793
38128305
38128817
38129329
38129841
38130353
38130865
38131377
38131889
38127282
38127794
38128306
38128818
38129330
38129842
38130354
38130866
38131378
38131890
38127283
38127795
38128307
38128819
38129331
38129843
38130355
38130867
38131379
38131891
38127284
38127796
38128308
38128820
38129332
38129844
38130356
38130868
38131380
38131892
38127285
38127797
38128309
38128821
38129333
38129845
38130357
38130869
38131381
38131893
38127286
38127798
38128310
38128822
38129334
38129846
38130358
38130870
38131382
38131894
38127287
38127799
38128311
38128823
38129335
38129847
38130359
38130871
38131383
38131895
38127288
38127800
38128312
38128824
38129336
38129848
38130360
38130872
38131384
38131896
38127289
38127801
38128313
38128825
38129337
38129849
38130361
38130873
38131385
38131897
7814687
7815199
7815711
7816223
7816735
7817247
7817759
7818271
7818783
7819295
7814688
7815200
7815712
7816224
7816736
7817248
7817760
7818272
7818784
7819296
7814689
7815201
7815713
7816225
7816737
7817249
7817761
7818273
7818785
7819297
7814690
7815202
7815714
7816226
7816738
7817250
7817762
7818274
7818786
7819298
7814691
7815203
7815715
7816227
7816739
7817251
7817763
7818275
7818787
7819299
7814692
7815204
7815716
7816228
7816740
7817252
7817764
7818276
7818788
7819300
7814693
7815205
7815717
7816229
7816741
7817253
7817765
7818277
7818789
7819301
7814694
7815206
7815718
7816230
7816742
7817254
7817766
7818278
7818790
7819302
7814695
7815207
7815719
7816231
7816743
7817255
7817767
7818279
7818791
7819303
7814696
7815208
7815720
7816232
7816744
7817256
7817768
7818280
7818792
7819304
16274257
16274769
16275281
16275793
16276305
16276817
16277329
16277841
16278353
16278865
16274258
16274770
16275282
16275794
16276306
16276818
16277330
16277842
16278354
16278866
16274259
16274771
16275283
16275795
16276307
16276819
16277331
16277843
16278355
16278867
16274260
16274772
16275284
16275796
16276308
16276820
16277332
16277844
16278356
16278868
16274261
16274773
16275285
16275797
16276309
16276821
16277333
16277845
16278357
16278869
16274262
16274774
16275286
16275798
16276310
16276822
16277334
16277846
16278358
16278870
16274263
16274775
16275287
16275799
16276311
16276823
16277335
16277847
16278359
16278871
16274264
16274776
16275288
16275800
16276312
16276824
16277336
16277848
16278360
16278872
16274265
16274777
16275289
16275801
16276313
16276825
16277337
16277849
16278361
16278873
16274266
16274778
16275290
16275802
16276314
16276826
16277338
16277850
16278362
16278874
17089403
17089915
17090427
17090939
17091451
17091963
17092475
17092987
17093499
17094011
17089404
17089916
17090428
17090940
17091452
17091964
17092476
17092988
17093500
17094012
17089405
17089917
17090429
17090941
17091453
17091965
17092477
17092989
17093501
17094013
17089406
17089918
17090430
17090942
17091454
17091966
17092478
17092990
17093502
17094014
17089407
17089919
17090431
17090943
17091455
17091967
17092479
17092991
17093503
17094015
17089408
17089920
17090432
17090944
17091456
17091968
17092480
17092992
17093504
17094016
17089409
17089921
17090433
17090945
17091457
17091969
17092481
17092993
17093505
17094017
17089410
17089922
17090434
17090946
17091458
17091970
17092482
17092994
17093506
17094018
17089411
17089923
17090435
17090947
17091459
17091971
17092483
17092995
17093507
17094019
17089412
17089924
17090436
17090948
17091460
17091972
17092484
17092996
17093508
17094020
