44645010
44645522
44646034
44646546
44647058
44647570
44648082
44648594
44649106
44649618
44645011
44645523
44646035
44646547
44647059
44647571
44648083
44648595
44649107
44649619
44645012
44645524
44646036
44646548
44647060
44647572
44648084
44648596
44649108
44649620
44645013
44645525
44646037
44646549
44647061
44647573
44648085
44648597
44649109
44649621
44645014
44645526
44646038
44646550
44647062
44647574
44648086
44648598
44649110
44649622
44645015
44645527
44646039
44646551
44647063
44647575
44648087
44648599
44649111
44649623
44645016
44645528
44646040
44646552
44647064
44647576
44648088
44648600
44649112
44649624
44645017
44645529
44646041
44646553
44647065
44647577
44648089
44648601
44649113
44649625
44645018
44645530
44646042
44646554
44647066
44647578
44648090
44648602
44649114
44649626
44645019
44645531
44646043
44646555
44647067
44647579
44648091
44648603
44649115
44649627
47016163
47016675
47017187
47017699
47018211
47018723
47019235
47019747
47020259
47020771
47016164
47016676
47017188
47017700
47018212
47018724
47019236
47019748
47020260
47020772
47016165
47016677
47017189
47017701
47018213
47018725
47019237
47019749
47020261
47020773
47016166
47016678
47017190
47017702
47018214
47018726
47019238
47019750
47020262
47020774
47016167
47016679
47017191
47017703
47018215
47018727
47019239
47019751
47020263
47020775
47016168
47016680
47017192
47017704
47018216
47018728
47019240
47019752
47020264
47020776
47016169
47016681
47017193
47017705
47018217
47018729
47019241
47019753
47020265
47020777
47016170
47016682
47017194
47017706
47018218
47018730
47019242
47019754
47020266
47020778
47016171
47016683
47017195
47017707
47018219
47018731
47019243
47019755
47020267
47020779
47016172
47016684
47017196
47017708
47018220
47018732
47019244
47019756
47020268
47020780
46253223
46253735
46254247
46254759
46255271
46255783
46256295
46256807
46257319
46257831
46253224
46253736
46254248
46254760
46255272
46255784
46256296
46256808
46257320
46257832
46253225
46253737
46254249
46254761
46255273
46255785
46256297
46256809
46257321
46257833
46253226
46253738
46254250
46254762
46255274
46255786
46256298
46256810
46257322
46257834
46253227
46253739
46254251
46254763
46255275
46255787
46256299
46256811
46257323
46257835
46253228
46253740
46254252
46254764
46255276
46255788
46256300
46256812
46257324
46257836
46253229
46253741
46254253
46254765
46255277
46255789
46256301
46256813
46257325
46257837
46253230
46253742
46254254
46254766
46255278
46255790
46256302
46256814
46257326
46257838
46253231
46253743
46254255
46254767
46255279
46255791
46256303
46256815
46257327
46257839
46253232
46253744
46254256
46254768
46255280
46255792
46256304
46256816
46257328
46257840
48054435
48054947
48055459
48055971
48056483
48056995
48057507
48058019
48058531
48059043
48054436
48054948
48055460
48055972
48056484
48056996
48057508
48058020
48058532
48059044
48054437
48054949
48055461
48055973
48056485
48056997
48057509
48058021
48058533
48059045
48054438
48054950
48055462
48055974
48056486
48056998
48057510
48058022
48058534
48059046
48054439
48054951
48055463
48055975
48056487
48056999
48057511
48058023
48058535
48059047
48054440
48054952
48055464
48055976
48056488
48057000
48057512
48058024
48058536
48059048
48054441
48054953
48055465
48055977
48056489
48057001
48057513
48058025
48058537
48059049
48054442
48054954
48055466
48055978
48056490
48057002
48057514
48058026
48058538
48059050
48054443
48054955
48055467
48055979
48056491
48057003
48057515
48058027
48058539
48059051
48054444
48054956
48055468
48055980
48056492
48057004
48057516
48058028
48058540
48059052
45169345
45169857
45170369
45170881
45171393
45171905
45172417
45172929
45173441
45173953
45169346
45169858
45170370
45170882
45171394
45171906
45172418
45172930
45173442
45173954
45169347
45169859
45170371
45170883
45171395
45171907
45172419
45172931
45173443
45173955
45169348
45169860
45170372
45170884
45171396
45171908
45172420
45172932
45173444
45173956
45169349
45169861
45170373
45170885
45171397
45171909
45172421
45172933
45173445
45173957
45169350
45169862
45170374
45170886
45171398
45171910
45172422
45172934
45173446
45173958
45169351
45169863
45170375
45170887
45171399
45171911
45172423
45172935
45173447
45173959
45169352
45169864
45170376
45170888
45171400
45171912
45172424
45172936
45173448
45173960
45169353
45169865
45170377
45170889
45171401
45171913
45172425
45172937
45173449
45173961
45169354
45169866
45170378
45170890
45171402
45171914
45172426
45172938
45173450
45173962
39914670
39915182
39915694
39916206
39916718
39917230
39917742
39918254
39918766
39919278
39914671
39915183
39915695
39916207
39916719
39917231
39917743
39918255
39918767
39919279
39914672
39915184
39915696
39916208
39916720
39917232
39917744
39918256
39918768
39919280
39914673
39915185
39915697
39916209
39916721
39917233
39917745
39918257
39918769
39919281
39914674
39915186
39915698
39916210
39916722
39917234
39917746
39918258
39918770
39919282
39914675
39915187
39915699
39916211
39916723
39917235
39917747
39918259
39918771
39919283
39914676
39915188
39915700
39916212
39916724
39917236
39917748
39918260
39918772
39919284
39914677
39915189
39915701
39916213
39916725
39917237
39917749
39918261
39918773
39919285
39914678
39915190
39915702
39916214
39916726
39917238
39917750
39918262
39918774
39919286
39914679
39915191
39915703
39916215
39916727
39917239
39917751
39918263
39918775
39919287
38873819
38874331
38874843
38875355
38875867
38876379
38876891
38877403
38877915
38878427
38873820
38874332
38874844
38875356
38875868
38876380
38876892
38877404
38877916
38878428
38873821
38874333
38874845
38875357
38875869
38876381
38876893
38877405
38877917
38878429
38873822
38874334
38874846
38875358
38875870
38876382
38876894
38877406
38877918
38878430
38873823
38874335
38874847
38875359
38875871
38876383
38876895
38877407
38877919
38878431
38873824
38874336
38874848
38875360
38875872
38876384
38876896
38877408
38877920
38878432
38873825
38874337
38874849
38875361
38875873
38876385
38876897
38877409
38877921
38878433
38873826
38874338
38874850
38875362
38875874
38876386
38876898
38877410
38877922
38878434
38873827
38874339
38874851
38875363
38875875
38876387
38876899
38877411
38877923
38878435
38873828
38874340
38874852
38875364
38875876
38876388
38876900
38877412
38877924
38878436
45192890
45193402
45193914
45194426
45194938
45195450
45195962
45196474
45196986
45197498
45192891
45193403
45193915
45194427
45194939
45195451
45195963
45196475
45196987
45197499
45192892
45193404
45193916
45194428
45194940
45195452
45195964
45196476
45196988
45197500
45192893
45193405
45193917
45194429
45194941
45195453
45195965
45196477
45196989
45197501
45192894
45193406
45193918
45194430
45194942
45195454
45195966
45196478
45196990
45197502
45192895
45193407
45193919
45194431
45194943
45195455
45195967
45196479
45196991
45197503
45192896
45193408
45193920
45194432
45194944
45195456
45195968
45196480
45196992
45197504
45192897
45193409
45193921
45194433
45194945
45195457
45195969
45196481
45196993
45197505
45192898
45193410
45193922
45194434
45194946
45195458
45195970
45196482
45196994
45197506
45192899
45193411
45193923
45194435
45194947
45195459
45195971
45196483
45196995
45197507
51188419
51188931
51189443
51189955
51190467
51190979
51191491
51192003
51192515
51193027
51188420
51188932
51189444
51189956
51190468
51190980
51191492
51192004
51192516
51193028
51188421
51188933
51189445
51189957
51190469
51190981
51191493
51192005
51192517
51193029
51188422
51188934
51189446
51189958
51190470
51190982
51191494
51192006
51192518
51193030
51188423
51188935
51189447
51189959
51190471
51190983
51191495
51192007
51192519
51193031
51188424
51188936
51189448
51189960
51190472
51190984
51191496
51192008
51192520
51193032
51188425
51188937
51189449
51189961
51190473
51190985
51191497
51192009
51192521
51193033
51188426
51188938
51189450
51189962
51190474
51190986
51191498
51192010
51192522
51193034
51188427
51188939
51189451
51189963
51190475
51190987
51191499
51192011
51192523
51193035
51188428
51188940
51189452
51189964
51190476
51190988
51191500
51192012
51192524
51193036
48549607
48550119
48550631
48551143
48551655
48552167
48552679
48553191
48553703
48554215
48549608
48550120
48550632
48551144
48551656
48552168
48552680
48553192
48553704
48554216
48549609
48550121
48550633
48551145
48551657
48552169
48552681
48553193
48553705
48554217
48549610
48550122
48550634
48551146
48551658
48552170
48552682
48553194
48553706
48554218
48549611
48550123
48550635
48551147
48551659
48552171
48552683
48553195
48553707
48554219
48549612
48550124
48550636
48551148
48551660
48552172
48552684
48553196
48553708
48554220
48549613
48550125
48550637
48551149
48551661
48552173
48552685
48553197
48553709
48554221
48549614
48550126
48550638
48551150
48551662
48552174
48552686
48553198
48553710
48554222
48549615
48550127
48550639
48551151
48551663
48552175
48552687
48553199
48553711
48554223
48549616
48550128
48550640
48551152
48551664
48552176
48552688
48553200
48553712
48554224
47790766
47791278
47791790
47792302
47792814
47793326
47793838
47794350
47794862
47795374
47790767
47791279
47791791
47792303
47792815
47793327
47793839
47794351
47794863
47795375
47790768
47791280
47791792
47792304
47792816
47793328
47793840
47794352
47794864
47795376
47790769
47791281
47791793
47792305
47792817
47793329
47793841
47794353
47794865
47795377
47790770
47791282
47791794
47792306
47792818
47793330
47793842
47794354
47794866
47795378
47790771
47791283
47791795
47792307
47792819
47793331
47793843
47794355
47794867
47795379
47790772
47791284
47791796
47792308
47792820
47793332
47793844
47794356
47794868
47795380
47790773
47791285
47791797
47792309
47792821
47793333
47793845
47794357
47794869
47795381
47790774
47791286
47791798
47792310
47792822
47793334
47793846
47794358
47794870
47795382
47790775
47791287
47791799
47792311
47792823
47793335
47793847
47794359
47794871
47795383
35442963
35443475
35443987
35444499
35445011
35445523
35446035
35446547
35447059
35447571
35442964
35443476
35443988
35444500
35445012
35445524
35446036
35446548
35447060
35447572
35442965
35443477
35443989
35444501
35445013
35445525
35446037
35446549
35447061
35447573
35442966
35443478
35443990
35444502
35445014
35445526
35446038
35446550
35447062
35447574
35442967
35443479
35443991
35444503
35445015
35445527
35446039
35446551
35447063
35447575
35442968
35443480
35443992
35444504
35445016
35445528
35446040
35446552
35447064
35447576
35442969
35443481
35443993
35444505
35445017
35445529
35446041
35446553
35447065
35447577
35442970
35443482
35443994
35444506
35445018
35445530
35446042
35446554
35447066
35447578
35442971
35443483
35443995
35444507
35445019
35445531
35446043
35446555
35447067
35447579
35442972
35443484
35443996
35444508
35445020
35445532
35446044
35446556
35447068
35447580
36226832
36227344
36227856
36228368
36228880
36229392
36229904
36230416
36230928
36231440
36226833
36227345
36227857
36228369
36228881
36229393
36229905
36230417
36230929
36231441
36226834
36227346
36227858
36228370
36228882
36229394
36229906
36230418
36230930
36231442
36226835
36227347
36227859
36228371
36228883
36229395
36229907
36230419
36230931
36231443
36226836
36227348
36227860
36228372
36228884
36229396
36229908
36230420
36230932
36231444
36226837
36227349
36227861
36228373
36228885
36229397
36229909
36230421
36230933
36231445
36226838
36227350
36227862
36228374
36228886
36229398
36229910
36230422
36230934
36231446
36226839
36227351
36227863
36228375
36228887
36229399
36229911
36230423
36230935
36231447
36226840
36227352
36227864
36228376
36228888
36229400
36229912
36230424
36230936
36231448
36226841
36227353
36227865
36228377
36228889
36229401
36229913
36230425
36230937
36231449
51523259
51523771
51524283
51524795
51525307
51525819
51526331
51526843
51527355
51527867
51523260
51523772
51524284
51524796
51525308
51525820
51526332
51526844
51527356
51527868
51523261
51523773
51524285
51524797
51525309
51525821
51526333
51526845
51527357
51527869
51523262
51523774
51524286
51524798
51525310
51525822
51526334
51526846
51527358
51527870
51523263
51523775
51524287
51524799
51525311
51525823
51526335
51526847
51527359
51527871
51523264
51523776
51524288
51524800
51525312
51525824
51526336
51526848
51527360
51527872
51523265
51523777
51524289
51524801
51525313
51525825
51526337
51526849
51527361
51527873
51523266
51523778
51524290
51524802
51525314
51525826
51526338
51526850
51527362
51527874
51523267
51523779
51524291
51524803
51525315
51525827
51526339
51526851
51527363
51527875
51523268
51523780
51524292
51524804
51525316
51525828
51526340
51526852
51527364
51527876
51988665
51989177
51989689
51990201
51990713
51991225
51991737
51992249
51992761
51993273
51988666
51989178
51989690
51990202
51990714
51991226
51991738
51992250
51992762
51993274
51988667
51989179
51989691
51990203
51990715
51991227
51991739
51992251
51992763
51993275
51988668
51989180
51989692
51990204
51990716
51991228
51991740
51992252
51992764
51993276
51988669
51989181
51989693
51990205
51990717
51991229
51991741
51992253
51992765
51993277
51988670
51989182
51989694
51990206
51990718
51991230
51991742
51992254
51992766
51993278
51988671
51989183
51989695
51990207
51990719
51991231
51991743
51992255
51992767
51993279
51988672
51989184
51989696
51990208
51990720
51991232
51991744
51992256
51992768
51993280
51988673
51989185
51989697
51990209
51990721
51991233
51991745
51992257
51992769
51993281
51988674
51989186
51989698
51990210
51990722
51991234
51991746
51992258
51992770
51993282
45982456
45982968
45983480
45983992
45984504
45985016
45985528
45986040
45986552
45987064
45982457
45982969
45983481
45983993
45984505
45985017
45985529
45986041
45986553
45987065
45982458
45982970
45983482
45983994
45984506
45985018
45985530
45986042
45986554
45987066
45982459
45982971
45983483
45983995
45984507
45985019
45985531
45986043
45986555
45987067
45982460
45982972
45983484
45983996
45984508
45985020
45985532
45986044
45986556
45987068
45982461
45982973
45983485
45983997
45984509
45985021
45985533
45986045
45986557
45987069
45982462
45982974
45983486
45983998
45984510
45985022
45985534
45986046
45986558
45987070
45982463
45982975
45983487
45983999
45984511
45985023
45985535
45986047
45986559
45987071
45982464
45982976
45983488
45984000
45984512
45985024
45985536
45986048
45986560
45987072
45982465
45982977
45983489
45984001
45984513
45985025
45985537
45986049
45986561
45987073
50173640
50174152
50174664
50175176
50175688
50176200
50176712
50177224
50177736
50178248
50173641
50174153
50174665
50175177
50175689
50176201
50176713
50177225
50177737
50178249
50173642
50174154
50174666
50175178
50175690
50176202
50176714
50177226
50177738
50178250
50173643
50174155
50174667
50175179
50175691
50176203
50176715
50177227
50177739
50178251
50173644
50174156
50174668
50175180
50175692
50176204
50176716
50177228
50177740
50178252
50173645
50174157
50174669
50175181
50175693
50176205
50176717
50177229
50177741
50178253
50173646
50174158
50174670
50175182
50175694
50176206
50176718
50177230
50177742
50178254
50173647
50174159
50174671
50175183
50175695
50176207
50176719
50177231
50177743
50178255
50173648
50174160
50174672
50175184
50175696
50176208
50176720
50177232
50177744
50178256
50173649
50174161
50174673
50175185
50175697
50176209
50176721
50177233
50177745
50178257
50135809
50136321
50136833
50137345
50137857
50138369
50138881
50139393
50139905
50140417
50135810
50136322
50136834
50137346
50137858
50138370
50138882
50139394
50139906
50140418
50135811
50136323
50136835
50137347
50137859
50138371
50138883
50139395
50139907
50140419
50135812
50136324
50136836
50137348
50137860
50138372
50138884
50139396
50139908
50140420
50135813
50136325
50136837
50137349
50137861
50138373
50138885
50139397
50139909
50140421
50135814
50136326
50136838
50137350
50137862
50138374
50138886
50139398
50139910
50140422
50135815
50136327
50136839
50137351
50137863
50138375
50138887
50139399
50139911
50140423
50135816
50136328
50136840
50137352
50137864
50138376
50138888
50139400
50139912
50140424
50135817
50136329
50136841
50137353
50137865
50138377
50138889
50139401
50139913
50140425
50135818
50136330
50136842
50137354
50137866
50138378
50138890
50139402
50139914
50140426
42324613
42325125
42325637
42326149
42326661
42327173
42327685
42328197
42328709
42329221
42324614
42325126
42325638
42326150
42326662
42327174
42327686
42328198
42328710
42329222
42324615
42325127
42325639
42326151
42326663
42327175
42327687
42328199
42328711
42329223
42324616
42325128
42325640
42326152
42326664
42327176
42327688
42328200
42328712
42329224
42324617
42325129
42325641
42326153
42326665
42327177
42327689
42328201
42328713
42329225
42324618
42325130
42325642
42326154
42326666
42327178
42327690
42328202
42328714
42329226
42324619
42325131
42325643
42326155
42326667
42327179
42327691
42328203
42328715
42329227
42324620
42325132
42325644
42326156
42326668
42327180
42327692
42328204
42328716
42329228
42324621
42325133
42325645
42326157
42326669
42327181
42327693
42328205
42328717
42329229
42324622
42325134
42325646
42326158
42326670
42327182
42327694
42328206
42328718
42329230
44374350
44374862
44375374
44375886
44376398
44376910
44377422
44377934
44378446
44378958
44374351
44374863
44375375
44375887
44376399
44376911
44377423
44377935
44378447
44378959
44374352
44374864
44375376
44375888
44376400
44376912
44377424
44377936
44378448
44378960
44374353
44374865
44375377
44375889
44376401
44376913
44377425
44377937
44378449
44378961
44374354
44374866
44375378
44375890
44376402
44376914
44377426
44377938
44378450
44378962
44374355
44374867
44375379
44375891
44376403
44376915
44377427
44377939
44378451
44378963
44374356
44374868
44375380
44375892
44376404
44376916
44377428
44377940
44378452
44378964
44374357
44374869
44375381
44375893
44376405
44376917
44377429
44377941
44378453
44378965
44374358
44374870
44375382
44375894
44376406
44376918
44377430
44377942
44378454
44378966
44374359
44374871
44375383
44375895
44376407
44376919
44377431
44377943
44378455
44378967
47269074
47269586
47270098
47270610
47271122
47271634
47272146
47272658
47273170
47273682
47269075
47269587
47270099
47270611
47271123
47271635
47272147
47272659
47273171
47273683
47269076
47269588
47270100
47270612
47271124
47271636
47272148
47272660
47273172
47273684
47269077
47269589
47270101
47270613
47271125
47271637
47272149
47272661
47273173
47273685
47269078
47269590
47270102
47270614
47271126
47271638
47272150
47272662
47273174
47273686
47269079
47269591
47270103
47270615
47271127
47271639
47272151
47272663
47273175
47273687
47269080
47269592
47270104
47270616
47271128
47271640
47272152
47272664
47273176
47273688
47269081
47269593
47270105
47270617
47271129
47271641
47272153
47272665
47273177
47273689
47269082
47269594
47270106
47270618
47271130
47271642
47272154
47272666
47273178
47273690
47269083
47269595
47270107
47270619
47271131
47271643
47272155
47272667
47273179
47273691
49165968
49166480
49166992
49167504
49168016
49168528
49169040
49169552
49170064
49170576
49165969
49166481
49166993
49167505
49168017
49168529
49169041
49169553
49170065
49170577
49165970
49166482
49166994
49167506
49168018
49168530
49169042
49169554
49170066
49170578
49165971
49166483
49166995
49167507
49168019
49168531
49169043
49169555
49170067
49170579
49165972
49166484
49166996
49167508
49168020
49168532
49169044
49169556
49170068
49170580
49165973
49166485
49166997
49167509
49168021
49168533
49169045
49169557
49170069
49170581
49165974
49166486
49166998
49167510
49168022
49168534
49169046
49169558
49170070
49170582
49165975
49166487
49166999
49167511
49168023
49168535
49169047
49169559
49170071
49170583
49165976
49166488
49167000
49167512
49168024
49168536
49169048
49169560
49170072
49170584
49165977
49166489
49167001
49167513
49168025
49168537
49169049
49169561
49170073
49170585
47006490
47007002
47007514
47008026
47008538
47009050
47009562
47010074
47010586
47011098
47006491
47007003
47007515
47008027
47008539
47009051
47009563
47010075
47010587
47011099
47006492
47007004
47007516
47008028
47008540
47009052
47009564
47010076
47010588
47011100
47006493
47007005
47007517
47008029
47008541
47009053
47009565
47010077
47010589
47011101
47006494
47007006
47007518
47008030
47008542
47009054
47009566
47010078
47010590
47011102
47006495
47007007
47007519
47008031
47008543
47009055
47009567
47010079
47010591
47011103
47006496
47007008
47007520
47008032
47008544
47009056
47009568
47010080
47010592
47011104
47006497
47007009
47007521
47008033
47008545
47009057
47009569
47010081
47010593
47011105
47006498
47007010
47007522
47008034
47008546
47009058
47009570
47010082
47010594
47011106
47006499
47007011
47007523
47008035
47008547
47009059
47009571
47010083
47010595
47011107
45975745
45976257
45976769
45977281
45977793
45978305
45978817
45979329
45979841
45980353
45975746
45976258
45976770
45977282
45977794
45978306
45978818
45979330
45979842
45980354
45975747
45976259
45976771
45977283
45977795
45978307
45978819
45979331
45979843
45980355
45975748
45976260
45976772
45977284
45977796
45978308
45978820
45979332
45979844
45980356
45975749
45976261
45976773
45977285
45977797
45978309
45978821
45979333
45979845
45980357
45975750
45976262
45976774
45977286
45977798
45978310
45978822
45979334
45979846
45980358
45975751
45976263
45976775
45977287
45977799
45978311
45978823
45979335
45979847
45980359
45975752
45976264
45976776
45977288
45977800
45978312
45978824
45979336
45979848
45980360
45975753
45976265
45976777
45977289
45977801
45978313
45978825
45979337
45979849
45980361
45975754
45976266
45976778
45977290
45977802
45978314
45978826
45979338
45979850
45980362
47298762
47299274
47299786
47300298
47300810
47301322
47301834
47302346
47302858
47303370
47298763
47299275
47299787
47300299
47300811
47301323
47301835
47302347
47302859
47303371
47298764
47299276
47299788
47300300
47300812
47301324
47301836
47302348
47302860
47303372
47298765
47299277
47299789
47300301
47300813
47301325
47301837
47302349
47302861
47303373
47298766
47299278
47299790
47300302
47300814
47301326
47301838
47302350
47302862
47303374
47298767
47299279
47299791
47300303
47300815
47301327
47301839
47302351
47302863
47303375
47298768
47299280
47299792
47300304
47300816
47301328
47301840
47302352
47302864
47303376
47298769
47299281
47299793
47300305
47300817
47301329
47301841
47302353
47302865
47303377
47298770
47299282
47299794
47300306
47300818
47301330
47301842
47302354
47302866
47303378
47298771
47299283
47299795
47300307
47300819
47301331
47301843
47302355
47302867
47303379
51501732
51502244
51502756
51503268
51503780
51504292
51504804
51505316
51505828
51506340
51501733
51502245
51502757
51503269
51503781
51504293
51504805
51505317
51505829
51506341
51501734
51502246
51502758
51503270
51503782
51504294
51504806
51505318
51505830
51506342
51501735
51502247
51502759
51503271
51503783
51504295
51504807
51505319
51505831
51506343
51501736
51502248
51502760
51503272
51503784
51504296
51504808
51505320
51505832
51506344
51501737
51502249
51502761
51503273
51503785
51504297
51504809
51505321
51505833
51506345
51501738
51502250
51502762
51503274
51503786
51504298
51504810
51505322
51505834
51506346
51501739
51502251
51502763
51503275
51503787
51504299
51504811
51505323
51505835
51506347
51501740
51502252
51502764
51503276
51503788
51504300
51504812
51505324
51505836
51506348
51501741
51502253
51502765
51503277
51503789
51504301
51504813
51505325
51505837
51506349
37033689
37034201
37034713
37035225
37035737
37036249
37036761
37037273
37037785
37038297
37033690
37034202
37034714
37035226
37035738
37036250
37036762
37037274
37037786
37038298
37033691
37034203
37034715
37035227
37035739
37036251
37036763
37037275
37037787
37038299
37033692
37034204
37034716
37035228
37035740
37036252
37036764
37037276
37037788
37038300
37033693
37034205
37034717
37035229
37035741
37036253
37036765
37037277
37037789
37038301
37033694
37034206
37034718
37035230
37035742
37036254
37036766
37037278
37037790
37038302
37033695
37034207
37034719
37035231
37035743
37036255
37036767
37037279
37037791
37038303
37033696
37034208
37034720
37035232
37035744
37036256
37036768
37037280
37037792
37038304
37033697
37034209
37034721
37035233
37035745
37036257
37036769
37037281
37037793
37038305
37033698
37034210
37034722
37035234
37035746
37036258
37036770
37037282
37037794
37038306
48296729
48297241
48297753
48298265
48298777
48299289
48299801
48300313
48300825
48301337
48296730
48297242
48297754
48298266
48298778
48299290
48299802
48300314
48300826
48301338
48296731
48297243
48297755
48298267
48298779
48299291
48299803
48300315
48300827
48301339
48296732
48297244
48297756
48298268
48298780
48299292
48299804
48300316
48300828
48301340
48296733
48297245
48297757
48298269
48298781
48299293
48299805
48300317
48300829
48301341
48296734
48297246
48297758
48298270
48298782
48299294
48299806
48300318
48300830
48301342
48296735
48297247
48297759
48298271
48298783
48299295
48299807
48300319
48300831
48301343
48296736
48297248
48297760
48298272
48298784
48299296
48299808
48300320
48300832
48301344
48296737
48297249
48297761
48298273
48298785
48299297
48299809
48300321
48300833
48301345
48296738
48297250
48297762
48298274
48298786
48299298
48299810
48300322
48300834
48301346
53837511
53838023
53838535
53839047
53839559
53840071
53840583
53841095
53841607
53842119
53837512
53838024
53838536
53839048
53839560
53840072
53840584
53841096
53841608
53842120
53837513
53838025
53838537
53839049
53839561
53840073
53840585
53841097
53841609
53842121
53837514
53838026
53838538
53839050
53839562
53840074
53840586
53841098
53841610
53842122
53837515
53838027
53838539
53839051
53839563
53840075
53840587
53841099
53841611
53842123
53837516
53838028
53838540
53839052
53839564
53840076
53840588
53841100
53841612
53842124
53837517
53838029
53838541
53839053
53839565
53840077
53840589
53841101
53841613
53842125
53837518
53838030
53838542
53839054
53839566
53840078
53840590
53841102
53841614
53842126
53837519
53838031
53838543
53839055
53839567
53840079
53840591
53841103
53841615
53842127
53837520
53838032
53838544
53839056
53839568
53840080
53840592
53841104
53841616
53842128
44425356
44425868
44426380
44426892
44427404
44427916
44428428
44428940
44429452
44429964
44425357
44425869
44426381
44426893
44427405
44427917
44428429
44428941
44429453
44429965
44425358
44425870
44426382
44426894
44427406
44427918
44428430
44428942
44429454
44429966
44425359
44425871
44426383
44426895
44427407
44427919
44428431
44428943
44429455
44429967
44425360
44425872
44426384
44426896
44427408
44427920
44428432
44428944
44429456
44429968
44425361
44425873
44426385
44426897
44427409
44427921
44428433
44428945
44429457
44429969
44425362
44425874
44426386
44426898
44427410
44427922
44428434
44428946
44429458
44429970
44425363
44425875
44426387
44426899
44427411
44427923
44428435
44428947
44429459
44429971
44425364
44425876
44426388
44426900
44427412
44427924
44428436
44428948
44429460
44429972
44425365
44425877
44426389
44426901
44427413
44427925
44428437
44428949
44429461
44429973
