44874036
44874548
44875060
44875572
44876084
44876596
44877108
44877620
44878132
44878644
44874037
44874549
44875061
44875573
44876085
44876597
44877109
44877621
44878133
44878645
44874038
44874550
44875062
44875574
44876086
44876598
44877110
44877622
44878134
44878646
44874039
44874551
44875063
44875575
44876087
44876599
44877111
44877623
44878135
44878647
44874040
44874552
44875064
44875576
44876088
44876600
44877112
44877624
44878136
44878648
44874041
44874553
44875065
44875577
44876089
44876601
44877113
44877625
44878137
44878649
44874042
44874554
44875066
44875578
44876090
44876602
44877114
44877626
44878138
44878650
44874043
44874555
44875067
44875579
44876091
44876603
44877115
44877627
44878139
44878651
44874044
44874556
44875068
44875580
44876092
44876604
44877116
44877628
44878140
44878652
44874045
44874557
44875069
44875581
44876093
44876605
44877117
44877629
44878141
44878653
44945567
44946079
44946591
44947103
44947615
44948127
44948639
44949151
44949663
44950175
44945568
44946080
44946592
44947104
44947616
44948128
44948640
44949152
44949664
44950176
44945569
44946081
44946593
44947105
44947617
44948129
44948641
44949153
44949665
44950177
44945570
44946082
44946594
44947106
44947618
44948130
44948642
44949154
44949666
44950178
44945571
44946083
44946595
44947107
44947619
44948131
44948643
44949155
44949667
44950179
44945572
44946084
44946596
44947108
44947620
44948132
44948644
44949156
44949668
44950180
44945573
44946085
44946597
44947109
44947621
44948133
44948645
44949157
44949669
44950181
44945574
44946086
44946598
44947110
44947622
44948134
44948646
44949158
44949670
44950182
44945575
44946087
44946599
44947111
44947623
44948135
44948647
44949159
44949671
44950183
44945576
44946088
44946600
44947112
44947624
44948136
44948648
44949160
44949672
44950184
49656592
49657104
49657616
49658128
49658640
49659152
49659664
49660176
49660688
49661200
49656593
49657105
49657617
49658129
49658641
49659153
49659665
49660177
49660689
49661201
49656594
49657106
49657618
49658130
49658642
49659154
49659666
49660178
49660690
49661202
49656595
49657107
49657619
49658131
49658643
49659155
49659667
49660179
49660691
49661203
49656596
49657108
49657620
49658132
49658644
49659156
49659668
49660180
49660692
49661204
49656597
49657109
49657621
49658133
49658645
49659157
49659669
49660181
49660693
49661205
49656598
49657110
49657622
49658134
49658646
49659158
49659670
49660182
49660694
49661206
49656599
49657111
49657623
49658135
49658647
49659159
49659671
49660183
49660695
49661207
49656600
49657112
49657624
49658136
49658648
49659160
49659672
49660184
49660696
49661208
49656601
49657113
49657625
49658137
49658649
49659161
49659673
49660185
49660697
49661209
38872343
38872855
38873367
38873879
38874391
38874903
38875415
38875927
38876439
38876951
38872344
38872856
38873368
38873880
38874392
38874904
38875416
38875928
38876440
38876952
38872345
38872857
38873369
38873881
38874393
38874905
38875417
38875929
38876441
38876953
38872346
38872858
38873370
38873882
38874394
38874906
38875418
38875930
38876442
38876954
38872347
38872859
38873371
38873883
38874395
38874907
38875419
38875931
38876443
38876955
38872348
38872860
38873372
38873884
38874396
38874908
38875420
38875932
38876444
38876956
38872349
38872861
38873373
38873885
38874397
38874909
38875421
38875933
38876445
38876957
38872350
38872862
38873374
38873886
38874398
38874910
38875422
38875934
38876446
38876958
38872351
38872863
38873375
38873887
38874399
38874911
38875423
38875935
38876447
38876959
38872352
38872864
38873376
38873888
38874400
38874912
38875424
38875936
38876448
38876960
45422372
45422884
45423396
45423908
45424420
45424932
45425444
45425956
45426468
45426980
45422373
45422885
45423397
45423909
45424421
45424933
45425445
45425957
45426469
45426981
45422374
45422886
45423398
45423910
45424422
45424934
45425446
45425958
45426470
45426982
45422375
45422887
45423399
45423911
45424423
45424935
45425447
45425959
45426471
45426983
45422376
45422888
45423400
45423912
45424424
45424936
45425448
45425960
45426472
45426984
45422377
45422889
45423401
45423913
45424425
45424937
45425449
45425961
45426473
45426985
45422378
45422890
45423402
45423914
45424426
45424938
45425450
45425962
45426474
45426986
45422379
45422891
45423403
45423915
45424427
45424939
45425451
45425963
45426475
45426987
45422380
45422892
45423404
45423916
45424428
45424940
45425452
45425964
45426476
45426988
45422381
45422893
45423405
45423917
45424429
45424941
45425453
45425965
45426477
45426989
51715319
51715831
51716343
51716855
51717367
51717879
51718391
51718903
51719415
51719927
51715320
51715832
51716344
51716856
51717368
51717880
51718392
51718904
51719416
51719928
51715321
51715833
51716345
51716857
51717369
51717881
51718393
51718905
51719417
51719929
51715322
51715834
51716346
51716858
51717370
51717882
51718394
51718906
51719418
51719930
51715323
51715835
51716347
51716859
51717371
51717883
51718395
51718907
51719419
51719931
51715324
51715836
51716348
51716860
51717372
51717884
51718396
51718908
51719420
51719932
51715325
51715837
51716349
51716861
51717373
51717885
51718397
51718909
51719421
51719933
51715326
51715838
51716350
51716862
51717374
51717886
51718398
51718910
51719422
51719934
51715327
51715839
51716351
51716863
51717375
51717887
51718399
51718911
51719423
51719935
51715328
51715840
51716352
51716864
51717376
51717888
51718400
51718912
51719424
51719936
46222006
46222518
46223030
46223542
46224054
46224566
46225078
46225590
46226102
46226614
46222007
46222519
46223031
46223543
46224055
46224567
46225079
46225591
46226103
46226615
46222008
46222520
46223032
46223544
46224056
46224568
46225080
46225592
46226104
46226616
46222009
46222521
46223033
46223545
46224057
46224569
46225081
46225593
46226105
46226617
46222010
46222522
46223034
46223546
46224058
46224570
46225082
46225594
46226106
46226618
46222011
46222523
46223035
46223547
46224059
46224571
46225083
46225595
46226107
46226619
46222012
46222524
46223036
46223548
46224060
46224572
46225084
46225596
46226108
46226620
46222013
46222525
46223037
46223549
46224061
46224573
46225085
46225597
46226109
46226621
46222014
46222526
46223038
46223550
46224062
46224574
46225086
46225598
46226110
46226622
46222015
46222527
46223039
46223551
46224063
46224575
46225087
46225599
46226111
46226623
49073904
49074416
49074928
49075440
49075952
49076464
49076976
49077488
49078000
49078512
49073905
49074417
49074929
49075441
49075953
49076465
49076977
49077489
49078001
49078513
49073906
49074418
49074930
49075442
49075954
49076466
49076978
49077490
49078002
49078514
49073907
49074419
49074931
49075443
49075955
49076467
49076979
49077491
49078003
49078515
49073908
49074420
49074932
49075444
49075956
49076468
49076980
49077492
49078004
49078516
49073909
49074421
49074933
49075445
49075957
49076469
49076981
49077493
49078005
49078517
49073910
49074422
49074934
49075446
49075958
49076470
49076982
49077494
49078006
49078518
49073911
49074423
49074935
49075447
49075959
49076471
49076983
49077495
49078007
49078519
49073912
49074424
49074936
49075448
49075960
49076472
49076984
49077496
49078008
49078520
49073913
49074425
49074937
49075449
49075961
49076473
49076985
49077497
49078009
49078521
49346307
49346819
49347331
49347843
49348355
49348867
49349379
49349891
49350403
49350915
49346308
49346820
49347332
49347844
49348356
49348868
49349380
49349892
49350404
49350916
49346309
49346821
49347333
49347845
49348357
49348869
49349381
49349893
49350405
49350917
49346310
49346822
49347334
49347846
49348358
49348870
49349382
49349894
49350406
49350918
49346311
49346823
49347335
49347847
49348359
49348871
49349383
49349895
49350407
49350919
49346312
49346824
49347336
49347848
49348360
49348872
49349384
49349896
49350408
49350920
49346313
49346825
49347337
49347849
49348361
49348873
49349385
49349897
49350409
49350921
49346314
49346826
49347338
49347850
49348362
49348874
49349386
49349898
49350410
49350922
49346315
49346827
49347339
49347851
49348363
49348875
49349387
49349899
49350411
49350923
49346316
49346828
49347340
49347852
49348364
49348876
49349388
49349900
49350412
49350924
40447718
40448230
40448742
40449254
40449766
40450278
40450790
40451302
40451814
40452326
40447719
40448231
40448743
40449255
40449767
40450279
40450791
40451303
40451815
40452327
40447720
40448232
40448744
40449256
40449768
40450280
40450792
40451304
40451816
40452328
40447721
40448233
40448745
40449257
40449769
40450281
40450793
40451305
40451817
40452329
40447722
40448234
40448746
40449258
40449770
40450282
40450794
40451306
40451818
40452330
40447723
40448235
40448747
40449259
40449771
40450283
40450795
40451307
40451819
40452331
40447724
40448236
40448748
40449260
40449772
40450284
40450796
40451308
40451820
40452332
40447725
40448237
40448749
40449261
40449773
40450285
40450797
40451309
40451821
40452333
40447726
40448238
40448750
40449262
40449774
40450286
40450798
40451310
40451822
40452334
40447727
40448239
40448751
40449263
40449775
40450287
40450799
40451311
40451823
40452335
42258758
42259270
42259782
42260294
42260806
42261318
42261830
42262342
42262854
42263366
42258759
42259271
42259783
42260295
42260807
42261319
42261831
42262343
42262855
42263367
42258760
42259272
42259784
42260296
42260808
42261320
42261832
42262344
42262856
42263368
42258761
42259273
42259785
42260297
42260809
42261321
42261833
42262345
42262857
42263369
42258762
42259274
42259786
42260298
42260810
42261322
42261834
42262346
42262858
42263370
42258763
42259275
42259787
42260299
42260811
42261323
42261835
42262347
42262859
42263371
42258764
42259276
42259788
42260300
42260812
42261324
42261836
42262348
42262860
42263372
42258765
42259277
42259789
42260301
42260813
42261325
42261837
42262349
42262861
42263373
42258766
42259278
42259790
42260302
42260814
42261326
42261838
42262350
42262862
42263374
42258767
42259279
42259791
42260303
42260815
42261327
42261839
42262351
42262863
42263375
54357708
54358220
54358732
54359244
54359756
54360268
54360780
54361292
54361804
54362316
54357709
54358221
54358733
54359245
54359757
54360269
54360781
54361293
54361805
54362317
54357710
54358222
54358734
54359246
54359758
54360270
54360782
54361294
54361806
54362318
54357711
54358223
54358735
54359247
54359759
54360271
54360783
54361295
54361807
54362319
54357712
54358224
54358736
54359248
54359760
54360272
54360784
54361296
54361808
54362320
54357713
54358225
54358737
54359249
54359761
54360273
54360785
54361297
54361809
54362321
54357714
54358226
54358738
54359250
54359762
54360274
54360786
54361298
54361810
54362322
54357715
54358227
54358739
54359251
54359763
54360275
54360787
54361299
54361811
54362323
54357716
54358228
54358740
54359252
54359764
54360276
54360788
54361300
54361812
54362324
54357717
54358229
54358741
54359253
54359765
54360277
54360789
54361301
54361813
54362325
50960586
50961098
50961610
50962122
50962634
50963146
50963658
50964170
50964682
50965194
50960587
50961099
50961611
50962123
50962635
50963147
50963659
50964171
50964683
50965195
50960588
50961100
50961612
50962124
50962636
50963148
50963660
50964172
50964684
50965196
50960589
50961101
50961613
50962125
50962637
50963149
50963661
50964173
50964685
50965197
50960590
50961102
50961614
50962126
50962638
50963150
50963662
50964174
50964686
50965198
50960591
50961103
50961615
50962127
50962639
50963151
50963663
50964175
50964687
50965199
50960592
50961104
50961616
50962128
50962640
50963152
50963664
50964176
50964688
50965200
50960593
50961105
50961617
50962129
50962641
50963153
50963665
50964177
50964689
50965201
50960594
50961106
50961618
50962130
50962642
50963154
50963666
50964178
50964690
50965202
50960595
50961107
50961619
50962131
50962643
50963155
50963667
50964179
50964691
50965203
38590255
38590767
38591279
38591791
38592303
38592815
38593327
38593839
38594351
38594863
38590256
38590768
38591280
38591792
38592304
38592816
38593328
38593840
38594352
38594864
38590257
38590769
38591281
38591793
38592305
38592817
38593329
38593841
38594353
38594865
38590258
38590770
38591282
38591794
38592306
38592818
38593330
38593842
38594354
38594866
38590259
38590771
38591283
38591795
38592307
38592819
38593331
38593843
38594355
38594867
38590260
38590772
38591284
38591796
38592308
38592820
38593332
38593844
38594356
38594868
38590261
38590773
38591285
38591797
38592309
38592821
38593333
38593845
38594357
38594869
38590262
38590774
38591286
38591798
38592310
38592822
38593334
38593846
38594358
38594870
38590263
38590775
38591287
38591799
38592311
38592823
38593335
38593847
38594359
38594871
38590264
38590776
38591288
38591800
38592312
38592824
38593336
38593848
38594360
38594872
47812791
47813303
47813815
47814327
47814839
47815351
47815863
47816375
47816887
47817399
47812792
47813304
47813816
47814328
47814840
47815352
47815864
47816376
47816888
47817400
47812793
47813305
47813817
47814329
47814841
47815353
47815865
47816377
47816889
47817401
47812794
47813306
47813818
47814330
47814842
47815354
47815866
47816378
47816890
47817402
47812795
47813307
47813819
47814331
47814843
47815355
47815867
47816379
47816891
47817403
47812796
47813308
47813820
47814332
47814844
47815356
47815868
47816380
47816892
47817404
47812797
47813309
47813821
47814333
47814845
47815357
47815869
47816381
47816893
47817405
47812798
47813310
47813822
47814334
47814846
47815358
47815870
47816382
47816894
47817406
47812799
47813311
47813823
47814335
47814847
47815359
47815871
47816383
47816895
47817407
47812800
47813312
47813824
47814336
47814848
47815360
47815872
47816384
47816896
47817408
51455720
51456232
51456744
51457256
51457768
51458280
51458792
51459304
51459816
51460328
51455721
51456233
51456745
51457257
51457769
51458281
51458793
51459305
51459817
51460329
51455722
51456234
51456746
51457258
51457770
51458282
51458794
51459306
51459818
51460330
51455723
51456235
51456747
51457259
51457771
51458283
51458795
51459307
51459819
51460331
51455724
51456236
51456748
51457260
51457772
51458284
51458796
51459308
51459820
51460332
51455725
51456237
51456749
51457261
51457773
51458285
51458797
51459309
51459821
51460333
51455726
51456238
51456750
51457262
51457774
51458286
51458798
51459310
51459822
51460334
51455727
51456239
51456751
51457263
51457775
51458287
51458799
51459311
51459823
51460335
51455728
51456240
51456752
51457264
51457776
51458288
51458800
51459312
51459824
51460336
51455729
51456241
51456753
51457265
51457777
51458289
51458801
51459313
51459825
51460337
50208914
50209426
50209938
50210450
50210962
50211474
50211986
50212498
50213010
50213522
50208915
50209427
50209939
50210451
50210963
50211475
50211987
50212499
50213011
50213523
50208916
50209428
50209940
50210452
50210964
50211476
50211988
50212500
50213012
50213524
50208917
50209429
50209941
50210453
50210965
50211477
50211989
50212501
50213013
50213525
50208918
50209430
50209942
50210454
50210966
50211478
50211990
50212502
50213014
50213526
50208919
50209431
50209943
50210455
50210967
50211479
50211991
50212503
50213015
50213527
50208920
50209432
50209944
50210456
50210968
50211480
50211992
50212504
50213016
50213528
50208921
50209433
50209945
50210457
50210969
50211481
50211993
50212505
50213017
50213529
50208922
50209434
50209946
50210458
50210970
50211482
50211994
50212506
50213018
50213530
50208923
50209435
50209947
50210459
50210971
50211483
50211995
50212507
50213019
50213531
47820969
47821481
47821993
47822505
47823017
47823529
47824041
47824553
47825065
47825577
47820970
47821482
47821994
47822506
47823018
47823530
47824042
47824554
47825066
47825578
47820971
47821483
47821995
47822507
47823019
47823531
47824043
47824555
47825067
47825579
47820972
47821484
47821996
47822508
47823020
47823532
47824044
47824556
47825068
47825580
47820973
47821485
47821997
47822509
47823021
47823533
47824045
47824557
47825069
47825581
47820974
47821486
47821998
47822510
47823022
47823534
47824046
47824558
47825070
47825582
47820975
47821487
47821999
47822511
47823023
47823535
47824047
47824559
47825071
47825583
47820976
47821488
47822000
47822512
47823024
47823536
47824048
47824560
47825072
47825584
47820977
47821489
47822001
47822513
47823025
47823537
47824049
47824561
47825073
47825585
47820978
47821490
47822002
47822514
47823026
47823538
47824050
47824562
47825074
47825586
47513882
47514394
47514906
47515418
47515930
47516442
47516954
47517466
47517978
47518490
47513883
47514395
47514907
47515419
47515931
47516443
47516955
47517467
47517979
47518491
47513884
47514396
47514908
47515420
47515932
47516444
47516956
47517468
47517980
47518492
47513885
47514397
47514909
47515421
47515933
47516445
47516957
47517469
47517981
47518493
47513886
47514398
47514910
47515422
47515934
47516446
47516958
47517470
47517982
47518494
47513887
47514399
47514911
47515423
47515935
47516447
47516959
47517471
47517983
47518495
47513888
47514400
47514912
47515424
47515936
47516448
47516960
47517472
47517984
47518496
47513889
47514401
47514913
47515425
47515937
47516449
47516961
47517473
47517985
47518497
47513890
47514402
47514914
47515426
47515938
47516450
47516962
47517474
47517986
47518498
47513891
47514403
47514915
47515427
47515939
47516451
47516963
47517475
47517987
47518499
49632039
49632551
49633063
49633575
49634087
49634599
49635111
49635623
49636135
49636647
49632040
49632552
49633064
49633576
49634088
49634600
49635112
49635624
49636136
49636648
49632041
49632553
49633065
49633577
49634089
49634601
49635113
49635625
49636137
49636649
49632042
49632554
49633066
49633578
49634090
49634602
49635114
49635626
49636138
49636650
49632043
49632555
49633067
49633579
49634091
49634603
49635115
49635627
49636139
49636651
49632044
49632556
49633068
49633580
49634092
49634604
49635116
49635628
49636140
49636652
49632045
49632557
49633069
49633581
49634093
49634605
49635117
49635629
49636141
49636653
49632046
49632558
49633070
49633582
49634094
49634606
49635118
49635630
49636142
49636654
49632047
49632559
49633071
49633583
49634095
49634607
49635119
49635631
49636143
49636655
49632048
49632560
49633072
49633584
49634096
49634608
49635120
49635632
49636144
49636656
44953765
44954277
44954789
44955301
44955813
44956325
44956837
44957349
44957861
44958373
44953766
44954278
44954790
44955302
44955814
44956326
44956838
44957350
44957862
44958374
44953767
44954279
44954791
44955303
44955815
44956327
44956839
44957351
44957863
44958375
44953768
44954280
44954792
44955304
44955816
44956328
44956840
44957352
44957864
44958376
44953769
44954281
44954793
44955305
44955817
44956329
44956841
44957353
44957865
44958377
44953770
44954282
44954794
44955306
44955818
44956330
44956842
44957354
44957866
44958378
44953771
44954283
44954795
44955307
44955819
44956331
44956843
44957355
44957867
44958379
44953772
44954284
44954796
44955308
44955820
44956332
44956844
44957356
44957868
44958380
44953773
44954285
44954797
44955309
44955821
44956333
44956845
44957357
44957869
44958381
44953774
44954286
44954798
44955310
44955822
44956334
44956846
44957358
44957870
44958382
37030616
37031128
37031640
37032152
37032664
37033176
37033688
37034200
37034712
37035224
37030617
37031129
37031641
37032153
37032665
37033177
37033689
37034201
37034713
37035225
37030618
37031130
37031642
37032154
37032666
37033178
37033690
37034202
37034714
37035226
37030619
37031131
37031643
37032155
37032667
37033179
37033691
37034203
37034715
37035227
37030620
37031132
37031644
37032156
37032668
37033180
37033692
37034204
37034716
37035228
37030621
37031133
37031645
37032157
37032669
37033181
37033693
37034205
37034717
37035229
37030622
37031134
37031646
37032158
37032670
37033182
37033694
37034206
37034718
37035230
37030623
37031135
37031647
37032159
37032671
37033183
37033695
37034207
37034719
37035231
37030624
37031136
37031648
37032160
37032672
37033184
37033696
37034208
37034720
37035232
37030625
37031137
37031649
37032161
37032673
37033185
37033697
37034209
37034721
37035233
51238132
51238644
51239156
51239668
51240180
51240692
51241204
51241716
51242228
51242740
51238133
51238645
51239157
51239669
51240181
51240693
51241205
51241717
51242229
51242741
51238134
51238646
51239158
51239670
51240182
51240694
51241206
51241718
51242230
51242742
51238135
51238647
51239159
51239671
51240183
51240695
51241207
51241719
51242231
51242743
51238136
51238648
51239160
51239672
51240184
51240696
51241208
51241720
51242232
51242744
51238137
51238649
51239161
51239673
51240185
51240697
51241209
51241721
51242233
51242745
51238138
51238650
51239162
51239674
51240186
51240698
51241210
51241722
51242234
51242746
51238139
51238651
51239163
51239675
51240187
51240699
51241211
51241723
51242235
51242747
51238140
51238652
51239164
51239676
51240188
51240700
51241212
51241724
51242236
51242748
51238141
51238653
51239165
51239677
51240189
51240701
51241213
51241725
51242237
51242749
44898591
44899103
44899615
44900127
44900639
44901151
44901663
44902175
44902687
44903199
44898592
44899104
44899616
44900128
44900640
44901152
44901664
44902176
44902688
44903200
44898593
44899105
44899617
44900129
44900641
44901153
44901665
44902177
44902689
44903201
44898594
44899106
44899618
44900130
44900642
44901154
44901666
44902178
44902690
44903202
44898595
44899107
44899619
44900131
44900643
44901155
44901667
44902179
44902691
44903203
44898596
44899108
44899620
44900132
44900644
44901156
44901668
44902180
44902692
44903204
44898597
44899109
44899621
44900133
44900645
44901157
44901669
44902181
44902693
44903205
44898598
44899110
44899622
44900134
44900646
44901158
44901670
44902182
44902694
44903206
44898599
44899111
44899623
44900135
44900647
44901159
44901671
44902183
44902695
44903207
44898600
44899112
44899624
44900136
44900648
44901160
44901672
44902184
44902696
44903208
51997442
51997954
51998466
51998978
51999490
52000002
52000514
52001026
52001538
52002050
51997443
51997955
51998467
51998979
51999491
52000003
52000515
52001027
52001539
52002051
51997444
51997956
51998468
51998980
51999492
52000004
52000516
52001028
52001540
52002052
51997445
51997957
51998469
51998981
51999493
52000005
52000517
52001029
52001541
52002053
51997446
51997958
51998470
51998982
51999494
52000006
52000518
52001030
52001542
52002054
51997447
51997959
51998471
51998983
51999495
52000007
52000519
52001031
52001543
52002055
51997448
51997960
51998472
51998984
51999496
52000008
52000520
52001032
52001544
52002056
51997449
51997961
51998473
51998985
51999497
52000009
52000521
52001033
52001545
52002057
51997450
51997962
51998474
51998986
51999498
52000010
52000522
52001034
52001546
52002058
51997451
51997963
51998475
51998987
51999499
52000011
52000523
52001035
52001547
52002059
37537031
37537543
37538055
37538567
37539079
37539591
37540103
37540615
37541127
37541639
37537032
37537544
37538056
37538568
37539080
37539592
37540104
37540616
37541128
37541640
37537033
37537545
37538057
37538569
37539081
37539593
37540105
37540617
37541129
37541641
37537034
37537546
37538058
37538570
37539082
37539594
37540106
37540618
37541130
37541642
37537035
37537547
37538059
37538571
37539083
37539595
37540107
37540619
37541131
37541643
37537036
37537548
37538060
37538572
37539084
37539596
37540108
37540620
37541132
37541644
37537037
37537549
37538061
37538573
37539085
37539597
37540109
37540621
37541133
37541645
37537038
37537550
37538062
37538574
37539086
37539598
37540110
37540622
37541134
37541646
37537039
37537551
37538063
37538575
37539087
37539599
37540111
37540623
37541135
37541647
37537040
37537552
37538064
37538576
37539088
37539600
37540112
37540624
37541136
37541648
50166937
50167449
50167961
50168473
50168985
50169497
50170009
50170521
50171033
50171545
50166938
50167450
50167962
50168474
50168986
50169498
50170010
50170522
50171034
50171546
50166939
50167451
50167963
50168475
50168987
50169499
50170011
50170523
50171035
50171547
50166940
50167452
50167964
50168476
50168988
50169500
50170012
50170524
50171036
50171548
50166941
50167453
50167965
50168477
50168989
50169501
50170013
50170525
50171037
50171549
50166942
50167454
50167966
50168478
50168990
50169502
50170014
50170526
50171038
50171550
50166943
50167455
50167967
50168479
50168991
50169503
50170015
50170527
50171039
50171551
50166944
50167456
50167968
50168480
50168992
50169504
50170016
50170528
50171040
50171552
50166945
50167457
50167969
50168481
50168993
50169505
50170017
50170529
50171041
50171553
50166946
50167458
50167970
50168482
50168994
50169506
50170018
50170530
50171042
50171554
45401399
45401911
45402423
45402935
45403447
45403959
45404471
45404983
45405495
45406007
45401400
45401912
45402424
45402936
45403448
45403960
45404472
45404984
45405496
45406008
45401401
45401913
45402425
45402937
45403449
45403961
45404473
45404985
45405497
45406009
45401402
45401914
45402426
45402938
45403450
45403962
45404474
45404986
45405498
45406010
45401403
45401915
45402427
45402939
45403451
45403963
45404475
45404987
45405499
45406011
45401404
45401916
45402428
45402940
45403452
45403964
45404476
45404988
45405500
45406012
45401405
45401917
45402429
45402941
45403453
45403965
45404477
45404989
45405501
45406013
45401406
45401918
45402430
45402942
45403454
45403966
45404478
45404990
45405502
45406014
45401407
45401919
45402431
45402943
45403455
45403967
45404479
45404991
45405503
45406015
45401408
45401920
45402432
45402944
45403456
45403968
45404480
45404992
45405504
45406016
44421301
44421813
44422325
44422837
44423349
44423861
44424373
44424885
44425397
44425909
44421302
44421814
44422326
44422838
44423350
44423862
44424374
44424886
44425398
44425910
44421303
44421815
44422327
44422839
44423351
44423863
44424375
44424887
44425399
44425911
44421304
44421816
44422328
44422840
44423352
44423864
44424376
44424888
44425400
44425912
44421305
44421817
44422329
44422841
44423353
44423865
44424377
44424889
44425401
44425913
44421306
44421818
44422330
44422842
44423354
44423866
44424378
44424890
44425402
44425914
44421307
44421819
44422331
44422843
44423355
44423867
44424379
44424891
44425403
44425915
44421308
44421820
44422332
44422844
44423356
44423868
44424380
44424892
44425404
44425916
44421309
44421821
44422333
44422845
44423357
44423869
44424381
44424893
44425405
44425917
44421310
44421822
44422334
44422846
44423358
44423870
44424382
44424894
44425406
44425918
43588318
43588830
43589342
43589854
43590366
43590878
43591390
43591902
43592414
43592926
43588319
43588831
43589343
43589855
43590367
43590879
43591391
43591903
43592415
43592927
43588320
43588832
43589344
43589856
43590368
43590880
43591392
43591904
43592416
43592928
43588321
43588833
43589345
43589857
43590369
43590881
43591393
43591905
43592417
43592929
43588322
43588834
43589346
43589858
43590370
43590882
43591394
43591906
43592418
43592930
43588323
43588835
43589347
43589859
43590371
43590883
43591395
43591907
43592419
43592931
43588324
43588836
43589348
43589860
43590372
43590884
43591396
43591908
43592420
43592932
43588325
43588837
43589349
43589861
43590373
43590885
43591397
43591909
43592421
43592933
43588326
43588838
43589350
43589862
43590374
43590886
43591398
43591910
43592422
43592934
43588327
43588839
43589351
43589863
43590375
43590887
43591399
43591911
43592423
43592935
