46506733
46507245
46507757
46508269
46508781
46509293
46509805
46510317
46510829
46511341
46506734
46507246
46507758
46508270
46508782
46509294
46509806
46510318
46510830
46511342
46506735
46507247
46507759
46508271
46508783
46509295
46509807
46510319
46510831
46511343
46506736
46507248
46507760
46508272
46508784
46509296
46509808
46510320
46510832
46511344
46506737
46507249
46507761
46508273
46508785
46509297
46509809
46510321
46510833
46511345
46506738
46507250
46507762
46508274
46508786
46509298
46509810
46510322
46510834
46511346
46506739
46507251
46507763
46508275
46508787
46509299
46509811
46510323
46510835
46511347
46506740
46507252
46507764
46508276
46508788
46509300
46509812
46510324
46510836
46511348
46506741
46507253
46507765
46508277
46508789
46509301
46509813
46510325
46510837
46511349
46506742
46507254
46507766
46508278
46508790
46509302
46509814
46510326
46510838
46511350
48354558
48355070
48355582
48356094
48356606
48357118
48357630
48358142
48358654
48359166
48354559
48355071
48355583
48356095
48356607
48357119
48357631
48358143
48358655
48359167
48354560
48355072
48355584
48356096
48356608
48357120
48357632
48358144
48358656
48359168
48354561
48355073
48355585
48356097
48356609
48357121
48357633
48358145
48358657
48359169
48354562
48355074
48355586
48356098
48356610
48357122
48357634
48358146
48358658
48359170
48354563
48355075
48355587
48356099
48356611
48357123
48357635
48358147
48358659
48359171
48354564
48355076
48355588
48356100
48356612
48357124
48357636
48358148
48358660
48359172
48354565
48355077
48355589
48356101
48356613
48357125
48357637
48358149
48358661
48359173
48354566
48355078
48355590
48356102
48356614
48357126
48357638
48358150
48358662
48359174
48354567
48355079
48355591
48356103
48356615
48357127
48357639
48358151
48358663
48359175
50738401
50738913
50739425
50739937
50740449
50740961
50741473
50741985
50742497
50743009
50738402
50738914
50739426
50739938
50740450
50740962
50741474
50741986
50742498
50743010
50738403
50738915
50739427
50739939
50740451
50740963
50741475
50741987
50742499
50743011
50738404
50738916
50739428
50739940
50740452
50740964
50741476
50741988
50742500
50743012
50738405
50738917
50739429
50739941
50740453
50740965
50741477
50741989
50742501
50743013
50738406
50738918
50739430
50739942
50740454
50740966
50741478
50741990
50742502
50743014
50738407
50738919
50739431
50739943
50740455
50740967
50741479
50741991
50742503
50743015
50738408
50738920
50739432
50739944
50740456
50740968
50741480
50741992
50742504
50743016
50738409
50738921
50739433
50739945
50740457
50740969
50741481
50741993
50742505
50743017
50738410
50738922
50739434
50739946
50740458
50740970
50741482
50741994
50742506
50743018
43058981
43059493
43060005
43060517
43061029
43061541
43062053
43062565
43063077
43063589
43058982
43059494
43060006
43060518
43061030
43061542
43062054
43062566
43063078
43063590
43058983
43059495
43060007
43060519
43061031
43061543
43062055
43062567
43063079
43063591
43058984
43059496
43060008
43060520
43061032
43061544
43062056
43062568
43063080
43063592
43058985
43059497
43060009
43060521
43061033
43061545
43062057
43062569
43063081
43063593
43058986
43059498
43060010
43060522
43061034
43061546
43062058
43062570
43063082
43063594
43058987
43059499
43060011
43060523
43061035
43061547
43062059
43062571
43063083
43063595
43058988
43059500
43060012
43060524
43061036
43061548
43062060
43062572
43063084
43063596
43058989
43059501
43060013
43060525
43061037
43061549
43062061
43062573
43063085
43063597
43058990
43059502
43060014
43060526
43061038
43061550
43062062
43062574
43063086
43063598
46980841
46981353
46981865
46982377
46982889
46983401
46983913
46984425
46984937
46985449
46980842
46981354
46981866
46982378
46982890
46983402
46983914
46984426
46984938
46985450
46980843
46981355
46981867
46982379
46982891
46983403
46983915
46984427
46984939
46985451
46980844
46981356
46981868
46982380
46982892
46983404
46983916
46984428
46984940
46985452
46980845
46981357
46981869
46982381
46982893
46983405
46983917
46984429
46984941
46985453
46980846
46981358
46981870
46982382
46982894
46983406
46983918
46984430
46984942
46985454
46980847
46981359
46981871
46982383
46982895
46983407
46983919
46984431
46984943
46985455
46980848
46981360
46981872
46982384
46982896
46983408
46983920
46984432
46984944
46985456
46980849
46981361
46981873
46982385
46982897
46983409
46983921
46984433
46984945
46985457
46980850
46981362
46981874
46982386
46982898
46983410
46983922
46984434
46984946
46985458
54362338
54362850
54363362
54363874
54364386
54364898
54365410
54365922
54366434
54366946
54362339
54362851
54363363
54363875
54364387
54364899
54365411
54365923
54366435
54366947
54362340
54362852
54363364
54363876
54364388
54364900
54365412
54365924
54366436
54366948
54362341
54362853
54363365
54363877
54364389
54364901
54365413
54365925
54366437
54366949
54362342
54362854
54363366
54363878
54364390
54364902
54365414
54365926
54366438
54366950
54362343
54362855
54363367
54363879
54364391
54364903
54365415
54365927
54366439
54366951
54362344
54362856
54363368
54363880
54364392
54364904
54365416
54365928
54366440
54366952
54362345
54362857
54363369
54363881
54364393
54364905
54365417
54365929
54366441
54366953
54362346
54362858
54363370
54363882
54364394
54364906
54365418
54365930
54366442
54366954
54362347
54362859
54363371
54363883
54364395
54364907
54365419
54365931
54366443
54366955
50410203
50410715
50411227
50411739
50412251
50412763
50413275
50413787
50414299
50414811
50410204
50410716
50411228
50411740
50412252
50412764
50413276
50413788
50414300
50414812
50410205
50410717
50411229
50411741
50412253
50412765
50413277
50413789
50414301
50414813
50410206
50410718
50411230
50411742
50412254
50412766
50413278
50413790
50414302
50414814
50410207
50410719
50411231
50411743
50412255
50412767
50413279
50413791
50414303
50414815
50410208
50410720
50411232
50411744
50412256
50412768
50413280
50413792
50414304
50414816
50410209
50410721
50411233
50411745
50412257
50412769
50413281
50413793
50414305
50414817
50410210
50410722
50411234
50411746
50412258
50412770
50413282
50413794
50414306
50414818
50410211
50410723
50411235
50411747
50412259
50412771
50413283
50413795
50414307
50414819
50410212
50410724
50411236
50411748
50412260
50412772
50413284
50413796
50414308
50414820
53028569
53029081
53029593
53030105
53030617
53031129
53031641
53032153
53032665
53033177
53028570
53029082
53029594
53030106
53030618
53031130
53031642
53032154
53032666
53033178
53028571
53029083
53029595
53030107
53030619
53031131
53031643
53032155
53032667
53033179
53028572
53029084
53029596
53030108
53030620
53031132
53031644
53032156
53032668
53033180
53028573
53029085
53029597
53030109
53030621
53031133
53031645
53032157
53032669
53033181
53028574
53029086
53029598
53030110
53030622
53031134
53031646
53032158
53032670
53033182
53028575
53029087
53029599
53030111
53030623
53031135
53031647
53032159
53032671
53033183
53028576
53029088
53029600
53030112
53030624
53031136
53031648
53032160
53032672
53033184
53028577
53029089
53029601
53030113
53030625
53031137
53031649
53032161
53032673
53033185
53028578
53029090
53029602
53030114
53030626
53031138
53031650
53032162
53032674
53033186
48322804
48323316
48323828
48324340
48324852
48325364
48325876
48326388
48326900
48327412
48322805
48323317
48323829
48324341
48324853
48325365
48325877
48326389
48326901
48327413
48322806
48323318
48323830
48324342
48324854
48325366
48325878
48326390
48326902
48327414
48322807
48323319
48323831
48324343
48324855
48325367
48325879
48326391
48326903
48327415
48322808
48323320
48323832
48324344
48324856
48325368
48325880
48326392
48326904
48327416
48322809
48323321
48323833
48324345
48324857
48325369
48325881
48326393
48326905
48327417
48322810
48323322
48323834
48324346
48324858
48325370
48325882
48326394
48326906
48327418
48322811
48323323
48323835
48324347
48324859
48325371
48325883
48326395
48326907
48327419
48322812
48323324
48323836
48324348
48324860
48325372
48325884
48326396
48326908
48327420
48322813
48323325
48323837
48324349
48324861
48325373
48325885
48326397
48326909
48327421
39671525
39672037
39672549
39673061
39673573
39674085
39674597
39675109
39675621
39676133
39671526
39672038
39672550
39673062
39673574
39674086
39674598
39675110
39675622
39676134
39671527
39672039
39672551
39673063
39673575
39674087
39674599
39675111
39675623
39676135
39671528
39672040
39672552
39673064
39673576
39674088
39674600
39675112
39675624
39676136
39671529
39672041
39672553
39673065
39673577
39674089
39674601
39675113
39675625
39676137
39671530
39672042
39672554
39673066
39673578
39674090
39674602
39675114
39675626
39676138
39671531
39672043
39672555
39673067
39673579
39674091
39674603
39675115
39675627
39676139
39671532
39672044
39672556
39673068
39673580
39674092
39674604
39675116
39675628
39676140
39671533
39672045
39672557
39673069
39673581
39674093
39674605
39675117
39675629
39676141
39671534
39672046
39672558
39673070
39673582
39674094
39674606
39675118
39675630
39676142
46990076
46990588
46991100
46991612
46992124
46992636
46993148
46993660
46994172
46994684
46990077
46990589
46991101
46991613
46992125
46992637
46993149
46993661
46994173
46994685
46990078
46990590
46991102
46991614
46992126
46992638
46993150
46993662
46994174
46994686
46990079
46990591
46991103
46991615
46992127
46992639
46993151
46993663
46994175
46994687
46990080
46990592
46991104
46991616
46992128
46992640
46993152
46993664
46994176
46994688
46990081
46990593
46991105
46991617
46992129
46992641
46993153
46993665
46994177
46994689
46990082
46990594
46991106
46991618
46992130
46992642
46993154
46993666
46994178
46994690
46990083
46990595
46991107
46991619
46992131
46992643
46993155
46993667
46994179
46994691
46990084
46990596
46991108
46991620
46992132
46992644
46993156
46993668
46994180
46994692
46990085
46990597
46991109
46991621
46992133
46992645
46993157
46993669
46994181
46994693
50982567
50983079
50983591
50984103
50984615
50985127
50985639
50986151
50986663
50987175
50982568
50983080
50983592
50984104
50984616
50985128
50985640
50986152
50986664
50987176
50982569
50983081
50983593
50984105
50984617
50985129
50985641
50986153
50986665
50987177
50982570
50983082
50983594
50984106
50984618
50985130
50985642
50986154
50986666
50987178
50982571
50983083
50983595
50984107
50984619
50985131
50985643
50986155
50986667
50987179
50982572
50983084
50983596
50984108
50984620
50985132
50985644
50986156
50986668
50987180
50982573
50983085
50983597
50984109
50984621
50985133
50985645
50986157
50986669
50987181
50982574
50983086
50983598
50984110
50984622
50985134
50985646
50986158
50986670
50987182
50982575
50983087
50983599
50984111
50984623
50985135
50985647
50986159
50986671
50987183
50982576
50983088
50983600
50984112
50984624
50985136
50985648
50986160
50986672
50987184
42000085
42000597
42001109
42001621
42002133
42002645
42003157
42003669
42004181
42004693
42000086
42000598
42001110
42001622
42002134
42002646
42003158
42003670
42004182
42004694
42000087
42000599
42001111
42001623
42002135
42002647
42003159
42003671
42004183
42004695
42000088
42000600
42001112
42001624
42002136
42002648
42003160
42003672
42004184
42004696
42000089
42000601
42001113
42001625
42002137
42002649
42003161
42003673
42004185
42004697
42000090
42000602
42001114
42001626
42002138
42002650
42003162
42003674
42004186
42004698
42000091
42000603
42001115
42001627
42002139
42002651
42003163
42003675
42004187
42004699
42000092
42000604
42001116
42001628
42002140
42002652
42003164
42003676
42004188
42004700
42000093
42000605
42001117
42001629
42002141
42002653
42003165
42003677
42004189
42004701
42000094
42000606
42001118
42001630
42002142
42002654
42003166
42003678
42004190
42004702
42268472
42268984
42269496
42270008
42270520
42271032
42271544
42272056
42272568
42273080
42268473
42268985
42269497
42270009
42270521
42271033
42271545
42272057
42272569
42273081
42268474
42268986
42269498
42270010
42270522
42271034
42271546
42272058
42272570
42273082
42268475
42268987
42269499
42270011
42270523
42271035
42271547
42272059
42272571
42273083
42268476
42268988
42269500
42270012
42270524
42271036
42271548
42272060
42272572
42273084
42268477
42268989
42269501
42270013
42270525
42271037
42271549
42272061
42272573
42273085
42268478
42268990
42269502
42270014
42270526
42271038
42271550
42272062
42272574
42273086
42268479
42268991
42269503
42270015
42270527
42271039
42271551
42272063
42272575
42273087
42268480
42268992
42269504
42270016
42270528
42271040
42271552
42272064
42272576
42273088
42268481
42268993
42269505
42270017
42270529
42271041
42271553
42272065
42272577
42273089
39654631
39655143
39655655
39656167
39656679
39657191
39657703
39658215
39658727
39659239
39654632
39655144
39655656
39656168
39656680
39657192
39657704
39658216
39658728
39659240
39654633
39655145
39655657
39656169
39656681
39657193
39657705
39658217
39658729
39659241
39654634
39655146
39655658
39656170
39656682
39657194
39657706
39658218
39658730
39659242
39654635
39655147
39655659
39656171
39656683
39657195
39657707
39658219
39658731
39659243
39654636
39655148
39655660
39656172
39656684
39657196
39657708
39658220
39658732
39659244
39654637
39655149
39655661
39656173
39656685
39657197
39657709
39658221
39658733
39659245
39654638
39655150
39655662
39656174
39656686
39657198
39657710
39658222
39658734
39659246
39654639
39655151
39655663
39656175
39656687
39657199
39657711
39658223
39658735
39659247
39654640
39655152
39655664
39656176
39656688
39657200
39657712
39658224
39658736
39659248
40417055
40417567
40418079
40418591
40419103
40419615
40420127
40420639
40421151
40421663
40417056
40417568
40418080
40418592
40419104
40419616
40420128
40420640
40421152
40421664
40417057
40417569
40418081
40418593
40419105
40419617
40420129
40420641
40421153
40421665
40417058
40417570
40418082
40418594
40419106
40419618
40420130
40420642
40421154
40421666
40417059
40417571
40418083
40418595
40419107
40419619
40420131
40420643
40421155
40421667
40417060
40417572
40418084
40418596
40419108
40419620
40420132
40420644
40421156
40421668
40417061
40417573
40418085
40418597
40419109
40419621
40420133
40420645
40421157
40421669
40417062
40417574
40418086
40418598
40419110
40419622
40420134
40420646
40421158
40421670
40417063
40417575
40418087
40418599
40419111
40419623
40420135
40420647
40421159
40421671
40417064
40417576
40418088
40418600
40419112
40419624
40420136
40420648
40421160
40421672
44095257
44095769
44096281
44096793
44097305
44097817
44098329
44098841
44099353
44099865
44095258
44095770
44096282
44096794
44097306
44097818
44098330
44098842
44099354
44099866
44095259
44095771
44096283
44096795
44097307
44097819
44098331
44098843
44099355
44099867
44095260
44095772
44096284
44096796
44097308
44097820
44098332
44098844
44099356
44099868
44095261
44095773
44096285
44096797
44097309
44097821
44098333
44098845
44099357
44099869
44095262
44095774
44096286
44096798
44097310
44097822
44098334
44098846
44099358
44099870
44095263
44095775
44096287
44096799
44097311
44097823
44098335
44098847
44099359
44099871
44095264
44095776
44096288
44096800
44097312
44097824
44098336
44098848
44099360
44099872
44095265
44095777
44096289
44096801
44097313
44097825
44098337
44098849
44099361
44099873
44095266
44095778
44096290
44096802
44097314
44097826
44098338
44098850
44099362
44099874
48588552
48589064
48589576
48590088
48590600
48591112
48591624
48592136
48592648
48593160
48588553
48589065
48589577
48590089
48590601
48591113
48591625
48592137
48592649
48593161
48588554
48589066
48589578
48590090
48590602
48591114
48591626
48592138
48592650
48593162
48588555
48589067
48589579
48590091
48590603
48591115
48591627
48592139
48592651
48593163
48588556
48589068
48589580
48590092
48590604
48591116
48591628
48592140
48592652
48593164
48588557
48589069
48589581
48590093
48590605
48591117
48591629
48592141
48592653
48593165
48588558
48589070
48589582
48590094
48590606
48591118
48591630
48592142
48592654
48593166
48588559
48589071
48589583
48590095
48590607
48591119
48591631
48592143
48592655
48593167
48588560
48589072
48589584
48590096
48590608
48591120
48591632
48592144
48592656
48593168
48588561
48589073
48589585
48590097
48590609
48591121
48591633
48592145
48592657
48593169
45189779
45190291
45190803
45191315
45191827
45192339
45192851
45193363
45193875
45194387
45189780
45190292
45190804
45191316
45191828
45192340
45192852
45193364
45193876
45194388
45189781
45190293
45190805
45191317
45191829
45192341
45192853
45193365
45193877
45194389
45189782
45190294
45190806
45191318
45191830
45192342
45192854
45193366
45193878
45194390
45189783
45190295
45190807
45191319
45191831
45192343
45192855
45193367
45193879
45194391
45189784
45190296
45190808
45191320
45191832
45192344
45192856
45193368
45193880
45194392
45189785
45190297
45190809
45191321
45191833
45192345
45192857
45193369
45193881
45194393
45189786
45190298
45190810
45191322
45191834
45192346
45192858
45193370
45193882
45194394
45189787
45190299
45190811
45191323
45191835
45192347
45192859
45193371
45193883
45194395
45189788
45190300
45190812
45191324
45191836
45192348
45192860
45193372
45193884
45194396
50185402
50185914
50186426
50186938
50187450
50187962
50188474
50188986
50189498
50190010
50185403
50185915
50186427
50186939
50187451
50187963
50188475
50188987
50189499
50190011
50185404
50185916
50186428
50186940
50187452
50187964
50188476
50188988
50189500
50190012
50185405
50185917
50186429
50186941
50187453
50187965
50188477
50188989
50189501
50190013
50185406
50185918
50186430
50186942
50187454
50187966
50188478
50188990
50189502
50190014
50185407
50185919
50186431
50186943
50187455
50187967
50188479
50188991
50189503
50190015
50185408
50185920
50186432
50186944
50187456
50187968
50188480
50188992
50189504
50190016
50185409
50185921
50186433
50186945
50187457
50187969
50188481
50188993
50189505
50190017
50185410
50185922
50186434
50186946
50187458
50187970
50188482
50188994
50189506
50190018
50185411
50185923
50186435
50186947
50187459
50187971
50188483
50188995
50189507
50190019
51517075
51517587
51518099
51518611
51519123
51519635
51520147
51520659
51521171
51521683
51517076
51517588
51518100
51518612
51519124
51519636
51520148
51520660
51521172
51521684
51517077
51517589
51518101
51518613
51519125
51519637
51520149
51520661
51521173
51521685
51517078
51517590
51518102
51518614
51519126
51519638
51520150
51520662
51521174
51521686
51517079
51517591
51518103
51518615
51519127
51519639
51520151
51520663
51521175
51521687
51517080
51517592
51518104
51518616
51519128
51519640
51520152
51520664
51521176
51521688
51517081
51517593
51518105
51518617
51519129
51519641
51520153
51520665
51521177
51521689
51517082
51517594
51518106
51518618
51519130
51519642
51520154
51520666
51521178
51521690
51517083
51517595
51518107
51518619
51519131
51519643
51520155
51520667
51521179
51521691
51517084
51517596
51518108
51518620
51519132
51519644
51520156
51520668
51521180
51521692
45132031
45132543
45133055
45133567
45134079
45134591
45135103
45135615
45136127
45136639
45132032
45132544
45133056
45133568
45134080
45134592
45135104
45135616
45136128
45136640
45132033
45132545
45133057
45133569
45134081
45134593
45135105
45135617
45136129
45136641
45132034
45132546
45133058
45133570
45134082
45134594
45135106
45135618
45136130
45136642
45132035
45132547
45133059
45133571
45134083
45134595
45135107
45135619
45136131
45136643
45132036
45132548
45133060
45133572
45134084
45134596
45135108
45135620
45136132
45136644
45132037
45132549
45133061
45133573
45134085
45134597
45135109
45135621
45136133
45136645
45132038
45132550
45133062
45133574
45134086
45134598
45135110
45135622
45136134
45136646
45132039
45132551
45133063
45133575
45134087
45134599
45135111
45135623
45136135
45136647
45132040
45132552
45133064
45133576
45134088
45134600
45135112
45135624
45136136
45136648
50443970
50444482
50444994
50445506
50446018
50446530
50447042
50447554
50448066
50448578
50443971
50444483
50444995
50445507
50446019
50446531
50447043
50447555
50448067
50448579
50443972
50444484
50444996
50445508
50446020
50446532
50447044
50447556
50448068
50448580
50443973
50444485
50444997
50445509
50446021
50446533
50447045
50447557
50448069
50448581
50443974
50444486
50444998
50445510
50446022
50446534
50447046
50447558
50448070
50448582
50443975
50444487
50444999
50445511
50446023
50446535
50447047
50447559
50448071
50448583
50443976
50444488
50445000
50445512
50446024
50446536
50447048
50447560
50448072
50448584
50443977
50444489
50445001
50445513
50446025
50446537
50447049
50447561
50448073
50448585
50443978
50444490
50445002
50445514
50446026
50446538
50447050
50447562
50448074
50448586
50443979
50444491
50445003
50445515
50446027
50446539
50447051
50447563
50448075
50448587
46728978
46729490
46730002
46730514
46731026
46731538
46732050
46732562
46733074
46733586
46728979
46729491
46730003
46730515
46731027
46731539
46732051
46732563
46733075
46733587
46728980
46729492
46730004
46730516
46731028
46731540
46732052
46732564
46733076
46733588
46728981
46729493
46730005
46730517
46731029
46731541
46732053
46732565
46733077
46733589
46728982
46729494
46730006
46730518
46731030
46731542
46732054
46732566
46733078
46733590
46728983
46729495
46730007
46730519
46731031
46731543
46732055
46732567
46733079
46733591
46728984
46729496
46730008
46730520
46731032
46731544
46732056
46732568
46733080
46733592
46728985
46729497
46730009
46730521
46731033
46731545
46732057
46732569
46733081
46733593
46728986
46729498
46730010
46730522
46731034
46731546
46732058
46732570
46733082
46733594
46728987
46729499
46730011
46730523
46731035
46731547
46732059
46732571
46733083
46733595
38082820
38083332
38083844
38084356
38084868
38085380
38085892
38086404
38086916
38087428
38082821
38083333
38083845
38084357
38084869
38085381
38085893
38086405
38086917
38087429
38082822
38083334
38083846
38084358
38084870
38085382
38085894
38086406
38086918
38087430
38082823
38083335
38083847
38084359
38084871
38085383
38085895
38086407
38086919
38087431
38082824
38083336
38083848
38084360
38084872
38085384
38085896
38086408
38086920
38087432
38082825
38083337
38083849
38084361
38084873
38085385
38085897
38086409
38086921
38087433
38082826
38083338
38083850
38084362
38084874
38085386
38085898
38086410
38086922
38087434
38082827
38083339
38083851
38084363
38084875
38085387
38085899
38086411
38086923
38087435
38082828
38083340
38083852
38084364
38084876
38085388
38085900
38086412
38086924
38087436
38082829
38083341
38083853
38084365
38084877
38085389
38085901
38086413
38086925
38087437
49653388
49653900
49654412
49654924
49655436
49655948
49656460
49656972
49657484
49657996
49653389
49653901
49654413
49654925
49655437
49655949
49656461
49656973
49657485
49657997
49653390
49653902
49654414
49654926
49655438
49655950
49656462
49656974
49657486
49657998
49653391
49653903
49654415
49654927
49655439
49655951
49656463
49656975
49657487
49657999
49653392
49653904
49654416
49654928
49655440
49655952
49656464
49656976
49657488
49658000
49653393
49653905
49654417
49654929
49655441
49655953
49656465
49656977
49657489
49658001
49653394
49653906
49654418
49654930
49655442
49655954
49656466
49656978
49657490
49658002
49653395
49653907
49654419
49654931
49655443
49655955
49656467
49656979
49657491
49658003
49653396
49653908
49654420
49654932
49655444
49655956
49656468
49656980
49657492
49658004
49653397
49653909
49654421
49654933
49655445
49655957
49656469
49656981
49657493
49658005
49113746
49114258
49114770
49115282
49115794
49116306
49116818
49117330
49117842
49118354
49113747
49114259
49114771
49115283
49115795
49116307
49116819
49117331
49117843
49118355
49113748
49114260
49114772
49115284
49115796
49116308
49116820
49117332
49117844
49118356
49113749
49114261
49114773
49115285
49115797
49116309
49116821
49117333
49117845
49118357
49113750
49114262
49114774
49115286
49115798
49116310
49116822
49117334
49117846
49118358
49113751
49114263
49114775
49115287
49115799
49116311
49116823
49117335
49117847
49118359
49113752
49114264
49114776
49115288
49115800
49116312
49116824
49117336
49117848
49118360
49113753
49114265
49114777
49115289
49115801
49116313
49116825
49117337
49117849
49118361
49113754
49114266
49114778
49115290
49115802
49116314
49116826
49117338
49117850
49118362
49113755
49114267
49114779
49115291
49115803
49116315
49116827
49117339
49117851
49118363
42798867
42799379
42799891
42800403
42800915
42801427
42801939
42802451
42802963
42803475
42798868
42799380
42799892
42800404
42800916
42801428
42801940
42802452
42802964
42803476
42798869
42799381
42799893
42800405
42800917
42801429
42801941
42802453
42802965
42803477
42798870
42799382
42799894
42800406
42800918
42801430
42801942
42802454
42802966
42803478
42798871
42799383
42799895
42800407
42800919
42801431
42801943
42802455
42802967
42803479
42798872
42799384
42799896
42800408
42800920
42801432
42801944
42802456
42802968
42803480
42798873
42799385
42799897
42800409
42800921
42801433
42801945
42802457
42802969
42803481
42798874
42799386
42799898
42800410
42800922
42801434
42801946
42802458
42802970
42803482
42798875
42799387
42799899
42800411
42800923
42801435
42801947
42802459
42802971
42803483
42798876
42799388
42799900
42800412
42800924
42801436
42801948
42802460
42802972
42803484
49374923
49375435
49375947
49376459
49376971
49377483
49377995
49378507
49379019
49379531
49374924
49375436
49375948
49376460
49376972
49377484
49377996
49378508
49379020
49379532
49374925
49375437
49375949
49376461
49376973
49377485
49377997
49378509
49379021
49379533
49374926
49375438
49375950
49376462
49376974
49377486
49377998
49378510
49379022
49379534
49374927
49375439
49375951
49376463
49376975
49377487
49377999
49378511
49379023
49379535
49374928
49375440
49375952
49376464
49376976
49377488
49378000
49378512
49379024
49379536
49374929
49375441
49375953
49376465
49376977
49377489
49378001
49378513
49379025
49379537
49374930
49375442
49375954
49376466
49376978
49377490
49378002
49378514
49379026
49379538
49374931
49375443
49375955
49376467
49376979
49377491
49378003
49378515
49379027
49379539
49374932
49375444
49375956
49376468
49376980
49377492
49378004
49378516
49379028
49379540
40682759
40683271
40683783
40684295
40684807
40685319
40685831
40686343
40686855
40687367
40682760
40683272
40683784
40684296
40684808
40685320
40685832
40686344
40686856
40687368
40682761
40683273
40683785
40684297
40684809
40685321
40685833
40686345
40686857
40687369
40682762
40683274
40683786
40684298
40684810
40685322
40685834
40686346
40686858
40687370
40682763
40683275
40683787
40684299
40684811
40685323
40685835
40686347
40686859
40687371
40682764
40683276
40683788
40684300
40684812
40685324
40685836
40686348
40686860
40687372
40682765
40683277
40683789
40684301
40684813
40685325
40685837
40686349
40686861
40687373
40682766
40683278
40683790
40684302
40684814
40685326
40685838
40686350
40686862
40687374
40682767
40683279
40683791
40684303
40684815
40685327
40685839
40686351
40686863
40687375
40682768
40683280
40683792
40684304
40684816
40685328
40685840
40686352
40686864
40687376
