51997950
51998462
51998974
51999486
51999998
52000510
52001022
52001534
52002046
52002558
51997951
51998463
51998975
51999487
51999999
52000511
52001023
52001535
52002047
52002559
51997952
51998464
51998976
51999488
52000000
52000512
52001024
52001536
52002048
52002560
51997953
51998465
51998977
51999489
52000001
52000513
52001025
52001537
52002049
52002561
51997954
51998466
51998978
51999490
52000002
52000514
52001026
52001538
52002050
52002562
51997955
51998467
51998979
51999491
52000003
52000515
52001027
52001539
52002051
52002563
51997956
51998468
51998980
51999492
52000004
52000516
52001028
52001540
52002052
52002564
51997957
51998469
51998981
51999493
52000005
52000517
52001029
52001541
52002053
52002565
51997958
51998470
51998982
51999494
52000006
52000518
52001030
52001542
52002054
52002566
51997959
51998471
51998983
51999495
52000007
52000519
52001031
52001543
52002055
52002567
48348906
48349418
48349930
48350442
48350954
48351466
48351978
48352490
48353002
48353514
48348907
48349419
48349931
48350443
48350955
48351467
48351979
48352491
48353003
48353515
48348908
48349420
48349932
48350444
48350956
48351468
48351980
48352492
48353004
48353516
48348909
48349421
48349933
48350445
48350957
48351469
48351981
48352493
48353005
48353517
48348910
48349422
48349934
48350446
48350958
48351470
48351982
48352494
48353006
48353518
48348911
48349423
48349935
48350447
48350959
48351471
48351983
48352495
48353007
48353519
48348912
48349424
48349936
48350448
48350960
48351472
48351984
48352496
48353008
48353520
48348913
48349425
48349937
48350449
48350961
48351473
48351985
48352497
48353009
48353521
48348914
48349426
48349938
48350450
48350962
48351474
48351986
48352498
48353010
48353522
48348915
48349427
48349939
48350451
48350963
48351475
48351987
48352499
48353011
48353523
43342534
43343046
43343558
43344070
43344582
43345094
43345606
43346118
43346630
43347142
43342535
43343047
43343559
43344071
43344583
43345095
43345607
43346119
43346631
43347143
43342536
43343048
43343560
43344072
43344584
43345096
43345608
43346120
43346632
43347144
43342537
43343049
43343561
43344073
43344585
43345097
43345609
43346121
43346633
43347145
43342538
43343050
43343562
43344074
43344586
43345098
43345610
43346122
43346634
43347146
43342539
43343051
43343563
43344075
43344587
43345099
43345611
43346123
43346635
43347147
43342540
43343052
43343564
43344076
43344588
43345100
43345612
43346124
43346636
43347148
43342541
43343053
43343565
43344077
43344589
43345101
43345613
43346125
43346637
43347149
43342542
43343054
43343566
43344078
43344590
43345102
43345614
43346126
43346638
43347150
43342543
43343055
43343567
43344079
43344591
43345103
43345615
43346127
43346639
43347151
49615524
49616036
49616548
49617060
49617572
49618084
49618596
49619108
49619620
49620132
49615525
49616037
49616549
49617061
49617573
49618085
49618597
49619109
49619621
49620133
49615526
49616038
49616550
49617062
49617574
49618086
49618598
49619110
49619622
49620134
49615527
49616039
49616551
49617063
49617575
49618087
49618599
49619111
49619623
49620135
49615528
49616040
49616552
49617064
49617576
49618088
49618600
49619112
49619624
49620136
49615529
49616041
49616553
49617065
49617577
49618089
49618601
49619113
49619625
49620137
49615530
49616042
49616554
49617066
49617578
49618090
49618602
49619114
49619626
49620138
49615531
49616043
49616555
49617067
49617579
49618091
49618603
49619115
49619627
49620139
49615532
49616044
49616556
49617068
49617580
49618092
49618604
49619116
49619628
49620140
49615533
49616045
49616557
49617069
49617581
49618093
49618605
49619117
49619629
49620141
45930267
45930779
45931291
45931803
45932315
45932827
45933339
45933851
45934363
45934875
45930268
45930780
45931292
45931804
45932316
45932828
45933340
45933852
45934364
45934876
45930269
45930781
45931293
45931805
45932317
45932829
45933341
45933853
45934365
45934877
45930270
45930782
45931294
45931806
45932318
45932830
45933342
45933854
45934366
45934878
45930271
45930783
45931295
45931807
45932319
45932831
45933343
45933855
45934367
45934879
45930272
45930784
45931296
45931808
45932320
45932832
45933344
45933856
45934368
45934880
45930273
45930785
45931297
45931809
45932321
45932833
45933345
45933857
45934369
45934881
45930274
45930786
45931298
45931810
45932322
45932834
45933346
45933858
45934370
45934882
45930275
45930787
45931299
45931811
45932323
45932835
45933347
45933859
45934371
45934883
45930276
45930788
45931300
45931812
45932324
45932836
45933348
45933860
45934372
45934884
52250310
52250822
52251334
52251846
52252358
52252870
52253382
52253894
52254406
52254918
52250311
52250823
52251335
52251847
52252359
52252871
52253383
52253895
52254407
52254919
52250312
52250824
52251336
52251848
52252360
52252872
52253384
52253896
52254408
52254920
52250313
52250825
52251337
52251849
52252361
52252873
52253385
52253897
52254409
52254921
52250314
52250826
52251338
52251850
52252362
52252874
52253386
52253898
52254410
52254922
52250315
52250827
52251339
52251851
52252363
52252875
52253387
52253899
52254411
52254923
52250316
52250828
52251340
52251852
52252364
52252876
52253388
52253900
52254412
52254924
52250317
52250829
52251341
52251853
52252365
52252877
52253389
52253901
52254413
52254925
52250318
52250830
52251342
52251854
52252366
52252878
52253390
52253902
52254414
52254926
52250319
52250831
52251343
52251855
52252367
52252879
52253391
52253903
52254415
52254927
38339775
38340287
38340799
38341311
38341823
38342335
38342847
38343359
38343871
38344383
38339776
38340288
38340800
38341312
38341824
38342336
38342848
38343360
38343872
38344384
38339777
38340289
38340801
38341313
38341825
38342337
38342849
38343361
38343873
38344385
38339778
38340290
38340802
38341314
38341826
38342338
38342850
38343362
38343874
38344386
38339779
38340291
38340803
38341315
38341827
38342339
38342851
38343363
38343875
38344387
38339780
38340292
38340804
38341316
38341828
38342340
38342852
38343364
38343876
38344388
38339781
38340293
38340805
38341317
38341829
38342341
38342853
38343365
38343877
38344389
38339782
38340294
38340806
38341318
38341830
38342342
38342854
38343366
38343878
38344390
38339783
38340295
38340807
38341319
38341831
38342343
38342855
38343367
38343879
38344391
38339784
38340296
38340808
38341320
38341832
38342344
38342856
38343368
38343880
38344392
43842792
43843304
43843816
43844328
43844840
43845352
43845864
43846376
43846888
43847400
43842793
43843305
43843817
43844329
43844841
43845353
43845865
43846377
43846889
43847401
43842794
43843306
43843818
43844330
43844842
43845354
43845866
43846378
43846890
43847402
43842795
43843307
43843819
43844331
43844843
43845355
43845867
43846379
43846891
43847403
43842796
43843308
43843820
43844332
43844844
43845356
43845868
43846380
43846892
43847404
43842797
43843309
43843821
43844333
43844845
43845357
43845869
43846381
43846893
43847405
43842798
43843310
43843822
43844334
43844846
43845358
43845870
43846382
43846894
43847406
43842799
43843311
43843823
43844335
43844847
43845359
43845871
43846383
43846895
43847407
43842800
43843312
43843824
43844336
43844848
43845360
43845872
43846384
43846896
43847408
43842801
43843313
43843825
43844337
43844849
43845361
43845873
43846385
43846897
43847409
39132957
39133469
39133981
39134493
39135005
39135517
39136029
39136541
39137053
39137565
39132958
39133470
39133982
39134494
39135006
39135518
39136030
39136542
39137054
39137566
39132959
39133471
39133983
39134495
39135007
39135519
39136031
39136543
39137055
39137567
39132960
39133472
39133984
39134496
39135008
39135520
39136032
39136544
39137056
39137568
39132961
39133473
39133985
39134497
39135009
39135521
39136033
39136545
39137057
39137569
39132962
39133474
39133986
39134498
39135010
39135522
39136034
39136546
39137058
39137570
39132963
39133475
39133987
39134499
39135011
39135523
39136035
39136547
39137059
39137571
39132964
39133476
39133988
39134500
39135012
39135524
39136036
39136548
39137060
39137572
39132965
39133477
39133989
39134501
39135013
39135525
39136037
39136549
39137061
39137573
39132966
39133478
39133990
39134502
39135014
39135526
39136038
39136550
39137062
39137574
48105692
48106204
48106716
48107228
48107740
48108252
48108764
48109276
48109788
48110300
48105693
48106205
48106717
48107229
48107741
48108253
48108765
48109277
48109789
48110301
48105694
48106206
48106718
48107230
48107742
48108254
48108766
48109278
48109790
48110302
48105695
48106207
48106719
48107231
48107743
48108255
48108767
48109279
48109791
48110303
48105696
48106208
48106720
48107232
48107744
48108256
48108768
48109280
48109792
48110304
48105697
48106209
48106721
48107233
48107745
48108257
48108769
48109281
48109793
48110305
48105698
48106210
48106722
48107234
48107746
48108258
48108770
48109282
48109794
48110306
48105699
48106211
48106723
48107235
48107747
48108259
48108771
48109283
48109795
48110307
48105700
48106212
48106724
48107236
48107748
48108260
48108772
48109284
48109796
48110308
48105701
48106213
48106725
48107237
48107749
48108261
48108773
48109285
48109797
48110309
47573672
47574184
47574696
47575208
47575720
47576232
47576744
47577256
47577768
47578280
47573673
47574185
47574697
47575209
47575721
47576233
47576745
47577257
47577769
47578281
47573674
47574186
47574698
47575210
47575722
47576234
47576746
47577258
47577770
47578282
47573675
47574187
47574699
47575211
47575723
47576235
47576747
47577259
47577771
47578283
47573676
47574188
47574700
47575212
47575724
47576236
47576748
47577260
47577772
47578284
47573677
47574189
47574701
47575213
47575725
47576237
47576749
47577261
47577773
47578285
47573678
47574190
47574702
47575214
47575726
47576238
47576750
47577262
47577774
47578286
47573679
47574191
47574703
47575215
47575727
47576239
47576751
47577263
47577775
47578287
47573680
47574192
47574704
47575216
47575728
47576240
47576752
47577264
47577776
47578288
47573681
47574193
47574705
47575217
47575729
47576241
47576753
47577265
47577777
47578289
38081707
38082219
38082731
38083243
38083755
38084267
38084779
38085291
38085803
38086315
38081708
38082220
38082732
38083244
38083756
38084268
38084780
38085292
38085804
38086316
38081709
38082221
38082733
38083245
38083757
38084269
38084781
38085293
38085805
38086317
38081710
38082222
38082734
38083246
38083758
38084270
38084782
38085294
38085806
38086318
38081711
38082223
38082735
38083247
38083759
38084271
38084783
38085295
38085807
38086319
38081712
38082224
38082736
38083248
38083760
38084272
38084784
38085296
38085808
38086320
38081713
38082225
38082737
38083249
38083761
38084273
38084785
38085297
38085809
38086321
38081714
38082226
38082738
38083250
38083762
38084274
38084786
38085298
38085810
38086322
38081715
38082227
38082739
38083251
38083763
38084275
38084787
38085299
38085811
38086323
38081716
38082228
38082740
38083252
38083764
38084276
38084788
38085300
38085812
38086324
48066760
48067272
48067784
48068296
48068808
48069320
48069832
48070344
48070856
48071368
48066761
48067273
48067785
48068297
48068809
48069321
48069833
48070345
48070857
48071369
48066762
48067274
48067786
48068298
48068810
48069322
48069834
48070346
48070858
48071370
48066763
48067275
48067787
48068299
48068811
48069323
48069835
48070347
48070859
48071371
48066764
48067276
48067788
48068300
48068812
48069324
48069836
48070348
48070860
48071372
48066765
48067277
48067789
48068301
48068813
48069325
48069837
48070349
48070861
48071373
48066766
48067278
48067790
48068302
48068814
48069326
48069838
48070350
48070862
48071374
48066767
48067279
48067791
48068303
48068815
48069327
48069839
48070351
48070863
48071375
48066768
48067280
48067792
48068304
48068816
48069328
48069840
48070352
48070864
48071376
48066769
48067281
48067793
48068305
48068817
48069329
48069841
48070353
48070865
48071377
43870881
43871393
43871905
43872417
43872929
43873441
43873953
43874465
43874977
43875489
43870882
43871394
43871906
43872418
43872930
43873442
43873954
43874466
43874978
43875490
43870883
43871395
43871907
43872419
43872931
43873443
43873955
43874467
43874979
43875491
43870884
43871396
43871908
43872420
43872932
43873444
43873956
43874468
43874980
43875492
43870885
43871397
43871909
43872421
43872933
43873445
43873957
43874469
43874981
43875493
43870886
43871398
43871910
43872422
43872934
43873446
43873958
43874470
43874982
43875494
43870887
43871399
43871911
43872423
43872935
43873447
43873959
43874471
43874983
43875495
43870888
43871400
43871912
43872424
43872936
43873448
43873960
43874472
43874984
43875496
43870889
43871401
43871913
43872425
43872937
43873449
43873961
43874473
43874985
43875497
43870890
43871402
43871914
43872426
43872938
43873450
43873962
43874474
43874986
43875498
44918916
44919428
44919940
44920452
44920964
44921476
44921988
44922500
44923012
44923524
44918917
44919429
44919941
44920453
44920965
44921477
44921989
44922501
44923013
44923525
44918918
44919430
44919942
44920454
44920966
44921478
44921990
44922502
44923014
44923526
44918919
44919431
44919943
44920455
44920967
44921479
44921991
44922503
44923015
44923527
44918920
44919432
44919944
44920456
44920968
44921480
44921992
44922504
44923016
44923528
44918921
44919433
44919945
44920457
44920969
44921481
44921993
44922505
44923017
44923529
44918922
44919434
44919946
44920458
44920970
44921482
44921994
44922506
44923018
44923530
44918923
44919435
44919947
44920459
44920971
44921483
44921995
44922507
44923019
44923531
44918924
44919436
44919948
44920460
44920972
44921484
44921996
44922508
44923020
44923532
44918925
44919437
44919949
44920461
44920973
44921485
44921997
44922509
44923021
44923533
50393284
50393796
50394308
50394820
50395332
50395844
50396356
50396868
50397380
50397892
50393285
50393797
50394309
50394821
50395333
50395845
50396357
50396869
50397381
50397893
50393286
50393798
50394310
50394822
50395334
50395846
50396358
50396870
50397382
50397894
50393287
50393799
50394311
50394823
50395335
50395847
50396359
50396871
50397383
50397895
50393288
50393800
50394312
50394824
50395336
50395848
50396360
50396872
50397384
50397896
50393289
50393801
50394313
50394825
50395337
50395849
50396361
50396873
50397385
50397897
50393290
50393802
50394314
50394826
50395338
50395850
50396362
50396874
50397386
50397898
50393291
50393803
50394315
50394827
50395339
50395851
50396363
50396875
50397387
50397899
50393292
50393804
50394316
50394828
50395340
50395852
50396364
50396876
50397388
50397900
50393293
50393805
50394317
50394829
50395341
50395853
50396365
50396877
50397389
50397901
46783692
46784204
46784716
46785228
46785740
46786252
46786764
46787276
46787788
46788300
46783693
46784205
46784717
46785229
46785741
46786253
46786765
46787277
46787789
46788301
46783694
46784206
46784718
46785230
46785742
46786254
46786766
46787278
46787790
46788302
46783695
46784207
46784719
46785231
46785743
46786255
46786767
46787279
46787791
46788303
46783696
46784208
46784720
46785232
46785744
46786256
46786768
46787280
46787792
46788304
46783697
46784209
46784721
46785233
46785745
46786257
46786769
46787281
46787793
46788305
46783698
46784210
46784722
46785234
46785746
46786258
46786770
46787282
46787794
46788306
46783699
46784211
46784723
46785235
46785747
46786259
46786771
46787283
46787795
46788307
46783700
46784212
46784724
46785236
46785748
46786260
46786772
46787284
46787796
46788308
46783701
46784213
46784725
46785237
46785749
46786261
46786773
46787285
46787797
46788309
48885915
48886427
48886939
48887451
48887963
48888475
48888987
48889499
48890011
48890523
48885916
48886428
48886940
48887452
48887964
48888476
48888988
48889500
48890012
48890524
48885917
48886429
48886941
48887453
48887965
48888477
48888989
48889501
48890013
48890525
48885918
48886430
48886942
48887454
48887966
48888478
48888990
48889502
48890014
48890526
48885919
48886431
48886943
48887455
48887967
48888479
48888991
48889503
48890015
48890527
48885920
48886432
48886944
48887456
48887968
48888480
48888992
48889504
48890016
48890528
48885921
48886433
48886945
48887457
48887969
48888481
48888993
48889505
48890017
48890529
48885922
48886434
48886946
48887458
48887970
48888482
48888994
48889506
48890018
48890530
48885923
48886435
48886947
48887459
48887971
48888483
48888995
48889507
48890019
48890531
48885924
48886436
48886948
48887460
48887972
48888484
48888996
48889508
48890020
48890532
50741951
50742463
50742975
50743487
50743999
50744511
50745023
50745535
50746047
50746559
50741952
50742464
50742976
50743488
50744000
50744512
50745024
50745536
50746048
50746560
50741953
50742465
50742977
50743489
50744001
50744513
50745025
50745537
50746049
50746561
50741954
50742466
50742978
50743490
50744002
50744514
50745026
50745538
50746050
50746562
50741955
50742467
50742979
50743491
50744003
50744515
50745027
50745539
50746051
50746563
50741956
50742468
50742980
50743492
50744004
50744516
50745028
50745540
50746052
50746564
50741957
50742469
50742981
50743493
50744005
50744517
50745029
50745541
50746053
50746565
50741958
50742470
50742982
50743494
50744006
50744518
50745030
50745542
50746054
50746566
50741959
50742471
50742983
50743495
50744007
50744519
50745031
50745543
50746055
50746567
50741960
50742472
50742984
50743496
50744008
50744520
50745032
50745544
50746056
50746568
44119289
44119801
44120313
44120825
44121337
44121849
44122361
44122873
44123385
44123897
44119290
44119802
44120314
44120826
44121338
44121850
44122362
44122874
44123386
44123898
44119291
44119803
44120315
44120827
44121339
44121851
44122363
44122875
44123387
44123899
44119292
44119804
44120316
44120828
44121340
44121852
44122364
44122876
44123388
44123900
44119293
44119805
44120317
44120829
44121341
44121853
44122365
44122877
44123389
44123901
44119294
44119806
44120318
44120830
44121342
44121854
44122366
44122878
44123390
44123902
44119295
44119807
44120319
44120831
44121343
44121855
44122367
44122879
44123391
44123903
44119296
44119808
44120320
44120832
44121344
44121856
44122368
44122880
44123392
44123904
44119297
44119809
44120321
44120833
44121345
44121857
44122369
44122881
44123393
44123905
44119298
44119810
44120322
44120834
44121346
44121858
44122370
44122882
44123394
44123906
45433087
45433599
45434111
45434623
45435135
45435647
45436159
45436671
45437183
45437695
45433088
45433600
45434112
45434624
45435136
45435648
45436160
45436672
45437184
45437696
45433089
45433601
45434113
45434625
45435137
45435649
45436161
45436673
45437185
45437697
45433090
45433602
45434114
45434626
45435138
45435650
45436162
45436674
45437186
45437698
45433091
45433603
45434115
45434627
45435139
45435651
45436163
45436675
45437187
45437699
45433092
45433604
45434116
45434628
45435140
45435652
45436164
45436676
45437188
45437700
45433093
45433605
45434117
45434629
45435141
45435653
45436165
45436677
45437189
45437701
45433094
45433606
45434118
45434630
45435142
45435654
45436166
45436678
45437190
45437702
45433095
45433607
45434119
45434631
45435143
45435655
45436167
45436679
45437191
45437703
45433096
45433608
45434120
45434632
45435144
45435656
45436168
45436680
45437192
45437704
44383521
44384033
44384545
44385057
44385569
44386081
44386593
44387105
44387617
44388129
44383522
44384034
44384546
44385058
44385570
44386082
44386594
44387106
44387618
44388130
44383523
44384035
44384547
44385059
44385571
44386083
44386595
44387107
44387619
44388131
44383524
44384036
44384548
44385060
44385572
44386084
44386596
44387108
44387620
44388132
44383525
44384037
44384549
44385061
44385573
44386085
44386597
44387109
44387621
44388133
44383526
44384038
44384550
44385062
44385574
44386086
44386598
44387110
44387622
44388134
44383527
44384039
44384551
44385063
44385575
44386087
44386599
44387111
44387623
44388135
44383528
44384040
44384552
44385064
44385576
44386088
44386600
44387112
44387624
44388136
44383529
44384041
44384553
44385065
44385577
44386089
44386601
44387113
44387625
44388137
44383530
44384042
44384554
44385066
44385578
44386090
44386602
44387114
44387626
44388138
46756585
46757097
46757609
46758121
46758633
46759145
46759657
46760169
46760681
46761193
46756586
46757098
46757610
46758122
46758634
46759146
46759658
46760170
46760682
46761194
46756587
46757099
46757611
46758123
46758635
46759147
46759659
46760171
46760683
46761195
46756588
46757100
46757612
46758124
46758636
46759148
46759660
46760172
46760684
46761196
46756589
46757101
46757613
46758125
46758637
46759149
46759661
46760173
46760685
46761197
46756590
46757102
46757614
46758126
46758638
46759150
46759662
46760174
46760686
46761198
46756591
46757103
46757615
46758127
46758639
46759151
46759663
46760175
46760687
46761199
46756592
46757104
46757616
46758128
46758640
46759152
46759664
46760176
46760688
46761200
46756593
46757105
46757617
46758129
46758641
46759153
46759665
46760177
46760689
46761201
46756594
46757106
46757618
46758130
46758642
46759154
46759666
46760178
46760690
46761202
50652409
50652921
50653433
50653945
50654457
50654969
50655481
50655993
50656505
50657017
50652410
50652922
50653434
50653946
50654458
50654970
50655482
50655994
50656506
50657018
50652411
50652923
50653435
50653947
50654459
50654971
50655483
50655995
50656507
50657019
50652412
50652924
50653436
50653948
50654460
50654972
50655484
50655996
50656508
50657020
50652413
50652925
50653437
50653949
50654461
50654973
50655485
50655997
50656509
50657021
50652414
50652926
50653438
50653950
50654462
50654974
50655486
50655998
50656510
50657022
50652415
50652927
50653439
50653951
50654463
50654975
50655487
50655999
50656511
50657023
50652416
50652928
50653440
50653952
50654464
50654976
50655488
50656000
50656512
50657024
50652417
50652929
50653441
50653953
50654465
50654977
50655489
50656001
50656513
50657025
50652418
50652930
50653442
50653954
50654466
50654978
50655490
50656002
50656514
50657026
54611675
54612187
54612699
54613211
54613723
54614235
54614747
54615259
54615771
54616283
54611676
54612188
54612700
54613212
54613724
54614236
54614748
54615260
54615772
54616284
54611677
54612189
54612701
54613213
54613725
54614237
54614749
54615261
54615773
54616285
54611678
54612190
54612702
54613214
54613726
54614238
54614750
54615262
54615774
54616286
54611679
54612191
54612703
54613215
54613727
54614239
54614751
54615263
54615775
54616287
54611680
54612192
54612704
54613216
54613728
54614240
54614752
54615264
54615776
54616288
54611681
54612193
54612705
54613217
54613729
54614241
54614753
54615265
54615777
54616289
54611682
54612194
54612706
54613218
54613730
54614242
54614754
54615266
54615778
54616290
54611683
54612195
54612707
54613219
54613731
54614243
54614755
54615267
54615779
54616291
54611684
54612196
54612708
54613220
54613732
54614244
54614756
54615268
54615780
54616292
49351973
49352485
49352997
49353509
49354021
49354533
49355045
49355557
49356069
49356581
49351974
49352486
49352998
49353510
49354022
49354534
49355046
49355558
49356070
49356582
49351975
49352487
49352999
49353511
49354023
49354535
49355047
49355559
49356071
49356583
49351976
49352488
49353000
49353512
49354024
49354536
49355048
49355560
49356072
49356584
49351977
49352489
49353001
49353513
49354025
49354537
49355049
49355561
49356073
49356585
49351978
49352490
49353002
49353514
49354026
49354538
49355050
49355562
49356074
49356586
49351979
49352491
49353003
49353515
49354027
49354539
49355051
49355563
49356075
49356587
49351980
49352492
49353004
49353516
49354028
49354540
49355052
49355564
49356076
49356588
49351981
49352493
49353005
49353517
49354029
49354541
49355053
49355565
49356077
49356589
49351982
49352494
49353006
49353518
49354030
49354542
49355054
49355566
49356078
49356590
38854932
38855444
38855956
38856468
38856980
38857492
38858004
38858516
38859028
38859540
38854933
38855445
38855957
38856469
38856981
38857493
38858005
38858517
38859029
38859541
38854934
38855446
38855958
38856470
38856982
38857494
38858006
38858518
38859030
38859542
38854935
38855447
38855959
38856471
38856983
38857495
38858007
38858519
38859031
38859543
38854936
38855448
38855960
38856472
38856984
38857496
38858008
38858520
38859032
38859544
38854937
38855449
38855961
38856473
38856985
38857497
38858009
38858521
38859033
38859545
38854938
38855450
38855962
38856474
38856986
38857498
38858010
38858522
38859034
38859546
38854939
38855451
38855963
38856475
38856987
38857499
38858011
38858523
38859035
38859547
38854940
38855452
38855964
38856476
38856988
38857500
38858012
38858524
38859036
38859548
38854941
38855453
38855965
38856477
38856989
38857501
38858013
38858525
38859037
38859549
40696519
40697031
40697543
40698055
40698567
40699079
40699591
40700103
40700615
40701127
40696520
40697032
40697544
40698056
40698568
40699080
40699592
40700104
40700616
40701128
40696521
40697033
40697545
40698057
40698569
40699081
40699593
40700105
40700617
40701129
40696522
40697034
40697546
40698058
40698570
40699082
40699594
40700106
40700618
40701130
40696523
40697035
40697547
40698059
40698571
40699083
40699595
40700107
40700619
40701131
40696524
40697036
40697548
40698060
40698572
40699084
40699596
40700108
40700620
40701132
40696525
40697037
40697549
40698061
40698573
40699085
40699597
40700109
40700621
40701133
40696526
40697038
40697550
40698062
40698574
40699086
40699598
40700110
40700622
40701134
40696527
40697039
40697551
40698063
40698575
40699087
40699599
40700111
40700623
40701135
40696528
40697040
40697552
40698064
40698576
40699088
40699600
40700112
40700624
40701136
50675434
50675946
50676458
50676970
50677482
50677994
50678506
50679018
50679530
50680042
50675435
50675947
50676459
50676971
50677483
50677995
50678507
50679019
50679531
50680043
50675436
50675948
50676460
50676972
50677484
50677996
50678508
50679020
50679532
50680044
50675437
50675949
50676461
50676973
50677485
50677997
50678509
50679021
50679533
50680045
50675438
50675950
50676462
50676974
50677486
50677998
50678510
50679022
50679534
50680046
50675439
50675951
50676463
50676975
50677487
50677999
50678511
50679023
50679535
50680047
50675440
50675952
50676464
50676976
50677488
50678000
50678512
50679024
50679536
50680048
50675441
50675953
50676465
50676977
50677489
50678001
50678513
50679025
50679537
50680049
50675442
50675954
50676466
50676978
50677490
50678002
50678514
50679026
50679538
50680050
50675443
50675955
50676467
50676979
50677491
50678003
50678515
50679027
50679539
50680051
50170110
50170622
50171134
50171646
50172158
50172670
50173182
50173694
50174206
50174718
50170111
50170623
50171135
50171647
50172159
50172671
50173183
50173695
50174207
50174719
50170112
50170624
50171136
50171648
50172160
50172672
50173184
50173696
50174208
50174720
50170113
50170625
50171137
50171649
50172161
50172673
50173185
50173697
50174209
50174721
50170114
50170626
50171138
50171650
50172162
50172674
50173186
50173698
50174210
50174722
50170115
50170627
50171139
50171651
50172163
50172675
50173187
50173699
50174211
50174723
50170116
50170628
50171140
50171652
50172164
50172676
50173188
50173700
50174212
50174724
50170117
50170629
50171141
50171653
50172165
50172677
50173189
50173701
50174213
50174725
50170118
50170630
50171142
50171654
50172166
50172678
50173190
50173702
50174214
50174726
50170119
50170631
50171143
50171655
50172167
50172679
50173191
50173703
50174215
50174727
