43610784
43611296
43611808
43612320
43612832
43613344
43613856
43614368
43614880
43615392
43610785
43611297
43611809
43612321
43612833
43613345
43613857
43614369
43614881
43615393
43610786
43611298
43611810
43612322
43612834
43613346
43613858
43614370
43614882
43615394
43610787
43611299
43611811
43612323
43612835
43613347
43613859
43614371
43614883
43615395
43610788
43611300
43611812
43612324
43612836
43613348
43613860
43614372
43614884
43615396
43610789
43611301
43611813
43612325
43612837
43613349
43613861
43614373
43614885
43615397
43610790
43611302
43611814
43612326
43612838
43613350
43613862
43614374
43614886
43615398
43610791
43611303
43611815
43612327
43612839
43613351
43613863
43614375
43614887
43615399
43610792
43611304
43611816
43612328
43612840
43613352
43613864
43614376
43614888
43615400
43610793
43611305
43611817
43612329
43612841
43613353
43613865
43614377
43614889
43615401
44636418
44636930
44637442
44637954
44638466
44638978
44639490
44640002
44640514
44641026
44636419
44636931
44637443
44637955
44638467
44638979
44639491
44640003
44640515
44641027
44636420
44636932
44637444
44637956
44638468
44638980
44639492
44640004
44640516
44641028
44636421
44636933
44637445
44637957
44638469
44638981
44639493
44640005
44640517
44641029
44636422
44636934
44637446
44637958
44638470
44638982
44639494
44640006
44640518
44641030
44636423
44636935
44637447
44637959
44638471
44638983
44639495
44640007
44640519
44641031
44636424
44636936
44637448
44637960
44638472
44638984
44639496
44640008
44640520
44641032
44636425
44636937
44637449
44637961
44638473
44638985
44639497
44640009
44640521
44641033
44636426
44636938
44637450
44637962
44638474
44638986
44639498
44640010
44640522
44641034
44636427
44636939
44637451
44637963
44638475
44638987
44639499
44640011
44640523
44641035
47038677
47039189
47039701
47040213
47040725
47041237
47041749
47042261
47042773
47043285
47038678
47039190
47039702
47040214
47040726
47041238
47041750
47042262
47042774
47043286
47038679
47039191
47039703
47040215
47040727
47041239
47041751
47042263
47042775
47043287
47038680
47039192
47039704
47040216
47040728
47041240
47041752
47042264
47042776
47043288
47038681
47039193
47039705
47040217
47040729
47041241
47041753
47042265
47042777
47043289
47038682
47039194
47039706
47040218
47040730
47041242
47041754
47042266
47042778
47043290
47038683
47039195
47039707
47040219
47040731
47041243
47041755
47042267
47042779
47043291
47038684
47039196
47039708
47040220
47040732
47041244
47041756
47042268
47042780
47043292
47038685
47039197
47039709
47040221
47040733
47041245
47041757
47042269
47042781
47043293
47038686
47039198
47039710
47040222
47040734
47041246
47041758
47042270
47042782
47043294
44387021
44387533
44388045
44388557
44389069
44389581
44390093
44390605
44391117
44391629
44387022
44387534
44388046
44388558
44389070
44389582
44390094
44390606
44391118
44391630
44387023
44387535
44388047
44388559
44389071
44389583
44390095
44390607
44391119
44391631
44387024
44387536
44388048
44388560
44389072
44389584
44390096
44390608
44391120
44391632
44387025
44387537
44388049
44388561
44389073
44389585
44390097
44390609
44391121
44391633
44387026
44387538
44388050
44388562
44389074
44389586
44390098
44390610
44391122
44391634
44387027
44387539
44388051
44388563
44389075
44389587
44390099
44390611
44391123
44391635
44387028
44387540
44388052
44388564
44389076
44389588
44390100
44390612
44391124
44391636
44387029
44387541
44388053
44388565
44389077
44389589
44390101
44390613
44391125
44391637
44387030
44387542
44388054
44388566
44389078
44389590
44390102
44390614
44391126
44391638
50447530
50448042
50448554
50449066
50449578
50450090
50450602
50451114
50451626
50452138
50447531
50448043
50448555
50449067
50449579
50450091
50450603
50451115
50451627
50452139
50447532
50448044
50448556
50449068
50449580
50450092
50450604
50451116
50451628
50452140
50447533
50448045
50448557
50449069
50449581
50450093
50450605
50451117
50451629
50452141
50447534
50448046
50448558
50449070
50449582
50450094
50450606
50451118
50451630
50452142
50447535
50448047
50448559
50449071
50449583
50450095
50450607
50451119
50451631
50452143
50447536
50448048
50448560
50449072
50449584
50450096
50450608
50451120
50451632
50452144
50447537
50448049
50448561
50449073
50449585
50450097
50450609
50451121
50451633
50452145
50447538
50448050
50448562
50449074
50449586
50450098
50450610
50451122
50451634
50452146
50447539
50448051
50448563
50449075
50449587
50450099
50450611
50451123
50451635
50452147
40157957
40158469
40158981
40159493
40160005
40160517
40161029
40161541
40162053
40162565
40157958
40158470
40158982
40159494
40160006
40160518
40161030
40161542
40162054
40162566
40157959
40158471
40158983
40159495
40160007
40160519
40161031
40161543
40162055
40162567
40157960
40158472
40158984
40159496
40160008
40160520
40161032
40161544
40162056
40162568
40157961
40158473
40158985
40159497
40160009
40160521
40161033
40161545
40162057
40162569
40157962
40158474
40158986
40159498
40160010
40160522
40161034
40161546
40162058
40162570
40157963
40158475
40158987
40159499
40160011
40160523
40161035
40161547
40162059
40162571
40157964
40158476
40158988
40159500
40160012
40160524
40161036
40161548
40162060
40162572
40157965
40158477
40158989
40159501
40160013
40160525
40161037
40161549
40162061
40162573
40157966
40158478
40158990
40159502
40160014
40160526
40161038
40161550
40162062
40162574
50415822
50416334
50416846
50417358
50417870
50418382
50418894
50419406
50419918
50420430
50415823
50416335
50416847
50417359
50417871
50418383
50418895
50419407
50419919
50420431
50415824
50416336
50416848
50417360
50417872
50418384
50418896
50419408
50419920
50420432
50415825
50416337
50416849
50417361
50417873
50418385
50418897
50419409
50419921
50420433
50415826
50416338
50416850
50417362
50417874
50418386
50418898
50419410
50419922
50420434
50415827
50416339
50416851
50417363
50417875
50418387
50418899
50419411
50419923
50420435
50415828
50416340
50416852
50417364
50417876
50418388
50418900
50419412
50419924
50420436
50415829
50416341
50416853
50417365
50417877
50418389
50418901
50419413
50419925
50420437
50415830
50416342
50416854
50417366
50417878
50418390
50418902
50419414
50419926
50420438
50415831
50416343
50416855
50417367
50417879
50418391
50418903
50419415
50419927
50420439
40951030
40951542
40952054
40952566
40953078
40953590
40954102
40954614
40955126
40955638
40951031
40951543
40952055
40952567
40953079
40953591
40954103
40954615
40955127
40955639
40951032
40951544
40952056
40952568
40953080
40953592
40954104
40954616
40955128
40955640
40951033
40951545
40952057
40952569
40953081
40953593
40954105
40954617
40955129
40955641
40951034
40951546
40952058
40952570
40953082
40953594
40954106
40954618
40955130
40955642
40951035
40951547
40952059
40952571
40953083
40953595
40954107
40954619
40955131
40955643
40951036
40951548
40952060
40952572
40953084
40953596
40954108
40954620
40955132
40955644
40951037
40951549
40952061
40952573
40953085
40953597
40954109
40954621
40955133
40955645
40951038
40951550
40952062
40952574
40953086
40953598
40954110
40954622
40955134
40955646
40951039
40951551
40952063
40952575
40953087
40953599
40954111
40954623
40955135
40955647
39917267
39917779
39918291
39918803
39919315
39919827
39920339
39920851
39921363
39921875
39917268
39917780
39918292
39918804
39919316
39919828
39920340
39920852
39921364
39921876
39917269
39917781
39918293
39918805
39919317
39919829
39920341
39920853
39921365
39921877
39917270
39917782
39918294
39918806
39919318
39919830
39920342
39920854
39921366
39921878
39917271
39917783
39918295
39918807
39919319
39919831
39920343
39920855
39921367
39921879
39917272
39917784
39918296
39918808
39919320
39919832
39920344
39920856
39921368
39921880
39917273
39917785
39918297
39918809
39919321
39919833
39920345
39920857
39921369
39921881
39917274
39917786
39918298
39918810
39919322
39919834
39920346
39920858
39921370
39921882
39917275
39917787
39918299
39918811
39919323
39919835
39920347
39920859
39921371
39921883
39917276
39917788
39918300
39918812
39919324
39919836
39920348
39920860
39921372
39921884
37820128
37820640
37821152
37821664
37822176
37822688
37823200
37823712
37824224
37824736
37820129
37820641
37821153
37821665
37822177
37822689
37823201
37823713
37824225
37824737
37820130
37820642
37821154
37821666
37822178
37822690
37823202
37823714
37824226
37824738
37820131
37820643
37821155
37821667
37822179
37822691
37823203
37823715
37824227
37824739
37820132
37820644
37821156
37821668
37822180
37822692
37823204
37823716
37824228
37824740
37820133
37820645
37821157
37821669
37822181
37822693
37823205
37823717
37824229
37824741
37820134
37820646
37821158
37821670
37822182
37822694
37823206
37823718
37824230
37824742
37820135
37820647
37821159
37821671
37822183
37822695
37823207
37823719
37824231
37824743
37820136
37820648
37821160
37821672
37822184
37822696
37823208
37823720
37824232
37824744
37820137
37820649
37821161
37821673
37822185
37822697
37823209
37823721
37824233
37824745
50666679
50667191
50667703
50668215
50668727
50669239
50669751
50670263
50670775
50671287
50666680
50667192
50667704
50668216
50668728
50669240
50669752
50670264
50670776
50671288
50666681
50667193
50667705
50668217
50668729
50669241
50669753
50670265
50670777
50671289
50666682
50667194
50667706
50668218
50668730
50669242
50669754
50670266
50670778
50671290
50666683
50667195
50667707
50668219
50668731
50669243
50669755
50670267
50670779
50671291
50666684
50667196
50667708
50668220
50668732
50669244
50669756
50670268
50670780
50671292
50666685
50667197
50667709
50668221
50668733
50669245
50669757
50670269
50670781
50671293
50666686
50667198
50667710
50668222
50668734
50669246
50669758
50670270
50670782
50671294
50666687
50667199
50667711
50668223
50668735
50669247
50669759
50670271
50670783
50671295
50666688
50667200
50667712
50668224
50668736
50669248
50669760
50670272
50670784
50671296
45147850
45148362
45148874
45149386
45149898
45150410
45150922
45151434
45151946
45152458
45147851
45148363
45148875
45149387
45149899
45150411
45150923
45151435
45151947
45152459
45147852
45148364
45148876
45149388
45149900
45150412
45150924
45151436
45151948
45152460
45147853
45148365
45148877
45149389
45149901
45150413
45150925
45151437
45151949
45152461
45147854
45148366
45148878
45149390
45149902
45150414
45150926
45151438
45151950
45152462
45147855
45148367
45148879
45149391
45149903
45150415
45150927
45151439
45151951
45152463
45147856
45148368
45148880
45149392
45149904
45150416
45150928
45151440
45151952
45152464
45147857
45148369
45148881
45149393
45149905
45150417
45150929
45151441
45151953
45152465
45147858
45148370
45148882
45149394
45149906
45150418
45150930
45151442
45151954
45152466
45147859
45148371
45148883
45149395
45149907
45150419
45150931
45151443
45151955
45152467
44634428
44634940
44635452
44635964
44636476
44636988
44637500
44638012
44638524
44639036
44634429
44634941
44635453
44635965
44636477
44636989
44637501
44638013
44638525
44639037
44634430
44634942
44635454
44635966
44636478
44636990
44637502
44638014
44638526
44639038
44634431
44634943
44635455
44635967
44636479
44636991
44637503
44638015
44638527
44639039
44634432
44634944
44635456
44635968
44636480
44636992
44637504
44638016
44638528
44639040
44634433
44634945
44635457
44635969
44636481
44636993
44637505
44638017
44638529
44639041
44634434
44634946
44635458
44635970
44636482
44636994
44637506
44638018
44638530
44639042
44634435
44634947
44635459
44635971
44636483
44636995
44637507
44638019
44638531
44639043
44634436
44634948
44635460
44635972
44636484
44636996
44637508
44638020
44638532
44639044
44634437
44634949
44635461
44635973
44636485
44636997
44637509
44638021
44638533
44639045
40949473
40949985
40950497
40951009
40951521
40952033
40952545
40953057
40953569
40954081
40949474
40949986
40950498
40951010
40951522
40952034
40952546
40953058
40953570
40954082
40949475
40949987
40950499
40951011
40951523
40952035
40952547
40953059
40953571
40954083
40949476
40949988
40950500
40951012
40951524
40952036
40952548
40953060
40953572
40954084
40949477
40949989
40950501
40951013
40951525
40952037
40952549
40953061
40953573
40954085
40949478
40949990
40950502
40951014
40951526
40952038
40952550
40953062
40953574
40954086
40949479
40949991
40950503
40951015
40951527
40952039
40952551
40953063
40953575
40954087
40949480
40949992
40950504
40951016
40951528
40952040
40952552
40953064
40953576
40954088
40949481
40949993
40950505
40951017
40951529
40952041
40952553
40953065
40953577
40954089
40949482
40949994
40950506
40951018
40951530
40952042
40952554
40953066
40953578
40954090
46514371
46514883
46515395
46515907
46516419
46516931
46517443
46517955
46518467
46518979
46514372
46514884
46515396
46515908
46516420
46516932
46517444
46517956
46518468
46518980
46514373
46514885
46515397
46515909
46516421
46516933
46517445
46517957
46518469
46518981
46514374
46514886
46515398
46515910
46516422
46516934
46517446
46517958
46518470
46518982
46514375
46514887
46515399
46515911
46516423
46516935
46517447
46517959
46518471
46518983
46514376
46514888
46515400
46515912
46516424
46516936
46517448
46517960
46518472
46518984
46514377
46514889
46515401
46515913
46516425
46516937
46517449
46517961
46518473
46518985
46514378
46514890
46515402
46515914
46516426
46516938
46517450
46517962
46518474
46518986
46514379
46514891
46515403
46515915
46516427
46516939
46517451
46517963
46518475
46518987
46514380
46514892
46515404
46515916
46516428
46516940
46517452
46517964
46518476
46518988
39646928
39647440
39647952
39648464
39648976
39649488
39650000
39650512
39651024
39651536
39646929
39647441
39647953
39648465
39648977
39649489
39650001
39650513
39651025
39651537
39646930
39647442
39647954
39648466
39648978
39649490
39650002
39650514
39651026
39651538
39646931
39647443
39647955
39648467
39648979
39649491
39650003
39650515
39651027
39651539
39646932
39647444
39647956
39648468
39648980
39649492
39650004
39650516
39651028
39651540
39646933
39647445
39647957
39648469
39648981
39649493
39650005
39650517
39651029
39651541
39646934
39647446
39647958
39648470
39648982
39649494
39650006
39650518
39651030
39651542
39646935
39647447
39647959
39648471
39648983
39649495
39650007
39650519
39651031
39651543
39646936
39647448
39647960
39648472
39648984
39649496
39650008
39650520
39651032
39651544
39646937
39647449
39647961
39648473
39648985
39649497
39650009
39650521
39651033
39651545
47271151
47271663
47272175
47272687
47273199
47273711
47274223
47274735
47275247
47275759
47271152
47271664
47272176
47272688
47273200
47273712
47274224
47274736
47275248
47275760
47271153
47271665
47272177
47272689
47273201
47273713
47274225
47274737
47275249
47275761
47271154
47271666
47272178
47272690
47273202
47273714
47274226
47274738
47275250
47275762
47271155
47271667
47272179
47272691
47273203
47273715
47274227
47274739
47275251
47275763
47271156
47271668
47272180
47272692
47273204
47273716
47274228
47274740
47275252
47275764
47271157
47271669
47272181
47272693
47273205
47273717
47274229
47274741
47275253
47275765
47271158
47271670
47272182
47272694
47273206
47273718
47274230
47274742
47275254
47275766
47271159
47271671
47272183
47272695
47273207
47273719
47274231
47274743
47275255
47275767
47271160
47271672
47272184
47272696
47273208
47273720
47274232
47274744
47275256
47275768
37813974
37814486
37814998
37815510
37816022
37816534
37817046
37817558
37818070
37818582
37813975
37814487
37814999
37815511
37816023
37816535
37817047
37817559
37818071
37818583
37813976
37814488
37815000
37815512
37816024
37816536
37817048
37817560
37818072
37818584
37813977
37814489
37815001
37815513
37816025
37816537
37817049
37817561
37818073
37818585
37813978
37814490
37815002
37815514
37816026
37816538
37817050
37817562
37818074
37818586
37813979
37814491
37815003
37815515
37816027
37816539
37817051
37817563
37818075
37818587
37813980
37814492
37815004
37815516
37816028
37816540
37817052
37817564
37818076
37818588
37813981
37814493
37815005
37815517
37816029
37816541
37817053
37817565
37818077
37818589
37813982
37814494
37815006
37815518
37816030
37816542
37817054
37817566
37818078
37818590
37813983
37814495
37815007
37815519
37816031
37816543
37817055
37817567
37818079
37818591
44378851
44379363
44379875
44380387
44380899
44381411
44381923
44382435
44382947
44383459
44378852
44379364
44379876
44380388
44380900
44381412
44381924
44382436
44382948
44383460
44378853
44379365
44379877
44380389
44380901
44381413
44381925
44382437
44382949
44383461
44378854
44379366
44379878
44380390
44380902
44381414
44381926
44382438
44382950
44383462
44378855
44379367
44379879
44380391
44380903
44381415
44381927
44382439
44382951
44383463
44378856
44379368
44379880
44380392
44380904
44381416
44381928
44382440
44382952
44383464
44378857
44379369
44379881
44380393
44380905
44381417
44381929
44382441
44382953
44383465
44378858
44379370
44379882
44380394
44380906
44381418
44381930
44382442
44382954
44383466
44378859
44379371
44379883
44380395
44380907
44381419
44381931
44382443
44382955
44383467
44378860
44379372
44379884
44380396
44380908
44381420
44381932
44382444
44382956
44383468
43601192
43601704
43602216
43602728
43603240
43603752
43604264
43604776
43605288
43605800
43601193
43601705
43602217
43602729
43603241
43603753
43604265
43604777
43605289
43605801
43601194
43601706
43602218
43602730
43603242
43603754
43604266
43604778
43605290
43605802
43601195
43601707
43602219
43602731
43603243
43603755
43604267
43604779
43605291
43605803
43601196
43601708
43602220
43602732
43603244
43603756
43604268
43604780
43605292
43605804
43601197
43601709
43602221
43602733
43603245
43603757
43604269
43604781
43605293
43605805
43601198
43601710
43602222
43602734
43603246
43603758
43604270
43604782
43605294
43605806
43601199
43601711
43602223
43602735
43603247
43603759
43604271
43604783
43605295
43605807
43601200
43601712
43602224
43602736
43603248
43603760
43604272
43604784
43605296
43605808
43601201
43601713
43602225
43602737
43603249
43603761
43604273
43604785
43605297
43605809
49652389
49652901
49653413
49653925
49654437
49654949
49655461
49655973
49656485
49656997
49652390
49652902
49653414
49653926
49654438
49654950
49655462
49655974
49656486
49656998
49652391
49652903
49653415
49653927
49654439
49654951
49655463
49655975
49656487
49656999
49652392
49652904
49653416
49653928
49654440
49654952
49655464
49655976
49656488
49657000
49652393
49652905
49653417
49653929
49654441
49654953
49655465
49655977
49656489
49657001
49652394
49652906
49653418
49653930
49654442
49654954
49655466
49655978
49656490
49657002
49652395
49652907
49653419
49653931
49654443
49654955
49655467
49655979
49656491
49657003
49652396
49652908
49653420
49653932
49654444
49654956
49655468
49655980
49656492
49657004
49652397
49652909
49653421
49653933
49654445
49654957
49655469
49655981
49656493
49657005
49652398
49652910
49653422
49653934
49654446
49654958
49655470
49655982
49656494
49657006
51777234
51777746
51778258
51778770
51779282
51779794
51780306
51780818
51781330
51781842
51777235
51777747
51778259
51778771
51779283
51779795
51780307
51780819
51781331
51781843
51777236
51777748
51778260
51778772
51779284
51779796
51780308
51780820
51781332
51781844
51777237
51777749
51778261
51778773
51779285
51779797
51780309
51780821
51781333
51781845
51777238
51777750
51778262
51778774
51779286
51779798
51780310
51780822
51781334
51781846
51777239
51777751
51778263
51778775
51779287
51779799
51780311
51780823
51781335
51781847
51777240
51777752
51778264
51778776
51779288
51779800
51780312
51780824
51781336
51781848
51777241
51777753
51778265
51778777
51779289
51779801
51780313
51780825
51781337
51781849
51777242
51777754
51778266
51778778
51779290
51779802
51780314
51780826
51781338
51781850
51777243
51777755
51778267
51778779
51779291
51779803
51780315
51780827
51781339
51781851
47828635
47829147
47829659
47830171
47830683
47831195
47831707
47832219
47832731
47833243
47828636
47829148
47829660
47830172
47830684
47831196
47831708
47832220
47832732
47833244
47828637
47829149
47829661
47830173
47830685
47831197
47831709
47832221
47832733
47833245
47828638
47829150
47829662
47830174
47830686
47831198
47831710
47832222
47832734
47833246
47828639
47829151
47829663
47830175
47830687
47831199
47831711
47832223
47832735
47833247
47828640
47829152
47829664
47830176
47830688
47831200
47831712
47832224
47832736
47833248
47828641
47829153
47829665
47830177
47830689
47831201
47831713
47832225
47832737
47833249
47828642
47829154
47829666
47830178
47830690
47831202
47831714
47832226
47832738
47833250
47828643
47829155
47829667
47830179
47830691
47831203
47831715
47832227
47832739
47833251
47828644
47829156
47829668
47830180
47830692
47831204
47831716
47832228
47832740
47833252
46752485
46752997
46753509
46754021
46754533
46755045
46755557
46756069
46756581
46757093
46752486
46752998
46753510
46754022
46754534
46755046
46755558
46756070
46756582
46757094
46752487
46752999
46753511
46754023
46754535
46755047
46755559
46756071
46756583
46757095
46752488
46753000
46753512
46754024
46754536
46755048
46755560
46756072
46756584
46757096
46752489
46753001
46753513
46754025
46754537
46755049
46755561
46756073
46756585
46757097
46752490
46753002
46753514
46754026
46754538
46755050
46755562
46756074
46756586
46757098
46752491
46753003
46753515
46754027
46754539
46755051
46755563
46756075
46756587
46757099
46752492
46753004
46753516
46754028
46754540
46755052
46755564
46756076
46756588
46757100
46752493
46753005
46753517
46754029
46754541
46755053
46755565
46756077
46756589
46757101
46752494
46753006
46753518
46754030
46754542
46755054
46755566
46756078
46756590
46757102
43314427
43314939
43315451
43315963
43316475
43316987
43317499
43318011
43318523
43319035
43314428
43314940
43315452
43315964
43316476
43316988
43317500
43318012
43318524
43319036
43314429
43314941
43315453
43315965
43316477
43316989
43317501
43318013
43318525
43319037
43314430
43314942
43315454
43315966
43316478
43316990
43317502
43318014
43318526
43319038
43314431
43314943
43315455
43315967
43316479
43316991
43317503
43318015
43318527
43319039
43314432
43314944
43315456
43315968
43316480
43316992
43317504
43318016
43318528
43319040
43314433
43314945
43315457
43315969
43316481
43316993
43317505
43318017
43318529
43319041
43314434
43314946
43315458
43315970
43316482
43316994
43317506
43318018
43318530
43319042
43314435
43314947
43315459
43315971
43316483
43316995
43317507
43318019
43318531
43319043
43314436
43314948
43315460
43315972
43316484
43316996
43317508
43318020
43318532
43319044
43048782
43049294
43049806
43050318
43050830
43051342
43051854
43052366
43052878
43053390
43048783
43049295
43049807
43050319
43050831
43051343
43051855
43052367
43052879
43053391
43048784
43049296
43049808
43050320
43050832
43051344
43051856
43052368
43052880
43053392
43048785
43049297
43049809
43050321
43050833
43051345
43051857
43052369
43052881
43053393
43048786
43049298
43049810
43050322
43050834
43051346
43051858
43052370
43052882
43053394
43048787
43049299
43049811
43050323
43050835
43051347
43051859
43052371
43052883
43053395
43048788
43049300
43049812
43050324
43050836
43051348
43051860
43052372
43052884
43053396
43048789
43049301
43049813
43050325
43050837
43051349
43051861
43052373
43052885
43053397
43048790
43049302
43049814
43050326
43050838
43051350
43051862
43052374
43052886
43053398
43048791
43049303
43049815
43050327
43050839
43051351
43051863
43052375
43052887
43053399
42255121
42255633
42256145
42256657
42257169
42257681
42258193
42258705
42259217
42259729
42255122
42255634
42256146
42256658
42257170
42257682
42258194
42258706
42259218
42259730
42255123
42255635
42256147
42256659
42257171
42257683
42258195
42258707
42259219
42259731
42255124
42255636
42256148
42256660
42257172
42257684
42258196
42258708
42259220
42259732
42255125
42255637
42256149
42256661
42257173
42257685
42258197
42258709
42259221
42259733
42255126
42255638
42256150
42256662
42257174
42257686
42258198
42258710
42259222
42259734
42255127
42255639
42256151
42256663
42257175
42257687
42258199
42258711
42259223
42259735
42255128
42255640
42256152
42256664
42257176
42257688
42258200
42258712
42259224
42259736
42255129
42255641
42256153
42256665
42257177
42257689
42258201
42258713
42259225
42259737
42255130
42255642
42256154
42256666
42257178
42257690
42258202
42258714
42259226
42259738
48595648
48596160
48596672
48597184
48597696
48598208
48598720
48599232
48599744
48600256
48595649
48596161
48596673
48597185
48597697
48598209
48598721
48599233
48599745
48600257
48595650
48596162
48596674
48597186
48597698
48598210
48598722
48599234
48599746
48600258
48595651
48596163
48596675
48597187
48597699
48598211
48598723
48599235
48599747
48600259
48595652
48596164
48596676
48597188
48597700
48598212
48598724
48599236
48599748
48600260
48595653
48596165
48596677
48597189
48597701
48598213
48598725
48599237
48599749
48600261
48595654
48596166
48596678
48597190
48597702
48598214
48598726
48599238
48599750
48600262
48595655
48596167
48596679
48597191
48597703
48598215
48598727
48599239
48599751
48600263
48595656
48596168
48596680
48597192
48597704
48598216
48598728
48599240
48599752
48600264
48595657
48596169
48596681
48597193
48597705
48598217
48598729
48599241
48599753
48600265
46717672
46718184
46718696
46719208
46719720
46720232
46720744
46721256
46721768
46722280
46717673
46718185
46718697
46719209
46719721
46720233
46720745
46721257
46721769
46722281
46717674
46718186
46718698
46719210
46719722
46720234
46720746
46721258
46721770
46722282
46717675
46718187
46718699
46719211
46719723
46720235
46720747
46721259
46721771
46722283
46717676
46718188
46718700
46719212
46719724
46720236
46720748
46721260
46721772
46722284
46717677
46718189
46718701
46719213
46719725
46720237
46720749
46721261
46721773
46722285
46717678
46718190
46718702
46719214
46719726
46720238
46720750
46721262
46721774
46722286
46717679
46718191
46718703
46719215
46719727
46720239
46720751
46721263
46721775
46722287
46717680
46718192
46718704
46719216
46719728
46720240
46720752
46721264
46721776
46722288
46717681
46718193
46718705
46719217
46719729
46720241
46720753
46721265
46721777
46722289
44410542
44411054
44411566
44412078
44412590
44413102
44413614
44414126
44414638
44415150
44410543
44411055
44411567
44412079
44412591
44413103
44413615
44414127
44414639
44415151
44410544
44411056
44411568
44412080
44412592
44413104
44413616
44414128
44414640
44415152
44410545
44411057
44411569
44412081
44412593
44413105
44413617
44414129
44414641
44415153
44410546
44411058
44411570
44412082
44412594
44413106
44413618
44414130
44414642
44415154
44410547
44411059
44411571
44412083
44412595
44413107
44413619
44414131
44414643
44415155
44410548
44411060
44411572
44412084
44412596
44413108
44413620
44414132
44414644
44415156
44410549
44411061
44411573
44412085
44412597
44413109
44413621
44414133
44414645
44415157
44410550
44411062
44411574
44412086
44412598
44413110
44413622
44414134
44414646
44415158
44410551
44411063
44411575
44412087
44412599
44413111
44413623
44414135
44414647
44415159
