46450975
46451487
46451999
46452511
46453023
46453535
46454047
46454559
46455071
46455583
46450976
46451488
46452000
46452512
46453024
46453536
46454048
46454560
46455072
46455584
46450977
46451489
46452001
46452513
46453025
46453537
46454049
46454561
46455073
46455585
46450978
46451490
46452002
46452514
46453026
46453538
46454050
46454562
46455074
46455586
46450979
46451491
46452003
46452515
46453027
46453539
46454051
46454563
46455075
46455587
46450980
46451492
46452004
46452516
46453028
46453540
46454052
46454564
46455076
46455588
46450981
46451493
46452005
46452517
46453029
46453541
46454053
46454565
46455077
46455589
46450982
46451494
46452006
46452518
46453030
46453542
46454054
46454566
46455078
46455590
46450983
46451495
46452007
46452519
46453031
46453543
46454055
46454567
46455079
46455591
46450984
46451496
46452008
46452520
46453032
46453544
46454056
46454568
46455080
46455592
36492015
36492527
36493039
36493551
36494063
36494575
36495087
36495599
36496111
36496623
36492016
36492528
36493040
36493552
36494064
36494576
36495088
36495600
36496112
36496624
36492017
36492529
36493041
36493553
36494065
36494577
36495089
36495601
36496113
36496625
36492018
36492530
36493042
36493554
36494066
36494578
36495090
36495602
36496114
36496626
36492019
36492531
36493043
36493555
36494067
36494579
36495091
36495603
36496115
36496627
36492020
36492532
36493044
36493556
36494068
36494580
36495092
36495604
36496116
36496628
36492021
36492533
36493045
36493557
36494069
36494581
36495093
36495605
36496117
36496629
36492022
36492534
36493046
36493558
36494070
36494582
36495094
36495606
36496118
36496630
36492023
36492535
36493047
36493559
36494071
36494583
36495095
36495607
36496119
36496631
36492024
36492536
36493048
36493560
36494072
36494584
36495096
36495608
36496120
36496632
47025399
47025911
47026423
47026935
47027447
47027959
47028471
47028983
47029495
47030007
47025400
47025912
47026424
47026936
47027448
47027960
47028472
47028984
47029496
47030008
47025401
47025913
47026425
47026937
47027449
47027961
47028473
47028985
47029497
47030009
47025402
47025914
47026426
47026938
47027450
47027962
47028474
47028986
47029498
47030010
47025403
47025915
47026427
47026939
47027451
47027963
47028475
47028987
47029499
47030011
47025404
47025916
47026428
47026940
47027452
47027964
47028476
47028988
47029500
47030012
47025405
47025917
47026429
47026941
47027453
47027965
47028477
47028989
47029501
47030013
47025406
47025918
47026430
47026942
47027454
47027966
47028478
47028990
47029502
47030014
47025407
47025919
47026431
47026943
47027455
47027967
47028479
47028991
47029503
47030015
47025408
47025920
47026432
47026944
47027456
47027968
47028480
47028992
47029504
47030016
50666768
50667280
50667792
50668304
50668816
50669328
50669840
50670352
50670864
50671376
50666769
50667281
50667793
50668305
50668817
50669329
50669841
50670353
50670865
50671377
50666770
50667282
50667794
50668306
50668818
50669330
50669842
50670354
50670866
50671378
50666771
50667283
50667795
50668307
50668819
50669331
50669843
50670355
50670867
50671379
50666772
50667284
50667796
50668308
50668820
50669332
50669844
50670356
50670868
50671380
50666773
50667285
50667797
50668309
50668821
50669333
50669845
50670357
50670869
50671381
50666774
50667286
50667798
50668310
50668822
50669334
50669846
50670358
50670870
50671382
50666775
50667287
50667799
50668311
50668823
50669335
50669847
50670359
50670871
50671383
50666776
50667288
50667800
50668312
50668824
50669336
50669848
50670360
50670872
50671384
50666777
50667289
50667801
50668313
50668825
50669337
50669849
50670361
50670873
50671385
46225101
46225613
46226125
46226637
46227149
46227661
46228173
46228685
46229197
46229709
46225102
46225614
46226126
46226638
46227150
46227662
46228174
46228686
46229198
46229710
46225103
46225615
46226127
46226639
46227151
46227663
46228175
46228687
46229199
46229711
46225104
46225616
46226128
46226640
46227152
46227664
46228176
46228688
46229200
46229712
46225105
46225617
46226129
46226641
46227153
46227665
46228177
46228689
46229201
46229713
46225106
46225618
46226130
46226642
46227154
46227666
46228178
46228690
46229202
46229714
46225107
46225619
46226131
46226643
46227155
46227667
46228179
46228691
46229203
46229715
46225108
46225620
46226132
46226644
46227156
46227668
46228180
46228692
46229204
46229716
46225109
46225621
46226133
46226645
46227157
46227669
46228181
46228693
46229205
46229717
46225110
46225622
46226134
46226646
46227158
46227670
46228182
46228694
46229206
46229718
46998319
46998831
46999343
46999855
47000367
47000879
47001391
47001903
47002415
47002927
46998320
46998832
46999344
46999856
47000368
47000880
47001392
47001904
47002416
47002928
46998321
46998833
46999345
46999857
47000369
47000881
47001393
47001905
47002417
47002929
46998322
46998834
46999346
46999858
47000370
47000882
47001394
47001906
47002418
47002930
46998323
46998835
46999347
46999859
47000371
47000883
47001395
47001907
47002419
47002931
46998324
46998836
46999348
46999860
47000372
47000884
47001396
47001908
47002420
47002932
46998325
46998837
46999349
46999861
47000373
47000885
47001397
47001909
47002421
47002933
46998326
46998838
46999350
46999862
47000374
47000886
47001398
47001910
47002422
47002934
46998327
46998839
46999351
46999863
47000375
47000887
47001399
47001911
47002423
47002935
46998328
46998840
46999352
46999864
47000376
47000888
47001400
47001912
47002424
47002936
43590954
43591466
43591978
43592490
43593002
43593514
43594026
43594538
43595050
43595562
43590955
43591467
43591979
43592491
43593003
43593515
43594027
43594539
43595051
43595563
43590956
43591468
43591980
43592492
43593004
43593516
43594028
43594540
43595052
43595564
43590957
43591469
43591981
43592493
43593005
43593517
43594029
43594541
43595053
43595565
43590958
43591470
43591982
43592494
43593006
43593518
43594030
43594542
43595054
43595566
43590959
43591471
43591983
43592495
43593007
43593519
43594031
43594543
43595055
43595567
43590960
43591472
43591984
43592496
43593008
43593520
43594032
43594544
43595056
43595568
43590961
43591473
43591985
43592497
43593009
43593521
43594033
43594545
43595057
43595569
43590962
43591474
43591986
43592498
43593010
43593522
43594034
43594546
43595058
43595570
43590963
43591475
43591987
43592499
43593011
43593523
43594035
43594547
43595059
43595571
52231367
52231879
52232391
52232903
52233415
52233927
52234439
52234951
52235463
52235975
52231368
52231880
52232392
52232904
52233416
52233928
52234440
52234952
52235464
52235976
52231369
52231881
52232393
52232905
52233417
52233929
52234441
52234953
52235465
52235977
52231370
52231882
52232394
52232906
52233418
52233930
52234442
52234954
52235466
52235978
52231371
52231883
52232395
52232907
52233419
52233931
52234443
52234955
52235467
52235979
52231372
52231884
52232396
52232908
52233420
52233932
52234444
52234956
52235468
52235980
52231373
52231885
52232397
52232909
52233421
52233933
52234445
52234957
52235469
52235981
52231374
52231886
52232398
52232910
52233422
52233934
52234446
52234958
52235470
52235982
52231375
52231887
52232399
52232911
52233423
52233935
52234447
52234959
52235471
52235983
52231376
52231888
52232400
52232912
52233424
52233936
52234448
52234960
52235472
52235984
44083976
44084488
44085000
44085512
44086024
44086536
44087048
44087560
44088072
44088584
44083977
44084489
44085001
44085513
44086025
44086537
44087049
44087561
44088073
44088585
44083978
44084490
44085002
44085514
44086026
44086538
44087050
44087562
44088074
44088586
44083979
44084491
44085003
44085515
44086027
44086539
44087051
44087563
44088075
44088587
44083980
44084492
44085004
44085516
44086028
44086540
44087052
44087564
44088076
44088588
44083981
44084493
44085005
44085517
44086029
44086541
44087053
44087565
44088077
44088589
44083982
44084494
44085006
44085518
44086030
44086542
44087054
44087566
44088078
44088590
44083983
44084495
44085007
44085519
44086031
44086543
44087055
44087567
44088079
44088591
44083984
44084496
44085008
44085520
44086032
44086544
44087056
44087568
44088080
44088592
44083985
44084497
44085009
44085521
44086033
44086545
44087057
44087569
44088081
44088593
42034312
42034824
42035336
42035848
42036360
42036872
42037384
42037896
42038408
42038920
42034313
42034825
42035337
42035849
42036361
42036873
42037385
42037897
42038409
42038921
42034314
42034826
42035338
42035850
42036362
42036874
42037386
42037898
42038410
42038922
42034315
42034827
42035339
42035851
42036363
42036875
42037387
42037899
42038411
42038923
42034316
42034828
42035340
42035852
42036364
42036876
42037388
42037900
42038412
42038924
42034317
42034829
42035341
42035853
42036365
42036877
42037389
42037901
42038413
42038925
42034318
42034830
42035342
42035854
42036366
42036878
42037390
42037902
42038414
42038926
42034319
42034831
42035343
42035855
42036367
42036879
42037391
42037903
42038415
42038927
42034320
42034832
42035344
42035856
42036368
42036880
42037392
42037904
42038416
42038928
42034321
42034833
42035345
42035857
42036369
42036881
42037393
42037905
42038417
42038929
46742811
46743323
46743835
46744347
46744859
46745371
46745883
46746395
46746907
46747419
46742812
46743324
46743836
46744348
46744860
46745372
46745884
46746396
46746908
46747420
46742813
46743325
46743837
46744349
46744861
46745373
46745885
46746397
46746909
46747421
46742814
46743326
46743838
46744350
46744862
46745374
46745886
46746398
46746910
46747422
46742815
46743327
46743839
46744351
46744863
46745375
46745887
46746399
46746911
46747423
46742816
46743328
46743840
46744352
46744864
46745376
46745888
46746400
46746912
46747424
46742817
46743329
46743841
46744353
46744865
46745377
46745889
46746401
46746913
46747425
46742818
46743330
46743842
46744354
46744866
46745378
46745890
46746402
46746914
46747426
46742819
46743331
46743843
46744355
46744867
46745379
46745891
46746403
46746915
46747427
46742820
46743332
46743844
46744356
46744868
46745380
46745892
46746404
46746916
46747428
41996588
41997100
41997612
41998124
41998636
41999148
41999660
42000172
42000684
42001196
41996589
41997101
41997613
41998125
41998637
41999149
41999661
42000173
42000685
42001197
41996590
41997102
41997614
41998126
41998638
41999150
41999662
42000174
42000686
42001198
41996591
41997103
41997615
41998127
41998639
41999151
41999663
42000175
42000687
42001199
41996592
41997104
41997616
41998128
41998640
41999152
41999664
42000176
42000688
42001200
41996593
41997105
41997617
41998129
41998641
41999153
41999665
42000177
42000689
42001201
41996594
41997106
41997618
41998130
41998642
41999154
41999666
42000178
42000690
42001202
41996595
41997107
41997619
41998131
41998643
41999155
41999667
42000179
42000691
42001203
41996596
41997108
41997620
41998132
41998644
41999156
41999668
42000180
42000692
42001204
41996597
41997109
41997621
41998133
41998645
41999157
41999669
42000181
42000693
42001205
38599372
38599884
38600396
38600908
38601420
38601932
38602444
38602956
38603468
38603980
38599373
38599885
38600397
38600909
38601421
38601933
38602445
38602957
38603469
38603981
38599374
38599886
38600398
38600910
38601422
38601934
38602446
38602958
38603470
38603982
38599375
38599887
38600399
38600911
38601423
38601935
38602447
38602959
38603471
38603983
38599376
38599888
38600400
38600912
38601424
38601936
38602448
38602960
38603472
38603984
38599377
38599889
38600401
38600913
38601425
38601937
38602449
38602961
38603473
38603985
38599378
38599890
38600402
38600914
38601426
38601938
38602450
38602962
38603474
38603986
38599379
38599891
38600403
38600915
38601427
38601939
38602451
38602963
38603475
38603987
38599380
38599892
38600404
38600916
38601428
38601940
38602452
38602964
38603476
38603988
38599381
38599893
38600405
38600917
38601429
38601941
38602453
38602965
38603477
38603989
49907948
49908460
49908972
49909484
49909996
49910508
49911020
49911532
49912044
49912556
49907949
49908461
49908973
49909485
49909997
49910509
49911021
49911533
49912045
49912557
49907950
49908462
49908974
49909486
49909998
49910510
49911022
49911534
49912046
49912558
49907951
49908463
49908975
49909487
49909999
49910511
49911023
49911535
49912047
49912559
49907952
49908464
49908976
49909488
49910000
49910512
49911024
49911536
49912048
49912560
49907953
49908465
49908977
49909489
49910001
49910513
49911025
49911537
49912049
49912561
49907954
49908466
49908978
49909490
49910002
49910514
49911026
49911538
49912050
49912562
49907955
49908467
49908979
49909491
49910003
49910515
49911027
49911539
49912051
49912563
49907956
49908468
49908980
49909492
49910004
49910516
49911028
49911540
49912052
49912564
49907957
49908469
49908981
49909493
49910005
49910517
49911029
49911541
49912053
49912565
49603791
49604303
49604815
49605327
49605839
49606351
49606863
49607375
49607887
49608399
49603792
49604304
49604816
49605328
49605840
49606352
49606864
49607376
49607888
49608400
49603793
49604305
49604817
49605329
49605841
49606353
49606865
49607377
49607889
49608401
49603794
49604306
49604818
49605330
49605842
49606354
49606866
49607378
49607890
49608402
49603795
49604307
49604819
49605331
49605843
49606355
49606867
49607379
49607891
49608403
49603796
49604308
49604820
49605332
49605844
49606356
49606868
49607380
49607892
49608404
49603797
49604309
49604821
49605333
49605845
49606357
49606869
49607381
49607893
49608405
49603798
49604310
49604822
49605334
49605846
49606358
49606870
49607382
49607894
49608406
49603799
49604311
49604823
49605335
49605847
49606359
49606871
49607383
49607895
49608407
49603800
49604312
49604824
49605336
49605848
49606360
49606872
49607384
49607896
49608408
36242651
36243163
36243675
36244187
36244699
36245211
36245723
36246235
36246747
36247259
36242652
36243164
36243676
36244188
36244700
36245212
36245724
36246236
36246748
36247260
36242653
36243165
36243677
36244189
36244701
36245213
36245725
36246237
36246749
36247261
36242654
36243166
36243678
36244190
36244702
36245214
36245726
36246238
36246750
36247262
36242655
36243167
36243679
36244191
36244703
36245215
36245727
36246239
36246751
36247263
36242656
36243168
36243680
36244192
36244704
36245216
36245728
36246240
36246752
36247264
36242657
36243169
36243681
36244193
36244705
36245217
36245729
36246241
36246753
36247265
36242658
36243170
36243682
36244194
36244706
36245218
36245730
36246242
36246754
36247266
36242659
36243171
36243683
36244195
36244707
36245219
36245731
36246243
36246755
36247267
36242660
36243172
36243684
36244196
36244708
36245220
36245732
36246244
36246756
36247268
48817896
48818408
48818920
48819432
48819944
48820456
48820968
48821480
48821992
48822504
48817897
48818409
48818921
48819433
48819945
48820457
48820969
48821481
48821993
48822505
48817898
48818410
48818922
48819434
48819946
48820458
48820970
48821482
48821994
48822506
48817899
48818411
48818923
48819435
48819947
48820459
48820971
48821483
48821995
48822507
48817900
48818412
48818924
48819436
48819948
48820460
48820972
48821484
48821996
48822508
48817901
48818413
48818925
48819437
48819949
48820461
48820973
48821485
48821997
48822509
48817902
48818414
48818926
48819438
48819950
48820462
48820974
48821486
48821998
48822510
48817903
48818415
48818927
48819439
48819951
48820463
48820975
48821487
48821999
48822511
48817904
48818416
48818928
48819440
48819952
48820464
48820976
48821488
48822000
48822512
48817905
48818417
48818929
48819441
48819953
48820465
48820977
48821489
48822001
48822513
51260621
51261133
51261645
51262157
51262669
51263181
51263693
51264205
51264717
51265229
51260622
51261134
51261646
51262158
51262670
51263182
51263694
51264206
51264718
51265230
51260623
51261135
51261647
51262159
51262671
51263183
51263695
51264207
51264719
51265231
51260624
51261136
51261648
51262160
51262672
51263184
51263696
51264208
51264720
51265232
51260625
51261137
51261649
51262161
51262673
51263185
51263697
51264209
51264721
51265233
51260626
51261138
51261650
51262162
51262674
51263186
51263698
51264210
51264722
51265234
51260627
51261139
51261651
51262163
51262675
51263187
51263699
51264211
51264723
51265235
51260628
51261140
51261652
51262164
51262676
51263188
51263700
51264212
51264724
51265236
51260629
51261141
51261653
51262165
51262677
51263189
51263701
51264213
51264725
51265237
51260630
51261142
51261654
51262166
51262678
51263190
51263702
51264214
51264726
51265238
39122228
39122740
39123252
39123764
39124276
39124788
39125300
39125812
39126324
39126836
39122229
39122741
39123253
39123765
39124277
39124789
39125301
39125813
39126325
39126837
39122230
39122742
39123254
39123766
39124278
39124790
39125302
39125814
39126326
39126838
39122231
39122743
39123255
39123767
39124279
39124791
39125303
39125815
39126327
39126839
39122232
39122744
39123256
39123768
39124280
39124792
39125304
39125816
39126328
39126840
39122233
39122745
39123257
39123769
39124281
39124793
39125305
39125817
39126329
39126841
39122234
39122746
39123258
39123770
39124282
39124794
39125306
39125818
39126330
39126842
39122235
39122747
39123259
39123771
39124283
39124795
39125307
39125819
39126331
39126843
39122236
39122748
39123260
39123772
39124284
39124796
39125308
39125820
39126332
39126844
39122237
39122749
39123261
39123773
39124285
39124797
39125309
39125821
39126333
39126845
40429338
40429850
40430362
40430874
40431386
40431898
40432410
40432922
40433434
40433946
40429339
40429851
40430363
40430875
40431387
40431899
40432411
40432923
40433435
40433947
40429340
40429852
40430364
40430876
40431388
40431900
40432412
40432924
40433436
40433948
40429341
40429853
40430365
40430877
40431389
40431901
40432413
40432925
40433437
40433949
40429342
40429854
40430366
40430878
40431390
40431902
40432414
40432926
40433438
40433950
40429343
40429855
40430367
40430879
40431391
40431903
40432415
40432927
40433439
40433951
40429344
40429856
40430368
40430880
40431392
40431904
40432416
40432928
40433440
40433952
40429345
40429857
40430369
40430881
40431393
40431905
40432417
40432929
40433441
40433953
40429346
40429858
40430370
40430882
40431394
40431906
40432418
40432930
40433442
40433954
40429347
40429859
40430371
40430883
40431395
40431907
40432419
40432931
40433443
40433955
46511245
46511757
46512269
46512781
46513293
46513805
46514317
46514829
46515341
46515853
46511246
46511758
46512270
46512782
46513294
46513806
46514318
46514830
46515342
46515854
46511247
46511759
46512271
46512783
46513295
46513807
46514319
46514831
46515343
46515855
46511248
46511760
46512272
46512784
46513296
46513808
46514320
46514832
46515344
46515856
46511249
46511761
46512273
46512785
46513297
46513809
46514321
46514833
46515345
46515857
46511250
46511762
46512274
46512786
46513298
46513810
46514322
46514834
46515346
46515858
46511251
46511763
46512275
46512787
46513299
46513811
46514323
46514835
46515347
46515859
46511252
46511764
46512276
46512788
46513300
46513812
46514324
46514836
46515348
46515860
46511253
46511765
46512277
46512789
46513301
46513813
46514325
46514837
46515349
46515861
46511254
46511766
46512278
46512790
46513302
46513814
46514326
46514838
46515350
46515862
42791143
42791655
42792167
42792679
42793191
42793703
42794215
42794727
42795239
42795751
42791144
42791656
42792168
42792680
42793192
42793704
42794216
42794728
42795240
42795752
42791145
42791657
42792169
42792681
42793193
42793705
42794217
42794729
42795241
42795753
42791146
42791658
42792170
42792682
42793194
42793706
42794218
42794730
42795242
42795754
42791147
42791659
42792171
42792683
42793195
42793707
42794219
42794731
42795243
42795755
42791148
42791660
42792172
42792684
42793196
42793708
42794220
42794732
42795244
42795756
42791149
42791661
42792173
42792685
42793197
42793709
42794221
42794733
42795245
42795757
42791150
42791662
42792174
42792686
42793198
42793710
42794222
42794734
42795246
42795758
42791151
42791663
42792175
42792687
42793199
42793711
42794223
42794735
42795247
42795759
42791152
42791664
42792176
42792688
42793200
42793712
42794224
42794736
42795248
42795760
41747674
41748186
41748698
41749210
41749722
41750234
41750746
41751258
41751770
41752282
41747675
41748187
41748699
41749211
41749723
41750235
41750747
41751259
41751771
41752283
41747676
41748188
41748700
41749212
41749724
41750236
41750748
41751260
41751772
41752284
41747677
41748189
41748701
41749213
41749725
41750237
41750749
41751261
41751773
41752285
41747678
41748190
41748702
41749214
41749726
41750238
41750750
41751262
41751774
41752286
41747679
41748191
41748703
41749215
41749727
41750239
41750751
41751263
41751775
41752287
41747680
41748192
41748704
41749216
41749728
41750240
41750752
41751264
41751776
41752288
41747681
41748193
41748705
41749217
41749729
41750241
41750753
41751265
41751777
41752289
41747682
41748194
41748706
41749218
41749730
41750242
41750754
41751266
41751778
41752290
41747683
41748195
41748707
41749219
41749731
41750243
41750755
41751267
41751779
41752291
45452424
45452936
45453448
45453960
45454472
45454984
45455496
45456008
45456520
45457032
45452425
45452937
45453449
45453961
45454473
45454985
45455497
45456009
45456521
45457033
45452426
45452938
45453450
45453962
45454474
45454986
45455498
45456010
45456522
45457034
45452427
45452939
45453451
45453963
45454475
45454987
45455499
45456011
45456523
45457035
45452428
45452940
45453452
45453964
45454476
45454988
45455500
45456012
45456524
45457036
45452429
45452941
45453453
45453965
45454477
45454989
45455501
45456013
45456525
45457037
45452430
45452942
45453454
45453966
45454478
45454990
45455502
45456014
45456526
45457038
45452431
45452943
45453455
45453967
45454479
45454991
45455503
45456015
45456527
45457039
45452432
45452944
45453456
45453968
45454480
45454992
45455504
45456016
45456528
45457040
45452433
45452945
45453457
45453969
45454481
45454993
45455505
45456017
45456529
45457041
45696798
45697310
45697822
45698334
45698846
45699358
45699870
45700382
45700894
45701406
45696799
45697311
45697823
45698335
45698847
45699359
45699871
45700383
45700895
45701407
45696800
45697312
45697824
45698336
45698848
45699360
45699872
45700384
45700896
45701408
45696801
45697313
45697825
45698337
45698849
45699361
45699873
45700385
45700897
45701409
45696802
45697314
45697826
45698338
45698850
45699362
45699874
45700386
45700898
45701410
45696803
45697315
45697827
45698339
45698851
45699363
45699875
45700387
45700899
45701411
45696804
45697316
45697828
45698340
45698852
45699364
45699876
45700388
45700900
45701412
45696805
45697317
45697829
45698341
45698853
45699365
45699877
45700389
45700901
45701413
45696806
45697318
45697830
45698342
45698854
45699366
45699878
45700390
45700902
45701414
45696807
45697319
45697831
45698343
45698855
45699367
45699879
45700391
45700903
45701415
43595937
43596449
43596961
43597473
43597985
43598497
43599009
43599521
43600033
43600545
43595938
43596450
43596962
43597474
43597986
43598498
43599010
43599522
43600034
43600546
43595939
43596451
43596963
43597475
43597987
43598499
43599011
43599523
43600035
43600547
43595940
43596452
43596964
43597476
43597988
43598500
43599012
43599524
43600036
43600548
43595941
43596453
43596965
43597477
43597989
43598501
43599013
43599525
43600037
43600549
43595942
43596454
43596966
43597478
43597990
43598502
43599014
43599526
43600038
43600550
43595943
43596455
43596967
43597479
43597991
43598503
43599015
43599527
43600039
43600551
43595944
43596456
43596968
43597480
43597992
43598504
43599016
43599528
43600040
43600552
43595945
43596457
43596969
43597481
43597993
43598505
43599017
43599529
43600041
43600553
43595946
43596458
43596970
43597482
43597994
43598506
43599018
43599530
43600042
43600554
43035929
43036441
43036953
43037465
43037977
43038489
43039001
43039513
43040025
43040537
43035930
43036442
43036954
43037466
43037978
43038490
43039002
43039514
43040026
43040538
43035931
43036443
43036955
43037467
43037979
43038491
43039003
43039515
43040027
43040539
43035932
43036444
43036956
43037468
43037980
43038492
43039004
43039516
43040028
43040540
43035933
43036445
43036957
43037469
43037981
43038493
43039005
43039517
43040029
43040541
43035934
43036446
43036958
43037470
43037982
43038494
43039006
43039518
43040030
43040542
43035935
43036447
43036959
43037471
43037983
43038495
43039007
43039519
43040031
43040543
43035936
43036448
43036960
43037472
43037984
43038496
43039008
43039520
43040032
43040544
43035937
43036449
43036961
43037473
43037985
43038497
43039009
43039521
43040033
43040545
43035938
43036450
43036962
43037474
43037986
43038498
43039010
43039522
43040034
43040546
48348849
48349361
48349873
48350385
48350897
48351409
48351921
48352433
48352945
48353457
48348850
48349362
48349874
48350386
48350898
48351410
48351922
48352434
48352946
48353458
48348851
48349363
48349875
48350387
48350899
48351411
48351923
48352435
48352947
48353459
48348852
48349364
48349876
48350388
48350900
48351412
48351924
48352436
48352948
48353460
48348853
48349365
48349877
48350389
48350901
48351413
48351925
48352437
48352949
48353461
48348854
48349366
48349878
48350390
48350902
48351414
48351926
48352438
48352950
48353462
48348855
48349367
48349879
48350391
48350903
48351415
48351927
48352439
48352951
48353463
48348856
48349368
48349880
48350392
48350904
48351416
48351928
48352440
48352952
48353464
48348857
48349369
48349881
48350393
48350905
48351417
48351929
48352441
48352953
48353465
48348858
48349370
48349882
48350394
48350906
48351418
48351930
48352442
48352954
48353466
40430350
40430862
40431374
40431886
40432398
40432910
40433422
40433934
40434446
40434958
40430351
40430863
40431375
40431887
40432399
40432911
40433423
40433935
40434447
40434959
40430352
40430864
40431376
40431888
40432400
40432912
40433424
40433936
40434448
40434960
40430353
40430865
40431377
40431889
40432401
40432913
40433425
40433937
40434449
40434961
40430354
40430866
40431378
40431890
40432402
40432914
40433426
40433938
40434450
40434962
40430355
40430867
40431379
40431891
40432403
40432915
40433427
40433939
40434451
40434963
40430356
40430868
40431380
40431892
40432404
40432916
40433428
40433940
40434452
40434964
40430357
40430869
40431381
40431893
40432405
40432917
40433429
40433941
40434453
40434965
40430358
40430870
40431382
40431894
40432406
40432918
40433430
40433942
40434454
40434966
40430359
40430871
40431383
40431895
40432407
40432919
40433431
40433943
40434455
40434967
47496944
47497456
47497968
47498480
47498992
47499504
47500016
47500528
47501040
47501552
47496945
47497457
47497969
47498481
47498993
47499505
47500017
47500529
47501041
47501553
47496946
47497458
47497970
47498482
47498994
47499506
47500018
47500530
47501042
47501554
47496947
47497459
47497971
47498483
47498995
47499507
47500019
47500531
47501043
47501555
47496948
47497460
47497972
47498484
47498996
47499508
47500020
47500532
47501044
47501556
47496949
47497461
47497973
47498485
47498997
47499509
47500021
47500533
47501045
47501557
47496950
47497462
47497974
47498486
47498998
47499510
47500022
47500534
47501046
47501558
47496951
47497463
47497975
47498487
47498999
47499511
47500023
47500535
47501047
47501559
47496952
47497464
47497976
47498488
47499000
47499512
47500024
47500536
47501048
47501560
47496953
47497465
47497977
47498489
47499001
47499513
47500025
47500537
47501049
47501561
