4273543
4274055
4274567
4275079
4275591
4276103
4276615
4277127
4277639
4278151
4273544
4274056
4274568
4275080
4275592
4276104
4276616
4277128
4277640
4278152
4273545
4274057
4274569
4275081
4275593
4276105
4276617
4277129
4277641
4278153
4273546
4274058
4274570
4275082
4275594
4276106
4276618
4277130
4277642
4278154
4273547
4274059
4274571
4275083
4275595
4276107
4276619
4277131
4277643
4278155
4273548
4274060
4274572
4275084
4275596
4276108
4276620
4277132
4277644
4278156
4273549
4274061
4274573
4275085
4275597
4276109
4276621
4277133
4277645
4278157
4273550
4274062
4274574
4275086
4275598
4276110
4276622
4277134
4277646
4278158
4273551
4274063
4274575
4275087
4275599
4276111
4276623
4277135
4277647
4278159
4273552
4274064
4274576
4275088
4275600
4276112
4276624
4277136
4277648
4278160
2558496
2559008
2559520
2560032
2560544
2561056
2561568
2562080
2562592
2563104
2558497
2559009
2559521
2560033
2560545
2561057
2561569
2562081
2562593
2563105
2558498
2559010
2559522
2560034
2560546
2561058
2561570
2562082
2562594
2563106
2558499
2559011
2559523
2560035
2560547
2561059
2561571
2562083
2562595
2563107
2558500
2559012
2559524
2560036
2560548
2561060
2561572
2562084
2562596
2563108
2558501
2559013
2559525
2560037
2560549
2561061
2561573
2562085
2562597
2563109
2558502
2559014
2559526
2560038
2560550
2561062
2561574
2562086
2562598
2563110
2558503
2559015
2559527
2560039
2560551
2561063
2561575
2562087
2562599
2563111
2558504
2559016
2559528
2560040
2560552
2561064
2561576
2562088
2562600
2563112
2558505
2559017
2559529
2560041
2560553
2561065
2561577
2562089
2562601
2563113
7992872
7993384
7993896
7994408
7994920
7995432
7995944
7996456
7996968
7997480
7992873
7993385
7993897
7994409
7994921
7995433
7995945
7996457
7996969
7997481
7992874
7993386
7993898
7994410
7994922
7995434
7995946
7996458
7996970
7997482
7992875
7993387
7993899
7994411
7994923
7995435
7995947
7996459
7996971
7997483
7992876
7993388
7993900
7994412
7994924
7995436
7995948
7996460
7996972
7997484
7992877
7993389
7993901
7994413
7994925
7995437
7995949
7996461
7996973
7997485
7992878
7993390
7993902
7994414
7994926
7995438
7995950
7996462
7996974
7997486
7992879
7993391
7993903
7994415
7994927
7995439
7995951
7996463
7996975
7997487
7992880
7993392
7993904
7994416
7994928
7995440
7995952
7996464
7996976
7997488
7992881
7993393
7993905
7994417
7994929
7995441
7995953
7996465
7996977
7997489
834935
835447
835959
836471
836983
837495
838007
838519
839031
839543
834936
835448
835960
836472
836984
837496
838008
838520
839032
839544
834937
835449
835961
836473
836985
837497
838009
838521
839033
839545
834938
835450
835962
836474
836986
837498
838010
838522
839034
839546
834939
835451
835963
836475
836987
837499
838011
838523
839035
839547
834940
835452
835964
836476
836988
837500
838012
838524
839036
839548
834941
835453
835965
836477
836989
837501
838013
838525
839037
839549
834942
835454
835966
836478
836990
837502
838014
838526
839038
839550
834943
835455
835967
836479
836991
837503
838015
838527
839039
839551
834944
835456
835968
836480
836992
837504
838016
838528
839040
839552
10205030
10205542
10206054
10206566
10207078
10207590
10208102
10208614
10209126
10209638
10205031
10205543
10206055
10206567
10207079
10207591
10208103
10208615
10209127
10209639
10205032
10205544
10206056
10206568
10207080
10207592
10208104
10208616
10209128
10209640
10205033
10205545
10206057
10206569
10207081
10207593
10208105
10208617
10209129
10209641
10205034
10205546
10206058
10206570
10207082
10207594
10208106
10208618
10209130
10209642
10205035
10205547
10206059
10206571
10207083
10207595
10208107
10208619
10209131
10209643
10205036
10205548
10206060
10206572
10207084
10207596
10208108
10208620
10209132
10209644
10205037
10205549
10206061
10206573
10207085
10207597
10208109
10208621
10209133
10209645
10205038
10205550
10206062
10206574
10207086
10207598
10208110
10208622
10209134
10209646
10205039
10205551
10206063
10206575
10207087
10207599
10208111
10208623
10209135
10209647
37431202
37431714
37432226
37432738
37433250
37433762
37434274
37434786
37435298
37435810
37431203
37431715
37432227
37432739
37433251
37433763
37434275
37434787
37435299
37435811
37431204
37431716
37432228
37432740
37433252
37433764
37434276
37434788
37435300
37435812
37431205
37431717
37432229
37432741
37433253
37433765
37434277
37434789
37435301
37435813
37431206
37431718
37432230
37432742
37433254
37433766
37434278
37434790
37435302
37435814
37431207
37431719
37432231
37432743
37433255
37433767
37434279
37434791
37435303
37435815
37431208
37431720
37432232
37432744
37433256
37433768
37434280
37434792
37435304
37435816
37431209
37431721
37432233
37432745
37433257
37433769
37434281
37434793
37435305
37435817
37431210
37431722
37432234
37432746
37433258
37433770
37434282
37434794
37435306
37435818
37431211
37431723
37432235
37432747
37433259
37433771
37434283
37434795
37435307
37435819
40096554
40097066
40097578
40098090
40098602
40099114
40099626
40100138
40100650
40101162
40096555
40097067
40097579
40098091
40098603
40099115
40099627
40100139
40100651
40101163
40096556
40097068
40097580
40098092
40098604
40099116
40099628
40100140
40100652
40101164
40096557
40097069
40097581
40098093
40098605
40099117
40099629
40100141
40100653
40101165
40096558
40097070
40097582
40098094
40098606
40099118
40099630
40100142
40100654
40101166
40096559
40097071
40097583
40098095
40098607
40099119
40099631
40100143
40100655
40101167
40096560
40097072
40097584
40098096
40098608
40099120
40099632
40100144
40100656
40101168
40096561
40097073
40097585
40098097
40098609
40099121
40099633
40100145
40100657
40101169
40096562
40097074
40097586
40098098
40098610
40099122
40099634
40100146
40100658
40101170
40096563
40097075
40097587
40098099
40098611
40099123
40099635
40100147
40100659
40101171
56493509
56494021
56494533
56495045
56495557
56496069
56496581
56497093
56497605
56498117
56493510
56494022
56494534
56495046
56495558
56496070
56496582
56497094
56497606
56498118
56493511
56494023
56494535
56495047
56495559
56496071
56496583
56497095
56497607
56498119
56493512
56494024
56494536
56495048
56495560
56496072
56496584
56497096
56497608
56498120
56493513
56494025
56494537
56495049
56495561
56496073
56496585
56497097
56497609
56498121
56493514
56494026
56494538
56495050
56495562
56496074
56496586
56497098
56497610
56498122
56493515
56494027
56494539
56495051
56495563
56496075
56496587
56497099
56497611
56498123
56493516
56494028
56494540
56495052
56495564
56496076
56496588
56497100
56497612
56498124
56493517
56494029
56494541
56495053
56495565
56496077
56496589
56497101
56497613
56498125
56493518
56494030
56494542
56495054
56495566
56496078
56496590
56497102
56497614
56498126
29193174
29193686
29194198
29194710
29195222
29195734
29196246
29196758
29197270
29197782
29193175
29193687
29194199
29194711
29195223
29195735
29196247
29196759
29197271
29197783
29193176
29193688
29194200
29194712
29195224
29195736
29196248
29196760
29197272
29197784
29193177
29193689
29194201
29194713
29195225
29195737
29196249
29196761
29197273
29197785
29193178
29193690
29194202
29194714
29195226
29195738
29196250
29196762
29197274
29197786
29193179
29193691
29194203
29194715
29195227
29195739
29196251
29196763
29197275
29197787
29193180
29193692
29194204
29194716
29195228
29195740
29196252
29196764
29197276
29197788
29193181
29193693
29194205
29194717
29195229
29195741
29196253
29196765
29197277
29197789
29193182
29193694
29194206
29194718
29195230
29195742
29196254
29196766
29197278
29197790
29193183
29193695
29194207
29194719
29195231
29195743
29196255
29196767
29197279
29197791
3421319
3421831
3422343
3422855
3423367
3423879
3424391
3424903
3425415
3425927
3421320
3421832
3422344
3422856
3423368
3423880
3424392
3424904
3425416
3425928
3421321
3421833
3422345
3422857
3423369
3423881
3424393
3424905
3425417
3425929
3421322
3421834
3422346
3422858
3423370
3423882
3424394
3424906
3425418
3425930
3421323
3421835
3422347
3422859
3423371
3423883
3424395
3424907
3425419
3425931
3421324
3421836
3422348
3422860
3423372
3423884
3424396
3424908
3425420
3425932
3421325
3421837
3422349
3422861
3423373
3423885
3424397
3424909
3425421
3425933
3421326
3421838
3422350
3422862
3423374
3423886
3424398
3424910
3425422
3425934
3421327
3421839
3422351
3422863
3423375
3423887
3424399
3424911
3425423
3425935
3421328
3421840
3422352
3422864
3423376
3423888
3424400
3424912
3425424
3425936
45995361
45995873
45996385
45996897
45997409
45997921
45998433
45998945
45999457
45999969
45995362
45995874
45996386
45996898
45997410
45997922
45998434
45998946
45999458
45999970
45995363
45995875
45996387
45996899
45997411
45997923
45998435
45998947
45999459
45999971
45995364
45995876
45996388
45996900
45997412
45997924
45998436
45998948
45999460
45999972
45995365
45995877
45996389
45996901
45997413
45997925
45998437
45998949
45999461
45999973
45995366
45995878
45996390
45996902
45997414
45997926
45998438
45998950
45999462
45999974
45995367
45995879
45996391
45996903
45997415
45997927
45998439
45998951
45999463
45999975
45995368
45995880
45996392
45996904
45997416
45997928
45998440
45998952
45999464
45999976
45995369
45995881
45996393
45996905
45997417
45997929
45998441
45998953
45999465
45999977
45995370
45995882
45996394
45996906
45997418
45997930
45998442
45998954
45999466
45999978
39862293
39862805
39863317
39863829
39864341
39864853
39865365
39865877
39866389
39866901
39862294
39862806
39863318
39863830
39864342
39864854
39865366
39865878
39866390
39866902
39862295
39862807
39863319
39863831
39864343
39864855
39865367
39865879
39866391
39866903
39862296
39862808
39863320
39863832
39864344
39864856
39865368
39865880
39866392
39866904
39862297
39862809
39863321
39863833
39864345
39864857
39865369
39865881
39866393
39866905
39862298
39862810
39863322
39863834
39864346
39864858
39865370
39865882
39866394
39866906
39862299
39862811
39863323
39863835
39864347
39864859
39865371
39865883
39866395
39866907
39862300
39862812
39863324
39863836
39864348
39864860
39865372
39865884
39866396
39866908
39862301
39862813
39863325
39863837
39864349
39864861
39865373
39865885
39866397
39866909
39862302
39862814
39863326
39863838
39864350
39864862
39865374
39865886
39866398
39866910
8664582
8665094
8665606
8666118
8666630
8667142
8667654
8668166
8668678
8669190
8664583
8665095
8665607
8666119
8666631
8667143
8667655
8668167
8668679
8669191
8664584
8665096
8665608
8666120
8666632
8667144
8667656
8668168
8668680
8669192
8664585
8665097
8665609
8666121
8666633
8667145
8667657
8668169
8668681
8669193
8664586
8665098
8665610
8666122
8666634
8667146
8667658
8668170
8668682
8669194
8664587
8665099
8665611
8666123
8666635
8667147
8667659
8668171
8668683
8669195
8664588
8665100
8665612
8666124
8666636
8667148
8667660
8668172
8668684
8669196
8664589
8665101
8665613
8666125
8666637
8667149
8667661
8668173
8668685
8669197
8664590
8665102
8665614
8666126
8666638
8667150
8667662
8668174
8668686
8669198
8664591
8665103
8665615
8666127
8666639
8667151
8667663
8668175
8668687
8669199
16637680
16638192
16638704
16639216
16639728
16640240
16640752
16641264
16641776
16642288
16637681
16638193
16638705
16639217
16639729
16640241
16640753
16641265
16641777
16642289
16637682
16638194
16638706
16639218
16639730
16640242
16640754
16641266
16641778
16642290
16637683
16638195
16638707
16639219
16639731
16640243
16640755
16641267
16641779
16642291
16637684
16638196
16638708
16639220
16639732
16640244
16640756
16641268
16641780
16642292
16637685
16638197
16638709
16639221
16639733
16640245
16640757
16641269
16641781
16642293
16637686
16638198
16638710
16639222
16639734
16640246
16640758
16641270
16641782
16642294
16637687
16638199
16638711
16639223
16639735
16640247
16640759
16641271
16641783
16642295
16637688
16638200
16638712
16639224
16639736
16640248
16640760
16641272
16641784
16642296
16637689
16638201
16638713
16639225
16639737
16640249
16640761
16641273
16641785
16642297
8848486
8848998
8849510
8850022
8850534
8851046
8851558
8852070
8852582
8853094
8848487
8848999
8849511
8850023
8850535
8851047
8851559
8852071
8852583
8853095
8848488
8849000
8849512
8850024
8850536
8851048
8851560
8852072
8852584
8853096
8848489
8849001
8849513
8850025
8850537
8851049
8851561
8852073
8852585
8853097
8848490
8849002
8849514
8850026
8850538
8851050
8851562
8852074
8852586
8853098
8848491
8849003
8849515
8850027
8850539
8851051
8851563
8852075
8852587
8853099
8848492
8849004
8849516
8850028
8850540
8851052
8851564
8852076
8852588
8853100
8848493
8849005
8849517
8850029
8850541
8851053
8851565
8852077
8852589
8853101
8848494
8849006
8849518
8850030
8850542
8851054
8851566
8852078
8852590
8853102
8848495
8849007
8849519
8850031
8850543
8851055
8851567
8852079
8852591
8853103
8064356
8064868
8065380
8065892
8066404
8066916
8067428
8067940
8068452
8068964
8064357
8064869
8065381
8065893
8066405
8066917
8067429
8067941
8068453
8068965
8064358
8064870
8065382
8065894
8066406
8066918
8067430
8067942
8068454
8068966
8064359
8064871
8065383
8065895
8066407
8066919
8067431
8067943
8068455
8068967
8064360
8064872
8065384
8065896
8066408
8066920
8067432
8067944
8068456
8068968
8064361
8064873
8065385
8065897
8066409
8066921
8067433
8067945
8068457
8068969
8064362
8064874
8065386
8065898
8066410
8066922
8067434
8067946
8068458
8068970
8064363
8064875
8065387
8065899
8066411
8066923
8067435
8067947
8068459
8068971
8064364
8064876
8065388
8065900
8066412
8066924
8067436
8067948
8068460
8068972
8064365
8064877
8065389
8065901
8066413
8066925
8067437
8067949
8068461
8068973
5696840
5697352
5697864
5698376
5698888
5699400
5699912
5700424
5700936
5701448
5696841
5697353
5697865
5698377
5698889
5699401
5699913
5700425
5700937
5701449
5696842
5697354
5697866
5698378
5698890
5699402
5699914
5700426
5700938
5701450
5696843
5697355
5697867
5698379
5698891
5699403
5699915
5700427
5700939
5701451
5696844
5697356
5697868
5698380
5698892
5699404
5699916
5700428
5700940
5701452
5696845
5697357
5697869
5698381
5698893
5699405
5699917
5700429
5700941
5701453
5696846
5697358
5697870
5698382
5698894
5699406
5699918
5700430
5700942
5701454
5696847
5697359
5697871
5698383
5698895
5699407
5699919
5700431
5700943
5701455
5696848
5697360
5697872
5698384
5698896
5699408
5699920
5700432
5700944
5701456
5696849
5697361
5697873
5698385
5698897
5699409
5699921
5700433
5700945
5701457
5068017
5068529
5069041
5069553
5070065
5070577
5071089
5071601
5072113
5072625
5068018
5068530
5069042
5069554
5070066
5070578
5071090
5071602
5072114
5072626
5068019
5068531
5069043
5069555
5070067
5070579
5071091
5071603
5072115
5072627
5068020
5068532
5069044
5069556
5070068
5070580
5071092
5071604
5072116
5072628
5068021
5068533
5069045
5069557
5070069
5070581
5071093
5071605
5072117
5072629
5068022
5068534
5069046
5069558
5070070
5070582
5071094
5071606
5072118
5072630
5068023
5068535
5069047
5069559
5070071
5070583
5071095
5071607
5072119
5072631
5068024
5068536
5069048
5069560
5070072
5070584
5071096
5071608
5072120
5072632
5068025
5068537
5069049
5069561
5070073
5070585
5071097
5071609
5072121
5072633
5068026
5068538
5069050
5069562
5070074
5070586
5071098
5071610
5072122
5072634
4657514
4658026
4658538
4659050
4659562
4660074
4660586
4661098
4661610
4662122
4657515
4658027
4658539
4659051
4659563
4660075
4660587
4661099
4661611
4662123
4657516
4658028
4658540
4659052
4659564
4660076
4660588
4661100
4661612
4662124
4657517
4658029
4658541
4659053
4659565
4660077
4660589
4661101
4661613
4662125
4657518
4658030
4658542
4659054
4659566
4660078
4660590
4661102
4661614
4662126
4657519
4658031
4658543
4659055
4659567
4660079
4660591
4661103
4661615
4662127
4657520
4658032
4658544
4659056
4659568
4660080
4660592
4661104
4661616
4662128
4657521
4658033
4658545
4659057
4659569
4660081
4660593
4661105
4661617
4662129
4657522
4658034
4658546
4659058
4659570
4660082
4660594
4661106
4661618
4662130
4657523
4658035
4658547
4659059
4659571
4660083
4660595
4661107
4661619
4662131
49881040
49881552
49882064
49882576
49883088
49883600
49884112
49884624
49885136
49885648
49881041
49881553
49882065
49882577
49883089
49883601
49884113
49884625
49885137
49885649
49881042
49881554
49882066
49882578
49883090
49883602
49884114
49884626
49885138
49885650
49881043
49881555
49882067
49882579
49883091
49883603
49884115
49884627
49885139
49885651
49881044
49881556
49882068
49882580
49883092
49883604
49884116
49884628
49885140
49885652
49881045
49881557
49882069
49882581
49883093
49883605
49884117
49884629
49885141
49885653
49881046
49881558
49882070
49882582
49883094
49883606
49884118
49884630
49885142
49885654
49881047
49881559
49882071
49882583
49883095
49883607
49884119
49884631
49885143
49885655
49881048
49881560
49882072
49882584
49883096
49883608
49884120
49884632
49885144
49885656
49881049
49881561
49882073
49882585
49883097
49883609
49884121
49884633
49885145
49885657
36627971
36628483
36628995
36629507
36630019
36630531
36631043
36631555
36632067
36632579
36627972
36628484
36628996
36629508
36630020
36630532
36631044
36631556
36632068
36632580
36627973
36628485
36628997
36629509
36630021
36630533
36631045
36631557
36632069
36632581
36627974
36628486
36628998
36629510
36630022
36630534
36631046
36631558
36632070
36632582
36627975
36628487
36628999
36629511
36630023
36630535
36631047
36631559
36632071
36632583
36627976
36628488
36629000
36629512
36630024
36630536
36631048
36631560
36632072
36632584
36627977
36628489
36629001
36629513
36630025
36630537
36631049
36631561
36632073
36632585
36627978
36628490
36629002
36629514
36630026
36630538
36631050
36631562
36632074
36632586
36627979
36628491
36629003
36629515
36630027
36630539
36631051
36631563
36632075
36632587
36627980
36628492
36629004
36629516
36630028
36630540
36631052
36631564
36632076
36632588
25139320
25139832
25140344
25140856
25141368
25141880
25142392
25142904
25143416
25143928
25139321
25139833
25140345
25140857
25141369
25141881
25142393
25142905
25143417
25143929
25139322
25139834
25140346
25140858
25141370
25141882
25142394
25142906
25143418
25143930
25139323
25139835
25140347
25140859
25141371
25141883
25142395
25142907
25143419
25143931
25139324
25139836
25140348
25140860
25141372
25141884
25142396
25142908
25143420
25143932
25139325
25139837
25140349
25140861
25141373
25141885
25142397
25142909
25143421
25143933
25139326
25139838
25140350
25140862
25141374
25141886
25142398
25142910
25143422
25143934
25139327
25139839
25140351
25140863
25141375
25141887
25142399
25142911
25143423
25143935
25139328
25139840
25140352
25140864
25141376
25141888
25142400
25142912
25143424
25143936
25139329
25139841
25140353
25140865
25141377
25141889
25142401
25142913
25143425
25143937
7400485
7400997
7401509
7402021
7402533
7403045
7403557
7404069
7404581
7405093
7400486
7400998
7401510
7402022
7402534
7403046
7403558
7404070
7404582
7405094
7400487
7400999
7401511
7402023
7402535
7403047
7403559
7404071
7404583
7405095
7400488
7401000
7401512
7402024
7402536
7403048
7403560
7404072
7404584
7405096
7400489
7401001
7401513
7402025
7402537
7403049
7403561
7404073
7404585
7405097
7400490
7401002
7401514
7402026
7402538
7403050
7403562
7404074
7404586
7405098
7400491
7401003
7401515
7402027
7402539
7403051
7403563
7404075
7404587
7405099
7400492
7401004
7401516
7402028
7402540
7403052
7403564
7404076
7404588
7405100
7400493
7401005
7401517
7402029
7402541
7403053
7403565
7404077
7404589
7405101
7400494
7401006
7401518
7402030
7402542
7403054
7403566
7404078
7404590
7405102
17750483
17750995
17751507
17752019
17752531
17753043
17753555
17754067
17754579
17755091
17750484
17750996
17751508
17752020
17752532
17753044
17753556
17754068
17754580
17755092
17750485
17750997
17751509
17752021
17752533
17753045
17753557
17754069
17754581
17755093
17750486
17750998
17751510
17752022
17752534
17753046
17753558
17754070
17754582
17755094
17750487
17750999
17751511
17752023
17752535
17753047
17753559
17754071
17754583
17755095
17750488
17751000
17751512
17752024
17752536
17753048
17753560
17754072
17754584
17755096
17750489
17751001
17751513
17752025
17752537
17753049
17753561
17754073
17754585
17755097
17750490
17751002
17751514
17752026
17752538
17753050
17753562
17754074
17754586
17755098
17750491
17751003
17751515
17752027
17752539
17753051
17753563
17754075
17754587
17755099
17750492
17751004
17751516
17752028
17752540
17753052
17753564
17754076
17754588
17755100
44744204
44744716
44745228
44745740
44746252
44746764
44747276
44747788
44748300
44748812
44744205
44744717
44745229
44745741
44746253
44746765
44747277
44747789
44748301
44748813
44744206
44744718
44745230
44745742
44746254
44746766
44747278
44747790
44748302
44748814
44744207
44744719
44745231
44745743
44746255
44746767
44747279
44747791
44748303
44748815
44744208
44744720
44745232
44745744
44746256
44746768
44747280
44747792
44748304
44748816
44744209
44744721
44745233
44745745
44746257
44746769
44747281
44747793
44748305
44748817
44744210
44744722
44745234
44745746
44746258
44746770
44747282
44747794
44748306
44748818
44744211
44744723
44745235
44745747
44746259
44746771
44747283
44747795
44748307
44748819
44744212
44744724
44745236
44745748
44746260
44746772
44747284
44747796
44748308
44748820
44744213
44744725
44745237
44745749
44746261
44746773
44747285
44747797
44748309
44748821
2643100
2643612
2644124
2644636
2645148
2645660
2646172
2646684
2647196
2647708
2643101
2643613
2644125
2644637
2645149
2645661
2646173
2646685
2647197
2647709
2643102
2643614
2644126
2644638
2645150
2645662
2646174
2646686
2647198
2647710
2643103
2643615
2644127
2644639
2645151
2645663
2646175
2646687
2647199
2647711
2643104
2643616
2644128
2644640
2645152
2645664
2646176
2646688
2647200
2647712
2643105
2643617
2644129
2644641
2645153
2645665
2646177
2646689
2647201
2647713
2643106
2643618
2644130
2644642
2645154
2645666
2646178
2646690
2647202
2647714
2643107
2643619
2644131
2644643
2645155
2645667
2646179
2646691
2647203
2647715
2643108
2643620
2644132
2644644
2645156
2645668
2646180
2646692
2647204
2647716
2643109
2643621
2644133
2644645
2645157
2645669
2646181
2646693
2647205
2647717
4175663
4176175
4176687
4177199
4177711
4178223
4178735
4179247
4179759
4180271
4175664
4176176
4176688
4177200
4177712
4178224
4178736
4179248
4179760
4180272
4175665
4176177
4176689
4177201
4177713
4178225
4178737
4179249
4179761
4180273
4175666
4176178
4176690
4177202
4177714
4178226
4178738
4179250
4179762
4180274
4175667
4176179
4176691
4177203
4177715
4178227
4178739
4179251
4179763
4180275
4175668
4176180
4176692
4177204
4177716
4178228
4178740
4179252
4179764
4180276
4175669
4176181
4176693
4177205
4177717
4178229
4178741
4179253
4179765
4180277
4175670
4176182
4176694
4177206
4177718
4178230
4178742
4179254
4179766
4180278
4175671
4176183
4176695
4177207
4177719
4178231
4178743
4179255
4179767
4180279
4175672
4176184
4176696
4177208
4177720
4178232
4178744
4179256
4179768
4180280
22915036
22915548
22916060
22916572
22917084
22917596
22918108
22918620
22919132
22919644
22915037
22915549
22916061
22916573
22917085
22917597
22918109
22918621
22919133
22919645
22915038
22915550
22916062
22916574
22917086
22917598
22918110
22918622
22919134
22919646
22915039
22915551
22916063
22916575
22917087
22917599
22918111
22918623
22919135
22919647
22915040
22915552
22916064
22916576
22917088
22917600
22918112
22918624
22919136
22919648
22915041
22915553
22916065
22916577
22917089
22917601
22918113
22918625
22919137
22919649
22915042
22915554
22916066
22916578
22917090
22917602
22918114
22918626
22919138
22919650
22915043
22915555
22916067
22916579
22917091
22917603
22918115
22918627
22919139
22919651
22915044
22915556
22916068
22916580
22917092
22917604
22918116
22918628
22919140
22919652
22915045
22915557
22916069
22916581
22917093
22917605
22918117
22918629
22919141
22919653
54951444
54951956
54952468
54952980
54953492
54954004
54954516
54955028
54955540
54956052
54951445
54951957
54952469
54952981
54953493
54954005
54954517
54955029
54955541
54956053
54951446
54951958
54952470
54952982
54953494
54954006
54954518
54955030
54955542
54956054
54951447
54951959
54952471
54952983
54953495
54954007
54954519
54955031
54955543
54956055
54951448
54951960
54952472
54952984
54953496
54954008
54954520
54955032
54955544
54956056
54951449
54951961
54952473
54952985
54953497
54954009
54954521
54955033
54955545
54956057
54951450
54951962
54952474
54952986
54953498
54954010
54954522
54955034
54955546
54956058
54951451
54951963
54952475
54952987
54953499
54954011
54954523
54955035
54955547
54956059
54951452
54951964
54952476
54952988
54953500
54954012
54954524
54955036
54955548
54956060
54951453
54951965
54952477
54952989
54953501
54954013
54954525
54955037
54955549
54956061
32681475
32681987
32682499
32683011
32683523
32684035
32684547
32685059
32685571
32686083
32681476
32681988
32682500
32683012
32683524
32684036
32684548
32685060
32685572
32686084
32681477
32681989
32682501
32683013
32683525
32684037
32684549
32685061
32685573
32686085
32681478
32681990
32682502
32683014
32683526
32684038
32684550
32685062
32685574
32686086
32681479
32681991
32682503
32683015
32683527
32684039
32684551
32685063
32685575
32686087
32681480
32681992
32682504
32683016
32683528
32684040
32684552
32685064
32685576
32686088
32681481
32681993
32682505
32683017
32683529
32684041
32684553
32685065
32685577
32686089
32681482
32681994
32682506
32683018
32683530
32684042
32684554
32685066
32685578
32686090
32681483
32681995
32682507
32683019
32683531
32684043
32684555
32685067
32685579
32686091
32681484
32681996
32682508
32683020
32683532
32684044
32684556
32685068
32685580
32686092
