55365922
55366434
55366946
55367458
55367970
55368482
55368994
55369506
55370018
55370530
55365923
55366435
55366947
55367459
55367971
55368483
55368995
55369507
55370019
55370531
55365924
55366436
55366948
55367460
55367972
55368484
55368996
55369508
55370020
55370532
55365925
55366437
55366949
55367461
55367973
55368485
55368997
55369509
55370021
55370533
55365926
55366438
55366950
55367462
55367974
55368486
55368998
55369510
55370022
55370534
55365927
55366439
55366951
55367463
55367975
55368487
55368999
55369511
55370023
55370535
55365928
55366440
55366952
55367464
55367976
55368488
55369000
55369512
55370024
55370536
55365929
55366441
55366953
55367465
55367977
55368489
55369001
55369513
55370025
55370537
55365930
55366442
55366954
55367466
55367978
55368490
55369002
55369514
55370026
55370538
55365931
55366443
55366955
55367467
55367979
55368491
55369003
55369515
55370027
55370539
41111599
41112111
41112623
41113135
41113647
41114159
41114671
41115183
41115695
41116207
41111600
41112112
41112624
41113136
41113648
41114160
41114672
41115184
41115696
41116208
41111601
41112113
41112625
41113137
41113649
41114161
41114673
41115185
41115697
41116209
41111602
41112114
41112626
41113138
41113650
41114162
41114674
41115186
41115698
41116210
41111603
41112115
41112627
41113139
41113651
41114163
41114675
41115187
41115699
41116211
41111604
41112116
41112628
41113140
41113652
41114164
41114676
41115188
41115700
41116212
41111605
41112117
41112629
41113141
41113653
41114165
41114677
41115189
41115701
41116213
41111606
41112118
41112630
41113142
41113654
41114166
41114678
41115190
41115702
41116214
41111607
41112119
41112631
41113143
41113655
41114167
41114679
41115191
41115703
41116215
41111608
41112120
41112632
41113144
41113656
41114168
41114680
41115192
41115704
41116216
4470082
4470594
4471106
4471618
4472130
4472642
4473154
4473666
4474178
4474690
4470083
4470595
4471107
4471619
4472131
4472643
4473155
4473667
4474179
4474691
4470084
4470596
4471108
4471620
4472132
4472644
4473156
4473668
4474180
4474692
4470085
4470597
4471109
4471621
4472133
4472645
4473157
4473669
4474181
4474693
4470086
4470598
4471110
4471622
4472134
4472646
4473158
4473670
4474182
4474694
4470087
4470599
4471111
4471623
4472135
4472647
4473159
4473671
4474183
4474695
4470088
4470600
4471112
4471624
4472136
4472648
4473160
4473672
4474184
4474696
4470089
4470601
4471113
4471625
4472137
4472649
4473161
4473673
4474185
4474697
4470090
4470602
4471114
4471626
4472138
4472650
4473162
4473674
4474186
4474698
4470091
4470603
4471115
4471627
4472139
4472651
4473163
4473675
4474187
4474699
10713965
10714477
10714989
10715501
10716013
10716525
10717037
10717549
10718061
10718573
10713966
10714478
10714990
10715502
10716014
10716526
10717038
10717550
10718062
10718574
10713967
10714479
10714991
10715503
10716015
10716527
10717039
10717551
10718063
10718575
10713968
10714480
10714992
10715504
10716016
10716528
10717040
10717552
10718064
10718576
10713969
10714481
10714993
10715505
10716017
10716529
10717041
10717553
10718065
10718577
10713970
10714482
10714994
10715506
10716018
10716530
10717042
10717554
10718066
10718578
10713971
10714483
10714995
10715507
10716019
10716531
10717043
10717555
10718067
10718579
10713972
10714484
10714996
10715508
10716020
10716532
10717044
10717556
10718068
10718580
10713973
10714485
10714997
10715509
10716021
10716533
10717045
10717557
10718069
10718581
10713974
10714486
10714998
10715510
10716022
10716534
10717046
10717558
10718070
10718582
45902320
45902832
45903344
45903856
45904368
45904880
45905392
45905904
45906416
45906928
45902321
45902833
45903345
45903857
45904369
45904881
45905393
45905905
45906417
45906929
45902322
45902834
45903346
45903858
45904370
45904882
45905394
45905906
45906418
45906930
45902323
45902835
45903347
45903859
45904371
45904883
45905395
45905907
45906419
45906931
45902324
45902836
45903348
45903860
45904372
45904884
45905396
45905908
45906420
45906932
45902325
45902837
45903349
45903861
45904373
45904885
45905397
45905909
45906421
45906933
45902326
45902838
45903350
45903862
45904374
45904886
45905398
45905910
45906422
45906934
45902327
45902839
45903351
45903863
45904375
45904887
45905399
45905911
45906423
45906935
45902328
45902840
45903352
45903864
45904376
45904888
45905400
45905912
45906424
45906936
45902329
45902841
45903353
45903865
45904377
45904889
45905401
45905913
45906425
45906937
46903334
46903846
46904358
46904870
46905382
46905894
46906406
46906918
46907430
46907942
46903335
46903847
46904359
46904871
46905383
46905895
46906407
46906919
46907431
46907943
46903336
46903848
46904360
46904872
46905384
46905896
46906408
46906920
46907432
46907944
46903337
46903849
46904361
46904873
46905385
46905897
46906409
46906921
46907433
46907945
46903338
46903850
46904362
46904874
46905386
46905898
46906410
46906922
46907434
46907946
46903339
46903851
46904363
46904875
46905387
46905899
46906411
46906923
46907435
46907947
46903340
46903852
46904364
46904876
46905388
46905900
46906412
46906924
46907436
46907948
46903341
46903853
46904365
46904877
46905389
46905901
46906413
46906925
46907437
46907949
46903342
46903854
46904366
46904878
46905390
46905902
46906414
46906926
46907438
46907950
46903343
46903855
46904367
46904879
46905391
46905903
46906415
46906927
46907439
46907951
25400834
25401346
25401858
25402370
25402882
25403394
25403906
25404418
25404930
25405442
25400835
25401347
25401859
25402371
25402883
25403395
25403907
25404419
25404931
25405443
25400836
25401348
25401860
25402372
25402884
25403396
25403908
25404420
25404932
25405444
25400837
25401349
25401861
25402373
25402885
25403397
25403909
25404421
25404933
25405445
25400838
25401350
25401862
25402374
25402886
25403398
25403910
25404422
25404934
25405446
25400839
25401351
25401863
25402375
25402887
25403399
25403911
25404423
25404935
25405447
25400840
25401352
25401864
25402376
25402888
25403400
25403912
25404424
25404936
25405448
25400841
25401353
25401865
25402377
25402889
25403401
25403913
25404425
25404937
25405449
25400842
25401354
25401866
25402378
25402890
25403402
25403914
25404426
25404938
25405450
25400843
25401355
25401867
25402379
25402891
25403403
25403915
25404427
25404939
25405451
57170182
57170694
57171206
57171718
57172230
57172742
57173254
57173766
57174278
57174790
57170183
57170695
57171207
57171719
57172231
57172743
57173255
57173767
57174279
57174791
57170184
57170696
57171208
57171720
57172232
57172744
57173256
57173768
57174280
57174792
57170185
57170697
57171209
57171721
57172233
57172745
57173257
57173769
57174281
57174793
57170186
57170698
57171210
57171722
57172234
57172746
57173258
57173770
57174282
57174794
57170187
57170699
57171211
57171723
57172235
57172747
57173259
57173771
57174283
57174795
57170188
57170700
57171212
57171724
57172236
57172748
57173260
57173772
57174284
57174796
57170189
57170701
57171213
57171725
57172237
57172749
57173261
57173773
57174285
57174797
57170190
57170702
57171214
57171726
57172238
57172750
57173262
57173774
57174286
57174798
57170191
57170703
57171215
57171727
57172239
57172751
57173263
57173775
57174287
57174799
23820481
23820993
23821505
23822017
23822529
23823041
23823553
23824065
23824577
23825089
23820482
23820994
23821506
23822018
23822530
23823042
23823554
23824066
23824578
23825090
23820483
23820995
23821507
23822019
23822531
23823043
23823555
23824067
23824579
23825091
23820484
23820996
23821508
23822020
23822532
23823044
23823556
23824068
23824580
23825092
23820485
23820997
23821509
23822021
23822533
23823045
23823557
23824069
23824581
23825093
23820486
23820998
23821510
23822022
23822534
23823046
23823558
23824070
23824582
23825094
23820487
23820999
23821511
23822023
23822535
23823047
23823559
23824071
23824583
23825095
23820488
23821000
23821512
23822024
23822536
23823048
23823560
23824072
23824584
23825096
23820489
23821001
23821513
23822025
23822537
23823049
23823561
23824073
23824585
23825097
23820490
23821002
23821514
23822026
23822538
23823050
23823562
23824074
23824586
23825098
35078773
35079285
35079797
35080309
35080821
35081333
35081845
35082357
35082869
35083381
35078774
35079286
35079798
35080310
35080822
35081334
35081846
35082358
35082870
35083382
35078775
35079287
35079799
35080311
35080823
35081335
35081847
35082359
35082871
35083383
35078776
35079288
35079800
35080312
35080824
35081336
35081848
35082360
35082872
35083384
35078777
35079289
35079801
35080313
35080825
35081337
35081849
35082361
35082873
35083385
35078778
35079290
35079802
35080314
35080826
35081338
35081850
35082362
35082874
35083386
35078779
35079291
35079803
35080315
35080827
35081339
35081851
35082363
35082875
35083387
35078780
35079292
35079804
35080316
35080828
35081340
35081852
35082364
35082876
35083388
35078781
35079293
35079805
35080317
35080829
35081341
35081853
35082365
35082877
35083389
35078782
35079294
35079806
35080318
35080830
35081342
35081854
35082366
35082878
35083390
12673254
12673766
12674278
12674790
12675302
12675814
12676326
12676838
12677350
12677862
12673255
12673767
12674279
12674791
12675303
12675815
12676327
12676839
12677351
12677863
12673256
12673768
12674280
12674792
12675304
12675816
12676328
12676840
12677352
12677864
12673257
12673769
12674281
12674793
12675305
12675817
12676329
12676841
12677353
12677865
12673258
12673770
12674282
12674794
12675306
12675818
12676330
12676842
12677354
12677866
12673259
12673771
12674283
12674795
12675307
12675819
12676331
12676843
12677355
12677867
12673260
12673772
12674284
12674796
12675308
12675820
12676332
12676844
12677356
12677868
12673261
12673773
12674285
12674797
12675309
12675821
12676333
12676845
12677357
12677869
12673262
12673774
12674286
12674798
12675310
12675822
12676334
12676846
12677358
12677870
12673263
12673775
12674287
12674799
12675311
12675823
12676335
12676847
12677359
12677871
4853538
4854050
4854562
4855074
4855586
4856098
4856610
4857122
4857634
4858146
4853539
4854051
4854563
4855075
4855587
4856099
4856611
4857123
4857635
4858147
4853540
4854052
4854564
4855076
4855588
4856100
4856612
4857124
4857636
4858148
4853541
4854053
4854565
4855077
4855589
4856101
4856613
4857125
4857637
4858149
4853542
4854054
4854566
4855078
4855590
4856102
4856614
4857126
4857638
4858150
4853543
4854055
4854567
4855079
4855591
4856103
4856615
4857127
4857639
4858151
4853544
4854056
4854568
4855080
4855592
4856104
4856616
4857128
4857640
4858152
4853545
4854057
4854569
4855081
4855593
4856105
4856617
4857129
4857641
4858153
4853546
4854058
4854570
4855082
4855594
4856106
4856618
4857130
4857642
4858154
4853547
4854059
4854571
4855083
4855595
4856107
4856619
4857131
4857643
4858155
44588440
44588952
44589464
44589976
44590488
44591000
44591512
44592024
44592536
44593048
44588441
44588953
44589465
44589977
44590489
44591001
44591513
44592025
44592537
44593049
44588442
44588954
44589466
44589978
44590490
44591002
44591514
44592026
44592538
44593050
44588443
44588955
44589467
44589979
44590491
44591003
44591515
44592027
44592539
44593051
44588444
44588956
44589468
44589980
44590492
44591004
44591516
44592028
44592540
44593052
44588445
44588957
44589469
44589981
44590493
44591005
44591517
44592029
44592541
44593053
44588446
44588958
44589470
44589982
44590494
44591006
44591518
44592030
44592542
44593054
44588447
44588959
44589471
44589983
44590495
44591007
44591519
44592031
44592543
44593055
44588448
44588960
44589472
44589984
44590496
44591008
44591520
44592032
44592544
44593056
44588449
44588961
44589473
44589985
44590497
44591009
44591521
44592033
44592545
44593057
18587450
18587962
18588474
18588986
18589498
18590010
18590522
18591034
18591546
18592058
18587451
18587963
18588475
18588987
18589499
18590011
18590523
18591035
18591547
18592059
18587452
18587964
18588476
18588988
18589500
18590012
18590524
18591036
18591548
18592060
18587453
18587965
18588477
18588989
18589501
18590013
18590525
18591037
18591549
18592061
18587454
18587966
18588478
18588990
18589502
18590014
18590526
18591038
18591550
18592062
18587455
18587967
18588479
18588991
18589503
18590015
18590527
18591039
18591551
18592063
18587456
18587968
18588480
18588992
18589504
18590016
18590528
18591040
18591552
18592064
18587457
18587969
18588481
18588993
18589505
18590017
18590529
18591041
18591553
18592065
18587458
18587970
18588482
18588994
18589506
18590018
18590530
18591042
18591554
18592066
18587459
18587971
18588483
18588995
18589507
18590019
18590531
18591043
18591555
18592067
24983296
24983808
24984320
24984832
24985344
24985856
24986368
24986880
24987392
24987904
24983297
24983809
24984321
24984833
24985345
24985857
24986369
24986881
24987393
24987905
24983298
24983810
24984322
24984834
24985346
24985858
24986370
24986882
24987394
24987906
24983299
24983811
24984323
24984835
24985347
24985859
24986371
24986883
24987395
24987907
24983300
24983812
24984324
24984836
24985348
24985860
24986372
24986884
24987396
24987908
24983301
24983813
24984325
24984837
24985349
24985861
24986373
24986885
24987397
24987909
24983302
24983814
24984326
24984838
24985350
24985862
24986374
24986886
24987398
24987910
24983303
24983815
24984327
24984839
24985351
24985863
24986375
24986887
24987399
24987911
24983304
24983816
24984328
24984840
24985352
24985864
24986376
24986888
24987400
24987912
24983305
24983817
24984329
24984841
24985353
24985865
24986377
24986889
24987401
24987913
51089694
51090206
51090718
51091230
51091742
51092254
51092766
51093278
51093790
51094302
51089695
51090207
51090719
51091231
51091743
51092255
51092767
51093279
51093791
51094303
51089696
51090208
51090720
51091232
51091744
51092256
51092768
51093280
51093792
51094304
51089697
51090209
51090721
51091233
51091745
51092257
51092769
51093281
51093793
51094305
51089698
51090210
51090722
51091234
51091746
51092258
51092770
51093282
51093794
51094306
51089699
51090211
51090723
51091235
51091747
51092259
51092771
51093283
51093795
51094307
51089700
51090212
51090724
51091236
51091748
51092260
51092772
51093284
51093796
51094308
51089701
51090213
51090725
51091237
51091749
51092261
51092773
51093285
51093797
51094309
51089702
51090214
51090726
51091238
51091750
51092262
51092774
51093286
51093798
51094310
51089703
51090215
51090727
51091239
51091751
51092263
51092775
51093287
51093799
51094311
20921470
20921982
20922494
20923006
20923518
20924030
20924542
20925054
20925566
20926078
20921471
20921983
20922495
20923007
20923519
20924031
20924543
20925055
20925567
20926079
20921472
20921984
20922496
20923008
20923520
20924032
20924544
20925056
20925568
20926080
20921473
20921985
20922497
20923009
20923521
20924033
20924545
20925057
20925569
20926081
20921474
20921986
20922498
20923010
20923522
20924034
20924546
20925058
20925570
20926082
20921475
20921987
20922499
20923011
20923523
20924035
20924547
20925059
20925571
20926083
20921476
20921988
20922500
20923012
20923524
20924036
20924548
20925060
20925572
20926084
20921477
20921989
20922501
20923013
20923525
20924037
20924549
20925061
20925573
20926085
20921478
20921990
20922502
20923014
20923526
20924038
20924550
20925062
20925574
20926086
20921479
20921991
20922503
20923015
20923527
20924039
20924551
20925063
20925575
20926087
18469157
18469669
18470181
18470693
18471205
18471717
18472229
18472741
18473253
18473765
18469158
18469670
18470182
18470694
18471206
18471718
18472230
18472742
18473254
18473766
18469159
18469671
18470183
18470695
18471207
18471719
18472231
18472743
18473255
18473767
18469160
18469672
18470184
18470696
18471208
18471720
18472232
18472744
18473256
18473768
18469161
18469673
18470185
18470697
18471209
18471721
18472233
18472745
18473257
18473769
18469162
18469674
18470186
18470698
18471210
18471722
18472234
18472746
18473258
18473770
18469163
18469675
18470187
18470699
18471211
18471723
18472235
18472747
18473259
18473771
18469164
18469676
18470188
18470700
18471212
18471724
18472236
18472748
18473260
18473772
18469165
18469677
18470189
18470701
18471213
18471725
18472237
18472749
18473261
18473773
18469166
18469678
18470190
18470702
18471214
18471726
18472238
18472750
18473262
18473774
25233067
25233579
25234091
25234603
25235115
25235627
25236139
25236651
25237163
25237675
25233068
25233580
25234092
25234604
25235116
25235628
25236140
25236652
25237164
25237676
25233069
25233581
25234093
25234605
25235117
25235629
25236141
25236653
25237165
25237677
25233070
25233582
25234094
25234606
25235118
25235630
25236142
25236654
25237166
25237678
25233071
25233583
25234095
25234607
25235119
25235631
25236143
25236655
25237167
25237679
25233072
25233584
25234096
25234608
25235120
25235632
25236144
25236656
25237168
25237680
25233073
25233585
25234097
25234609
25235121
25235633
25236145
25236657
25237169
25237681
25233074
25233586
25234098
25234610
25235122
25235634
25236146
25236658
25237170
25237682
25233075
25233587
25234099
25234611
25235123
25235635
25236147
25236659
25237171
25237683
25233076
25233588
25234100
25234612
25235124
25235636
25236148
25236660
25237172
25237684
15053799
15054311
15054823
15055335
15055847
15056359
15056871
15057383
15057895
15058407
15053800
15054312
15054824
15055336
15055848
15056360
15056872
15057384
15057896
15058408
15053801
15054313
15054825
15055337
15055849
15056361
15056873
15057385
15057897
15058409
15053802
15054314
15054826
15055338
15055850
15056362
15056874
15057386
15057898
15058410
15053803
15054315
15054827
15055339
15055851
15056363
15056875
15057387
15057899
15058411
15053804
15054316
15054828
15055340
15055852
15056364
15056876
15057388
15057900
15058412
15053805
15054317
15054829
15055341
15055853
15056365
15056877
15057389
15057901
15058413
15053806
15054318
15054830
15055342
15055854
15056366
15056878
15057390
15057902
15058414
15053807
15054319
15054831
15055343
15055855
15056367
15056879
15057391
15057903
15058415
15053808
15054320
15054832
15055344
15055856
15056368
15056880
15057392
15057904
15058416
19458672
19459184
19459696
19460208
19460720
19461232
19461744
19462256
19462768
19463280
19458673
19459185
19459697
19460209
19460721
19461233
19461745
19462257
19462769
19463281
19458674
19459186
19459698
19460210
19460722
19461234
19461746
19462258
19462770
19463282
19458675
19459187
19459699
19460211
19460723
19461235
19461747
19462259
19462771
19463283
19458676
19459188
19459700
19460212
19460724
19461236
19461748
19462260
19462772
19463284
19458677
19459189
19459701
19460213
19460725
19461237
19461749
19462261
19462773
19463285
19458678
19459190
19459702
19460214
19460726
19461238
19461750
19462262
19462774
19463286
19458679
19459191
19459703
19460215
19460727
19461239
19461751
19462263
19462775
19463287
19458680
19459192
19459704
19460216
19460728
19461240
19461752
19462264
19462776
19463288
19458681
19459193
19459705
19460217
19460729
19461241
19461753
19462265
19462777
19463289
37767444
37767956
37768468
37768980
37769492
37770004
37770516
37771028
37771540
37772052
37767445
37767957
37768469
37768981
37769493
37770005
37770517
37771029
37771541
37772053
37767446
37767958
37768470
37768982
37769494
37770006
37770518
37771030
37771542
37772054
37767447
37767959
37768471
37768983
37769495
37770007
37770519
37771031
37771543
37772055
37767448
37767960
37768472
37768984
37769496
37770008
37770520
37771032
37771544
37772056
37767449
37767961
37768473
37768985
37769497
37770009
37770521
37771033
37771545
37772057
37767450
37767962
37768474
37768986
37769498
37770010
37770522
37771034
37771546
37772058
37767451
37767963
37768475
37768987
37769499
37770011
37770523
37771035
37771547
37772059
37767452
37767964
37768476
37768988
37769500
37770012
37770524
37771036
37771548
37772060
37767453
37767965
37768477
37768989
37769501
37770013
37770525
37771037
37771549
37772061
5826771
5827283
5827795
5828307
5828819
5829331
5829843
5830355
5830867
5831379
5826772
5827284
5827796
5828308
5828820
5829332
5829844
5830356
5830868
5831380
5826773
5827285
5827797
5828309
5828821
5829333
5829845
5830357
5830869
5831381
5826774
5827286
5827798
5828310
5828822
5829334
5829846
5830358
5830870
5831382
5826775
5827287
5827799
5828311
5828823
5829335
5829847
5830359
5830871
5831383
5826776
5827288
5827800
5828312
5828824
5829336
5829848
5830360
5830872
5831384
5826777
5827289
5827801
5828313
5828825
5829337
5829849
5830361
5830873
5831385
5826778
5827290
5827802
5828314
5828826
5829338
5829850
5830362
5830874
5831386
5826779
5827291
5827803
5828315
5828827
5829339
5829851
5830363
5830875
5831387
5826780
5827292
5827804
5828316
5828828
5829340
5829852
5830364
5830876
5831388
49855837
49856349
49856861
49857373
49857885
49858397
49858909
49859421
49859933
49860445
49855838
49856350
49856862
49857374
49857886
49858398
49858910
49859422
49859934
49860446
49855839
49856351
49856863
49857375
49857887
49858399
49858911
49859423
49859935
49860447
49855840
49856352
49856864
49857376
49857888
49858400
49858912
49859424
49859936
49860448
49855841
49856353
49856865
49857377
49857889
49858401
49858913
49859425
49859937
49860449
49855842
49856354
49856866
49857378
49857890
49858402
49858914
49859426
49859938
49860450
49855843
49856355
49856867
49857379
49857891
49858403
49858915
49859427
49859939
49860451
49855844
49856356
49856868
49857380
49857892
49858404
49858916
49859428
49859940
49860452
49855845
49856357
49856869
49857381
49857893
49858405
49858917
49859429
49859941
49860453
49855846
49856358
49856870
49857382
49857894
49858406
49858918
49859430
49859942
49860454
5085890
5086402
5086914
5087426
5087938
5088450
5088962
5089474
5089986
5090498
5085891
5086403
5086915
5087427
5087939
5088451
5088963
5089475
5089987
5090499
5085892
5086404
5086916
5087428
5087940
5088452
5088964
5089476
5089988
5090500
5085893
5086405
5086917
5087429
5087941
5088453
5088965
5089477
5089989
5090501
5085894
5086406
5086918
5087430
5087942
5088454
5088966
5089478
5089990
5090502
5085895
5086407
5086919
5087431
5087943
5088455
5088967
5089479
5089991
5090503
5085896
5086408
5086920
5087432
5087944
5088456
5088968
5089480
5089992
5090504
5085897
5086409
5086921
5087433
5087945
5088457
5088969
5089481
5089993
5090505
5085898
5086410
5086922
5087434
5087946
5088458
5088970
5089482
5089994
5090506
5085899
5086411
5086923
5087435
5087947
5088459
5088971
5089483
5089995
5090507
40707440
40707952
40708464
40708976
40709488
40710000
40710512
40711024
40711536
40712048
40707441
40707953
40708465
40708977
40709489
40710001
40710513
40711025
40711537
40712049
40707442
40707954
40708466
40708978
40709490
40710002
40710514
40711026
40711538
40712050
40707443
40707955
40708467
40708979
40709491
40710003
40710515
40711027
40711539
40712051
40707444
40707956
40708468
40708980
40709492
40710004
40710516
40711028
40711540
40712052
40707445
40707957
40708469
40708981
40709493
40710005
40710517
40711029
40711541
40712053
40707446
40707958
40708470
40708982
40709494
40710006
40710518
40711030
40711542
40712054
40707447
40707959
40708471
40708983
40709495
40710007
40710519
40711031
40711543
40712055
40707448
40707960
40708472
40708984
40709496
40710008
40710520
40711032
40711544
40712056
40707449
40707961
40708473
40708985
40709497
40710009
40710521
40711033
40711545
40712057
43670389
43670901
43671413
43671925
43672437
43672949
43673461
43673973
43674485
43674997
43670390
43670902
43671414
43671926
43672438
43672950
43673462
43673974
43674486
43674998
43670391
43670903
43671415
43671927
43672439
43672951
43673463
43673975
43674487
43674999
43670392
43670904
43671416
43671928
43672440
43672952
43673464
43673976
43674488
43675000
43670393
43670905
43671417
43671929
43672441
43672953
43673465
43673977
43674489
43675001
43670394
43670906
43671418
43671930
43672442
43672954
43673466
43673978
43674490
43675002
43670395
43670907
43671419
43671931
43672443
43672955
43673467
43673979
43674491
43675003
43670396
43670908
43671420
43671932
43672444
43672956
43673468
43673980
43674492
43675004
43670397
43670909
43671421
43671933
43672445
43672957
43673469
43673981
43674493
43675005
43670398
43670910
43671422
43671934
43672446
43672958
43673470
43673982
43674494
43675006
8883426
8883938
8884450
8884962
8885474
8885986
8886498
8887010
8887522
8888034
8883427
8883939
8884451
8884963
8885475
8885987
8886499
8887011
8887523
8888035
8883428
8883940
8884452
8884964
8885476
8885988
8886500
8887012
8887524
8888036
8883429
8883941
8884453
8884965
8885477
8885989
8886501
8887013
8887525
8888037
8883430
8883942
8884454
8884966
8885478
8885990
8886502
8887014
8887526
8888038
8883431
8883943
8884455
8884967
8885479
8885991
8886503
8887015
8887527
8888039
8883432
8883944
8884456
8884968
8885480
8885992
8886504
8887016
8887528
8888040
8883433
8883945
8884457
8884969
8885481
8885993
8886505
8887017
8887529
8888041
8883434
8883946
8884458
8884970
8885482
8885994
8886506
8887018
8887530
8888042
8883435
8883947
8884459
8884971
8885483
8885995
8886507
8887019
8887531
8888043
8854340
8854852
8855364
8855876
8856388
8856900
8857412
8857924
8858436
8858948
8854341
8854853
8855365
8855877
8856389
8856901
8857413
8857925
8858437
8858949
8854342
8854854
8855366
8855878
8856390
8856902
8857414
8857926
8858438
8858950
8854343
8854855
8855367
8855879
8856391
8856903
8857415
8857927
8858439
8858951
8854344
8854856
8855368
8855880
8856392
8856904
8857416
8857928
8858440
8858952
8854345
8854857
8855369
8855881
8856393
8856905
8857417
8857929
8858441
8858953
8854346
8854858
8855370
8855882
8856394
8856906
8857418
8857930
8858442
8858954
8854347
8854859
8855371
8855883
8856395
8856907
8857419
8857931
8858443
8858955
8854348
8854860
8855372
8855884
8856396
8856908
8857420
8857932
8858444
8858956
8854349
8854861
8855373
8855885
8856397
8856909
8857421
8857933
8858445
8858957
71503
72015
72527
73039
73551
74063
74575
75087
75599
76111
71504
72016
72528
73040
73552
74064
74576
75088
75600
76112
71505
72017
72529
73041
73553
74065
74577
75089
75601
76113
71506
72018
72530
73042
73554
74066
74578
75090
75602
76114
71507
72019
72531
73043
73555
74067
74579
75091
75603
76115
71508
72020
72532
73044
73556
74068
74580
75092
75604
76116
71509
72021
72533
73045
73557
74069
74581
75093
75605
76117
71510
72022
72534
73046
73558
74070
74582
75094
75606
76118
71511
72023
72535
73047
73559
74071
74583
75095
75607
76119
71512
72024
72536
73048
73560
74072
74584
75096
75608
76120
