48117414
48117926
48118438
48118950
48119462
48119974
48120486
48120998
48121510
48122022
48117415
48117927
48118439
48118951
48119463
48119975
48120487
48120999
48121511
48122023
48117416
48117928
48118440
48118952
48119464
48119976
48120488
48121000
48121512
48122024
48117417
48117929
48118441
48118953
48119465
48119977
48120489
48121001
48121513
48122025
48117418
48117930
48118442
48118954
48119466
48119978
48120490
48121002
48121514
48122026
48117419
48117931
48118443
48118955
48119467
48119979
48120491
48121003
48121515
48122027
48117420
48117932
48118444
48118956
48119468
48119980
48120492
48121004
48121516
48122028
48117421
48117933
48118445
48118957
48119469
48119981
48120493
48121005
48121517
48122029
48117422
48117934
48118446
48118958
48119470
48119982
48120494
48121006
48121518
48122030
48117423
48117935
48118447
48118959
48119471
48119983
48120495
48121007
48121519
48122031
46975686
46976198
46976710
46977222
46977734
46978246
46978758
46979270
46979782
46980294
46975687
46976199
46976711
46977223
46977735
46978247
46978759
46979271
46979783
46980295
46975688
46976200
46976712
46977224
46977736
46978248
46978760
46979272
46979784
46980296
46975689
46976201
46976713
46977225
46977737
46978249
46978761
46979273
46979785
46980297
46975690
46976202
46976714
46977226
46977738
46978250
46978762
46979274
46979786
46980298
46975691
46976203
46976715
46977227
46977739
46978251
46978763
46979275
46979787
46980299
46975692
46976204
46976716
46977228
46977740
46978252
46978764
46979276
46979788
46980300
46975693
46976205
46976717
46977229
46977741
46978253
46978765
46979277
46979789
46980301
46975694
46976206
46976718
46977230
46977742
46978254
46978766
46979278
46979790
46980302
46975695
46976207
46976719
46977231
46977743
46978255
46978767
46979279
46979791
46980303
38083787
38084299
38084811
38085323
38085835
38086347
38086859
38087371
38087883
38088395
38083788
38084300
38084812
38085324
38085836
38086348
38086860
38087372
38087884
38088396
38083789
38084301
38084813
38085325
38085837
38086349
38086861
38087373
38087885
38088397
38083790
38084302
38084814
38085326
38085838
38086350
38086862
38087374
38087886
38088398
38083791
38084303
38084815
38085327
38085839
38086351
38086863
38087375
38087887
38088399
38083792
38084304
38084816
38085328
38085840
38086352
38086864
38087376
38087888
38088400
38083793
38084305
38084817
38085329
38085841
38086353
38086865
38087377
38087889
38088401
38083794
38084306
38084818
38085330
38085842
38086354
38086866
38087378
38087890
38088402
38083795
38084307
38084819
38085331
38085843
38086355
38086867
38087379
38087891
38088403
38083796
38084308
38084820
38085332
38085844
38086356
38086868
38087380
38087892
38088404
52013263
52013775
52014287
52014799
52015311
52015823
52016335
52016847
52017359
52017871
52013264
52013776
52014288
52014800
52015312
52015824
52016336
52016848
52017360
52017872
52013265
52013777
52014289
52014801
52015313
52015825
52016337
52016849
52017361
52017873
52013266
52013778
52014290
52014802
52015314
52015826
52016338
52016850
52017362
52017874
52013267
52013779
52014291
52014803
52015315
52015827
52016339
52016851
52017363
52017875
52013268
52013780
52014292
52014804
52015316
52015828
52016340
52016852
52017364
52017876
52013269
52013781
52014293
52014805
52015317
52015829
52016341
52016853
52017365
52017877
52013270
52013782
52014294
52014806
52015318
52015830
52016342
52016854
52017366
52017878
52013271
52013783
52014295
52014807
52015319
52015831
52016343
52016855
52017367
52017879
52013272
52013784
52014296
52014808
52015320
52015832
52016344
52016856
52017368
52017880
47287033
47287545
47288057
47288569
47289081
47289593
47290105
47290617
47291129
47291641
47287034
47287546
47288058
47288570
47289082
47289594
47290106
47290618
47291130
47291642
47287035
47287547
47288059
47288571
47289083
47289595
47290107
47290619
47291131
47291643
47287036
47287548
47288060
47288572
47289084
47289596
47290108
47290620
47291132
47291644
47287037
47287549
47288061
47288573
47289085
47289597
47290109
47290621
47291133
47291645
47287038
47287550
47288062
47288574
47289086
47289598
47290110
47290622
47291134
47291646
47287039
47287551
47288063
47288575
47289087
47289599
47290111
47290623
47291135
47291647
47287040
47287552
47288064
47288576
47289088
47289600
47290112
47290624
47291136
47291648
47287041
47287553
47288065
47288577
47289089
47289601
47290113
47290625
47291137
47291649
47287042
47287554
47288066
47288578
47289090
47289602
47290114
47290626
47291138
47291650
44667036
44667548
44668060
44668572
44669084
44669596
44670108
44670620
44671132
44671644
44667037
44667549
44668061
44668573
44669085
44669597
44670109
44670621
44671133
44671645
44667038
44667550
44668062
44668574
44669086
44669598
44670110
44670622
44671134
44671646
44667039
44667551
44668063
44668575
44669087
44669599
44670111
44670623
44671135
44671647
44667040
44667552
44668064
44668576
44669088
44669600
44670112
44670624
44671136
44671648
44667041
44667553
44668065
44668577
44669089
44669601
44670113
44670625
44671137
44671649
44667042
44667554
44668066
44668578
44669090
44669602
44670114
44670626
44671138
44671650
44667043
44667555
44668067
44668579
44669091
44669603
44670115
44670627
44671139
44671651
44667044
44667556
44668068
44668580
44669092
44669604
44670116
44670628
44671140
44671652
44667045
44667557
44668069
44668581
44669093
44669605
44670117
44670629
44671141
44671653
49872670
49873182
49873694
49874206
49874718
49875230
49875742
49876254
49876766
49877278
49872671
49873183
49873695
49874207
49874719
49875231
49875743
49876255
49876767
49877279
49872672
49873184
49873696
49874208
49874720
49875232
49875744
49876256
49876768
49877280
49872673
49873185
49873697
49874209
49874721
49875233
49875745
49876257
49876769
49877281
49872674
49873186
49873698
49874210
49874722
49875234
49875746
49876258
49876770
49877282
49872675
49873187
49873699
49874211
49874723
49875235
49875747
49876259
49876771
49877283
49872676
49873188
49873700
49874212
49874724
49875236
49875748
49876260
49876772
49877284
49872677
49873189
49873701
49874213
49874725
49875237
49875749
49876261
49876773
49877285
49872678
49873190
49873702
49874214
49874726
49875238
49875750
49876262
49876774
49877286
49872679
49873191
49873703
49874215
49874727
49875239
49875751
49876263
49876775
49877287
43603094
43603606
43604118
43604630
43605142
43605654
43606166
43606678
43607190
43607702
43603095
43603607
43604119
43604631
43605143
43605655
43606167
43606679
43607191
43607703
43603096
43603608
43604120
43604632
43605144
43605656
43606168
43606680
43607192
43607704
43603097
43603609
43604121
43604633
43605145
43605657
43606169
43606681
43607193
43607705
43603098
43603610
43604122
43604634
43605146
43605658
43606170
43606682
43607194
43607706
43603099
43603611
43604123
43604635
43605147
43605659
43606171
43606683
43607195
43607707
43603100
43603612
43604124
43604636
43605148
43605660
43606172
43606684
43607196
43607708
43603101
43603613
43604125
43604637
43605149
43605661
43606173
43606685
43607197
43607709
43603102
43603614
43604126
43604638
43605150
43605662
43606174
43606686
43607198
43607710
43603103
43603615
43604127
43604639
43605151
43605663
43606175
43606687
43607199
43607711
45462211
45462723
45463235
45463747
45464259
45464771
45465283
45465795
45466307
45466819
45462212
45462724
45463236
45463748
45464260
45464772
45465284
45465796
45466308
45466820
45462213
45462725
45463237
45463749
45464261
45464773
45465285
45465797
45466309
45466821
45462214
45462726
45463238
45463750
45464262
45464774
45465286
45465798
45466310
45466822
45462215
45462727
45463239
45463751
45464263
45464775
45465287
45465799
45466311
45466823
45462216
45462728
45463240
45463752
45464264
45464776
45465288
45465800
45466312
45466824
45462217
45462729
45463241
45463753
45464265
45464777
45465289
45465801
45466313
45466825
45462218
45462730
45463242
45463754
45464266
45464778
45465290
45465802
45466314
45466826
45462219
45462731
45463243
45463755
45464267
45464779
45465291
45465803
45466315
45466827
45462220
45462732
45463244
45463756
45464268
45464780
45465292
45465804
45466316
45466828
48634577
48635089
48635601
48636113
48636625
48637137
48637649
48638161
48638673
48639185
48634578
48635090
48635602
48636114
48636626
48637138
48637650
48638162
48638674
48639186
48634579
48635091
48635603
48636115
48636627
48637139
48637651
48638163
48638675
48639187
48634580
48635092
48635604
48636116
48636628
48637140
48637652
48638164
48638676
48639188
48634581
48635093
48635605
48636117
48636629
48637141
48637653
48638165
48638677
48639189
48634582
48635094
48635606
48636118
48636630
48637142
48637654
48638166
48638678
48639190
48634583
48635095
48635607
48636119
48636631
48637143
48637655
48638167
48638679
48639191
48634584
48635096
48635608
48636120
48636632
48637144
48637656
48638168
48638680
48639192
48634585
48635097
48635609
48636121
48636633
48637145
48637657
48638169
48638681
48639193
48634586
48635098
48635610
48636122
48636634
48637146
48637658
48638170
48638682
48639194
39133954
39134466
39134978
39135490
39136002
39136514
39137026
39137538
39138050
39138562
39133955
39134467
39134979
39135491
39136003
39136515
39137027
39137539
39138051
39138563
39133956
39134468
39134980
39135492
39136004
39136516
39137028
39137540
39138052
39138564
39133957
39134469
39134981
39135493
39136005
39136517
39137029
39137541
39138053
39138565
39133958
39134470
39134982
39135494
39136006
39136518
39137030
39137542
39138054
39138566
39133959
39134471
39134983
39135495
39136007
39136519
39137031
39137543
39138055
39138567
39133960
39134472
39134984
39135496
39136008
39136520
39137032
39137544
39138056
39138568
39133961
39134473
39134985
39135497
39136009
39136521
39137033
39137545
39138057
39138569
39133962
39134474
39134986
39135498
39136010
39136522
39137034
39137546
39138058
39138570
39133963
39134475
39134987
39135499
39136011
39136523
39137035
39137547
39138059
39138571
49095976
49096488
49097000
49097512
49098024
49098536
49099048
49099560
49100072
49100584
49095977
49096489
49097001
49097513
49098025
49098537
49099049
49099561
49100073
49100585
49095978
49096490
49097002
49097514
49098026
49098538
49099050
49099562
49100074
49100586
49095979
49096491
49097003
49097515
49098027
49098539
49099051
49099563
49100075
49100587
49095980
49096492
49097004
49097516
49098028
49098540
49099052
49099564
49100076
49100588
49095981
49096493
49097005
49097517
49098029
49098541
49099053
49099565
49100077
49100589
49095982
49096494
49097006
49097518
49098030
49098542
49099054
49099566
49100078
49100590
49095983
49096495
49097007
49097519
49098031
49098543
49099055
49099567
49100079
49100591
49095984
49096496
49097008
49097520
49098032
49098544
49099056
49099568
49100080
49100592
49095985
49096497
49097009
49097521
49098033
49098545
49099057
49099569
49100081
49100593
37289665
37290177
37290689
37291201
37291713
37292225
37292737
37293249
37293761
37294273
37289666
37290178
37290690
37291202
37291714
37292226
37292738
37293250
37293762
37294274
37289667
37290179
37290691
37291203
37291715
37292227
37292739
37293251
37293763
37294275
37289668
37290180
37290692
37291204
37291716
37292228
37292740
37293252
37293764
37294276
37289669
37290181
37290693
37291205
37291717
37292229
37292741
37293253
37293765
37294277
37289670
37290182
37290694
37291206
37291718
37292230
37292742
37293254
37293766
37294278
37289671
37290183
37290695
37291207
37291719
37292231
37292743
37293255
37293767
37294279
37289672
37290184
37290696
37291208
37291720
37292232
37292744
37293256
37293768
37294280
37289673
37290185
37290697
37291209
37291721
37292233
37292745
37293257
37293769
37294281
37289674
37290186
37290698
37291210
37291722
37292234
37292746
37293258
37293770
37294282
49892573
49893085
49893597
49894109
49894621
49895133
49895645
49896157
49896669
49897181
49892574
49893086
49893598
49894110
49894622
49895134
49895646
49896158
49896670
49897182
49892575
49893087
49893599
49894111
49894623
49895135
49895647
49896159
49896671
49897183
49892576
49893088
49893600
49894112
49894624
49895136
49895648
49896160
49896672
49897184
49892577
49893089
49893601
49894113
49894625
49895137
49895649
49896161
49896673
49897185
49892578
49893090
49893602
49894114
49894626
49895138
49895650
49896162
49896674
49897186
49892579
49893091
49893603
49894115
49894627
49895139
49895651
49896163
49896675
49897187
49892580
49893092
49893604
49894116
49894628
49895140
49895652
49896164
49896676
49897188
49892581
49893093
49893605
49894117
49894629
49895141
49895653
49896165
49896677
49897189
49892582
49893094
49893606
49894118
49894630
49895142
49895654
49896166
49896678
49897190
43579593
43580105
43580617
43581129
43581641
43582153
43582665
43583177
43583689
43584201
43579594
43580106
43580618
43581130
43581642
43582154
43582666
43583178
43583690
43584202
43579595
43580107
43580619
43581131
43581643
43582155
43582667
43583179
43583691
43584203
43579596
43580108
43580620
43581132
43581644
43582156
43582668
43583180
43583692
43584204
43579597
43580109
43580621
43581133
43581645
43582157
43582669
43583181
43583693
43584205
43579598
43580110
43580622
43581134
43581646
43582158
43582670
43583182
43583694
43584206
43579599
43580111
43580623
43581135
43581647
43582159
43582671
43583183
43583695
43584207
43579600
43580112
43580624
43581136
43581648
43582160
43582672
43583184
43583696
43584208
43579601
43580113
43580625
43581137
43581649
43582161
43582673
43583185
43583697
43584209
43579602
43580114
43580626
43581138
43581650
43582162
43582674
43583186
43583698
43584210
52561087
52561599
52562111
52562623
52563135
52563647
52564159
52564671
52565183
52565695
52561088
52561600
52562112
52562624
52563136
52563648
52564160
52564672
52565184
52565696
52561089
52561601
52562113
52562625
52563137
52563649
52564161
52564673
52565185
52565697
52561090
52561602
52562114
52562626
52563138
52563650
52564162
52564674
52565186
52565698
52561091
52561603
52562115
52562627
52563139
52563651
52564163
52564675
52565187
52565699
52561092
52561604
52562116
52562628
52563140
52563652
52564164
52564676
52565188
52565700
52561093
52561605
52562117
52562629
52563141
52563653
52564165
52564677
52565189
52565701
52561094
52561606
52562118
52562630
52563142
52563654
52564166
52564678
52565190
52565702
52561095
52561607
52562119
52562631
52563143
52563655
52564167
52564679
52565191
52565703
52561096
52561608
52562120
52562632
52563144
52563656
52564168
52564680
52565192
52565704
50713755
50714267
50714779
50715291
50715803
50716315
50716827
50717339
50717851
50718363
50713756
50714268
50714780
50715292
50715804
50716316
50716828
50717340
50717852
50718364
50713757
50714269
50714781
50715293
50715805
50716317
50716829
50717341
50717853
50718365
50713758
50714270
50714782
50715294
50715806
50716318
50716830
50717342
50717854
50718366
50713759
50714271
50714783
50715295
50715807
50716319
50716831
50717343
50717855
50718367
50713760
50714272
50714784
50715296
50715808
50716320
50716832
50717344
50717856
50718368
50713761
50714273
50714785
50715297
50715809
50716321
50716833
50717345
50717857
50718369
50713762
50714274
50714786
50715298
50715810
50716322
50716834
50717346
50717858
50718370
50713763
50714275
50714787
50715299
50715811
50716323
50716835
50717347
50717859
50718371
50713764
50714276
50714788
50715300
50715812
50716324
50716836
50717348
50717860
50718372
45692224
45692736
45693248
45693760
45694272
45694784
45695296
45695808
45696320
45696832
45692225
45692737
45693249
45693761
45694273
45694785
45695297
45695809
45696321
45696833
45692226
45692738
45693250
45693762
45694274
45694786
45695298
45695810
45696322
45696834
45692227
45692739
45693251
45693763
45694275
45694787
45695299
45695811
45696323
45696835
45692228
45692740
45693252
45693764
45694276
45694788
45695300
45695812
45696324
45696836
45692229
45692741
45693253
45693765
45694277
45694789
45695301
45695813
45696325
45696837
45692230
45692742
45693254
45693766
45694278
45694790
45695302
45695814
45696326
45696838
45692231
45692743
45693255
45693767
45694279
45694791
45695303
45695815
45696327
45696839
45692232
45692744
45693256
45693768
45694280
45694792
45695304
45695816
45696328
45696840
45692233
45692745
45693257
45693769
45694281
45694793
45695305
45695817
45696329
45696841
49415380
49415892
49416404
49416916
49417428
49417940
49418452
49418964
49419476
49419988
49415381
49415893
49416405
49416917
49417429
49417941
49418453
49418965
49419477
49419989
49415382
49415894
49416406
49416918
49417430
49417942
49418454
49418966
49419478
49419990
49415383
49415895
49416407
49416919
49417431
49417943
49418455
49418967
49419479
49419991
49415384
49415896
49416408
49416920
49417432
49417944
49418456
49418968
49419480
49419992
49415385
49415897
49416409
49416921
49417433
49417945
49418457
49418969
49419481
49419993
49415386
49415898
49416410
49416922
49417434
49417946
49418458
49418970
49419482
49419994
49415387
49415899
49416411
49416923
49417435
49417947
49418459
49418971
49419483
49419995
49415388
49415900
49416412
49416924
49417436
49417948
49418460
49418972
49419484
49419996
49415389
49415901
49416413
49416925
49417437
49417949
49418461
49418973
49419485
49419997
40436514
40437026
40437538
40438050
40438562
40439074
40439586
40440098
40440610
40441122
40436515
40437027
40437539
40438051
40438563
40439075
40439587
40440099
40440611
40441123
40436516
40437028
40437540
40438052
40438564
40439076
40439588
40440100
40440612
40441124
40436517
40437029
40437541
40438053
40438565
40439077
40439589
40440101
40440613
40441125
40436518
40437030
40437542
40438054
40438566
40439078
40439590
40440102
40440614
40441126
40436519
40437031
40437543
40438055
40438567
40439079
40439591
40440103
40440615
40441127
40436520
40437032
40437544
40438056
40438568
40439080
40439592
40440104
40440616
40441128
40436521
40437033
40437545
40438057
40438569
40439081
40439593
40440105
40440617
40441129
40436522
40437034
40437546
40438058
40438570
40439082
40439594
40440106
40440618
40441130
40436523
40437035
40437547
40438059
40438571
40439083
40439595
40440107
40440619
40441131
54077661
54078173
54078685
54079197
54079709
54080221
54080733
54081245
54081757
54082269
54077662
54078174
54078686
54079198
54079710
54080222
54080734
54081246
54081758
54082270
54077663
54078175
54078687
54079199
54079711
54080223
54080735
54081247
54081759
54082271
54077664
54078176
54078688
54079200
54079712
54080224
54080736
54081248
54081760
54082272
54077665
54078177
54078689
54079201
54079713
54080225
54080737
54081249
54081761
54082273
54077666
54078178
54078690
54079202
54079714
54080226
54080738
54081250
54081762
54082274
54077667
54078179
54078691
54079203
54079715
54080227
54080739
54081251
54081763
54082275
54077668
54078180
54078692
54079204
54079716
54080228
54080740
54081252
54081764
54082276
54077669
54078181
54078693
54079205
54079717
54080229
54080741
54081253
54081765
54082277
54077670
54078182
54078694
54079206
54079718
54080230
54080742
54081254
54081766
54082278
34397440
34397952
34398464
34398976
34399488
34400000
34400512
34401024
34401536
34402048
34397441
34397953
34398465
34398977
34399489
34400001
34400513
34401025
34401537
34402049
34397442
34397954
34398466
34398978
34399490
34400002
34400514
34401026
34401538
34402050
34397443
34397955
34398467
34398979
34399491
34400003
34400515
34401027
34401539
34402051
34397444
34397956
34398468
34398980
34399492
34400004
34400516
34401028
34401540
34402052
34397445
34397957
34398469
34398981
34399493
34400005
34400517
34401029
34401541
34402053
34397446
34397958
34398470
34398982
34399494
34400006
34400518
34401030
34401542
34402054
34397447
34397959
34398471
34398983
34399495
34400007
34400519
34401031
34401543
34402055
34397448
34397960
34398472
34398984
34399496
34400008
34400520
34401032
34401544
34402056
34397449
34397961
34398473
34398985
34399497
34400009
34400521
34401033
34401545
34402057
43864215
43864727
43865239
43865751
43866263
43866775
43867287
43867799
43868311
43868823
43864216
43864728
43865240
43865752
43866264
43866776
43867288
43867800
43868312
43868824
43864217
43864729
43865241
43865753
43866265
43866777
43867289
43867801
43868313
43868825
43864218
43864730
43865242
43865754
43866266
43866778
43867290
43867802
43868314
43868826
43864219
43864731
43865243
43865755
43866267
43866779
43867291
43867803
43868315
43868827
43864220
43864732
43865244
43865756
43866268
43866780
43867292
43867804
43868316
43868828
43864221
43864733
43865245
43865757
43866269
43866781
43867293
43867805
43868317
43868829
43864222
43864734
43865246
43865758
43866270
43866782
43867294
43867806
43868318
43868830
43864223
43864735
43865247
43865759
43866271
43866783
43867295
43867807
43868319
43868831
43864224
43864736
43865248
43865760
43866272
43866784
43867296
43867808
43868320
43868832
48087694
48088206
48088718
48089230
48089742
48090254
48090766
48091278
48091790
48092302
48087695
48088207
48088719
48089231
48089743
48090255
48090767
48091279
48091791
48092303
48087696
48088208
48088720
48089232
48089744
48090256
48090768
48091280
48091792
48092304
48087697
48088209
48088721
48089233
48089745
48090257
48090769
48091281
48091793
48092305
48087698
48088210
48088722
48089234
48089746
48090258
48090770
48091282
48091794
48092306
48087699
48088211
48088723
48089235
48089747
48090259
48090771
48091283
48091795
48092307
48087700
48088212
48088724
48089236
48089748
48090260
48090772
48091284
48091796
48092308
48087701
48088213
48088725
48089237
48089749
48090261
48090773
48091285
48091797
48092309
48087702
48088214
48088726
48089238
48089750
48090262
48090774
48091286
48091798
48092310
48087703
48088215
48088727
48089239
48089751
48090263
48090775
48091287
48091799
48092311
44942516
44943028
44943540
44944052
44944564
44945076
44945588
44946100
44946612
44947124
44942517
44943029
44943541
44944053
44944565
44945077
44945589
44946101
44946613
44947125
44942518
44943030
44943542
44944054
44944566
44945078
44945590
44946102
44946614
44947126
44942519
44943031
44943543
44944055
44944567
44945079
44945591
44946103
44946615
44947127
44942520
44943032
44943544
44944056
44944568
44945080
44945592
44946104
44946616
44947128
44942521
44943033
44943545
44944057
44944569
44945081
44945593
44946105
44946617
44947129
44942522
44943034
44943546
44944058
44944570
44945082
44945594
44946106
44946618
44947130
44942523
44943035
44943547
44944059
44944571
44945083
44945595
44946107
44946619
44947131
44942524
44943036
44943548
44944060
44944572
44945084
44945596
44946108
44946620
44947132
44942525
44943037
44943549
44944061
44944573
44945085
44945597
44946109
44946621
44947133
39136497
39137009
39137521
39138033
39138545
39139057
39139569
39140081
39140593
39141105
39136498
39137010
39137522
39138034
39138546
39139058
39139570
39140082
39140594
39141106
39136499
39137011
39137523
39138035
39138547
39139059
39139571
39140083
39140595
39141107
39136500
39137012
39137524
39138036
39138548
39139060
39139572
39140084
39140596
39141108
39136501
39137013
39137525
39138037
39138549
39139061
39139573
39140085
39140597
39141109
39136502
39137014
39137526
39138038
39138550
39139062
39139574
39140086
39140598
39141110
39136503
39137015
39137527
39138039
39138551
39139063
39139575
39140087
39140599
39141111
39136504
39137016
39137528
39138040
39138552
39139064
39139576
39140088
39140600
39141112
39136505
39137017
39137529
39138041
39138553
39139065
39139577
39140089
39140601
39141113
39136506
39137018
39137530
39138042
39138554
39139066
39139578
39140090
39140602
39141114
54609615
54610127
54610639
54611151
54611663
54612175
54612687
54613199
54613711
54614223
54609616
54610128
54610640
54611152
54611664
54612176
54612688
54613200
54613712
54614224
54609617
54610129
54610641
54611153
54611665
54612177
54612689
54613201
54613713
54614225
54609618
54610130
54610642
54611154
54611666
54612178
54612690
54613202
54613714
54614226
54609619
54610131
54610643
54611155
54611667
54612179
54612691
54613203
54613715
54614227
54609620
54610132
54610644
54611156
54611668
54612180
54612692
54613204
54613716
54614228
54609621
54610133
54610645
54611157
54611669
54612181
54612693
54613205
54613717
54614229
54609622
54610134
54610646
54611158
54611670
54612182
54612694
54613206
54613718
54614230
54609623
54610135
54610647
54611159
54611671
54612183
54612695
54613207
54613719
54614231
54609624
54610136
54610648
54611160
54611672
54612184
54612696
54613208
54613720
54614232
46258834
46259346
46259858
46260370
46260882
46261394
46261906
46262418
46262930
46263442
46258835
46259347
46259859
46260371
46260883
46261395
46261907
46262419
46262931
46263443
46258836
46259348
46259860
46260372
46260884
46261396
46261908
46262420
46262932
46263444
46258837
46259349
46259861
46260373
46260885
46261397
46261909
46262421
46262933
46263445
46258838
46259350
46259862
46260374
46260886
46261398
46261910
46262422
46262934
46263446
46258839
46259351
46259863
46260375
46260887
46261399
46261911
46262423
46262935
46263447
46258840
46259352
46259864
46260376
46260888
46261400
46261912
46262424
46262936
46263448
46258841
46259353
46259865
46260377
46260889
46261401
46261913
46262425
46262937
46263449
46258842
46259354
46259866
46260378
46260890
46261402
46261914
46262426
46262938
46263450
46258843
46259355
46259867
46260379
46260891
46261403
46261915
46262427
46262939
46263451
46760096
46760608
46761120
46761632
46762144
46762656
46763168
46763680
46764192
46764704
46760097
46760609
46761121
46761633
46762145
46762657
46763169
46763681
46764193
46764705
46760098
46760610
46761122
46761634
46762146
46762658
46763170
46763682
46764194
46764706
46760099
46760611
46761123
46761635
46762147
46762659
46763171
46763683
46764195
46764707
46760100
46760612
46761124
46761636
46762148
46762660
46763172
46763684
46764196
46764708
46760101
46760613
46761125
46761637
46762149
46762661
46763173
46763685
46764197
46764709
46760102
46760614
46761126
46761638
46762150
46762662
46763174
46763686
46764198
46764710
46760103
46760615
46761127
46761639
46762151
46762663
46763175
46763687
46764199
46764711
46760104
46760616
46761128
46761640
46762152
46762664
46763176
46763688
46764200
46764712
46760105
46760617
46761129
46761641
46762153
46762665
46763177
46763689
46764201
46764713
46722773
46723285
46723797
46724309
46724821
46725333
46725845
46726357
46726869
46727381
46722774
46723286
46723798
46724310
46724822
46725334
46725846
46726358
46726870
46727382
46722775
46723287
46723799
46724311
46724823
46725335
46725847
46726359
46726871
46727383
46722776
46723288
46723800
46724312
46724824
46725336
46725848
46726360
46726872
46727384
46722777
46723289
46723801
46724313
46724825
46725337
46725849
46726361
46726873
46727385
46722778
46723290
46723802
46724314
46724826
46725338
46725850
46726362
46726874
46727386
46722779
46723291
46723803
46724315
46724827
46725339
46725851
46726363
46726875
46727387
46722780
46723292
46723804
46724316
46724828
46725340
46725852
46726364
46726876
46727388
46722781
46723293
46723805
46724317
46724829
46725341
46725853
46726365
46726877
46727389
46722782
46723294
46723806
46724318
46724830
46725342
46725854
46726366
46726878
46727390
