19989571
19990083
19990595
19991107
19991619
19992131
19992643
19993155
19993667
19994179
19989572
19990084
19990596
19991108
19991620
19992132
19992644
19993156
19993668
19994180
19989573
19990085
19990597
19991109
19991621
19992133
19992645
19993157
19993669
19994181
19989574
19990086
19990598
19991110
19991622
19992134
19992646
19993158
19993670
19994182
19989575
19990087
19990599
19991111
19991623
19992135
19992647
19993159
19993671
19994183
19989576
19990088
19990600
19991112
19991624
19992136
19992648
19993160
19993672
19994184
19989577
19990089
19990601
19991113
19991625
19992137
19992649
19993161
19993673
19994185
19989578
19990090
19990602
19991114
19991626
19992138
19992650
19993162
19993674
19994186
19989579
19990091
19990603
19991115
19991627
19992139
19992651
19993163
19993675
19994187
19989580
19990092
19990604
19991116
19991628
19992140
19992652
19993164
19993676
19994188
25010726
25011238
25011750
25012262
25012774
25013286
25013798
25014310
25014822
25015334
25010727
25011239
25011751
25012263
25012775
25013287
25013799
25014311
25014823
25015335
25010728
25011240
25011752
25012264
25012776
25013288
25013800
25014312
25014824
25015336
25010729
25011241
25011753
25012265
25012777
25013289
25013801
25014313
25014825
25015337
25010730
25011242
25011754
25012266
25012778
25013290
25013802
25014314
25014826
25015338
25010731
25011243
25011755
25012267
25012779
25013291
25013803
25014315
25014827
25015339
25010732
25011244
25011756
25012268
25012780
25013292
25013804
25014316
25014828
25015340
25010733
25011245
25011757
25012269
25012781
25013293
25013805
25014317
25014829
25015341
25010734
25011246
25011758
25012270
25012782
25013294
25013806
25014318
25014830
25015342
25010735
25011247
25011759
25012271
25012783
25013295
25013807
25014319
25014831
25015343
43930426
43930938
43931450
43931962
43932474
43932986
43933498
43934010
43934522
43935034
43930427
43930939
43931451
43931963
43932475
43932987
43933499
43934011
43934523
43935035
43930428
43930940
43931452
43931964
43932476
43932988
43933500
43934012
43934524
43935036
43930429
43930941
43931453
43931965
43932477
43932989
43933501
43934013
43934525
43935037
43930430
43930942
43931454
43931966
43932478
43932990
43933502
43934014
43934526
43935038
43930431
43930943
43931455
43931967
43932479
43932991
43933503
43934015
43934527
43935039
43930432
43930944
43931456
43931968
43932480
43932992
43933504
43934016
43934528
43935040
43930433
43930945
43931457
43931969
43932481
43932993
43933505
43934017
43934529
43935041
43930434
43930946
43931458
43931970
43932482
43932994
43933506
43934018
43934530
43935042
43930435
43930947
43931459
43931971
43932483
43932995
43933507
43934019
43934531
43935043
28462745
28463257
28463769
28464281
28464793
28465305
28465817
28466329
28466841
28467353
28462746
28463258
28463770
28464282
28464794
28465306
28465818
28466330
28466842
28467354
28462747
28463259
28463771
28464283
28464795
28465307
28465819
28466331
28466843
28467355
28462748
28463260
28463772
28464284
28464796
28465308
28465820
28466332
28466844
28467356
28462749
28463261
28463773
28464285
28464797
28465309
28465821
28466333
28466845
28467357
28462750
28463262
28463774
28464286
28464798
28465310
28465822
28466334
28466846
28467358
28462751
28463263
28463775
28464287
28464799
28465311
28465823
28466335
28466847
28467359
28462752
28463264
28463776
28464288
28464800
28465312
28465824
28466336
28466848
28467360
28462753
28463265
28463777
28464289
28464801
28465313
28465825
28466337
28466849
28467361
28462754
28463266
28463778
28464290
28464802
28465314
28465826
28466338
28466850
28467362
45981172
45981684
45982196
45982708
45983220
45983732
45984244
45984756
45985268
45985780
45981173
45981685
45982197
45982709
45983221
45983733
45984245
45984757
45985269
45985781
45981174
45981686
45982198
45982710
45983222
45983734
45984246
45984758
45985270
45985782
45981175
45981687
45982199
45982711
45983223
45983735
45984247
45984759
45985271
45985783
45981176
45981688
45982200
45982712
45983224
45983736
45984248
45984760
45985272
45985784
45981177
45981689
45982201
45982713
45983225
45983737
45984249
45984761
45985273
45985785
45981178
45981690
45982202
45982714
45983226
45983738
45984250
45984762
45985274
45985786
45981179
45981691
45982203
45982715
45983227
45983739
45984251
45984763
45985275
45985787
45981180
45981692
45982204
45982716
45983228
45983740
45984252
45984764
45985276
45985788
45981181
45981693
45982205
45982717
45983229
45983741
45984253
45984765
45985277
45985789
52742319
52742831
52743343
52743855
52744367
52744879
52745391
52745903
52746415
52746927
52742320
52742832
52743344
52743856
52744368
52744880
52745392
52745904
52746416
52746928
52742321
52742833
52743345
52743857
52744369
52744881
52745393
52745905
52746417
52746929
52742322
52742834
52743346
52743858
52744370
52744882
52745394
52745906
52746418
52746930
52742323
52742835
52743347
52743859
52744371
52744883
52745395
52745907
52746419
52746931
52742324
52742836
52743348
52743860
52744372
52744884
52745396
52745908
52746420
52746932
52742325
52742837
52743349
52743861
52744373
52744885
52745397
52745909
52746421
52746933
52742326
52742838
52743350
52743862
52744374
52744886
52745398
52745910
52746422
52746934
52742327
52742839
52743351
52743863
52744375
52744887
52745399
52745911
52746423
52746935
52742328
52742840
52743352
52743864
52744376
52744888
52745400
52745912
52746424
52746936
45356918
45357430
45357942
45358454
45358966
45359478
45359990
45360502
45361014
45361526
45356919
45357431
45357943
45358455
45358967
45359479
45359991
45360503
45361015
45361527
45356920
45357432
45357944
45358456
45358968
45359480
45359992
45360504
45361016
45361528
45356921
45357433
45357945
45358457
45358969
45359481
45359993
45360505
45361017
45361529
45356922
45357434
45357946
45358458
45358970
45359482
45359994
45360506
45361018
45361530
45356923
45357435
45357947
45358459
45358971
45359483
45359995
45360507
45361019
45361531
45356924
45357436
45357948
45358460
45358972
45359484
45359996
45360508
45361020
45361532
45356925
45357437
45357949
45358461
45358973
45359485
45359997
45360509
45361021
45361533
45356926
45357438
45357950
45358462
45358974
45359486
45359998
45360510
45361022
45361534
45356927
45357439
45357951
45358463
45358975
45359487
45359999
45360511
45361023
45361535
26829548
26830060
26830572
26831084
26831596
26832108
26832620
26833132
26833644
26834156
26829549
26830061
26830573
26831085
26831597
26832109
26832621
26833133
26833645
26834157
26829550
26830062
26830574
26831086
26831598
26832110
26832622
26833134
26833646
26834158
26829551
26830063
26830575
26831087
26831599
26832111
26832623
26833135
26833647
26834159
26829552
26830064
26830576
26831088
26831600
26832112
26832624
26833136
26833648
26834160
26829553
26830065
26830577
26831089
26831601
26832113
26832625
26833137
26833649
26834161
26829554
26830066
26830578
26831090
26831602
26832114
26832626
26833138
26833650
26834162
26829555
26830067
26830579
26831091
26831603
26832115
26832627
26833139
26833651
26834163
26829556
26830068
26830580
26831092
26831604
26832116
26832628
26833140
26833652
26834164
26829557
26830069
26830581
26831093
26831605
26832117
26832629
26833141
26833653
26834165
1014077
1014589
1015101
1015613
1016125
1016637
1017149
1017661
1018173
1018685
1014078
1014590
1015102
1015614
1016126
1016638
1017150
1017662
1018174
1018686
1014079
1014591
1015103
1015615
1016127
1016639
1017151
1017663
1018175
1018687
1014080
1014592
1015104
1015616
1016128
1016640
1017152
1017664
1018176
1018688
1014081
1014593
1015105
1015617
1016129
1016641
1017153
1017665
1018177
1018689
1014082
1014594
1015106
1015618
1016130
1016642
1017154
1017666
1018178
1018690
1014083
1014595
1015107
1015619
1016131
1016643
1017155
1017667
1018179
1018691
1014084
1014596
1015108
1015620
1016132
1016644
1017156
1017668
1018180
1018692
1014085
1014597
1015109
1015621
1016133
1016645
1017157
1017669
1018181
1018693
1014086
1014598
1015110
1015622
1016134
1016646
1017158
1017670
1018182
1018694
39453627
39454139
39454651
39455163
39455675
39456187
39456699
39457211
39457723
39458235
39453628
39454140
39454652
39455164
39455676
39456188
39456700
39457212
39457724
39458236
39453629
39454141
39454653
39455165
39455677
39456189
39456701
39457213
39457725
39458237
39453630
39454142
39454654
39455166
39455678
39456190
39456702
39457214
39457726
39458238
39453631
39454143
39454655
39455167
39455679
39456191
39456703
39457215
39457727
39458239
39453632
39454144
39454656
39455168
39455680
39456192
39456704
39457216
39457728
39458240
39453633
39454145
39454657
39455169
39455681
39456193
39456705
39457217
39457729
39458241
39453634
39454146
39454658
39455170
39455682
39456194
39456706
39457218
39457730
39458242
39453635
39454147
39454659
39455171
39455683
39456195
39456707
39457219
39457731
39458243
39453636
39454148
39454660
39455172
39455684
39456196
39456708
39457220
39457732
39458244
40409897
40410409
40410921
40411433
40411945
40412457
40412969
40413481
40413993
40414505
40409898
40410410
40410922
40411434
40411946
40412458
40412970
40413482
40413994
40414506
40409899
40410411
40410923
40411435
40411947
40412459
40412971
40413483
40413995
40414507
40409900
40410412
40410924
40411436
40411948
40412460
40412972
40413484
40413996
40414508
40409901
40410413
40410925
40411437
40411949
40412461
40412973
40413485
40413997
40414509
40409902
40410414
40410926
40411438
40411950
40412462
40412974
40413486
40413998
40414510
40409903
40410415
40410927
40411439
40411951
40412463
40412975
40413487
40413999
40414511
40409904
40410416
40410928
40411440
40411952
40412464
40412976
40413488
40414000
40414512
40409905
40410417
40410929
40411441
40411953
40412465
40412977
40413489
40414001
40414513
40409906
40410418
40410930
40411442
40411954
40412466
40412978
40413490
40414002
40414514
15342578
15343090
15343602
15344114
15344626
15345138
15345650
15346162
15346674
15347186
15342579
15343091
15343603
15344115
15344627
15345139
15345651
15346163
15346675
15347187
15342580
15343092
15343604
15344116
15344628
15345140
15345652
15346164
15346676
15347188
15342581
15343093
15343605
15344117
15344629
15345141
15345653
15346165
15346677
15347189
15342582
15343094
15343606
15344118
15344630
15345142
15345654
15346166
15346678
15347190
15342583
15343095
15343607
15344119
15344631
15345143
15345655
15346167
15346679
15347191
15342584
15343096
15343608
15344120
15344632
15345144
15345656
15346168
15346680
15347192
15342585
15343097
15343609
15344121
15344633
15345145
15345657
15346169
15346681
15347193
15342586
15343098
15343610
15344122
15344634
15345146
15345658
15346170
15346682
15347194
15342587
15343099
15343611
15344123
15344635
15345147
15345659
15346171
15346683
15347195
48679165
48679677
48680189
48680701
48681213
48681725
48682237
48682749
48683261
48683773
48679166
48679678
48680190
48680702
48681214
48681726
48682238
48682750
48683262
48683774
48679167
48679679
48680191
48680703
48681215
48681727
48682239
48682751
48683263
48683775
48679168
48679680
48680192
48680704
48681216
48681728
48682240
48682752
48683264
48683776
48679169
48679681
48680193
48680705
48681217
48681729
48682241
48682753
48683265
48683777
48679170
48679682
48680194
48680706
48681218
48681730
48682242
48682754
48683266
48683778
48679171
48679683
48680195
48680707
48681219
48681731
48682243
48682755
48683267
48683779
48679172
48679684
48680196
48680708
48681220
48681732
48682244
48682756
48683268
48683780
48679173
48679685
48680197
48680709
48681221
48681733
48682245
48682757
48683269
48683781
48679174
48679686
48680198
48680710
48681222
48681734
48682246
48682758
48683270
48683782
7249086
7249598
7250110
7250622
7251134
7251646
7252158
7252670
7253182
7253694
7249087
7249599
7250111
7250623
7251135
7251647
7252159
7252671
7253183
7253695
7249088
7249600
7250112
7250624
7251136
7251648
7252160
7252672
7253184
7253696
7249089
7249601
7250113
7250625
7251137
7251649
7252161
7252673
7253185
7253697
7249090
7249602
7250114
7250626
7251138
7251650
7252162
7252674
7253186
7253698
7249091
7249603
7250115
7250627
7251139
7251651
7252163
7252675
7253187
7253699
7249092
7249604
7250116
7250628
7251140
7251652
7252164
7252676
7253188
7253700
7249093
7249605
7250117
7250629
7251141
7251653
7252165
7252677
7253189
7253701
7249094
7249606
7250118
7250630
7251142
7251654
7252166
7252678
7253190
7253702
7249095
7249607
7250119
7250631
7251143
7251655
7252167
7252679
7253191
7253703
19407283
19407795
19408307
19408819
19409331
19409843
19410355
19410867
19411379
19411891
19407284
19407796
19408308
19408820
19409332
19409844
19410356
19410868
19411380
19411892
19407285
19407797
19408309
19408821
19409333
19409845
19410357
19410869
19411381
19411893
19407286
19407798
19408310
19408822
19409334
19409846
19410358
19410870
19411382
19411894
19407287
19407799
19408311
19408823
19409335
19409847
19410359
19410871
19411383
19411895
19407288
19407800
19408312
19408824
19409336
19409848
19410360
19410872
19411384
19411896
19407289
19407801
19408313
19408825
19409337
19409849
19410361
19410873
19411385
19411897
19407290
19407802
19408314
19408826
19409338
19409850
19410362
19410874
19411386
19411898
19407291
19407803
19408315
19408827
19409339
19409851
19410363
19410875
19411387
19411899
19407292
19407804
19408316
19408828
19409340
19409852
19410364
19410876
19411388
19411900
43785394
43785906
43786418
43786930
43787442
43787954
43788466
43788978
43789490
43790002
43785395
43785907
43786419
43786931
43787443
43787955
43788467
43788979
43789491
43790003
43785396
43785908
43786420
43786932
43787444
43787956
43788468
43788980
43789492
43790004
43785397
43785909
43786421
43786933
43787445
43787957
43788469
43788981
43789493
43790005
43785398
43785910
43786422
43786934
43787446
43787958
43788470
43788982
43789494
43790006
43785399
43785911
43786423
43786935
43787447
43787959
43788471
43788983
43789495
43790007
43785400
43785912
43786424
43786936
43787448
43787960
43788472
43788984
43789496
43790008
43785401
43785913
43786425
43786937
43787449
43787961
43788473
43788985
43789497
43790009
43785402
43785914
43786426
43786938
43787450
43787962
43788474
43788986
43789498
43790010
43785403
43785915
43786427
43786939
43787451
43787963
43788475
43788987
43789499
43790011
38821092
38821604
38822116
38822628
38823140
38823652
38824164
38824676
38825188
38825700
38821093
38821605
38822117
38822629
38823141
38823653
38824165
38824677
38825189
38825701
38821094
38821606
38822118
38822630
38823142
38823654
38824166
38824678
38825190
38825702
38821095
38821607
38822119
38822631
38823143
38823655
38824167
38824679
38825191
38825703
38821096
38821608
38822120
38822632
38823144
38823656
38824168
38824680
38825192
38825704
38821097
38821609
38822121
38822633
38823145
38823657
38824169
38824681
38825193
38825705
38821098
38821610
38822122
38822634
38823146
38823658
38824170
38824682
38825194
38825706
38821099
38821611
38822123
38822635
38823147
38823659
38824171
38824683
38825195
38825707
38821100
38821612
38822124
38822636
38823148
38823660
38824172
38824684
38825196
38825708
38821101
38821613
38822125
38822637
38823149
38823661
38824173
38824685
38825197
38825709
51960900
51961412
51961924
51962436
51962948
51963460
51963972
51964484
51964996
51965508
51960901
51961413
51961925
51962437
51962949
51963461
51963973
51964485
51964997
51965509
51960902
51961414
51961926
51962438
51962950
51963462
51963974
51964486
51964998
51965510
51960903
51961415
51961927
51962439
51962951
51963463
51963975
51964487
51964999
51965511
51960904
51961416
51961928
51962440
51962952
51963464
51963976
51964488
51965000
51965512
51960905
51961417
51961929
51962441
51962953
51963465
51963977
51964489
51965001
51965513
51960906
51961418
51961930
51962442
51962954
51963466
51963978
51964490
51965002
51965514
51960907
51961419
51961931
51962443
51962955
51963467
51963979
51964491
51965003
51965515
51960908
51961420
51961932
51962444
51962956
51963468
51963980
51964492
51965004
51965516
51960909
51961421
51961933
51962445
51962957
51963469
51963981
51964493
51965005
51965517
5054176
5054688
5055200
5055712
5056224
5056736
5057248
5057760
5058272
5058784
5054177
5054689
5055201
5055713
5056225
5056737
5057249
5057761
5058273
5058785
5054178
5054690
5055202
5055714
5056226
5056738
5057250
5057762
5058274
5058786
5054179
5054691
5055203
5055715
5056227
5056739
5057251
5057763
5058275
5058787
5054180
5054692
5055204
5055716
5056228
5056740
5057252
5057764
5058276
5058788
5054181
5054693
5055205
5055717
5056229
5056741
5057253
5057765
5058277
5058789
5054182
5054694
5055206
5055718
5056230
5056742
5057254
5057766
5058278
5058790
5054183
5054695
5055207
5055719
5056231
5056743
5057255
5057767
5058279
5058791
5054184
5054696
5055208
5055720
5056232
5056744
5057256
5057768
5058280
5058792
5054185
5054697
5055209
5055721
5056233
5056745
5057257
5057769
5058281
5058793
15303651
15304163
15304675
15305187
15305699
15306211
15306723
15307235
15307747
15308259
15303652
15304164
15304676
15305188
15305700
15306212
15306724
15307236
15307748
15308260
15303653
15304165
15304677
15305189
15305701
15306213
15306725
15307237
15307749
15308261
15303654
15304166
15304678
15305190
15305702
15306214
15306726
15307238
15307750
15308262
15303655
15304167
15304679
15305191
15305703
15306215
15306727
15307239
15307751
15308263
15303656
15304168
15304680
15305192
15305704
15306216
15306728
15307240
15307752
15308264
15303657
15304169
15304681
15305193
15305705
15306217
15306729
15307241
15307753
15308265
15303658
15304170
15304682
15305194
15305706
15306218
15306730
15307242
15307754
15308266
15303659
15304171
15304683
15305195
15305707
15306219
15306731
15307243
15307755
15308267
15303660
15304172
15304684
15305196
15305708
15306220
15306732
15307244
15307756
15308268
9730307
9730819
9731331
9731843
9732355
9732867
9733379
9733891
9734403
9734915
9730308
9730820
9731332
9731844
9732356
9732868
9733380
9733892
9734404
9734916
9730309
9730821
9731333
9731845
9732357
9732869
9733381
9733893
9734405
9734917
9730310
9730822
9731334
9731846
9732358
9732870
9733382
9733894
9734406
9734918
9730311
9730823
9731335
9731847
9732359
9732871
9733383
9733895
9734407
9734919
9730312
9730824
9731336
9731848
9732360
9732872
9733384
9733896
9734408
9734920
9730313
9730825
9731337
9731849
9732361
9732873
9733385
9733897
9734409
9734921
9730314
9730826
9731338
9731850
9732362
9732874
9733386
9733898
9734410
9734922
9730315
9730827
9731339
9731851
9732363
9732875
9733387
9733899
9734411
9734923
9730316
9730828
9731340
9731852
9732364
9732876
9733388
9733900
9734412
9734924
34555509
34556021
34556533
34557045
34557557
34558069
34558581
34559093
34559605
34560117
34555510
34556022
34556534
34557046
34557558
34558070
34558582
34559094
34559606
34560118
34555511
34556023
34556535
34557047
34557559
34558071
34558583
34559095
34559607
34560119
34555512
34556024
34556536
34557048
34557560
34558072
34558584
34559096
34559608
34560120
34555513
34556025
34556537
34557049
34557561
34558073
34558585
34559097
34559609
34560121
34555514
34556026
34556538
34557050
34557562
34558074
34558586
34559098
34559610
34560122
34555515
34556027
34556539
34557051
34557563
34558075
34558587
34559099
34559611
34560123
34555516
34556028
34556540
34557052
34557564
34558076
34558588
34559100
34559612
34560124
34555517
34556029
34556541
34557053
34557565
34558077
34558589
34559101
34559613
34560125
34555518
34556030
34556542
34557054
34557566
34558078
34558590
34559102
34559614
34560126
10993061
10993573
10994085
10994597
10995109
10995621
10996133
10996645
10997157
10997669
10993062
10993574
10994086
10994598
10995110
10995622
10996134
10996646
10997158
10997670
10993063
10993575
10994087
10994599
10995111
10995623
10996135
10996647
10997159
10997671
10993064
10993576
10994088
10994600
10995112
10995624
10996136
10996648
10997160
10997672
10993065
10993577
10994089
10994601
10995113
10995625
10996137
10996649
10997161
10997673
10993066
10993578
10994090
10994602
10995114
10995626
10996138
10996650
10997162
10997674
10993067
10993579
10994091
10994603
10995115
10995627
10996139
10996651
10997163
10997675
10993068
10993580
10994092
10994604
10995116
10995628
10996140
10996652
10997164
10997676
10993069
10993581
10994093
10994605
10995117
10995629
10996141
10996653
10997165
10997677
10993070
10993582
10994094
10994606
10995118
10995630
10996142
10996654
10997166
10997678
28112801
28113313
28113825
28114337
28114849
28115361
28115873
28116385
28116897
28117409
28112802
28113314
28113826
28114338
28114850
28115362
28115874
28116386
28116898
28117410
28112803
28113315
28113827
28114339
28114851
28115363
28115875
28116387
28116899
28117411
28112804
28113316
28113828
28114340
28114852
28115364
28115876
28116388
28116900
28117412
28112805
28113317
28113829
28114341
28114853
28115365
28115877
28116389
28116901
28117413
28112806
28113318
28113830
28114342
28114854
28115366
28115878
28116390
28116902
28117414
28112807
28113319
28113831
28114343
28114855
28115367
28115879
28116391
28116903
28117415
28112808
28113320
28113832
28114344
28114856
28115368
28115880
28116392
28116904
28117416
28112809
28113321
28113833
28114345
28114857
28115369
28115881
28116393
28116905
28117417
28112810
28113322
28113834
28114346
28114858
28115370
28115882
28116394
28116906
28117418
39086554
39087066
39087578
39088090
39088602
39089114
39089626
39090138
39090650
39091162
39086555
39087067
39087579
39088091
39088603
39089115
39089627
39090139
39090651
39091163
39086556
39087068
39087580
39088092
39088604
39089116
39089628
39090140
39090652
39091164
39086557
39087069
39087581
39088093
39088605
39089117
39089629
39090141
39090653
39091165
39086558
39087070
39087582
39088094
39088606
39089118
39089630
39090142
39090654
39091166
39086559
39087071
39087583
39088095
39088607
39089119
39089631
39090143
39090655
39091167
39086560
39087072
39087584
39088096
39088608
39089120
39089632
39090144
39090656
39091168
39086561
39087073
39087585
39088097
39088609
39089121
39089633
39090145
39090657
39091169
39086562
39087074
39087586
39088098
39088610
39089122
39089634
39090146
39090658
39091170
39086563
39087075
39087587
39088099
39088611
39089123
39089635
39090147
39090659
39091171
33916793
33917305
33917817
33918329
33918841
33919353
33919865
33920377
33920889
33921401
33916794
33917306
33917818
33918330
33918842
33919354
33919866
33920378
33920890
33921402
33916795
33917307
33917819
33918331
33918843
33919355
33919867
33920379
33920891
33921403
33916796
33917308
33917820
33918332
33918844
33919356
33919868
33920380
33920892
33921404
33916797
33917309
33917821
33918333
33918845
33919357
33919869
33920381
33920893
33921405
33916798
33917310
33917822
33918334
33918846
33919358
33919870
33920382
33920894
33921406
33916799
33917311
33917823
33918335
33918847
33919359
33919871
33920383
33920895
33921407
33916800
33917312
33917824
33918336
33918848
33919360
33919872
33920384
33920896
33921408
33916801
33917313
33917825
33918337
33918849
33919361
33919873
33920385
33920897
33921409
33916802
33917314
33917826
33918338
33918850
33919362
33919874
33920386
33920898
33921410
47370886
47371398
47371910
47372422
47372934
47373446
47373958
47374470
47374982
47375494
47370887
47371399
47371911
47372423
47372935
47373447
47373959
47374471
47374983
47375495
47370888
47371400
47371912
47372424
47372936
47373448
47373960
47374472
47374984
47375496
47370889
47371401
47371913
47372425
47372937
47373449
47373961
47374473
47374985
47375497
47370890
47371402
47371914
47372426
47372938
47373450
47373962
47374474
47374986
47375498
47370891
47371403
47371915
47372427
47372939
47373451
47373963
47374475
47374987
47375499
47370892
47371404
47371916
47372428
47372940
47373452
47373964
47374476
47374988
47375500
47370893
47371405
47371917
47372429
47372941
47373453
47373965
47374477
47374989
47375501
47370894
47371406
47371918
47372430
47372942
47373454
47373966
47374478
47374990
47375502
47370895
47371407
47371919
47372431
47372943
47373455
47373967
47374479
47374991
47375503
44962677
44963189
44963701
44964213
44964725
44965237
44965749
44966261
44966773
44967285
44962678
44963190
44963702
44964214
44964726
44965238
44965750
44966262
44966774
44967286
44962679
44963191
44963703
44964215
44964727
44965239
44965751
44966263
44966775
44967287
44962680
44963192
44963704
44964216
44964728
44965240
44965752
44966264
44966776
44967288
44962681
44963193
44963705
44964217
44964729
44965241
44965753
44966265
44966777
44967289
44962682
44963194
44963706
44964218
44964730
44965242
44965754
44966266
44966778
44967290
44962683
44963195
44963707
44964219
44964731
44965243
44965755
44966267
44966779
44967291
44962684
44963196
44963708
44964220
44964732
44965244
44965756
44966268
44966780
44967292
44962685
44963197
44963709
44964221
44964733
44965245
44965757
44966269
44966781
44967293
44962686
44963198
44963710
44964222
44964734
44965246
44965758
44966270
44966782
44967294
10612883
10613395
10613907
10614419
10614931
10615443
10615955
10616467
10616979
10617491
10612884
10613396
10613908
10614420
10614932
10615444
10615956
10616468
10616980
10617492
10612885
10613397
10613909
10614421
10614933
10615445
10615957
10616469
10616981
10617493
10612886
10613398
10613910
10614422
10614934
10615446
10615958
10616470
10616982
10617494
10612887
10613399
10613911
10614423
10614935
10615447
10615959
10616471
10616983
10617495
10612888
10613400
10613912
10614424
10614936
10615448
10615960
10616472
10616984
10617496
10612889
10613401
10613913
10614425
10614937
10615449
10615961
10616473
10616985
10617497
10612890
10613402
10613914
10614426
10614938
10615450
10615962
10616474
10616986
10617498
10612891
10613403
10613915
10614427
10614939
10615451
10615963
10616475
10616987
10617499
10612892
10613404
10613916
10614428
10614940
10615452
10615964
10616476
10616988
10617500
40151378
40151890
40152402
40152914
40153426
40153938
40154450
40154962
40155474
40155986
40151379
40151891
40152403
40152915
40153427
40153939
40154451
40154963
40155475
40155987
40151380
40151892
40152404
40152916
40153428
40153940
40154452
40154964
40155476
40155988
40151381
40151893
40152405
40152917
40153429
40153941
40154453
40154965
40155477
40155989
40151382
40151894
40152406
40152918
40153430
40153942
40154454
40154966
40155478
40155990
40151383
40151895
40152407
40152919
40153431
40153943
40154455
40154967
40155479
40155991
40151384
40151896
40152408
40152920
40153432
40153944
40154456
40154968
40155480
40155992
40151385
40151897
40152409
40152921
40153433
40153945
40154457
40154969
40155481
40155993
40151386
40151898
40152410
40152922
40153434
40153946
40154458
40154970
40155482
40155994
40151387
40151899
40152411
40152923
40153435
40153947
40154459
40154971
40155483
40155995
