2808969
2809481
2809993
2810505
2811017
2811529
2812041
2812553
2813065
2813577
2808970
2809482
2809994
2810506
2811018
2811530
2812042
2812554
2813066
2813578
2808971
2809483
2809995
2810507
2811019
2811531
2812043
2812555
2813067
2813579
2808972
2809484
2809996
2810508
2811020
2811532
2812044
2812556
2813068
2813580
2808973
2809485
2809997
2810509
2811021
2811533
2812045
2812557
2813069
2813581
2808974
2809486
2809998
2810510
2811022
2811534
2812046
2812558
2813070
2813582
2808975
2809487
2809999
2810511
2811023
2811535
2812047
2812559
2813071
2813583
2808976
2809488
2810000
2810512
2811024
2811536
2812048
2812560
2813072
2813584
2808977
2809489
2810001
2810513
2811025
2811537
2812049
2812561
2813073
2813585
2808978
2809490
2810002
2810514
2811026
2811538
2812050
2812562
2813074
2813586
54731691
54732203
54732715
54733227
54733739
54734251
54734763
54735275
54735787
54736299
54731692
54732204
54732716
54733228
54733740
54734252
54734764
54735276
54735788
54736300
54731693
54732205
54732717
54733229
54733741
54734253
54734765
54735277
54735789
54736301
54731694
54732206
54732718
54733230
54733742
54734254
54734766
54735278
54735790
54736302
54731695
54732207
54732719
54733231
54733743
54734255
54734767
54735279
54735791
54736303
54731696
54732208
54732720
54733232
54733744
54734256
54734768
54735280
54735792
54736304
54731697
54732209
54732721
54733233
54733745
54734257
54734769
54735281
54735793
54736305
54731698
54732210
54732722
54733234
54733746
54734258
54734770
54735282
54735794
54736306
54731699
54732211
54732723
54733235
54733747
54734259
54734771
54735283
54735795
54736307
54731700
54732212
54732724
54733236
54733748
54734260
54734772
54735284
54735796
54736308
52136579
52137091
52137603
52138115
52138627
52139139
52139651
52140163
52140675
52141187
52136580
52137092
52137604
52138116
52138628
52139140
52139652
52140164
52140676
52141188
52136581
52137093
52137605
52138117
52138629
52139141
52139653
52140165
52140677
52141189
52136582
52137094
52137606
52138118
52138630
52139142
52139654
52140166
52140678
52141190
52136583
52137095
52137607
52138119
52138631
52139143
52139655
52140167
52140679
52141191
52136584
52137096
52137608
52138120
52138632
52139144
52139656
52140168
52140680
52141192
52136585
52137097
52137609
52138121
52138633
52139145
52139657
52140169
52140681
52141193
52136586
52137098
52137610
52138122
52138634
52139146
52139658
52140170
52140682
52141194
52136587
52137099
52137611
52138123
52138635
52139147
52139659
52140171
52140683
52141195
52136588
52137100
52137612
52138124
52138636
52139148
52139660
52140172
52140684
52141196
55667142
55667654
55668166
55668678
55669190
55669702
55670214
55670726
55671238
55671750
55667143
55667655
55668167
55668679
55669191
55669703
55670215
55670727
55671239
55671751
55667144
55667656
55668168
55668680
55669192
55669704
55670216
55670728
55671240
55671752
55667145
55667657
55668169
55668681
55669193
55669705
55670217
55670729
55671241
55671753
55667146
55667658
55668170
55668682
55669194
55669706
55670218
55670730
55671242
55671754
55667147
55667659
55668171
55668683
55669195
55669707
55670219
55670731
55671243
55671755
55667148
55667660
55668172
55668684
55669196
55669708
55670220
55670732
55671244
55671756
55667149
55667661
55668173
55668685
55669197
55669709
55670221
55670733
55671245
55671757
55667150
55667662
55668174
55668686
55669198
55669710
55670222
55670734
55671246
55671758
55667151
55667663
55668175
55668687
55669199
55669711
55670223
55670735
55671247
55671759
18912388
18912900
18913412
18913924
18914436
18914948
18915460
18915972
18916484
18916996
18912389
18912901
18913413
18913925
18914437
18914949
18915461
18915973
18916485
18916997
18912390
18912902
18913414
18913926
18914438
18914950
18915462
18915974
18916486
18916998
18912391
18912903
18913415
18913927
18914439
18914951
18915463
18915975
18916487
18916999
18912392
18912904
18913416
18913928
18914440
18914952
18915464
18915976
18916488
18917000
18912393
18912905
18913417
18913929
18914441
18914953
18915465
18915977
18916489
18917001
18912394
18912906
18913418
18913930
18914442
18914954
18915466
18915978
18916490
18917002
18912395
18912907
18913419
18913931
18914443
18914955
18915467
18915979
18916491
18917003
18912396
18912908
18913420
18913932
18914444
18914956
18915468
18915980
18916492
18917004
18912397
18912909
18913421
18913933
18914445
18914957
18915469
18915981
18916493
18917005
7958483
7958995
7959507
7960019
7960531
7961043
7961555
7962067
7962579
7963091
7958484
7958996
7959508
7960020
7960532
7961044
7961556
7962068
7962580
7963092
7958485
7958997
7959509
7960021
7960533
7961045
7961557
7962069
7962581
7963093
7958486
7958998
7959510
7960022
7960534
7961046
7961558
7962070
7962582
7963094
7958487
7958999
7959511
7960023
7960535
7961047
7961559
7962071
7962583
7963095
7958488
7959000
7959512
7960024
7960536
7961048
7961560
7962072
7962584
7963096
7958489
7959001
7959513
7960025
7960537
7961049
7961561
7962073
7962585
7963097
7958490
7959002
7959514
7960026
7960538
7961050
7961562
7962074
7962586
7963098
7958491
7959003
7959515
7960027
7960539
7961051
7961563
7962075
7962587
7963099
7958492
7959004
7959516
7960028
7960540
7961052
7961564
7962076
7962588
7963100
41500611
41501123
41501635
41502147
41502659
41503171
41503683
41504195
41504707
41505219
41500612
41501124
41501636
41502148
41502660
41503172
41503684
41504196
41504708
41505220
41500613
41501125
41501637
41502149
41502661
41503173
41503685
41504197
41504709
41505221
41500614
41501126
41501638
41502150
41502662
41503174
41503686
41504198
41504710
41505222
41500615
41501127
41501639
41502151
41502663
41503175
41503687
41504199
41504711
41505223
41500616
41501128
41501640
41502152
41502664
41503176
41503688
41504200
41504712
41505224
41500617
41501129
41501641
41502153
41502665
41503177
41503689
41504201
41504713
41505225
41500618
41501130
41501642
41502154
41502666
41503178
41503690
41504202
41504714
41505226
41500619
41501131
41501643
41502155
41502667
41503179
41503691
41504203
41504715
41505227
41500620
41501132
41501644
41502156
41502668
41503180
41503692
41504204
41504716
41505228
1463626
1464138
1464650
1465162
1465674
1466186
1466698
1467210
1467722
1468234
1463627
1464139
1464651
1465163
1465675
1466187
1466699
1467211
1467723
1468235
1463628
1464140
1464652
1465164
1465676
1466188
1466700
1467212
1467724
1468236
1463629
1464141
1464653
1465165
1465677
1466189
1466701
1467213
1467725
1468237
1463630
1464142
1464654
1465166
1465678
1466190
1466702
1467214
1467726
1468238
1463631
1464143
1464655
1465167
1465679
1466191
1466703
1467215
1467727
1468239
1463632
1464144
1464656
1465168
1465680
1466192
1466704
1467216
1467728
1468240
1463633
1464145
1464657
1465169
1465681
1466193
1466705
1467217
1467729
1468241
1463634
1464146
1464658
1465170
1465682
1466194
1466706
1467218
1467730
1468242
1463635
1464147
1464659
1465171
1465683
1466195
1466707
1467219
1467731
1468243
1629973
1630485
1630997
1631509
1632021
1632533
1633045
1633557
1634069
1634581
1629974
1630486
1630998
1631510
1632022
1632534
1633046
1633558
1634070
1634582
1629975
1630487
1630999
1631511
1632023
1632535
1633047
1633559
1634071
1634583
1629976
1630488
1631000
1631512
1632024
1632536
1633048
1633560
1634072
1634584
1629977
1630489
1631001
1631513
1632025
1632537
1633049
1633561
1634073
1634585
1629978
1630490
1631002
1631514
1632026
1632538
1633050
1633562
1634074
1634586
1629979
1630491
1631003
1631515
1632027
1632539
1633051
1633563
1634075
1634587
1629980
1630492
1631004
1631516
1632028
1632540
1633052
1633564
1634076
1634588
1629981
1630493
1631005
1631517
1632029
1632541
1633053
1633565
1634077
1634589
1629982
1630494
1631006
1631518
1632030
1632542
1633054
1633566
1634078
1634590
11422285
11422797
11423309
11423821
11424333
11424845
11425357
11425869
11426381
11426893
11422286
11422798
11423310
11423822
11424334
11424846
11425358
11425870
11426382
11426894
11422287
11422799
11423311
11423823
11424335
11424847
11425359
11425871
11426383
11426895
11422288
11422800
11423312
11423824
11424336
11424848
11425360
11425872
11426384
11426896
11422289
11422801
11423313
11423825
11424337
11424849
11425361
11425873
11426385
11426897
11422290
11422802
11423314
11423826
11424338
11424850
11425362
11425874
11426386
11426898
11422291
11422803
11423315
11423827
11424339
11424851
11425363
11425875
11426387
11426899
11422292
11422804
11423316
11423828
11424340
11424852
11425364
11425876
11426388
11426900
11422293
11422805
11423317
11423829
11424341
11424853
11425365
11425877
11426389
11426901
11422294
11422806
11423318
11423830
11424342
11424854
11425366
11425878
11426390
11426902
55205929
55206441
55206953
55207465
55207977
55208489
55209001
55209513
55210025
55210537
55205930
55206442
55206954
55207466
55207978
55208490
55209002
55209514
55210026
55210538
55205931
55206443
55206955
55207467
55207979
55208491
55209003
55209515
55210027
55210539
55205932
55206444
55206956
55207468
55207980
55208492
55209004
55209516
55210028
55210540
55205933
55206445
55206957
55207469
55207981
55208493
55209005
55209517
55210029
55210541
55205934
55206446
55206958
55207470
55207982
55208494
55209006
55209518
55210030
55210542
55205935
55206447
55206959
55207471
55207983
55208495
55209007
55209519
55210031
55210543
55205936
55206448
55206960
55207472
55207984
55208496
55209008
55209520
55210032
55210544
55205937
55206449
55206961
55207473
55207985
55208497
55209009
55209521
55210033
55210545
55205938
55206450
55206962
55207474
55207986
55208498
55209010
55209522
55210034
55210546
48961375
48961887
48962399
48962911
48963423
48963935
48964447
48964959
48965471
48965983
48961376
48961888
48962400
48962912
48963424
48963936
48964448
48964960
48965472
48965984
48961377
48961889
48962401
48962913
48963425
48963937
48964449
48964961
48965473
48965985
48961378
48961890
48962402
48962914
48963426
48963938
48964450
48964962
48965474
48965986
48961379
48961891
48962403
48962915
48963427
48963939
48964451
48964963
48965475
48965987
48961380
48961892
48962404
48962916
48963428
48963940
48964452
48964964
48965476
48965988
48961381
48961893
48962405
48962917
48963429
48963941
48964453
48964965
48965477
48965989
48961382
48961894
48962406
48962918
48963430
48963942
48964454
48964966
48965478
48965990
48961383
48961895
48962407
48962919
48963431
48963943
48964455
48964967
48965479
48965991
48961384
48961896
48962408
48962920
48963432
48963944
48964456
48964968
48965480
48965992
31920279
31920791
31921303
31921815
31922327
31922839
31923351
31923863
31924375
31924887
31920280
31920792
31921304
31921816
31922328
31922840
31923352
31923864
31924376
31924888
31920281
31920793
31921305
31921817
31922329
31922841
31923353
31923865
31924377
31924889
31920282
31920794
31921306
31921818
31922330
31922842
31923354
31923866
31924378
31924890
31920283
31920795
31921307
31921819
31922331
31922843
31923355
31923867
31924379
31924891
31920284
31920796
31921308
31921820
31922332
31922844
31923356
31923868
31924380
31924892
31920285
31920797
31921309
31921821
31922333
31922845
31923357
31923869
31924381
31924893
31920286
31920798
31921310
31921822
31922334
31922846
31923358
31923870
31924382
31924894
31920287
31920799
31921311
31921823
31922335
31922847
31923359
31923871
31924383
31924895
31920288
31920800
31921312
31921824
31922336
31922848
31923360
31923872
31924384
31924896
40608105
40608617
40609129
40609641
40610153
40610665
40611177
40611689
40612201
40612713
40608106
40608618
40609130
40609642
40610154
40610666
40611178
40611690
40612202
40612714
40608107
40608619
40609131
40609643
40610155
40610667
40611179
40611691
40612203
40612715
40608108
40608620
40609132
40609644
40610156
40610668
40611180
40611692
40612204
40612716
40608109
40608621
40609133
40609645
40610157
40610669
40611181
40611693
40612205
40612717
40608110
40608622
40609134
40609646
40610158
40610670
40611182
40611694
40612206
40612718
40608111
40608623
40609135
40609647
40610159
40610671
40611183
40611695
40612207
40612719
40608112
40608624
40609136
40609648
40610160
40610672
40611184
40611696
40612208
40612720
40608113
40608625
40609137
40609649
40610161
40610673
40611185
40611697
40612209
40612721
40608114
40608626
40609138
40609650
40610162
40610674
40611186
40611698
40612210
40612722
56753258
56753770
56754282
56754794
56755306
56755818
56756330
56756842
56757354
56757866
56753259
56753771
56754283
56754795
56755307
56755819
56756331
56756843
56757355
56757867
56753260
56753772
56754284
56754796
56755308
56755820
56756332
56756844
56757356
56757868
56753261
56753773
56754285
56754797
56755309
56755821
56756333
56756845
56757357
56757869
56753262
56753774
56754286
56754798
56755310
56755822
56756334
56756846
56757358
56757870
56753263
56753775
56754287
56754799
56755311
56755823
56756335
56756847
56757359
56757871
56753264
56753776
56754288
56754800
56755312
56755824
56756336
56756848
56757360
56757872
56753265
56753777
56754289
56754801
56755313
56755825
56756337
56756849
56757361
56757873
56753266
56753778
56754290
56754802
56755314
56755826
56756338
56756850
56757362
56757874
56753267
56753779
56754291
56754803
56755315
56755827
56756339
56756851
56757363
56757875
37227935
37228447
37228959
37229471
37229983
37230495
37231007
37231519
37232031
37232543
37227936
37228448
37228960
37229472
37229984
37230496
37231008
37231520
37232032
37232544
37227937
37228449
37228961
37229473
37229985
37230497
37231009
37231521
37232033
37232545
37227938
37228450
37228962
37229474
37229986
37230498
37231010
37231522
37232034
37232546
37227939
37228451
37228963
37229475
37229987
37230499
37231011
37231523
37232035
37232547
37227940
37228452
37228964
37229476
37229988
37230500
37231012
37231524
37232036
37232548
37227941
37228453
37228965
37229477
37229989
37230501
37231013
37231525
37232037
37232549
37227942
37228454
37228966
37229478
37229990
37230502
37231014
37231526
37232038
37232550
37227943
37228455
37228967
37229479
37229991
37230503
37231015
37231527
37232039
37232551
37227944
37228456
37228968
37229480
37229992
37230504
37231016
37231528
37232040
37232552
28603625
28604137
28604649
28605161
28605673
28606185
28606697
28607209
28607721
28608233
28603626
28604138
28604650
28605162
28605674
28606186
28606698
28607210
28607722
28608234
28603627
28604139
28604651
28605163
28605675
28606187
28606699
28607211
28607723
28608235
28603628
28604140
28604652
28605164
28605676
28606188
28606700
28607212
28607724
28608236
28603629
28604141
28604653
28605165
28605677
28606189
28606701
28607213
28607725
28608237
28603630
28604142
28604654
28605166
28605678
28606190
28606702
28607214
28607726
28608238
28603631
28604143
28604655
28605167
28605679
28606191
28606703
28607215
28607727
28608239
28603632
28604144
28604656
28605168
28605680
28606192
28606704
28607216
28607728
28608240
28603633
28604145
28604657
28605169
28605681
28606193
28606705
28607217
28607729
28608241
28603634
28604146
28604658
28605170
28605682
28606194
28606706
28607218
28607730
28608242
44530318
44530830
44531342
44531854
44532366
44532878
44533390
44533902
44534414
44534926
44530319
44530831
44531343
44531855
44532367
44532879
44533391
44533903
44534415
44534927
44530320
44530832
44531344
44531856
44532368
44532880
44533392
44533904
44534416
44534928
44530321
44530833
44531345
44531857
44532369
44532881
44533393
44533905
44534417
44534929
44530322
44530834
44531346
44531858
44532370
44532882
44533394
44533906
44534418
44534930
44530323
44530835
44531347
44531859
44532371
44532883
44533395
44533907
44534419
44534931
44530324
44530836
44531348
44531860
44532372
44532884
44533396
44533908
44534420
44534932
44530325
44530837
44531349
44531861
44532373
44532885
44533397
44533909
44534421
44534933
44530326
44530838
44531350
44531862
44532374
44532886
44533398
44533910
44534422
44534934
44530327
44530839
44531351
44531863
44532375
44532887
44533399
44533911
44534423
44534935
29271924
29272436
29272948
29273460
29273972
29274484
29274996
29275508
29276020
29276532
29271925
29272437
29272949
29273461
29273973
29274485
29274997
29275509
29276021
29276533
29271926
29272438
29272950
29273462
29273974
29274486
29274998
29275510
29276022
29276534
29271927
29272439
29272951
29273463
29273975
29274487
29274999
29275511
29276023
29276535
29271928
29272440
29272952
29273464
29273976
29274488
29275000
29275512
29276024
29276536
29271929
29272441
29272953
29273465
29273977
29274489
29275001
29275513
29276025
29276537
29271930
29272442
29272954
29273466
29273978
29274490
29275002
29275514
29276026
29276538
29271931
29272443
29272955
29273467
29273979
29274491
29275003
29275515
29276027
29276539
29271932
29272444
29272956
29273468
29273980
29274492
29275004
29275516
29276028
29276540
29271933
29272445
29272957
29273469
29273981
29274493
29275005
29275517
29276029
29276541
47934122
47934634
47935146
47935658
47936170
47936682
47937194
47937706
47938218
47938730
47934123
47934635
47935147
47935659
47936171
47936683
47937195
47937707
47938219
47938731
47934124
47934636
47935148
47935660
47936172
47936684
47937196
47937708
47938220
47938732
47934125
47934637
47935149
47935661
47936173
47936685
47937197
47937709
47938221
47938733
47934126
47934638
47935150
47935662
47936174
47936686
47937198
47937710
47938222
47938734
47934127
47934639
47935151
47935663
47936175
47936687
47937199
47937711
47938223
47938735
47934128
47934640
47935152
47935664
47936176
47936688
47937200
47937712
47938224
47938736
47934129
47934641
47935153
47935665
47936177
47936689
47937201
47937713
47938225
47938737
47934130
47934642
47935154
47935666
47936178
47936690
47937202
47937714
47938226
47938738
47934131
47934643
47935155
47935667
47936179
47936691
47937203
47937715
47938227
47938739
51371577
51372089
51372601
51373113
51373625
51374137
51374649
51375161
51375673
51376185
51371578
51372090
51372602
51373114
51373626
51374138
51374650
51375162
51375674
51376186
51371579
51372091
51372603
51373115
51373627
51374139
51374651
51375163
51375675
51376187
51371580
51372092
51372604
51373116
51373628
51374140
51374652
51375164
51375676
51376188
51371581
51372093
51372605
51373117
51373629
51374141
51374653
51375165
51375677
51376189
51371582
51372094
51372606
51373118
51373630
51374142
51374654
51375166
51375678
51376190
51371583
51372095
51372607
51373119
51373631
51374143
51374655
51375167
51375679
51376191
51371584
51372096
51372608
51373120
51373632
51374144
51374656
51375168
51375680
51376192
51371585
51372097
51372609
51373121
51373633
51374145
51374657
51375169
51375681
51376193
51371586
51372098
51372610
51373122
51373634
51374146
51374658
51375170
51375682
51376194
24766178
24766690
24767202
24767714
24768226
24768738
24769250
24769762
24770274
24770786
24766179
24766691
24767203
24767715
24768227
24768739
24769251
24769763
24770275
24770787
24766180
24766692
24767204
24767716
24768228
24768740
24769252
24769764
24770276
24770788
24766181
24766693
24767205
24767717
24768229
24768741
24769253
24769765
24770277
24770789
24766182
24766694
24767206
24767718
24768230
24768742
24769254
24769766
24770278
24770790
24766183
24766695
24767207
24767719
24768231
24768743
24769255
24769767
24770279
24770791
24766184
24766696
24767208
24767720
24768232
24768744
24769256
24769768
24770280
24770792
24766185
24766697
24767209
24767721
24768233
24768745
24769257
24769769
24770281
24770793
24766186
24766698
24767210
24767722
24768234
24768746
24769258
24769770
24770282
24770794
24766187
24766699
24767211
24767723
24768235
24768747
24769259
24769771
24770283
24770795
27899545
27900057
27900569
27901081
27901593
27902105
27902617
27903129
27903641
27904153
27899546
27900058
27900570
27901082
27901594
27902106
27902618
27903130
27903642
27904154
27899547
27900059
27900571
27901083
27901595
27902107
27902619
27903131
27903643
27904155
27899548
27900060
27900572
27901084
27901596
27902108
27902620
27903132
27903644
27904156
27899549
27900061
27900573
27901085
27901597
27902109
27902621
27903133
27903645
27904157
27899550
27900062
27900574
27901086
27901598
27902110
27902622
27903134
27903646
27904158
27899551
27900063
27900575
27901087
27901599
27902111
27902623
27903135
27903647
27904159
27899552
27900064
27900576
27901088
27901600
27902112
27902624
27903136
27903648
27904160
27899553
27900065
27900577
27901089
27901601
27902113
27902625
27903137
27903649
27904161
27899554
27900066
27900578
27901090
27901602
27902114
27902626
27903138
27903650
27904162
27399722
27400234
27400746
27401258
27401770
27402282
27402794
27403306
27403818
27404330
27399723
27400235
27400747
27401259
27401771
27402283
27402795
27403307
27403819
27404331
27399724
27400236
27400748
27401260
27401772
27402284
27402796
27403308
27403820
27404332
27399725
27400237
27400749
27401261
27401773
27402285
27402797
27403309
27403821
27404333
27399726
27400238
27400750
27401262
27401774
27402286
27402798
27403310
27403822
27404334
27399727
27400239
27400751
27401263
27401775
27402287
27402799
27403311
27403823
27404335
27399728
27400240
27400752
27401264
27401776
27402288
27402800
27403312
27403824
27404336
27399729
27400241
27400753
27401265
27401777
27402289
27402801
27403313
27403825
27404337
27399730
27400242
27400754
27401266
27401778
27402290
27402802
27403314
27403826
27404338
27399731
27400243
27400755
27401267
27401779
27402291
27402803
27403315
27403827
27404339
24423616
24424128
24424640
24425152
24425664
24426176
24426688
24427200
24427712
24428224
24423617
24424129
24424641
24425153
24425665
24426177
24426689
24427201
24427713
24428225
24423618
24424130
24424642
24425154
24425666
24426178
24426690
24427202
24427714
24428226
24423619
24424131
24424643
24425155
24425667
24426179
24426691
24427203
24427715
24428227
24423620
24424132
24424644
24425156
24425668
24426180
24426692
24427204
24427716
24428228
24423621
24424133
24424645
24425157
24425669
24426181
24426693
24427205
24427717
24428229
24423622
24424134
24424646
24425158
24425670
24426182
24426694
24427206
24427718
24428230
24423623
24424135
24424647
24425159
24425671
24426183
24426695
24427207
24427719
24428231
24423624
24424136
24424648
24425160
24425672
24426184
24426696
24427208
24427720
24428232
24423625
24424137
24424649
24425161
24425673
24426185
24426697
24427209
24427721
24428233
48952001
48952513
48953025
48953537
48954049
48954561
48955073
48955585
48956097
48956609
48952002
48952514
48953026
48953538
48954050
48954562
48955074
48955586
48956098
48956610
48952003
48952515
48953027
48953539
48954051
48954563
48955075
48955587
48956099
48956611
48952004
48952516
48953028
48953540
48954052
48954564
48955076
48955588
48956100
48956612
48952005
48952517
48953029
48953541
48954053
48954565
48955077
48955589
48956101
48956613
48952006
48952518
48953030
48953542
48954054
48954566
48955078
48955590
48956102
48956614
48952007
48952519
48953031
48953543
48954055
48954567
48955079
48955591
48956103
48956615
48952008
48952520
48953032
48953544
48954056
48954568
48955080
48955592
48956104
48956616
48952009
48952521
48953033
48953545
48954057
48954569
48955081
48955593
48956105
48956617
48952010
48952522
48953034
48953546
48954058
48954570
48955082
48955594
48956106
48956618
35730000
35730512
35731024
35731536
35732048
35732560
35733072
35733584
35734096
35734608
35730001
35730513
35731025
35731537
35732049
35732561
35733073
35733585
35734097
35734609
35730002
35730514
35731026
35731538
35732050
35732562
35733074
35733586
35734098
35734610
35730003
35730515
35731027
35731539
35732051
35732563
35733075
35733587
35734099
35734611
35730004
35730516
35731028
35731540
35732052
35732564
35733076
35733588
35734100
35734612
35730005
35730517
35731029
35731541
35732053
35732565
35733077
35733589
35734101
35734613
35730006
35730518
35731030
35731542
35732054
35732566
35733078
35733590
35734102
35734614
35730007
35730519
35731031
35731543
35732055
35732567
35733079
35733591
35734103
35734615
35730008
35730520
35731032
35731544
35732056
35732568
35733080
35733592
35734104
35734616
35730009
35730521
35731033
35731545
35732057
35732569
35733081
35733593
35734105
35734617
12420761
12421273
12421785
12422297
12422809
12423321
12423833
12424345
12424857
12425369
12420762
12421274
12421786
12422298
12422810
12423322
12423834
12424346
12424858
12425370
12420763
12421275
12421787
12422299
12422811
12423323
12423835
12424347
12424859
12425371
12420764
12421276
12421788
12422300
12422812
12423324
12423836
12424348
12424860
12425372
12420765
12421277
12421789
12422301
12422813
12423325
12423837
12424349
12424861
12425373
12420766
12421278
12421790
12422302
12422814
12423326
12423838
12424350
12424862
12425374
12420767
12421279
12421791
12422303
12422815
12423327
12423839
12424351
12424863
12425375
12420768
12421280
12421792
12422304
12422816
12423328
12423840
12424352
12424864
12425376
12420769
12421281
12421793
12422305
12422817
12423329
12423841
12424353
12424865
12425377
12420770
12421282
12421794
12422306
12422818
12423330
12423842
12424354
12424866
12425378
51836879
51837391
51837903
51838415
51838927
51839439
51839951
51840463
51840975
51841487
51836880
51837392
51837904
51838416
51838928
51839440
51839952
51840464
51840976
51841488
51836881
51837393
51837905
51838417
51838929
51839441
51839953
51840465
51840977
51841489
51836882
51837394
51837906
51838418
51838930
51839442
51839954
51840466
51840978
51841490
51836883
51837395
51837907
51838419
51838931
51839443
51839955
51840467
51840979
51841491
51836884
51837396
51837908
51838420
51838932
51839444
51839956
51840468
51840980
51841492
51836885
51837397
51837909
51838421
51838933
51839445
51839957
51840469
51840981
51841493
51836886
51837398
51837910
51838422
51838934
51839446
51839958
51840470
51840982
51841494
51836887
51837399
51837911
51838423
51838935
51839447
51839959
51840471
51840983
51841495
51836888
51837400
51837912
51838424
51838936
51839448
51839960
51840472
51840984
51841496
30811370
30811882
30812394
30812906
30813418
30813930
30814442
30814954
30815466
30815978
30811371
30811883
30812395
30812907
30813419
30813931
30814443
30814955
30815467
30815979
30811372
30811884
30812396
30812908
30813420
30813932
30814444
30814956
30815468
30815980
30811373
30811885
30812397
30812909
30813421
30813933
30814445
30814957
30815469
30815981
30811374
30811886
30812398
30812910
30813422
30813934
30814446
30814958
30815470
30815982
30811375
30811887
30812399
30812911
30813423
30813935
30814447
30814959
30815471
30815983
30811376
30811888
30812400
30812912
30813424
30813936
30814448
30814960
30815472
30815984
30811377
30811889
30812401
30812913
30813425
30813937
30814449
30814961
30815473
30815985
30811378
30811890
30812402
30812914
30813426
30813938
30814450
30814962
30815474
30815986
30811379
30811891
30812403
30812915
30813427
30813939
30814451
30814963
30815475
30815987
