36494228
36494740
36495252
36495764
36496276
36496788
36497300
36497812
36498324
36498836
36494229
36494741
36495253
36495765
36496277
36496789
36497301
36497813
36498325
36498837
36494230
36494742
36495254
36495766
36496278
36496790
36497302
36497814
36498326
36498838
36494231
36494743
36495255
36495767
36496279
36496791
36497303
36497815
36498327
36498839
36494232
36494744
36495256
36495768
36496280
36496792
36497304
36497816
36498328
36498840
36494233
36494745
36495257
36495769
36496281
36496793
36497305
36497817
36498329
36498841
36494234
36494746
36495258
36495770
36496282
36496794
36497306
36497818
36498330
36498842
36494235
36494747
36495259
36495771
36496283
36496795
36497307
36497819
36498331
36498843
36494236
36494748
36495260
36495772
36496284
36496796
36497308
36497820
36498332
36498844
36494237
36494749
36495261
36495773
36496285
36496797
36497309
36497821
36498333
36498845
29121447
29121959
29122471
29122983
29123495
29124007
29124519
29125031
29125543
29126055
29121448
29121960
29122472
29122984
29123496
29124008
29124520
29125032
29125544
29126056
29121449
29121961
29122473
29122985
29123497
29124009
29124521
29125033
29125545
29126057
29121450
29121962
29122474
29122986
29123498
29124010
29124522
29125034
29125546
29126058
29121451
29121963
29122475
29122987
29123499
29124011
29124523
29125035
29125547
29126059
29121452
29121964
29122476
29122988
29123500
29124012
29124524
29125036
29125548
29126060
29121453
29121965
29122477
29122989
29123501
29124013
29124525
29125037
29125549
29126061
29121454
29121966
29122478
29122990
29123502
29124014
29124526
29125038
29125550
29126062
29121455
29121967
29122479
29122991
29123503
29124015
29124527
29125039
29125551
29126063
29121456
29121968
29122480
29122992
29123504
29124016
29124528
29125040
29125552
29126064
56633960
56634472
56634984
56635496
56636008
56636520
56637032
56637544
56638056
56638568
56633961
56634473
56634985
56635497
56636009
56636521
56637033
56637545
56638057
56638569
56633962
56634474
56634986
56635498
56636010
56636522
56637034
56637546
56638058
56638570
56633963
56634475
56634987
56635499
56636011
56636523
56637035
56637547
56638059
56638571
56633964
56634476
56634988
56635500
56636012
56636524
56637036
56637548
56638060
56638572
56633965
56634477
56634989
56635501
56636013
56636525
56637037
56637549
56638061
56638573
56633966
56634478
56634990
56635502
56636014
56636526
56637038
56637550
56638062
56638574
56633967
56634479
56634991
56635503
56636015
56636527
56637039
56637551
56638063
56638575
56633968
56634480
56634992
56635504
56636016
56636528
56637040
56637552
56638064
56638576
56633969
56634481
56634993
56635505
56636017
56636529
56637041
56637553
56638065
56638577
8258541
8259053
8259565
8260077
8260589
8261101
8261613
8262125
8262637
8263149
8258542
8259054
8259566
8260078
8260590
8261102
8261614
8262126
8262638
8263150
8258543
8259055
8259567
8260079
8260591
8261103
8261615
8262127
8262639
8263151
8258544
8259056
8259568
8260080
8260592
8261104
8261616
8262128
8262640
8263152
8258545
8259057
8259569
8260081
8260593
8261105
8261617
8262129
8262641
8263153
8258546
8259058
8259570
8260082
8260594
8261106
8261618
8262130
8262642
8263154
8258547
8259059
8259571
8260083
8260595
8261107
8261619
8262131
8262643
8263155
8258548
8259060
8259572
8260084
8260596
8261108
8261620
8262132
8262644
8263156
8258549
8259061
8259573
8260085
8260597
8261109
8261621
8262133
8262645
8263157
8258550
8259062
8259574
8260086
8260598
8261110
8261622
8262134
8262646
8263158
31740090
31740602
31741114
31741626
31742138
31742650
31743162
31743674
31744186
31744698
31740091
31740603
31741115
31741627
31742139
31742651
31743163
31743675
31744187
31744699
31740092
31740604
31741116
31741628
31742140
31742652
31743164
31743676
31744188
31744700
31740093
31740605
31741117
31741629
31742141
31742653
31743165
31743677
31744189
31744701
31740094
31740606
31741118
31741630
31742142
31742654
31743166
31743678
31744190
31744702
31740095
31740607
31741119
31741631
31742143
31742655
31743167
31743679
31744191
31744703
31740096
31740608
31741120
31741632
31742144
31742656
31743168
31743680
31744192
31744704
31740097
31740609
31741121
31741633
31742145
31742657
31743169
31743681
31744193
31744705
31740098
31740610
31741122
31741634
31742146
31742658
31743170
31743682
31744194
31744706
31740099
31740611
31741123
31741635
31742147
31742659
31743171
31743683
31744195
31744707
48433697
48434209
48434721
48435233
48435745
48436257
48436769
48437281
48437793
48438305
48433698
48434210
48434722
48435234
48435746
48436258
48436770
48437282
48437794
48438306
48433699
48434211
48434723
48435235
48435747
48436259
48436771
48437283
48437795
48438307
48433700
48434212
48434724
48435236
48435748
48436260
48436772
48437284
48437796
48438308
48433701
48434213
48434725
48435237
48435749
48436261
48436773
48437285
48437797
48438309
48433702
48434214
48434726
48435238
48435750
48436262
48436774
48437286
48437798
48438310
48433703
48434215
48434727
48435239
48435751
48436263
48436775
48437287
48437799
48438311
48433704
48434216
48434728
48435240
48435752
48436264
48436776
48437288
48437800
48438312
48433705
48434217
48434729
48435241
48435753
48436265
48436777
48437289
48437801
48438313
48433706
48434218
48434730
48435242
48435754
48436266
48436778
48437290
48437802
48438314
52954390
52954902
52955414
52955926
52956438
52956950
52957462
52957974
52958486
52958998
52954391
52954903
52955415
52955927
52956439
52956951
52957463
52957975
52958487
52958999
52954392
52954904
52955416
52955928
52956440
52956952
52957464
52957976
52958488
52959000
52954393
52954905
52955417
52955929
52956441
52956953
52957465
52957977
52958489
52959001
52954394
52954906
52955418
52955930
52956442
52956954
52957466
52957978
52958490
52959002
52954395
52954907
52955419
52955931
52956443
52956955
52957467
52957979
52958491
52959003
52954396
52954908
52955420
52955932
52956444
52956956
52957468
52957980
52958492
52959004
52954397
52954909
52955421
52955933
52956445
52956957
52957469
52957981
52958493
52959005
52954398
52954910
52955422
52955934
52956446
52956958
52957470
52957982
52958494
52959006
52954399
52954911
52955423
52955935
52956447
52956959
52957471
52957983
52958495
52959007
54244048
54244560
54245072
54245584
54246096
54246608
54247120
54247632
54248144
54248656
54244049
54244561
54245073
54245585
54246097
54246609
54247121
54247633
54248145
54248657
54244050
54244562
54245074
54245586
54246098
54246610
54247122
54247634
54248146
54248658
54244051
54244563
54245075
54245587
54246099
54246611
54247123
54247635
54248147
54248659
54244052
54244564
54245076
54245588
54246100
54246612
54247124
54247636
54248148
54248660
54244053
54244565
54245077
54245589
54246101
54246613
54247125
54247637
54248149
54248661
54244054
54244566
54245078
54245590
54246102
54246614
54247126
54247638
54248150
54248662
54244055
54244567
54245079
54245591
54246103
54246615
54247127
54247639
54248151
54248663
54244056
54244568
54245080
54245592
54246104
54246616
54247128
54247640
54248152
54248664
54244057
54244569
54245081
54245593
54246105
54246617
54247129
54247641
54248153
54248665
41912749
41913261
41913773
41914285
41914797
41915309
41915821
41916333
41916845
41917357
41912750
41913262
41913774
41914286
41914798
41915310
41915822
41916334
41916846
41917358
41912751
41913263
41913775
41914287
41914799
41915311
41915823
41916335
41916847
41917359
41912752
41913264
41913776
41914288
41914800
41915312
41915824
41916336
41916848
41917360
41912753
41913265
41913777
41914289
41914801
41915313
41915825
41916337
41916849
41917361
41912754
41913266
41913778
41914290
41914802
41915314
41915826
41916338
41916850
41917362
41912755
41913267
41913779
41914291
41914803
41915315
41915827
41916339
41916851
41917363
41912756
41913268
41913780
41914292
41914804
41915316
41915828
41916340
41916852
41917364
41912757
41913269
41913781
41914293
41914805
41915317
41915829
41916341
41916853
41917365
41912758
41913270
41913782
41914294
41914806
41915318
41915830
41916342
41916854
41917366
51221795
51222307
51222819
51223331
51223843
51224355
51224867
51225379
51225891
51226403
51221796
51222308
51222820
51223332
51223844
51224356
51224868
51225380
51225892
51226404
51221797
51222309
51222821
51223333
51223845
51224357
51224869
51225381
51225893
51226405
51221798
51222310
51222822
51223334
51223846
51224358
51224870
51225382
51225894
51226406
51221799
51222311
51222823
51223335
51223847
51224359
51224871
51225383
51225895
51226407
51221800
51222312
51222824
51223336
51223848
51224360
51224872
51225384
51225896
51226408
51221801
51222313
51222825
51223337
51223849
51224361
51224873
51225385
51225897
51226409
51221802
51222314
51222826
51223338
51223850
51224362
51224874
51225386
51225898
51226410
51221803
51222315
51222827
51223339
51223851
51224363
51224875
51225387
51225899
51226411
51221804
51222316
51222828
51223340
51223852
51224364
51224876
51225388
51225900
51226412
35452584
35453096
35453608
35454120
35454632
35455144
35455656
35456168
35456680
35457192
35452585
35453097
35453609
35454121
35454633
35455145
35455657
35456169
35456681
35457193
35452586
35453098
35453610
35454122
35454634
35455146
35455658
35456170
35456682
35457194
35452587
35453099
35453611
35454123
35454635
35455147
35455659
35456171
35456683
35457195
35452588
35453100
35453612
35454124
35454636
35455148
35455660
35456172
35456684
35457196
35452589
35453101
35453613
35454125
35454637
35455149
35455661
35456173
35456685
35457197
35452590
35453102
35453614
35454126
35454638
35455150
35455662
35456174
35456686
35457198
35452591
35453103
35453615
35454127
35454639
35455151
35455663
35456175
35456687
35457199
35452592
35453104
35453616
35454128
35454640
35455152
35455664
35456176
35456688
35457200
35452593
35453105
35453617
35454129
35454641
35455153
35455665
35456177
35456689
35457201
11742299
11742811
11743323
11743835
11744347
11744859
11745371
11745883
11746395
11746907
11742300
11742812
11743324
11743836
11744348
11744860
11745372
11745884
11746396
11746908
11742301
11742813
11743325
11743837
11744349
11744861
11745373
11745885
11746397
11746909
11742302
11742814
11743326
11743838
11744350
11744862
11745374
11745886
11746398
11746910
11742303
11742815
11743327
11743839
11744351
11744863
11745375
11745887
11746399
11746911
11742304
11742816
11743328
11743840
11744352
11744864
11745376
11745888
11746400
11746912
11742305
11742817
11743329
11743841
11744353
11744865
11745377
11745889
11746401
11746913
11742306
11742818
11743330
11743842
11744354
11744866
11745378
11745890
11746402
11746914
11742307
11742819
11743331
11743843
11744355
11744867
11745379
11745891
11746403
11746915
11742308
11742820
11743332
11743844
11744356
11744868
11745380
11745892
11746404
11746916
56686376
56686888
56687400
56687912
56688424
56688936
56689448
56689960
56690472
56690984
56686377
56686889
56687401
56687913
56688425
56688937
56689449
56689961
56690473
56690985
56686378
56686890
56687402
56687914
56688426
56688938
56689450
56689962
56690474
56690986
56686379
56686891
56687403
56687915
56688427
56688939
56689451
56689963
56690475
56690987
56686380
56686892
56687404
56687916
56688428
56688940
56689452
56689964
56690476
56690988
56686381
56686893
56687405
56687917
56688429
56688941
56689453
56689965
56690477
56690989
56686382
56686894
56687406
56687918
56688430
56688942
56689454
56689966
56690478
56690990
56686383
56686895
56687407
56687919
56688431
56688943
56689455
56689967
56690479
56690991
56686384
56686896
56687408
56687920
56688432
56688944
56689456
56689968
56690480
56690992
56686385
56686897
56687409
56687921
56688433
56688945
56689457
56689969
56690481
56690993
25457302
25457814
25458326
25458838
25459350
25459862
25460374
25460886
25461398
25461910
25457303
25457815
25458327
25458839
25459351
25459863
25460375
25460887
25461399
25461911
25457304
25457816
25458328
25458840
25459352
25459864
25460376
25460888
25461400
25461912
25457305
25457817
25458329
25458841
25459353
25459865
25460377
25460889
25461401
25461913
25457306
25457818
25458330
25458842
25459354
25459866
25460378
25460890
25461402
25461914
25457307
25457819
25458331
25458843
25459355
25459867
25460379
25460891
25461403
25461915
25457308
25457820
25458332
25458844
25459356
25459868
25460380
25460892
25461404
25461916
25457309
25457821
25458333
25458845
25459357
25459869
25460381
25460893
25461405
25461917
25457310
25457822
25458334
25458846
25459358
25459870
25460382
25460894
25461406
25461918
25457311
25457823
25458335
25458847
25459359
25459871
25460383
25460895
25461407
25461919
4345595
4346107
4346619
4347131
4347643
4348155
4348667
4349179
4349691
4350203
4345596
4346108
4346620
4347132
4347644
4348156
4348668
4349180
4349692
4350204
4345597
4346109
4346621
4347133
4347645
4348157
4348669
4349181
4349693
4350205
4345598
4346110
4346622
4347134
4347646
4348158
4348670
4349182
4349694
4350206
4345599
4346111
4346623
4347135
4347647
4348159
4348671
4349183
4349695
4350207
4345600
4346112
4346624
4347136
4347648
4348160
4348672
4349184
4349696
4350208
4345601
4346113
4346625
4347137
4347649
4348161
4348673
4349185
4349697
4350209
4345602
4346114
4346626
4347138
4347650
4348162
4348674
4349186
4349698
4350210
4345603
4346115
4346627
4347139
4347651
4348163
4348675
4349187
4349699
4350211
4345604
4346116
4346628
4347140
4347652
4348164
4348676
4349188
4349700
4350212
56513588
56514100
56514612
56515124
56515636
56516148
56516660
56517172
56517684
56518196
56513589
56514101
56514613
56515125
56515637
56516149
56516661
56517173
56517685
56518197
56513590
56514102
56514614
56515126
56515638
56516150
56516662
56517174
56517686
56518198
56513591
56514103
56514615
56515127
56515639
56516151
56516663
56517175
56517687
56518199
56513592
56514104
56514616
56515128
56515640
56516152
56516664
56517176
56517688
56518200
56513593
56514105
56514617
56515129
56515641
56516153
56516665
56517177
56517689
56518201
56513594
56514106
56514618
56515130
56515642
56516154
56516666
56517178
56517690
56518202
56513595
56514107
56514619
56515131
56515643
56516155
56516667
56517179
56517691
56518203
56513596
56514108
56514620
56515132
56515644
56516156
56516668
56517180
56517692
56518204
56513597
56514109
56514621
56515133
56515645
56516157
56516669
56517181
56517693
56518205
23166010
23166522
23167034
23167546
23168058
23168570
23169082
23169594
23170106
23170618
23166011
23166523
23167035
23167547
23168059
23168571
23169083
23169595
23170107
23170619
23166012
23166524
23167036
23167548
23168060
23168572
23169084
23169596
23170108
23170620
23166013
23166525
23167037
23167549
23168061
23168573
23169085
23169597
23170109
23170621
23166014
23166526
23167038
23167550
23168062
23168574
23169086
23169598
23170110
23170622
23166015
23166527
23167039
23167551
23168063
23168575
23169087
23169599
23170111
23170623
23166016
23166528
23167040
23167552
23168064
23168576
23169088
23169600
23170112
23170624
23166017
23166529
23167041
23167553
23168065
23168577
23169089
23169601
23170113
23170625
23166018
23166530
23167042
23167554
23168066
23168578
23169090
23169602
23170114
23170626
23166019
23166531
23167043
23167555
23168067
23168579
23169091
23169603
23170115
23170627
5008371
5008883
5009395
5009907
5010419
5010931
5011443
5011955
5012467
5012979
5008372
5008884
5009396
5009908
5010420
5010932
5011444
5011956
5012468
5012980
5008373
5008885
5009397
5009909
5010421
5010933
5011445
5011957
5012469
5012981
5008374
5008886
5009398
5009910
5010422
5010934
5011446
5011958
5012470
5012982
5008375
5008887
5009399
5009911
5010423
5010935
5011447
5011959
5012471
5012983
5008376
5008888
5009400
5009912
5010424
5010936
5011448
5011960
5012472
5012984
5008377
5008889
5009401
5009913
5010425
5010937
5011449
5011961
5012473
5012985
5008378
5008890
5009402
5009914
5010426
5010938
5011450
5011962
5012474
5012986
5008379
5008891
5009403
5009915
5010427
5010939
5011451
5011963
5012475
5012987
5008380
5008892
5009404
5009916
5010428
5010940
5011452
5011964
5012476
5012988
20047375
20047887
20048399
20048911
20049423
20049935
20050447
20050959
20051471
20051983
20047376
20047888
20048400
20048912
20049424
20049936
20050448
20050960
20051472
20051984
20047377
20047889
20048401
20048913
20049425
20049937
20050449
20050961
20051473
20051985
20047378
20047890
20048402
20048914
20049426
20049938
20050450
20050962
20051474
20051986
20047379
20047891
20048403
20048915
20049427
20049939
20050451
20050963
20051475
20051987
20047380
20047892
20048404
20048916
20049428
20049940
20050452
20050964
20051476
20051988
20047381
20047893
20048405
20048917
20049429
20049941
20050453
20050965
20051477
20051989
20047382
20047894
20048406
20048918
20049430
20049942
20050454
20050966
20051478
20051990
20047383
20047895
20048407
20048919
20049431
20049943
20050455
20050967
20051479
20051991
20047384
20047896
20048408
20048920
20049432
20049944
20050456
20050968
20051480
20051992
48467531
48468043
48468555
48469067
48469579
48470091
48470603
48471115
48471627
48472139
48467532
48468044
48468556
48469068
48469580
48470092
48470604
48471116
48471628
48472140
48467533
48468045
48468557
48469069
48469581
48470093
48470605
48471117
48471629
48472141
48467534
48468046
48468558
48469070
48469582
48470094
48470606
48471118
48471630
48472142
48467535
48468047
48468559
48469071
48469583
48470095
48470607
48471119
48471631
48472143
48467536
48468048
48468560
48469072
48469584
48470096
48470608
48471120
48471632
48472144
48467537
48468049
48468561
48469073
48469585
48470097
48470609
48471121
48471633
48472145
48467538
48468050
48468562
48469074
48469586
48470098
48470610
48471122
48471634
48472146
48467539
48468051
48468563
48469075
48469587
48470099
48470611
48471123
48471635
48472147
48467540
48468052
48468564
48469076
48469588
48470100
48470612
48471124
48471636
48472148
19865045
19865557
19866069
19866581
19867093
19867605
19868117
19868629
19869141
19869653
19865046
19865558
19866070
19866582
19867094
19867606
19868118
19868630
19869142
19869654
19865047
19865559
19866071
19866583
19867095
19867607
19868119
19868631
19869143
19869655
19865048
19865560
19866072
19866584
19867096
19867608
19868120
19868632
19869144
19869656
19865049
19865561
19866073
19866585
19867097
19867609
19868121
19868633
19869145
19869657
19865050
19865562
19866074
19866586
19867098
19867610
19868122
19868634
19869146
19869658
19865051
19865563
19866075
19866587
19867099
19867611
19868123
19868635
19869147
19869659
19865052
19865564
19866076
19866588
19867100
19867612
19868124
19868636
19869148
19869660
19865053
19865565
19866077
19866589
19867101
19867613
19868125
19868637
19869149
19869661
19865054
19865566
19866078
19866590
19867102
19867614
19868126
19868638
19869150
19869662
34389387
34389899
34390411
34390923
34391435
34391947
34392459
34392971
34393483
34393995
34389388
34389900
34390412
34390924
34391436
34391948
34392460
34392972
34393484
34393996
34389389
34389901
34390413
34390925
34391437
34391949
34392461
34392973
34393485
34393997
34389390
34389902
34390414
34390926
34391438
34391950
34392462
34392974
34393486
34393998
34389391
34389903
34390415
34390927
34391439
34391951
34392463
34392975
34393487
34393999
34389392
34389904
34390416
34390928
34391440
34391952
34392464
34392976
34393488
34394000
34389393
34389905
34390417
34390929
34391441
34391953
34392465
34392977
34393489
34394001
34389394
34389906
34390418
34390930
34391442
34391954
34392466
34392978
34393490
34394002
34389395
34389907
34390419
34390931
34391443
34391955
34392467
34392979
34393491
34394003
34389396
34389908
34390420
34390932
34391444
34391956
34392468
34392980
34393492
34394004
18631094
18631606
18632118
18632630
18633142
18633654
18634166
18634678
18635190
18635702
18631095
18631607
18632119
18632631
18633143
18633655
18634167
18634679
18635191
18635703
18631096
18631608
18632120
18632632
18633144
18633656
18634168
18634680
18635192
18635704
18631097
18631609
18632121
18632633
18633145
18633657
18634169
18634681
18635193
18635705
18631098
18631610
18632122
18632634
18633146
18633658
18634170
18634682
18635194
18635706
18631099
18631611
18632123
18632635
18633147
18633659
18634171
18634683
18635195
18635707
18631100
18631612
18632124
18632636
18633148
18633660
18634172
18634684
18635196
18635708
18631101
18631613
18632125
18632637
18633149
18633661
18634173
18634685
18635197
18635709
18631102
18631614
18632126
18632638
18633150
18633662
18634174
18634686
18635198
18635710
18631103
18631615
18632127
18632639
18633151
18633663
18634175
18634687
18635199
18635711
37880193
37880705
37881217
37881729
37882241
37882753
37883265
37883777
37884289
37884801
37880194
37880706
37881218
37881730
37882242
37882754
37883266
37883778
37884290
37884802
37880195
37880707
37881219
37881731
37882243
37882755
37883267
37883779
37884291
37884803
37880196
37880708
37881220
37881732
37882244
37882756
37883268
37883780
37884292
37884804
37880197
37880709
37881221
37881733
37882245
37882757
37883269
37883781
37884293
37884805
37880198
37880710
37881222
37881734
37882246
37882758
37883270
37883782
37884294
37884806
37880199
37880711
37881223
37881735
37882247
37882759
37883271
37883783
37884295
37884807
37880200
37880712
37881224
37881736
37882248
37882760
37883272
37883784
37884296
37884808
37880201
37880713
37881225
37881737
37882249
37882761
37883273
37883785
37884297
37884809
37880202
37880714
37881226
37881738
37882250
37882762
37883274
37883786
37884298
37884810
43624474
43624986
43625498
43626010
43626522
43627034
43627546
43628058
43628570
43629082
43624475
43624987
43625499
43626011
43626523
43627035
43627547
43628059
43628571
43629083
43624476
43624988
43625500
43626012
43626524
43627036
43627548
43628060
43628572
43629084
43624477
43624989
43625501
43626013
43626525
43627037
43627549
43628061
43628573
43629085
43624478
43624990
43625502
43626014
43626526
43627038
43627550
43628062
43628574
43629086
43624479
43624991
43625503
43626015
43626527
43627039
43627551
43628063
43628575
43629087
43624480
43624992
43625504
43626016
43626528
43627040
43627552
43628064
43628576
43629088
43624481
43624993
43625505
43626017
43626529
43627041
43627553
43628065
43628577
43629089
43624482
43624994
43625506
43626018
43626530
43627042
43627554
43628066
43628578
43629090
43624483
43624995
43625507
43626019
43626531
43627043
43627555
43628067
43628579
43629091
45259299
45259811
45260323
45260835
45261347
45261859
45262371
45262883
45263395
45263907
45259300
45259812
45260324
45260836
45261348
45261860
45262372
45262884
45263396
45263908
45259301
45259813
45260325
45260837
45261349
45261861
45262373
45262885
45263397
45263909
45259302
45259814
45260326
45260838
45261350
45261862
45262374
45262886
45263398
45263910
45259303
45259815
45260327
45260839
45261351
45261863
45262375
45262887
45263399
45263911
45259304
45259816
45260328
45260840
45261352
45261864
45262376
45262888
45263400
45263912
45259305
45259817
45260329
45260841
45261353
45261865
45262377
45262889
45263401
45263913
45259306
45259818
45260330
45260842
45261354
45261866
45262378
45262890
45263402
45263914
45259307
45259819
45260331
45260843
45261355
45261867
45262379
45262891
45263403
45263915
45259308
45259820
45260332
45260844
45261356
45261868
45262380
45262892
45263404
45263916
9475528
9476040
9476552
9477064
9477576
9478088
9478600
9479112
9479624
9480136
9475529
9476041
9476553
9477065
9477577
9478089
9478601
9479113
9479625
9480137
9475530
9476042
9476554
9477066
9477578
9478090
9478602
9479114
9479626
9480138
9475531
9476043
9476555
9477067
9477579
9478091
9478603
9479115
9479627
9480139
9475532
9476044
9476556
9477068
9477580
9478092
9478604
9479116
9479628
9480140
9475533
9476045
9476557
9477069
9477581
9478093
9478605
9479117
9479629
9480141
9475534
9476046
9476558
9477070
9477582
9478094
9478606
9479118
9479630
9480142
9475535
9476047
9476559
9477071
9477583
9478095
9478607
9479119
9479631
9480143
9475536
9476048
9476560
9477072
9477584
9478096
9478608
9479120
9479632
9480144
9475537
9476049
9476561
9477073
9477585
9478097
9478609
9479121
9479633
9480145
51512288
51512800
51513312
51513824
51514336
51514848
51515360
51515872
51516384
51516896
51512289
51512801
51513313
51513825
51514337
51514849
51515361
51515873
51516385
51516897
51512290
51512802
51513314
51513826
51514338
51514850
51515362
51515874
51516386
51516898
51512291
51512803
51513315
51513827
51514339
51514851
51515363
51515875
51516387
51516899
51512292
51512804
51513316
51513828
51514340
51514852
51515364
51515876
51516388
51516900
51512293
51512805
51513317
51513829
51514341
51514853
51515365
51515877
51516389
51516901
51512294
51512806
51513318
51513830
51514342
51514854
51515366
51515878
51516390
51516902
51512295
51512807
51513319
51513831
51514343
51514855
51515367
51515879
51516391
51516903
51512296
51512808
51513320
51513832
51514344
51514856
51515368
51515880
51516392
51516904
51512297
51512809
51513321
51513833
51514345
51514857
51515369
51515881
51516393
51516905
58829225
58829737
58830249
58830761
58831273
58831785
58832297
58832809
58833321
58833833
58829226
58829738
58830250
58830762
58831274
58831786
58832298
58832810
58833322
58833834
58829227
58829739
58830251
58830763
58831275
58831787
58832299
58832811
58833323
58833835
58829228
58829740
58830252
58830764
58831276
58831788
58832300
58832812
58833324
58833836
58829229
58829741
58830253
58830765
58831277
58831789
58832301
58832813
58833325
58833837
58829230
58829742
58830254
58830766
58831278
58831790
58832302
58832814
58833326
58833838
58829231
58829743
58830255
58830767
58831279
58831791
58832303
58832815
58833327
58833839
58829232
58829744
58830256
58830768
58831280
58831792
58832304
58832816
58833328
58833840
58829233
58829745
58830257
58830769
58831281
58831793
58832305
58832817
58833329
58833841
58829234
58829746
58830258
58830770
58831282
58831794
58832306
58832818
58833330
58833842
22612790
22613302
22613814
22614326
22614838
22615350
22615862
22616374
22616886
22617398
22612791
22613303
22613815
22614327
22614839
22615351
22615863
22616375
22616887
22617399
22612792
22613304
22613816
22614328
22614840
22615352
22615864
22616376
22616888
22617400
22612793
22613305
22613817
22614329
22614841
22615353
22615865
22616377
22616889
22617401
22612794
22613306
22613818
22614330
22614842
22615354
22615866
22616378
22616890
22617402
22612795
22613307
22613819
22614331
22614843
22615355
22615867
22616379
22616891
22617403
22612796
22613308
22613820
22614332
22614844
22615356
22615868
22616380
22616892
22617404
22612797
22613309
22613821
22614333
22614845
22615357
22615869
22616381
22616893
22617405
22612798
22613310
22613822
22614334
22614846
22615358
22615870
22616382
22616894
22617406
22612799
22613311
22613823
22614335
22614847
22615359
22615871
22616383
22616895
22617407
