40694477
40694989
40695501
40696013
40696525
40697037
40697549
40698061
40698573
40699085
40694478
40694990
40695502
40696014
40696526
40697038
40697550
40698062
40698574
40699086
40694479
40694991
40695503
40696015
40696527
40697039
40697551
40698063
40698575
40699087
40694480
40694992
40695504
40696016
40696528
40697040
40697552
40698064
40698576
40699088
40694481
40694993
40695505
40696017
40696529
40697041
40697553
40698065
40698577
40699089
40694482
40694994
40695506
40696018
40696530
40697042
40697554
40698066
40698578
40699090
40694483
40694995
40695507
40696019
40696531
40697043
40697555
40698067
40698579
40699091
40694484
40694996
40695508
40696020
40696532
40697044
40697556
40698068
40698580
40699092
40694485
40694997
40695509
40696021
40696533
40697045
40697557
40698069
40698581
40699093
40694486
40694998
40695510
40696022
40696534
40697046
40697558
40698070
40698582
40699094
40453914
40454426
40454938
40455450
40455962
40456474
40456986
40457498
40458010
40458522
40453915
40454427
40454939
40455451
40455963
40456475
40456987
40457499
40458011
40458523
40453916
40454428
40454940
40455452
40455964
40456476
40456988
40457500
40458012
40458524
40453917
40454429
40454941
40455453
40455965
40456477
40456989
40457501
40458013
40458525
40453918
40454430
40454942
40455454
40455966
40456478
40456990
40457502
40458014
40458526
40453919
40454431
40454943
40455455
40455967
40456479
40456991
40457503
40458015
40458527
40453920
40454432
40454944
40455456
40455968
40456480
40456992
40457504
40458016
40458528
40453921
40454433
40454945
40455457
40455969
40456481
40456993
40457505
40458017
40458529
40453922
40454434
40454946
40455458
40455970
40456482
40456994
40457506
40458018
40458530
40453923
40454435
40454947
40455459
40455971
40456483
40456995
40457507
40458019
40458531
47564972
47565484
47565996
47566508
47567020
47567532
47568044
47568556
47569068
47569580
47564973
47565485
47565997
47566509
47567021
47567533
47568045
47568557
47569069
47569581
47564974
47565486
47565998
47566510
47567022
47567534
47568046
47568558
47569070
47569582
47564975
47565487
47565999
47566511
47567023
47567535
47568047
47568559
47569071
47569583
47564976
47565488
47566000
47566512
47567024
47567536
47568048
47568560
47569072
47569584
47564977
47565489
47566001
47566513
47567025
47567537
47568049
47568561
47569073
47569585
47564978
47565490
47566002
47566514
47567026
47567538
47568050
47568562
47569074
47569586
47564979
47565491
47566003
47566515
47567027
47567539
47568051
47568563
47569075
47569587
47564980
47565492
47566004
47566516
47567028
47567540
47568052
47568564
47569076
47569588
47564981
47565493
47566005
47566517
47567029
47567541
47568053
47568565
47569077
47569589
48308478
48308990
48309502
48310014
48310526
48311038
48311550
48312062
48312574
48313086
48308479
48308991
48309503
48310015
48310527
48311039
48311551
48312063
48312575
48313087
48308480
48308992
48309504
48310016
48310528
48311040
48311552
48312064
48312576
48313088
48308481
48308993
48309505
48310017
48310529
48311041
48311553
48312065
48312577
48313089
48308482
48308994
48309506
48310018
48310530
48311042
48311554
48312066
48312578
48313090
48308483
48308995
48309507
48310019
48310531
48311043
48311555
48312067
48312579
48313091
48308484
48308996
48309508
48310020
48310532
48311044
48311556
48312068
48312580
48313092
48308485
48308997
48309509
48310021
48310533
48311045
48311557
48312069
48312581
48313093
48308486
48308998
48309510
48310022
48310534
48311046
48311558
48312070
48312582
48313094
48308487
48308999
48309511
48310023
48310535
48311047
48311559
48312071
48312583
48313095
49362664
49363176
49363688
49364200
49364712
49365224
49365736
49366248
49366760
49367272
49362665
49363177
49363689
49364201
49364713
49365225
49365737
49366249
49366761
49367273
49362666
49363178
49363690
49364202
49364714
49365226
49365738
49366250
49366762
49367274
49362667
49363179
49363691
49364203
49364715
49365227
49365739
49366251
49366763
49367275
49362668
49363180
49363692
49364204
49364716
49365228
49365740
49366252
49366764
49367276
49362669
49363181
49363693
49364205
49364717
49365229
49365741
49366253
49366765
49367277
49362670
49363182
49363694
49364206
49364718
49365230
49365742
49366254
49366766
49367278
49362671
49363183
49363695
49364207
49364719
49365231
49365743
49366255
49366767
49367279
49362672
49363184
49363696
49364208
49364720
49365232
49365744
49366256
49366768
49367280
49362673
49363185
49363697
49364209
49364721
49365233
49365745
49366257
49366769
49367281
49351930
49352442
49352954
49353466
49353978
49354490
49355002
49355514
49356026
49356538
49351931
49352443
49352955
49353467
49353979
49354491
49355003
49355515
49356027
49356539
49351932
49352444
49352956
49353468
49353980
49354492
49355004
49355516
49356028
49356540
49351933
49352445
49352957
49353469
49353981
49354493
49355005
49355517
49356029
49356541
49351934
49352446
49352958
49353470
49353982
49354494
49355006
49355518
49356030
49356542
49351935
49352447
49352959
49353471
49353983
49354495
49355007
49355519
49356031
49356543
49351936
49352448
49352960
49353472
49353984
49354496
49355008
49355520
49356032
49356544
49351937
49352449
49352961
49353473
49353985
49354497
49355009
49355521
49356033
49356545
49351938
49352450
49352962
49353474
49353986
49354498
49355010
49355522
49356034
49356546
49351939
49352451
49352963
49353475
49353987
49354499
49355011
49355523
49356035
49356547
38592284
38592796
38593308
38593820
38594332
38594844
38595356
38595868
38596380
38596892
38592285
38592797
38593309
38593821
38594333
38594845
38595357
38595869
38596381
38596893
38592286
38592798
38593310
38593822
38594334
38594846
38595358
38595870
38596382
38596894
38592287
38592799
38593311
38593823
38594335
38594847
38595359
38595871
38596383
38596895
38592288
38592800
38593312
38593824
38594336
38594848
38595360
38595872
38596384
38596896
38592289
38592801
38593313
38593825
38594337
38594849
38595361
38595873
38596385
38596897
38592290
38592802
38593314
38593826
38594338
38594850
38595362
38595874
38596386
38596898
38592291
38592803
38593315
38593827
38594339
38594851
38595363
38595875
38596387
38596899
38592292
38592804
38593316
38593828
38594340
38594852
38595364
38595876
38596388
38596900
38592293
38592805
38593317
38593829
38594341
38594853
38595365
38595877
38596389
38596901
44871959
44872471
44872983
44873495
44874007
44874519
44875031
44875543
44876055
44876567
44871960
44872472
44872984
44873496
44874008
44874520
44875032
44875544
44876056
44876568
44871961
44872473
44872985
44873497
44874009
44874521
44875033
44875545
44876057
44876569
44871962
44872474
44872986
44873498
44874010
44874522
44875034
44875546
44876058
44876570
44871963
44872475
44872987
44873499
44874011
44874523
44875035
44875547
44876059
44876571
44871964
44872476
44872988
44873500
44874012
44874524
44875036
44875548
44876060
44876572
44871965
44872477
44872989
44873501
44874013
44874525
44875037
44875549
44876061
44876573
44871966
44872478
44872990
44873502
44874014
44874526
44875038
44875550
44876062
44876574
44871967
44872479
44872991
44873503
44874015
44874527
44875039
44875551
44876063
44876575
44871968
44872480
44872992
44873504
44874016
44874528
44875040
44875552
44876064
44876576
43093154
43093666
43094178
43094690
43095202
43095714
43096226
43096738
43097250
43097762
43093155
43093667
43094179
43094691
43095203
43095715
43096227
43096739
43097251
43097763
43093156
43093668
43094180
43094692
43095204
43095716
43096228
43096740
43097252
43097764
43093157
43093669
43094181
43094693
43095205
43095717
43096229
43096741
43097253
43097765
43093158
43093670
43094182
43094694
43095206
43095718
43096230
43096742
43097254
43097766
43093159
43093671
43094183
43094695
43095207
43095719
43096231
43096743
43097255
43097767
43093160
43093672
43094184
43094696
43095208
43095720
43096232
43096744
43097256
43097768
43093161
43093673
43094185
43094697
43095209
43095721
43096233
43096745
43097257
43097769
43093162
43093674
43094186
43094698
43095210
43095722
43096234
43096746
43097258
43097770
43093163
43093675
43094187
43094699
43095211
43095723
43096235
43096747
43097259
43097771
48564451
48564963
48565475
48565987
48566499
48567011
48567523
48568035
48568547
48569059
48564452
48564964
48565476
48565988
48566500
48567012
48567524
48568036
48568548
48569060
48564453
48564965
48565477
48565989
48566501
48567013
48567525
48568037
48568549
48569061
48564454
48564966
48565478
48565990
48566502
48567014
48567526
48568038
48568550
48569062
48564455
48564967
48565479
48565991
48566503
48567015
48567527
48568039
48568551
48569063
48564456
48564968
48565480
48565992
48566504
48567016
48567528
48568040
48568552
48569064
48564457
48564969
48565481
48565993
48566505
48567017
48567529
48568041
48568553
48569065
48564458
48564970
48565482
48565994
48566506
48567018
48567530
48568042
48568554
48569066
48564459
48564971
48565483
48565995
48566507
48567019
48567531
48568043
48568555
48569067
48564460
48564972
48565484
48565996
48566508
48567020
48567532
48568044
48568556
48569068
43845421
43845933
43846445
43846957
43847469
43847981
43848493
43849005
43849517
43850029
43845422
43845934
43846446
43846958
43847470
43847982
43848494
43849006
43849518
43850030
43845423
43845935
43846447
43846959
43847471
43847983
43848495
43849007
43849519
43850031
43845424
43845936
43846448
43846960
43847472
43847984
43848496
43849008
43849520
43850032
43845425
43845937
43846449
43846961
43847473
43847985
43848497
43849009
43849521
43850033
43845426
43845938
43846450
43846962
43847474
43847986
43848498
43849010
43849522
43850034
43845427
43845939
43846451
43846963
43847475
43847987
43848499
43849011
43849523
43850035
43845428
43845940
43846452
43846964
43847476
43847988
43848500
43849012
43849524
43850036
43845429
43845941
43846453
43846965
43847477
43847989
43848501
43849013
43849525
43850037
43845430
43845942
43846454
43846966
43847478
43847990
43848502
43849014
43849526
43850038
49873662
49874174
49874686
49875198
49875710
49876222
49876734
49877246
49877758
49878270
49873663
49874175
49874687
49875199
49875711
49876223
49876735
49877247
49877759
49878271
49873664
49874176
49874688
49875200
49875712
49876224
49876736
49877248
49877760
49878272
49873665
49874177
49874689
49875201
49875713
49876225
49876737
49877249
49877761
49878273
49873666
49874178
49874690
49875202
49875714
49876226
49876738
49877250
49877762
49878274
49873667
49874179
49874691
49875203
49875715
49876227
49876739
49877251
49877763
49878275
49873668
49874180
49874692
49875204
49875716
49876228
49876740
49877252
49877764
49878276
49873669
49874181
49874693
49875205
49875717
49876229
49876741
49877253
49877765
49878277
49873670
49874182
49874694
49875206
49875718
49876230
49876742
49877254
49877766
49878278
49873671
49874183
49874695
49875207
49875719
49876231
49876743
49877255
49877767
49878279
51751655
51752167
51752679
51753191
51753703
51754215
51754727
51755239
51755751
51756263
51751656
51752168
51752680
51753192
51753704
51754216
51754728
51755240
51755752
51756264
51751657
51752169
51752681
51753193
51753705
51754217
51754729
51755241
51755753
51756265
51751658
51752170
51752682
51753194
51753706
51754218
51754730
51755242
51755754
51756266
51751659
51752171
51752683
51753195
51753707
51754219
51754731
51755243
51755755
51756267
51751660
51752172
51752684
51753196
51753708
51754220
51754732
51755244
51755756
51756268
51751661
51752173
51752685
51753197
51753709
51754221
51754733
51755245
51755757
51756269
51751662
51752174
51752686
51753198
51753710
51754222
51754734
51755246
51755758
51756270
51751663
51752175
51752687
51753199
51753711
51754223
51754735
51755247
51755759
51756271
51751664
51752176
51752688
51753200
51753712
51754224
51754736
51755248
51755760
51756272
44652318
44652830
44653342
44653854
44654366
44654878
44655390
44655902
44656414
44656926
44652319
44652831
44653343
44653855
44654367
44654879
44655391
44655903
44656415
44656927
44652320
44652832
44653344
44653856
44654368
44654880
44655392
44655904
44656416
44656928
44652321
44652833
44653345
44653857
44654369
44654881
44655393
44655905
44656417
44656929
44652322
44652834
44653346
44653858
44654370
44654882
44655394
44655906
44656418
44656930
44652323
44652835
44653347
44653859
44654371
44654883
44655395
44655907
44656419
44656931
44652324
44652836
44653348
44653860
44654372
44654884
44655396
44655908
44656420
44656932
44652325
44652837
44653349
44653861
44654373
44654885
44655397
44655909
44656421
44656933
44652326
44652838
44653350
44653862
44654374
44654886
44655398
44655910
44656422
44656934
44652327
44652839
44653351
44653863
44654375
44654887
44655399
44655911
44656423
44656935
45419815
45420327
45420839
45421351
45421863
45422375
45422887
45423399
45423911
45424423
45419816
45420328
45420840
45421352
45421864
45422376
45422888
45423400
45423912
45424424
45419817
45420329
45420841
45421353
45421865
45422377
45422889
45423401
45423913
45424425
45419818
45420330
45420842
45421354
45421866
45422378
45422890
45423402
45423914
45424426
45419819
45420331
45420843
45421355
45421867
45422379
45422891
45423403
45423915
45424427
45419820
45420332
45420844
45421356
45421868
45422380
45422892
45423404
45423916
45424428
45419821
45420333
45420845
45421357
45421869
45422381
45422893
45423405
45423917
45424429
45419822
45420334
45420846
45421358
45421870
45422382
45422894
45423406
45423918
45424430
45419823
45420335
45420847
45421359
45421871
45422383
45422895
45423407
45423919
45424431
45419824
45420336
45420848
45421360
45421872
45422384
45422896
45423408
45423920
45424432
51239639
51240151
51240663
51241175
51241687
51242199
51242711
51243223
51243735
51244247
51239640
51240152
51240664
51241176
51241688
51242200
51242712
51243224
51243736
51244248
51239641
51240153
51240665
51241177
51241689
51242201
51242713
51243225
51243737
51244249
51239642
51240154
51240666
51241178
51241690
51242202
51242714
51243226
51243738
51244250
51239643
51240155
51240667
51241179
51241691
51242203
51242715
51243227
51243739
51244251
51239644
51240156
51240668
51241180
51241692
51242204
51242716
51243228
51243740
51244252
51239645
51240157
51240669
51241181
51241693
51242205
51242717
51243229
51243741
51244253
51239646
51240158
51240670
51241182
51241694
51242206
51242718
51243230
51243742
51244254
51239647
51240159
51240671
51241183
51241695
51242207
51242719
51243231
51243743
51244255
51239648
51240160
51240672
51241184
51241696
51242208
51242720
51243232
51243744
51244256
48632495
48633007
48633519
48634031
48634543
48635055
48635567
48636079
48636591
48637103
48632496
48633008
48633520
48634032
48634544
48635056
48635568
48636080
48636592
48637104
48632497
48633009
48633521
48634033
48634545
48635057
48635569
48636081
48636593
48637105
48632498
48633010
48633522
48634034
48634546
48635058
48635570
48636082
48636594
48637106
48632499
48633011
48633523
48634035
48634547
48635059
48635571
48636083
48636595
48637107
48632500
48633012
48633524
48634036
48634548
48635060
48635572
48636084
48636596
48637108
48632501
48633013
48633525
48634037
48634549
48635061
48635573
48636085
48636597
48637109
48632502
48633014
48633526
48634038
48634550
48635062
48635574
48636086
48636598
48637110
48632503
48633015
48633527
48634039
48634551
48635063
48635575
48636087
48636599
48637111
48632504
48633016
48633528
48634040
48634552
48635064
48635576
48636088
48636600
48637112
47255228
47255740
47256252
47256764
47257276
47257788
47258300
47258812
47259324
47259836
47255229
47255741
47256253
47256765
47257277
47257789
47258301
47258813
47259325
47259837
47255230
47255742
47256254
47256766
47257278
47257790
47258302
47258814
47259326
47259838
47255231
47255743
47256255
47256767
47257279
47257791
47258303
47258815
47259327
47259839
47255232
47255744
47256256
47256768
47257280
47257792
47258304
47258816
47259328
47259840
47255233
47255745
47256257
47256769
47257281
47257793
47258305
47258817
47259329
47259841
47255234
47255746
47256258
47256770
47257282
47257794
47258306
47258818
47259330
47259842
47255235
47255747
47256259
47256771
47257283
47257795
47258307
47258819
47259331
47259843
47255236
47255748
47256260
47256772
47257284
47257796
47258308
47258820
47259332
47259844
47255237
47255749
47256261
47256773
47257285
47257797
47258309
47258821
47259333
47259845
48850725
48851237
48851749
48852261
48852773
48853285
48853797
48854309
48854821
48855333
48850726
48851238
48851750
48852262
48852774
48853286
48853798
48854310
48854822
48855334
48850727
48851239
48851751
48852263
48852775
48853287
48853799
48854311
48854823
48855335
48850728
48851240
48851752
48852264
48852776
48853288
48853800
48854312
48854824
48855336
48850729
48851241
48851753
48852265
48852777
48853289
48853801
48854313
48854825
48855337
48850730
48851242
48851754
48852266
48852778
48853290
48853802
48854314
48854826
48855338
48850731
48851243
48851755
48852267
48852779
48853291
48853803
48854315
48854827
48855339
48850732
48851244
48851756
48852268
48852780
48853292
48853804
48854316
48854828
48855340
48850733
48851245
48851757
48852269
48852781
48853293
48853805
48854317
48854829
48855341
48850734
48851246
48851758
48852270
48852782
48853294
48853806
48854318
48854830
48855342
39927574
39928086
39928598
39929110
39929622
39930134
39930646
39931158
39931670
39932182
39927575
39928087
39928599
39929111
39929623
39930135
39930647
39931159
39931671
39932183
39927576
39928088
39928600
39929112
39929624
39930136
39930648
39931160
39931672
39932184
39927577
39928089
39928601
39929113
39929625
39930137
39930649
39931161
39931673
39932185
39927578
39928090
39928602
39929114
39929626
39930138
39930650
39931162
39931674
39932186
39927579
39928091
39928603
39929115
39929627
39930139
39930651
39931163
39931675
39932187
39927580
39928092
39928604
39929116
39929628
39930140
39930652
39931164
39931676
39932188
39927581
39928093
39928605
39929117
39929629
39930141
39930653
39931165
39931677
39932189
39927582
39928094
39928606
39929118
39929630
39930142
39930654
39931166
39931678
39932190
39927583
39928095
39928607
39929119
39929631
39930143
39930655
39931167
39931679
39932191
43568458
43568970
43569482
43569994
43570506
43571018
43571530
43572042
43572554
43573066
43568459
43568971
43569483
43569995
43570507
43571019
43571531
43572043
43572555
43573067
43568460
43568972
43569484
43569996
43570508
43571020
43571532
43572044
43572556
43573068
43568461
43568973
43569485
43569997
43570509
43571021
43571533
43572045
43572557
43573069
43568462
43568974
43569486
43569998
43570510
43571022
43571534
43572046
43572558
43573070
43568463
43568975
43569487
43569999
43570511
43571023
43571535
43572047
43572559
43573071
43568464
43568976
43569488
43570000
43570512
43571024
43571536
43572048
43572560
43573072
43568465
43568977
43569489
43570001
43570513
43571025
43571537
43572049
43572561
43573073
43568466
43568978
43569490
43570002
43570514
43571026
43571538
43572050
43572562
43573074
43568467
43568979
43569491
43570003
43570515
43571027
43571539
43572051
43572563
43573075
52550860
52551372
52551884
52552396
52552908
52553420
52553932
52554444
52554956
52555468
52550861
52551373
52551885
52552397
52552909
52553421
52553933
52554445
52554957
52555469
52550862
52551374
52551886
52552398
52552910
52553422
52553934
52554446
52554958
52555470
52550863
52551375
52551887
52552399
52552911
52553423
52553935
52554447
52554959
52555471
52550864
52551376
52551888
52552400
52552912
52553424
52553936
52554448
52554960
52555472
52550865
52551377
52551889
52552401
52552913
52553425
52553937
52554449
52554961
52555473
52550866
52551378
52551890
52552402
52552914
52553426
52553938
52554450
52554962
52555474
52550867
52551379
52551891
52552403
52552915
52553427
52553939
52554451
52554963
52555475
52550868
52551380
52551892
52552404
52552916
52553428
52553940
52554452
52554964
52555476
52550869
52551381
52551893
52552405
52552917
52553429
52553941
52554453
52554965
52555477
49599746
49600258
49600770
49601282
49601794
49602306
49602818
49603330
49603842
49604354
49599747
49600259
49600771
49601283
49601795
49602307
49602819
49603331
49603843
49604355
49599748
49600260
49600772
49601284
49601796
49602308
49602820
49603332
49603844
49604356
49599749
49600261
49600773
49601285
49601797
49602309
49602821
49603333
49603845
49604357
49599750
49600262
49600774
49601286
49601798
49602310
49602822
49603334
49603846
49604358
49599751
49600263
49600775
49601287
49601799
49602311
49602823
49603335
49603847
49604359
49599752
49600264
49600776
49601288
49601800
49602312
49602824
49603336
49603848
49604360
49599753
49600265
49600777
49601289
49601801
49602313
49602825
49603337
49603849
49604361
49599754
49600266
49600778
49601290
49601802
49602314
49602826
49603338
49603850
49604362
49599755
49600267
49600779
49601291
49601803
49602315
49602827
49603339
49603851
49604363
42533558
42534070
42534582
42535094
42535606
42536118
42536630
42537142
42537654
42538166
42533559
42534071
42534583
42535095
42535607
42536119
42536631
42537143
42537655
42538167
42533560
42534072
42534584
42535096
42535608
42536120
42536632
42537144
42537656
42538168
42533561
42534073
42534585
42535097
42535609
42536121
42536633
42537145
42537657
42538169
42533562
42534074
42534586
42535098
42535610
42536122
42536634
42537146
42537658
42538170
42533563
42534075
42534587
42535099
42535611
42536123
42536635
42537147
42537659
42538171
42533564
42534076
42534588
42535100
42535612
42536124
42536636
42537148
42537660
42538172
42533565
42534077
42534589
42535101
42535613
42536125
42536637
42537149
42537661
42538173
42533566
42534078
42534590
42535102
42535614
42536126
42536638
42537150
42537662
42538174
42533567
42534079
42534591
42535103
42535615
42536127
42536639
42537151
42537663
42538175
40190227
40190739
40191251
40191763
40192275
40192787
40193299
40193811
40194323
40194835
40190228
40190740
40191252
40191764
40192276
40192788
40193300
40193812
40194324
40194836
40190229
40190741
40191253
40191765
40192277
40192789
40193301
40193813
40194325
40194837
40190230
40190742
40191254
40191766
40192278
40192790
40193302
40193814
40194326
40194838
40190231
40190743
40191255
40191767
40192279
40192791
40193303
40193815
40194327
40194839
40190232
40190744
40191256
40191768
40192280
40192792
40193304
40193816
40194328
40194840
40190233
40190745
40191257
40191769
40192281
40192793
40193305
40193817
40194329
40194841
40190234
40190746
40191258
40191770
40192282
40192794
40193306
40193818
40194330
40194842
40190235
40190747
40191259
40191771
40192283
40192795
40193307
40193819
40194331
40194843
40190236
40190748
40191260
40191772
40192284
40192796
40193308
40193820
40194332
40194844
39929569
39930081
39930593
39931105
39931617
39932129
39932641
39933153
39933665
39934177
39929570
39930082
39930594
39931106
39931618
39932130
39932642
39933154
39933666
39934178
39929571
39930083
39930595
39931107
39931619
39932131
39932643
39933155
39933667
39934179
39929572
39930084
39930596
39931108
39931620
39932132
39932644
39933156
39933668
39934180
39929573
39930085
39930597
39931109
39931621
39932133
39932645
39933157
39933669
39934181
39929574
39930086
39930598
39931110
39931622
39932134
39932646
39933158
39933670
39934182
39929575
39930087
39930599
39931111
39931623
39932135
39932647
39933159
39933671
39934183
39929576
39930088
39930600
39931112
39931624
39932136
39932648
39933160
39933672
39934184
39929577
39930089
39930601
39931113
39931625
39932137
39932649
39933161
39933673
39934185
39929578
39930090
39930602
39931114
39931626
39932138
39932650
39933162
39933674
39934186
46277279
46277791
46278303
46278815
46279327
46279839
46280351
46280863
46281375
46281887
46277280
46277792
46278304
46278816
46279328
46279840
46280352
46280864
46281376
46281888
46277281
46277793
46278305
46278817
46279329
46279841
46280353
46280865
46281377
46281889
46277282
46277794
46278306
46278818
46279330
46279842
46280354
46280866
46281378
46281890
46277283
46277795
46278307
46278819
46279331
46279843
46280355
46280867
46281379
46281891
46277284
46277796
46278308
46278820
46279332
46279844
46280356
46280868
46281380
46281892
46277285
46277797
46278309
46278821
46279333
46279845
46280357
46280869
46281381
46281893
46277286
46277798
46278310
46278822
46279334
46279846
46280358
46280870
46281382
46281894
46277287
46277799
46278311
46278823
46279335
46279847
46280359
46280871
46281383
46281895
46277288
46277800
46278312
46278824
46279336
46279848
46280360
46280872
46281384
46281896
47757045
47757557
47758069
47758581
47759093
47759605
47760117
47760629
47761141
47761653
47757046
47757558
47758070
47758582
47759094
47759606
47760118
47760630
47761142
47761654
47757047
47757559
47758071
47758583
47759095
47759607
47760119
47760631
47761143
47761655
47757048
47757560
47758072
47758584
47759096
47759608
47760120
47760632
47761144
47761656
47757049
47757561
47758073
47758585
47759097
47759609
47760121
47760633
47761145
47761657
47757050
47757562
47758074
47758586
47759098
47759610
47760122
47760634
47761146
47761658
47757051
47757563
47758075
47758587
47759099
47759611
47760123
47760635
47761147
47761659
47757052
47757564
47758076
47758588
47759100
47759612
47760124
47760636
47761148
47761660
47757053
47757565
47758077
47758589
47759101
47759613
47760125
47760637
47761149
47761661
47757054
47757566
47758078
47758590
47759102
47759614
47760126
47760638
47761150
47761662
47273258
47273770
47274282
47274794
47275306
47275818
47276330
47276842
47277354
47277866
47273259
47273771
47274283
47274795
47275307
47275819
47276331
47276843
47277355
47277867
47273260
47273772
47274284
47274796
47275308
47275820
47276332
47276844
47277356
47277868
47273261
47273773
47274285
47274797
47275309
47275821
47276333
47276845
47277357
47277869
47273262
47273774
47274286
47274798
47275310
47275822
47276334
47276846
47277358
47277870
47273263
47273775
47274287
47274799
47275311
47275823
47276335
47276847
47277359
47277871
47273264
47273776
47274288
47274800
47275312
47275824
47276336
47276848
47277360
47277872
47273265
47273777
47274289
47274801
47275313
47275825
47276337
47276849
47277361
47277873
47273266
47273778
47274290
47274802
47275314
47275826
47276338
47276850
47277362
47277874
47273267
47273779
47274291
47274803
47275315
47275827
47276339
47276851
47277363
47277875
50399454
50399966
50400478
50400990
50401502
50402014
50402526
50403038
50403550
50404062
50399455
50399967
50400479
50400991
50401503
50402015
50402527
50403039
50403551
50404063
50399456
50399968
50400480
50400992
50401504
50402016
50402528
50403040
50403552
50404064
50399457
50399969
50400481
50400993
50401505
50402017
50402529
50403041
50403553
50404065
50399458
50399970
50400482
50400994
50401506
50402018
50402530
50403042
50403554
50404066
50399459
50399971
50400483
50400995
50401507
50402019
50402531
50403043
50403555
50404067
50399460
50399972
50400484
50400996
50401508
50402020
50402532
50403044
50403556
50404068
50399461
50399973
50400485
50400997
50401509
50402021
50402533
50403045
50403557
50404069
50399462
50399974
50400486
50400998
50401510
50402022
50402534
50403046
50403558
50404070
50399463
50399975
50400487
50400999
50401511
50402023
50402535
50403047
50403559
50404071
