18999476
18999988
19000500
19001012
19001524
19002036
19002548
19003060
19003572
19004084
18999477
18999989
19000501
19001013
19001525
19002037
19002549
19003061
19003573
19004085
18999478
18999990
19000502
19001014
19001526
19002038
19002550
19003062
19003574
19004086
18999479
18999991
19000503
19001015
19001527
19002039
19002551
19003063
19003575
19004087
18999480
18999992
19000504
19001016
19001528
19002040
19002552
19003064
19003576
19004088
18999481
18999993
19000505
19001017
19001529
19002041
19002553
19003065
19003577
19004089
18999482
18999994
19000506
19001018
19001530
19002042
19002554
19003066
19003578
19004090
18999483
18999995
19000507
19001019
19001531
19002043
19002555
19003067
19003579
19004091
18999484
18999996
19000508
19001020
19001532
19002044
19002556
19003068
19003580
19004092
18999485
18999997
19000509
19001021
19001533
19002045
19002557
19003069
19003581
19004093
6216914
6217426
6217938
6218450
6218962
6219474
6219986
6220498
6221010
6221522
6216915
6217427
6217939
6218451
6218963
6219475
6219987
6220499
6221011
6221523
6216916
6217428
6217940
6218452
6218964
6219476
6219988
6220500
6221012
6221524
6216917
6217429
6217941
6218453
6218965
6219477
6219989
6220501
6221013
6221525
6216918
6217430
6217942
6218454
6218966
6219478
6219990
6220502
6221014
6221526
6216919
6217431
6217943
6218455
6218967
6219479
6219991
6220503
6221015
6221527
6216920
6217432
6217944
6218456
6218968
6219480
6219992
6220504
6221016
6221528
6216921
6217433
6217945
6218457
6218969
6219481
6219993
6220505
6221017
6221529
6216922
6217434
6217946
6218458
6218970
6219482
6219994
6220506
6221018
6221530
6216923
6217435
6217947
6218459
6218971
6219483
6219995
6220507
6221019
6221531
30445011
30445523
30446035
30446547
30447059
30447571
30448083
30448595
30449107
30449619
30445012
30445524
30446036
30446548
30447060
30447572
30448084
30448596
30449108
30449620
30445013
30445525
30446037
30446549
30447061
30447573
30448085
30448597
30449109
30449621
30445014
30445526
30446038
30446550
30447062
30447574
30448086
30448598
30449110
30449622
30445015
30445527
30446039
30446551
30447063
30447575
30448087
30448599
30449111
30449623
30445016
30445528
30446040
30446552
30447064
30447576
30448088
30448600
30449112
30449624
30445017
30445529
30446041
30446553
30447065
30447577
30448089
30448601
30449113
30449625
30445018
30445530
30446042
30446554
30447066
30447578
30448090
30448602
30449114
30449626
30445019
30445531
30446043
30446555
30447067
30447579
30448091
30448603
30449115
30449627
30445020
30445532
30446044
30446556
30447068
30447580
30448092
30448604
30449116
30449628
252666
253178
253690
254202
254714
255226
255738
256250
256762
257274
252667
253179
253691
254203
254715
255227
255739
256251
256763
257275
252668
253180
253692
254204
254716
255228
255740
256252
256764
257276
252669
253181
253693
254205
254717
255229
255741
256253
256765
257277
252670
253182
253694
254206
254718
255230
255742
256254
256766
257278
252671
253183
253695
254207
254719
255231
255743
256255
256767
257279
252672
253184
253696
254208
254720
255232
255744
256256
256768
257280
252673
253185
253697
254209
254721
255233
255745
256257
256769
257281
252674
253186
253698
254210
254722
255234
255746
256258
256770
257282
252675
253187
253699
254211
254723
255235
255747
256259
256771
257283
37212503
37213015
37213527
37214039
37214551
37215063
37215575
37216087
37216599
37217111
37212504
37213016
37213528
37214040
37214552
37215064
37215576
37216088
37216600
37217112
37212505
37213017
37213529
37214041
37214553
37215065
37215577
37216089
37216601
37217113
37212506
37213018
37213530
37214042
37214554
37215066
37215578
37216090
37216602
37217114
37212507
37213019
37213531
37214043
37214555
37215067
37215579
37216091
37216603
37217115
37212508
37213020
37213532
37214044
37214556
37215068
37215580
37216092
37216604
37217116
37212509
37213021
37213533
37214045
37214557
37215069
37215581
37216093
37216605
37217117
37212510
37213022
37213534
37214046
37214558
37215070
37215582
37216094
37216606
37217118
37212511
37213023
37213535
37214047
37214559
37215071
37215583
37216095
37216607
37217119
37212512
37213024
37213536
37214048
37214560
37215072
37215584
37216096
37216608
37217120
21916175
21916687
21917199
21917711
21918223
21918735
21919247
21919759
21920271
21920783
21916176
21916688
21917200
21917712
21918224
21918736
21919248
21919760
21920272
21920784
21916177
21916689
21917201
21917713
21918225
21918737
21919249
21919761
21920273
21920785
21916178
21916690
21917202
21917714
21918226
21918738
21919250
21919762
21920274
21920786
21916179
21916691
21917203
21917715
21918227
21918739
21919251
21919763
21920275
21920787
21916180
21916692
21917204
21917716
21918228
21918740
21919252
21919764
21920276
21920788
21916181
21916693
21917205
21917717
21918229
21918741
21919253
21919765
21920277
21920789
21916182
21916694
21917206
21917718
21918230
21918742
21919254
21919766
21920278
21920790
21916183
21916695
21917207
21917719
21918231
21918743
21919255
21919767
21920279
21920791
21916184
21916696
21917208
21917720
21918232
21918744
21919256
21919768
21920280
21920792
12453779
12454291
12454803
12455315
12455827
12456339
12456851
12457363
12457875
12458387
12453780
12454292
12454804
12455316
12455828
12456340
12456852
12457364
12457876
12458388
12453781
12454293
12454805
12455317
12455829
12456341
12456853
12457365
12457877
12458389
12453782
12454294
12454806
12455318
12455830
12456342
12456854
12457366
12457878
12458390
12453783
12454295
12454807
12455319
12455831
12456343
12456855
12457367
12457879
12458391
12453784
12454296
12454808
12455320
12455832
12456344
12456856
12457368
12457880
12458392
12453785
12454297
12454809
12455321
12455833
12456345
12456857
12457369
12457881
12458393
12453786
12454298
12454810
12455322
12455834
12456346
12456858
12457370
12457882
12458394
12453787
12454299
12454811
12455323
12455835
12456347
12456859
12457371
12457883
12458395
12453788
12454300
12454812
12455324
12455836
12456348
12456860
12457372
12457884
12458396
13885729
13886241
13886753
13887265
13887777
13888289
13888801
13889313
13889825
13890337
13885730
13886242
13886754
13887266
13887778
13888290
13888802
13889314
13889826
13890338
13885731
13886243
13886755
13887267
13887779
13888291
13888803
13889315
13889827
13890339
13885732
13886244
13886756
13887268
13887780
13888292
13888804
13889316
13889828
13890340
13885733
13886245
13886757
13887269
13887781
13888293
13888805
13889317
13889829
13890341
13885734
13886246
13886758
13887270
13887782
13888294
13888806
13889318
13889830
13890342
13885735
13886247
13886759
13887271
13887783
13888295
13888807
13889319
13889831
13890343
13885736
13886248
13886760
13887272
13887784
13888296
13888808
13889320
13889832
13890344
13885737
13886249
13886761
13887273
13887785
13888297
13888809
13889321
13889833
13890345
13885738
13886250
13886762
13887274
13887786
13888298
13888810
13889322
13889834
13890346
2800434
2800946
2801458
2801970
2802482
2802994
2803506
2804018
2804530
2805042
2800435
2800947
2801459
2801971
2802483
2802995
2803507
2804019
2804531
2805043
2800436
2800948
2801460
2801972
2802484
2802996
2803508
2804020
2804532
2805044
2800437
2800949
2801461
2801973
2802485
2802997
2803509
2804021
2804533
2805045
2800438
2800950
2801462
2801974
2802486
2802998
2803510
2804022
2804534
2805046
2800439
2800951
2801463
2801975
2802487
2802999
2803511
2804023
2804535
2805047
2800440
2800952
2801464
2801976
2802488
2803000
2803512
2804024
2804536
2805048
2800441
2800953
2801465
2801977
2802489
2803001
2803513
2804025
2804537
2805049
2800442
2800954
2801466
2801978
2802490
2803002
2803514
2804026
2804538
2805050
2800443
2800955
2801467
2801979
2802491
2803003
2803515
2804027
2804539
2805051
52271016
52271528
52272040
52272552
52273064
52273576
52274088
52274600
52275112
52275624
52271017
52271529
52272041
52272553
52273065
52273577
52274089
52274601
52275113
52275625
52271018
52271530
52272042
52272554
52273066
52273578
52274090
52274602
52275114
52275626
52271019
52271531
52272043
52272555
52273067
52273579
52274091
52274603
52275115
52275627
52271020
52271532
52272044
52272556
52273068
52273580
52274092
52274604
52275116
52275628
52271021
52271533
52272045
52272557
52273069
52273581
52274093
52274605
52275117
52275629
52271022
52271534
52272046
52272558
52273070
52273582
52274094
52274606
52275118
52275630
52271023
52271535
52272047
52272559
52273071
52273583
52274095
52274607
52275119
52275631
52271024
52271536
52272048
52272560
52273072
52273584
52274096
52274608
52275120
52275632
52271025
52271537
52272049
52272561
52273073
52273585
52274097
52274609
52275121
52275633
26238021
26238533
26239045
26239557
26240069
26240581
26241093
26241605
26242117
26242629
26238022
26238534
26239046
26239558
26240070
26240582
26241094
26241606
26242118
26242630
26238023
26238535
26239047
26239559
26240071
26240583
26241095
26241607
26242119
26242631
26238024
26238536
26239048
26239560
26240072
26240584
26241096
26241608
26242120
26242632
26238025
26238537
26239049
26239561
26240073
26240585
26241097
26241609
26242121
26242633
26238026
26238538
26239050
26239562
26240074
26240586
26241098
26241610
26242122
26242634
26238027
26238539
26239051
26239563
26240075
26240587
26241099
26241611
26242123
26242635
26238028
26238540
26239052
26239564
26240076
26240588
26241100
26241612
26242124
26242636
26238029
26238541
26239053
26239565
26240077
26240589
26241101
26241613
26242125
26242637
26238030
26238542
26239054
26239566
26240078
26240590
26241102
26241614
26242126
26242638
39003682
39004194
39004706
39005218
39005730
39006242
39006754
39007266
39007778
39008290
39003683
39004195
39004707
39005219
39005731
39006243
39006755
39007267
39007779
39008291
39003684
39004196
39004708
39005220
39005732
39006244
39006756
39007268
39007780
39008292
39003685
39004197
39004709
39005221
39005733
39006245
39006757
39007269
39007781
39008293
39003686
39004198
39004710
39005222
39005734
39006246
39006758
39007270
39007782
39008294
39003687
39004199
39004711
39005223
39005735
39006247
39006759
39007271
39007783
39008295
39003688
39004200
39004712
39005224
39005736
39006248
39006760
39007272
39007784
39008296
39003689
39004201
39004713
39005225
39005737
39006249
39006761
39007273
39007785
39008297
39003690
39004202
39004714
39005226
39005738
39006250
39006762
39007274
39007786
39008298
39003691
39004203
39004715
39005227
39005739
39006251
39006763
39007275
39007787
39008299
4442015
4442527
4443039
4443551
4444063
4444575
4445087
4445599
4446111
4446623
4442016
4442528
4443040
4443552
4444064
4444576
4445088
4445600
4446112
4446624
4442017
4442529
4443041
4443553
4444065
4444577
4445089
4445601
4446113
4446625
4442018
4442530
4443042
4443554
4444066
4444578
4445090
4445602
4446114
4446626
4442019
4442531
4443043
4443555
4444067
4444579
4445091
4445603
4446115
4446627
4442020
4442532
4443044
4443556
4444068
4444580
4445092
4445604
4446116
4446628
4442021
4442533
4443045
4443557
4444069
4444581
4445093
4445605
4446117
4446629
4442022
4442534
4443046
4443558
4444070
4444582
4445094
4445606
4446118
4446630
4442023
4442535
4443047
4443559
4444071
4444583
4445095
4445607
4446119
4446631
4442024
4442536
4443048
4443560
4444072
4444584
4445096
4445608
4446120
4446632
16187985
16188497
16189009
16189521
16190033
16190545
16191057
16191569
16192081
16192593
16187986
16188498
16189010
16189522
16190034
16190546
16191058
16191570
16192082
16192594
16187987
16188499
16189011
16189523
16190035
16190547
16191059
16191571
16192083
16192595
16187988
16188500
16189012
16189524
16190036
16190548
16191060
16191572
16192084
16192596
16187989
16188501
16189013
16189525
16190037
16190549
16191061
16191573
16192085
16192597
16187990
16188502
16189014
16189526
16190038
16190550
16191062
16191574
16192086
16192598
16187991
16188503
16189015
16189527
16190039
16190551
16191063
16191575
16192087
16192599
16187992
16188504
16189016
16189528
16190040
16190552
16191064
16191576
16192088
16192600
16187993
16188505
16189017
16189529
16190041
16190553
16191065
16191577
16192089
16192601
16187994
16188506
16189018
16189530
16190042
16190554
16191066
16191578
16192090
16192602
56454089
56454601
56455113
56455625
56456137
56456649
56457161
56457673
56458185
56458697
56454090
56454602
56455114
56455626
56456138
56456650
56457162
56457674
56458186
56458698
56454091
56454603
56455115
56455627
56456139
56456651
56457163
56457675
56458187
56458699
56454092
56454604
56455116
56455628
56456140
56456652
56457164
56457676
56458188
56458700
56454093
56454605
56455117
56455629
56456141
56456653
56457165
56457677
56458189
56458701
56454094
56454606
56455118
56455630
56456142
56456654
56457166
56457678
56458190
56458702
56454095
56454607
56455119
56455631
56456143
56456655
56457167
56457679
56458191
56458703
56454096
56454608
56455120
56455632
56456144
56456656
56457168
56457680
56458192
56458704
56454097
56454609
56455121
56455633
56456145
56456657
56457169
56457681
56458193
56458705
56454098
56454610
56455122
56455634
56456146
56456658
56457170
56457682
56458194
56458706
56446419
56446931
56447443
56447955
56448467
56448979
56449491
56450003
56450515
56451027
56446420
56446932
56447444
56447956
56448468
56448980
56449492
56450004
56450516
56451028
56446421
56446933
56447445
56447957
56448469
56448981
56449493
56450005
56450517
56451029
56446422
56446934
56447446
56447958
56448470
56448982
56449494
56450006
56450518
56451030
56446423
56446935
56447447
56447959
56448471
56448983
56449495
56450007
56450519
56451031
56446424
56446936
56447448
56447960
56448472
56448984
56449496
56450008
56450520
56451032
56446425
56446937
56447449
56447961
56448473
56448985
56449497
56450009
56450521
56451033
56446426
56446938
56447450
56447962
56448474
56448986
56449498
56450010
56450522
56451034
56446427
56446939
56447451
56447963
56448475
56448987
56449499
56450011
56450523
56451035
56446428
56446940
56447452
56447964
56448476
56448988
56449500
56450012
56450524
56451036
31836247
31836759
31837271
31837783
31838295
31838807
31839319
31839831
31840343
31840855
31836248
31836760
31837272
31837784
31838296
31838808
31839320
31839832
31840344
31840856
31836249
31836761
31837273
31837785
31838297
31838809
31839321
31839833
31840345
31840857
31836250
31836762
31837274
31837786
31838298
31838810
31839322
31839834
31840346
31840858
31836251
31836763
31837275
31837787
31838299
31838811
31839323
31839835
31840347
31840859
31836252
31836764
31837276
31837788
31838300
31838812
31839324
31839836
31840348
31840860
31836253
31836765
31837277
31837789
31838301
31838813
31839325
31839837
31840349
31840861
31836254
31836766
31837278
31837790
31838302
31838814
31839326
31839838
31840350
31840862
31836255
31836767
31837279
31837791
31838303
31838815
31839327
31839839
31840351
31840863
31836256
31836768
31837280
31837792
31838304
31838816
31839328
31839840
31840352
31840864
49826572
49827084
49827596
49828108
49828620
49829132
49829644
49830156
49830668
49831180
49826573
49827085
49827597
49828109
49828621
49829133
49829645
49830157
49830669
49831181
49826574
49827086
49827598
49828110
49828622
49829134
49829646
49830158
49830670
49831182
49826575
49827087
49827599
49828111
49828623
49829135
49829647
49830159
49830671
49831183
49826576
49827088
49827600
49828112
49828624
49829136
49829648
49830160
49830672
49831184
49826577
49827089
49827601
49828113
49828625
49829137
49829649
49830161
49830673
49831185
49826578
49827090
49827602
49828114
49828626
49829138
49829650
49830162
49830674
49831186
49826579
49827091
49827603
49828115
49828627
49829139
49829651
49830163
49830675
49831187
49826580
49827092
49827604
49828116
49828628
49829140
49829652
49830164
49830676
49831188
49826581
49827093
49827605
49828117
49828629
49829141
49829653
49830165
49830677
49831189
43153600
43154112
43154624
43155136
43155648
43156160
43156672
43157184
43157696
43158208
43153601
43154113
43154625
43155137
43155649
43156161
43156673
43157185
43157697
43158209
43153602
43154114
43154626
43155138
43155650
43156162
43156674
43157186
43157698
43158210
43153603
43154115
43154627
43155139
43155651
43156163
43156675
43157187
43157699
43158211
43153604
43154116
43154628
43155140
43155652
43156164
43156676
43157188
43157700
43158212
43153605
43154117
43154629
43155141
43155653
43156165
43156677
43157189
43157701
43158213
43153606
43154118
43154630
43155142
43155654
43156166
43156678
43157190
43157702
43158214
43153607
43154119
43154631
43155143
43155655
43156167
43156679
43157191
43157703
43158215
43153608
43154120
43154632
43155144
43155656
43156168
43156680
43157192
43157704
43158216
43153609
43154121
43154633
43155145
43155657
43156169
43156681
43157193
43157705
43158217
56733528
56734040
56734552
56735064
56735576
56736088
56736600
56737112
56737624
56738136
56733529
56734041
56734553
56735065
56735577
56736089
56736601
56737113
56737625
56738137
56733530
56734042
56734554
56735066
56735578
56736090
56736602
56737114
56737626
56738138
56733531
56734043
56734555
56735067
56735579
56736091
56736603
56737115
56737627
56738139
56733532
56734044
56734556
56735068
56735580
56736092
56736604
56737116
56737628
56738140
56733533
56734045
56734557
56735069
56735581
56736093
56736605
56737117
56737629
56738141
56733534
56734046
56734558
56735070
56735582
56736094
56736606
56737118
56737630
56738142
56733535
56734047
56734559
56735071
56735583
56736095
56736607
56737119
56737631
56738143
56733536
56734048
56734560
56735072
56735584
56736096
56736608
56737120
56737632
56738144
56733537
56734049
56734561
56735073
56735585
56736097
56736609
56737121
56737633
56738145
33908265
33908777
33909289
33909801
33910313
33910825
33911337
33911849
33912361
33912873
33908266
33908778
33909290
33909802
33910314
33910826
33911338
33911850
33912362
33912874
33908267
33908779
33909291
33909803
33910315
33910827
33911339
33911851
33912363
33912875
33908268
33908780
33909292
33909804
33910316
33910828
33911340
33911852
33912364
33912876
33908269
33908781
33909293
33909805
33910317
33910829
33911341
33911853
33912365
33912877
33908270
33908782
33909294
33909806
33910318
33910830
33911342
33911854
33912366
33912878
33908271
33908783
33909295
33909807
33910319
33910831
33911343
33911855
33912367
33912879
33908272
33908784
33909296
33909808
33910320
33910832
33911344
33911856
33912368
33912880
33908273
33908785
33909297
33909809
33910321
33910833
33911345
33911857
33912369
33912881
33908274
33908786
33909298
33909810
33910322
33910834
33911346
33911858
33912370
33912882
22587350
22587862
22588374
22588886
22589398
22589910
22590422
22590934
22591446
22591958
22587351
22587863
22588375
22588887
22589399
22589911
22590423
22590935
22591447
22591959
22587352
22587864
22588376
22588888
22589400
22589912
22590424
22590936
22591448
22591960
22587353
22587865
22588377
22588889
22589401
22589913
22590425
22590937
22591449
22591961
22587354
22587866
22588378
22588890
22589402
22589914
22590426
22590938
22591450
22591962
22587355
22587867
22588379
22588891
22589403
22589915
22590427
22590939
22591451
22591963
22587356
22587868
22588380
22588892
22589404
22589916
22590428
22590940
22591452
22591964
22587357
22587869
22588381
22588893
22589405
22589917
22590429
22590941
22591453
22591965
22587358
22587870
22588382
22588894
22589406
22589918
22590430
22590942
22591454
22591966
22587359
22587871
22588383
22588895
22589407
22589919
22590431
22590943
22591455
22591967
9688768
9689280
9689792
9690304
9690816
9691328
9691840
9692352
9692864
9693376
9688769
9689281
9689793
9690305
9690817
9691329
9691841
9692353
9692865
9693377
9688770
9689282
9689794
9690306
9690818
9691330
9691842
9692354
9692866
9693378
9688771
9689283
9689795
9690307
9690819
9691331
9691843
9692355
9692867
9693379
9688772
9689284
9689796
9690308
9690820
9691332
9691844
9692356
9692868
9693380
9688773
9689285
9689797
9690309
9690821
9691333
9691845
9692357
9692869
9693381
9688774
9689286
9689798
9690310
9690822
9691334
9691846
9692358
9692870
9693382
9688775
9689287
9689799
9690311
9690823
9691335
9691847
9692359
9692871
9693383
9688776
9689288
9689800
9690312
9690824
9691336
9691848
9692360
9692872
9693384
9688777
9689289
9689801
9690313
9690825
9691337
9691849
9692361
9692873
9693385
13731075
13731587
13732099
13732611
13733123
13733635
13734147
13734659
13735171
13735683
13731076
13731588
13732100
13732612
13733124
13733636
13734148
13734660
13735172
13735684
13731077
13731589
13732101
13732613
13733125
13733637
13734149
13734661
13735173
13735685
13731078
13731590
13732102
13732614
13733126
13733638
13734150
13734662
13735174
13735686
13731079
13731591
13732103
13732615
13733127
13733639
13734151
13734663
13735175
13735687
13731080
13731592
13732104
13732616
13733128
13733640
13734152
13734664
13735176
13735688
13731081
13731593
13732105
13732617
13733129
13733641
13734153
13734665
13735177
13735689
13731082
13731594
13732106
13732618
13733130
13733642
13734154
13734666
13735178
13735690
13731083
13731595
13732107
13732619
13733131
13733643
13734155
13734667
13735179
13735691
13731084
13731596
13732108
13732620
13733132
13733644
13734156
13734668
13735180
13735692
51074759
51075271
51075783
51076295
51076807
51077319
51077831
51078343
51078855
51079367
51074760
51075272
51075784
51076296
51076808
51077320
51077832
51078344
51078856
51079368
51074761
51075273
51075785
51076297
51076809
51077321
51077833
51078345
51078857
51079369
51074762
51075274
51075786
51076298
51076810
51077322
51077834
51078346
51078858
51079370
51074763
51075275
51075787
51076299
51076811
51077323
51077835
51078347
51078859
51079371
51074764
51075276
51075788
51076300
51076812
51077324
51077836
51078348
51078860
51079372
51074765
51075277
51075789
51076301
51076813
51077325
51077837
51078349
51078861
51079373
51074766
51075278
51075790
51076302
51076814
51077326
51077838
51078350
51078862
51079374
51074767
51075279
51075791
51076303
51076815
51077327
51077839
51078351
51078863
51079375
51074768
51075280
51075792
51076304
51076816
51077328
51077840
51078352
51078864
51079376
27242522
27243034
27243546
27244058
27244570
27245082
27245594
27246106
27246618
27247130
27242523
27243035
27243547
27244059
27244571
27245083
27245595
27246107
27246619
27247131
27242524
27243036
27243548
27244060
27244572
27245084
27245596
27246108
27246620
27247132
27242525
27243037
27243549
27244061
27244573
27245085
27245597
27246109
27246621
27247133
27242526
27243038
27243550
27244062
27244574
27245086
27245598
27246110
27246622
27247134
27242527
27243039
27243551
27244063
27244575
27245087
27245599
27246111
27246623
27247135
27242528
27243040
27243552
27244064
27244576
27245088
27245600
27246112
27246624
27247136
27242529
27243041
27243553
27244065
27244577
27245089
27245601
27246113
27246625
27247137
27242530
27243042
27243554
27244066
27244578
27245090
27245602
27246114
27246626
27247138
27242531
27243043
27243555
27244067
27244579
27245091
27245603
27246115
27246627
27247139
17656052
17656564
17657076
17657588
17658100
17658612
17659124
17659636
17660148
17660660
17656053
17656565
17657077
17657589
17658101
17658613
17659125
17659637
17660149
17660661
17656054
17656566
17657078
17657590
17658102
17658614
17659126
17659638
17660150
17660662
17656055
17656567
17657079
17657591
17658103
17658615
17659127
17659639
17660151
17660663
17656056
17656568
17657080
17657592
17658104
17658616
17659128
17659640
17660152
17660664
17656057
17656569
17657081
17657593
17658105
17658617
17659129
17659641
17660153
17660665
17656058
17656570
17657082
17657594
17658106
17658618
17659130
17659642
17660154
17660666
17656059
17656571
17657083
17657595
17658107
17658619
17659131
17659643
17660155
17660667
17656060
17656572
17657084
17657596
17658108
17658620
17659132
17659644
17660156
17660668
17656061
17656573
17657085
17657597
17658109
17658621
17659133
17659645
17660157
17660669
57595011
57595523
57596035
57596547
57597059
57597571
57598083
57598595
57599107
57599619
57595012
57595524
57596036
57596548
57597060
57597572
57598084
57598596
57599108
57599620
57595013
57595525
57596037
57596549
57597061
57597573
57598085
57598597
57599109
57599621
57595014
57595526
57596038
57596550
57597062
57597574
57598086
57598598
57599110
57599622
57595015
57595527
57596039
57596551
57597063
57597575
57598087
57598599
57599111
57599623
57595016
57595528
57596040
57596552
57597064
57597576
57598088
57598600
57599112
57599624
57595017
57595529
57596041
57596553
57597065
57597577
57598089
57598601
57599113
57599625
57595018
57595530
57596042
57596554
57597066
57597578
57598090
57598602
57599114
57599626
57595019
57595531
57596043
57596555
57597067
57597579
57598091
57598603
57599115
57599627
57595020
57595532
57596044
57596556
57597068
57597580
57598092
57598604
57599116
57599628
21974765
21975277
21975789
21976301
21976813
21977325
21977837
21978349
21978861
21979373
21974766
21975278
21975790
21976302
21976814
21977326
21977838
21978350
21978862
21979374
21974767
21975279
21975791
21976303
21976815
21977327
21977839
21978351
21978863
21979375
21974768
21975280
21975792
21976304
21976816
21977328
21977840
21978352
21978864
21979376
21974769
21975281
21975793
21976305
21976817
21977329
21977841
21978353
21978865
21979377
21974770
21975282
21975794
21976306
21976818
21977330
21977842
21978354
21978866
21979378
21974771
21975283
21975795
21976307
21976819
21977331
21977843
21978355
21978867
21979379
21974772
21975284
21975796
21976308
21976820
21977332
21977844
21978356
21978868
21979380
21974773
21975285
21975797
21976309
21976821
21977333
21977845
21978357
21978869
21979381
21974774
21975286
21975798
21976310
21976822
21977334
21977846
21978358
21978870
21979382
16231639
16232151
16232663
16233175
16233687
16234199
16234711
16235223
16235735
16236247
16231640
16232152
16232664
16233176
16233688
16234200
16234712
16235224
16235736
16236248
16231641
16232153
16232665
16233177
16233689
16234201
16234713
16235225
16235737
16236249
16231642
16232154
16232666
16233178
16233690
16234202
16234714
16235226
16235738
16236250
16231643
16232155
16232667
16233179
16233691
16234203
16234715
16235227
16235739
16236251
16231644
16232156
16232668
16233180
16233692
16234204
16234716
16235228
16235740
16236252
16231645
16232157
16232669
16233181
16233693
16234205
16234717
16235229
16235741
16236253
16231646
16232158
16232670
16233182
16233694
16234206
16234718
16235230
16235742
16236254
16231647
16232159
16232671
16233183
16233695
16234207
16234719
16235231
16235743
16236255
16231648
16232160
16232672
16233184
16233696
16234208
16234720
16235232
16235744
16236256
