16525712
16526224
16526736
16527248
16527760
16528272
16528784
16529296
16529808
16530320
16525713
16526225
16526737
16527249
16527761
16528273
16528785
16529297
16529809
16530321
16525714
16526226
16526738
16527250
16527762
16528274
16528786
16529298
16529810
16530322
16525715
16526227
16526739
16527251
16527763
16528275
16528787
16529299
16529811
16530323
16525716
16526228
16526740
16527252
16527764
16528276
16528788
16529300
16529812
16530324
16525717
16526229
16526741
16527253
16527765
16528277
16528789
16529301
16529813
16530325
16525718
16526230
16526742
16527254
16527766
16528278
16528790
16529302
16529814
16530326
16525719
16526231
16526743
16527255
16527767
16528279
16528791
16529303
16529815
16530327
16525720
16526232
16526744
16527256
16527768
16528280
16528792
16529304
16529816
16530328
16525721
16526233
16526745
16527257
16527769
16528281
16528793
16529305
16529817
16530329
25837863
25838375
25838887
25839399
25839911
25840423
25840935
25841447
25841959
25842471
25837864
25838376
25838888
25839400
25839912
25840424
25840936
25841448
25841960
25842472
25837865
25838377
25838889
25839401
25839913
25840425
25840937
25841449
25841961
25842473
25837866
25838378
25838890
25839402
25839914
25840426
25840938
25841450
25841962
25842474
25837867
25838379
25838891
25839403
25839915
25840427
25840939
25841451
25841963
25842475
25837868
25838380
25838892
25839404
25839916
25840428
25840940
25841452
25841964
25842476
25837869
25838381
25838893
25839405
25839917
25840429
25840941
25841453
25841965
25842477
25837870
25838382
25838894
25839406
25839918
25840430
25840942
25841454
25841966
25842478
25837871
25838383
25838895
25839407
25839919
25840431
25840943
25841455
25841967
25842479
25837872
25838384
25838896
25839408
25839920
25840432
25840944
25841456
25841968
25842480
37970591
37971103
37971615
37972127
37972639
37973151
37973663
37974175
37974687
37975199
37970592
37971104
37971616
37972128
37972640
37973152
37973664
37974176
37974688
37975200
37970593
37971105
37971617
37972129
37972641
37973153
37973665
37974177
37974689
37975201
37970594
37971106
37971618
37972130
37972642
37973154
37973666
37974178
37974690
37975202
37970595
37971107
37971619
37972131
37972643
37973155
37973667
37974179
37974691
37975203
37970596
37971108
37971620
37972132
37972644
37973156
37973668
37974180
37974692
37975204
37970597
37971109
37971621
37972133
37972645
37973157
37973669
37974181
37974693
37975205
37970598
37971110
37971622
37972134
37972646
37973158
37973670
37974182
37974694
37975206
37970599
37971111
37971623
37972135
37972647
37973159
37973671
37974183
37974695
37975207
37970600
37971112
37971624
37972136
37972648
37973160
37973672
37974184
37974696
37975208
4407704
4408216
4408728
4409240
4409752
4410264
4410776
4411288
4411800
4412312
4407705
4408217
4408729
4409241
4409753
4410265
4410777
4411289
4411801
4412313
4407706
4408218
4408730
4409242
4409754
4410266
4410778
4411290
4411802
4412314
4407707
4408219
4408731
4409243
4409755
4410267
4410779
4411291
4411803
4412315
4407708
4408220
4408732
4409244
4409756
4410268
4410780
4411292
4411804
4412316
4407709
4408221
4408733
4409245
4409757
4410269
4410781
4411293
4411805
4412317
4407710
4408222
4408734
4409246
4409758
4410270
4410782
4411294
4411806
4412318
4407711
4408223
4408735
4409247
4409759
4410271
4410783
4411295
4411807
4412319
4407712
4408224
4408736
4409248
4409760
4410272
4410784
4411296
4411808
4412320
4407713
4408225
4408737
4409249
4409761
4410273
4410785
4411297
4411809
4412321
15844218
15844730
15845242
15845754
15846266
15846778
15847290
15847802
15848314
15848826
15844219
15844731
15845243
15845755
15846267
15846779
15847291
15847803
15848315
15848827
15844220
15844732
15845244
15845756
15846268
15846780
15847292
15847804
15848316
15848828
15844221
15844733
15845245
15845757
15846269
15846781
15847293
15847805
15848317
15848829
15844222
15844734
15845246
15845758
15846270
15846782
15847294
15847806
15848318
15848830
15844223
15844735
15845247
15845759
15846271
15846783
15847295
15847807
15848319
15848831
15844224
15844736
15845248
15845760
15846272
15846784
15847296
15847808
15848320
15848832
15844225
15844737
15845249
15845761
15846273
15846785
15847297
15847809
15848321
15848833
15844226
15844738
15845250
15845762
15846274
15846786
15847298
15847810
15848322
15848834
15844227
15844739
15845251
15845763
15846275
15846787
15847299
15847811
15848323
15848835
24060054
24060566
24061078
24061590
24062102
24062614
24063126
24063638
24064150
24064662
24060055
24060567
24061079
24061591
24062103
24062615
24063127
24063639
24064151
24064663
24060056
24060568
24061080
24061592
24062104
24062616
24063128
24063640
24064152
24064664
24060057
24060569
24061081
24061593
24062105
24062617
24063129
24063641
24064153
24064665
24060058
24060570
24061082
24061594
24062106
24062618
24063130
24063642
24064154
24064666
24060059
24060571
24061083
24061595
24062107
24062619
24063131
24063643
24064155
24064667
24060060
24060572
24061084
24061596
24062108
24062620
24063132
24063644
24064156
24064668
24060061
24060573
24061085
24061597
24062109
24062621
24063133
24063645
24064157
24064669
24060062
24060574
24061086
24061598
24062110
24062622
24063134
24063646
24064158
24064670
24060063
24060575
24061087
24061599
24062111
24062623
24063135
24063647
24064159
24064671
8676485
8676997
8677509
8678021
8678533
8679045
8679557
8680069
8680581
8681093
8676486
8676998
8677510
8678022
8678534
8679046
8679558
8680070
8680582
8681094
8676487
8676999
8677511
8678023
8678535
8679047
8679559
8680071
8680583
8681095
8676488
8677000
8677512
8678024
8678536
8679048
8679560
8680072
8680584
8681096
8676489
8677001
8677513
8678025
8678537
8679049
8679561
8680073
8680585
8681097
8676490
8677002
8677514
8678026
8678538
8679050
8679562
8680074
8680586
8681098
8676491
8677003
8677515
8678027
8678539
8679051
8679563
8680075
8680587
8681099
8676492
8677004
8677516
8678028
8678540
8679052
8679564
8680076
8680588
8681100
8676493
8677005
8677517
8678029
8678541
8679053
8679565
8680077
8680589
8681101
8676494
8677006
8677518
8678030
8678542
8679054
8679566
8680078
8680590
8681102
43804443
43804955
43805467
43805979
43806491
43807003
43807515
43808027
43808539
43809051
43804444
43804956
43805468
43805980
43806492
43807004
43807516
43808028
43808540
43809052
43804445
43804957
43805469
43805981
43806493
43807005
43807517
43808029
43808541
43809053
43804446
43804958
43805470
43805982
43806494
43807006
43807518
43808030
43808542
43809054
43804447
43804959
43805471
43805983
43806495
43807007
43807519
43808031
43808543
43809055
43804448
43804960
43805472
43805984
43806496
43807008
43807520
43808032
43808544
43809056
43804449
43804961
43805473
43805985
43806497
43807009
43807521
43808033
43808545
43809057
43804450
43804962
43805474
43805986
43806498
43807010
43807522
43808034
43808546
43809058
43804451
43804963
43805475
43805987
43806499
43807011
43807523
43808035
43808547
43809059
43804452
43804964
43805476
43805988
43806500
43807012
43807524
43808036
43808548
43809060
20653479
20653991
20654503
20655015
20655527
20656039
20656551
20657063
20657575
20658087
20653480
20653992
20654504
20655016
20655528
20656040
20656552
20657064
20657576
20658088
20653481
20653993
20654505
20655017
20655529
20656041
20656553
20657065
20657577
20658089
20653482
20653994
20654506
20655018
20655530
20656042
20656554
20657066
20657578
20658090
20653483
20653995
20654507
20655019
20655531
20656043
20656555
20657067
20657579
20658091
20653484
20653996
20654508
20655020
20655532
20656044
20656556
20657068
20657580
20658092
20653485
20653997
20654509
20655021
20655533
20656045
20656557
20657069
20657581
20658093
20653486
20653998
20654510
20655022
20655534
20656046
20656558
20657070
20657582
20658094
20653487
20653999
20654511
20655023
20655535
20656047
20656559
20657071
20657583
20658095
20653488
20654000
20654512
20655024
20655536
20656048
20656560
20657072
20657584
20658096
24841773
24842285
24842797
24843309
24843821
24844333
24844845
24845357
24845869
24846381
24841774
24842286
24842798
24843310
24843822
24844334
24844846
24845358
24845870
24846382
24841775
24842287
24842799
24843311
24843823
24844335
24844847
24845359
24845871
24846383
24841776
24842288
24842800
24843312
24843824
24844336
24844848
24845360
24845872
24846384
24841777
24842289
24842801
24843313
24843825
24844337
24844849
24845361
24845873
24846385
24841778
24842290
24842802
24843314
24843826
24844338
24844850
24845362
24845874
24846386
24841779
24842291
24842803
24843315
24843827
24844339
24844851
24845363
24845875
24846387
24841780
24842292
24842804
24843316
24843828
24844340
24844852
24845364
24845876
24846388
24841781
24842293
24842805
24843317
24843829
24844341
24844853
24845365
24845877
24846389
24841782
24842294
24842806
24843318
24843830
24844342
24844854
24845366
24845878
24846390
6332703
6333215
6333727
6334239
6334751
6335263
6335775
6336287
6336799
6337311
6332704
6333216
6333728
6334240
6334752
6335264
6335776
6336288
6336800
6337312
6332705
6333217
6333729
6334241
6334753
6335265
6335777
6336289
6336801
6337313
6332706
6333218
6333730
6334242
6334754
6335266
6335778
6336290
6336802
6337314
6332707
6333219
6333731
6334243
6334755
6335267
6335779
6336291
6336803
6337315
6332708
6333220
6333732
6334244
6334756
6335268
6335780
6336292
6336804
6337316
6332709
6333221
6333733
6334245
6334757
6335269
6335781
6336293
6336805
6337317
6332710
6333222
6333734
6334246
6334758
6335270
6335782
6336294
6336806
6337318
6332711
6333223
6333735
6334247
6334759
6335271
6335783
6336295
6336807
6337319
6332712
6333224
6333736
6334248
6334760
6335272
6335784
6336296
6336808
6337320
13654228
13654740
13655252
13655764
13656276
13656788
13657300
13657812
13658324
13658836
13654229
13654741
13655253
13655765
13656277
13656789
13657301
13657813
13658325
13658837
13654230
13654742
13655254
13655766
13656278
13656790
13657302
13657814
13658326
13658838
13654231
13654743
13655255
13655767
13656279
13656791
13657303
13657815
13658327
13658839
13654232
13654744
13655256
13655768
13656280
13656792
13657304
13657816
13658328
13658840
13654233
13654745
13655257
13655769
13656281
13656793
13657305
13657817
13658329
13658841
13654234
13654746
13655258
13655770
13656282
13656794
13657306
13657818
13658330
13658842
13654235
13654747
13655259
13655771
13656283
13656795
13657307
13657819
13658331
13658843
13654236
13654748
13655260
13655772
13656284
13656796
13657308
13657820
13658332
13658844
13654237
13654749
13655261
13655773
13656285
13656797
13657309
13657821
13658333
13658845
19206996
19207508
19208020
19208532
19209044
19209556
19210068
19210580
19211092
19211604
19206997
19207509
19208021
19208533
19209045
19209557
19210069
19210581
19211093
19211605
19206998
19207510
19208022
19208534
19209046
19209558
19210070
19210582
19211094
19211606
19206999
19207511
19208023
19208535
19209047
19209559
19210071
19210583
19211095
19211607
19207000
19207512
19208024
19208536
19209048
19209560
19210072
19210584
19211096
19211608
19207001
19207513
19208025
19208537
19209049
19209561
19210073
19210585
19211097
19211609
19207002
19207514
19208026
19208538
19209050
19209562
19210074
19210586
19211098
19211610
19207003
19207515
19208027
19208539
19209051
19209563
19210075
19210587
19211099
19211611
19207004
19207516
19208028
19208540
19209052
19209564
19210076
19210588
19211100
19211612
19207005
19207517
19208029
19208541
19209053
19209565
19210077
19210589
19211101
19211613
21040844
21041356
21041868
21042380
21042892
21043404
21043916
21044428
21044940
21045452
21040845
21041357
21041869
21042381
21042893
21043405
21043917
21044429
21044941
21045453
21040846
21041358
21041870
21042382
21042894
21043406
21043918
21044430
21044942
21045454
21040847
21041359
21041871
21042383
21042895
21043407
21043919
21044431
21044943
21045455
21040848
21041360
21041872
21042384
21042896
21043408
21043920
21044432
21044944
21045456
21040849
21041361
21041873
21042385
21042897
21043409
21043921
21044433
21044945
21045457
21040850
21041362
21041874
21042386
21042898
21043410
21043922
21044434
21044946
21045458
21040851
21041363
21041875
21042387
21042899
21043411
21043923
21044435
21044947
21045459
21040852
21041364
21041876
21042388
21042900
21043412
21043924
21044436
21044948
21045460
21040853
21041365
21041877
21042389
21042901
21043413
21043925
21044437
21044949
21045461
17979398
17979910
17980422
17980934
17981446
17981958
17982470
17982982
17983494
17984006
17979399
17979911
17980423
17980935
17981447
17981959
17982471
17982983
17983495
17984007
17979400
17979912
17980424
17980936
17981448
17981960
17982472
17982984
17983496
17984008
17979401
17979913
17980425
17980937
17981449
17981961
17982473
17982985
17983497
17984009
17979402
17979914
17980426
17980938
17981450
17981962
17982474
17982986
17983498
17984010
17979403
17979915
17980427
17980939
17981451
17981963
17982475
17982987
17983499
17984011
17979404
17979916
17980428
17980940
17981452
17981964
17982476
17982988
17983500
17984012
17979405
17979917
17980429
17980941
17981453
17981965
17982477
17982989
17983501
17984013
17979406
17979918
17980430
17980942
17981454
17981966
17982478
17982990
17983502
17984014
17979407
17979919
17980431
17980943
17981455
17981967
17982479
17982991
17983503
17984015
54909550
54910062
54910574
54911086
54911598
54912110
54912622
54913134
54913646
54914158
54909551
54910063
54910575
54911087
54911599
54912111
54912623
54913135
54913647
54914159
54909552
54910064
54910576
54911088
54911600
54912112
54912624
54913136
54913648
54914160
54909553
54910065
54910577
54911089
54911601
54912113
54912625
54913137
54913649
54914161
54909554
54910066
54910578
54911090
54911602
54912114
54912626
54913138
54913650
54914162
54909555
54910067
54910579
54911091
54911603
54912115
54912627
54913139
54913651
54914163
54909556
54910068
54910580
54911092
54911604
54912116
54912628
54913140
54913652
54914164
54909557
54910069
54910581
54911093
54911605
54912117
54912629
54913141
54913653
54914165
54909558
54910070
54910582
54911094
54911606
54912118
54912630
54913142
54913654
54914166
54909559
54910071
54910583
54911095
54911607
54912119
54912631
54913143
54913655
54914167
8961782
8962294
8962806
8963318
8963830
8964342
8964854
8965366
8965878
8966390
8961783
8962295
8962807
8963319
8963831
8964343
8964855
8965367
8965879
8966391
8961784
8962296
8962808
8963320
8963832
8964344
8964856
8965368
8965880
8966392
8961785
8962297
8962809
8963321
8963833
8964345
8964857
8965369
8965881
8966393
8961786
8962298
8962810
8963322
8963834
8964346
8964858
8965370
8965882
8966394
8961787
8962299
8962811
8963323
8963835
8964347
8964859
8965371
8965883
8966395
8961788
8962300
8962812
8963324
8963836
8964348
8964860
8965372
8965884
8966396
8961789
8962301
8962813
8963325
8963837
8964349
8964861
8965373
8965885
8966397
8961790
8962302
8962814
8963326
8963838
8964350
8964862
8965374
8965886
8966398
8961791
8962303
8962815
8963327
8963839
8964351
8964863
8965375
8965887
8966399
16263964
16264476
16264988
16265500
16266012
16266524
16267036
16267548
16268060
16268572
16263965
16264477
16264989
16265501
16266013
16266525
16267037
16267549
16268061
16268573
16263966
16264478
16264990
16265502
16266014
16266526
16267038
16267550
16268062
16268574
16263967
16264479
16264991
16265503
16266015
16266527
16267039
16267551
16268063
16268575
16263968
16264480
16264992
16265504
16266016
16266528
16267040
16267552
16268064
16268576
16263969
16264481
16264993
16265505
16266017
16266529
16267041
16267553
16268065
16268577
16263970
16264482
16264994
16265506
16266018
16266530
16267042
16267554
16268066
16268578
16263971
16264483
16264995
16265507
16266019
16266531
16267043
16267555
16268067
16268579
16263972
16264484
16264996
16265508
16266020
16266532
16267044
16267556
16268068
16268580
16263973
16264485
16264997
16265509
16266021
16266533
16267045
16267557
16268069
16268581
22643025
22643537
22644049
22644561
22645073
22645585
22646097
22646609
22647121
22647633
22643026
22643538
22644050
22644562
22645074
22645586
22646098
22646610
22647122
22647634
22643027
22643539
22644051
22644563
22645075
22645587
22646099
22646611
22647123
22647635
22643028
22643540
22644052
22644564
22645076
22645588
22646100
22646612
22647124
22647636
22643029
22643541
22644053
22644565
22645077
22645589
22646101
22646613
22647125
22647637
22643030
22643542
22644054
22644566
22645078
22645590
22646102
22646614
22647126
22647638
22643031
22643543
22644055
22644567
22645079
22645591
22646103
22646615
22647127
22647639
22643032
22643544
22644056
22644568
22645080
22645592
22646104
22646616
22647128
22647640
22643033
22643545
22644057
22644569
22645081
22645593
22646105
22646617
22647129
22647641
22643034
22643546
22644058
22644570
22645082
22645594
22646106
22646618
22647130
22647642
3854596
3855108
3855620
3856132
3856644
3857156
3857668
3858180
3858692
3859204
3854597
3855109
3855621
3856133
3856645
3857157
3857669
3858181
3858693
3859205
3854598
3855110
3855622
3856134
3856646
3857158
3857670
3858182
3858694
3859206
3854599
3855111
3855623
3856135
3856647
3857159
3857671
3858183
3858695
3859207
3854600
3855112
3855624
3856136
3856648
3857160
3857672
3858184
3858696
3859208
3854601
3855113
3855625
3856137
3856649
3857161
3857673
3858185
3858697
3859209
3854602
3855114
3855626
3856138
3856650
3857162
3857674
3858186
3858698
3859210
3854603
3855115
3855627
3856139
3856651
3857163
3857675
3858187
3858699
3859211
3854604
3855116
3855628
3856140
3856652
3857164
3857676
3858188
3858700
3859212
3854605
3855117
3855629
3856141
3856653
3857165
3857677
3858189
3858701
3859213
47051061
47051573
47052085
47052597
47053109
47053621
47054133
47054645
47055157
47055669
47051062
47051574
47052086
47052598
47053110
47053622
47054134
47054646
47055158
47055670
47051063
47051575
47052087
47052599
47053111
47053623
47054135
47054647
47055159
47055671
47051064
47051576
47052088
47052600
47053112
47053624
47054136
47054648
47055160
47055672
47051065
47051577
47052089
47052601
47053113
47053625
47054137
47054649
47055161
47055673
47051066
47051578
47052090
47052602
47053114
47053626
47054138
47054650
47055162
47055674
47051067
47051579
47052091
47052603
47053115
47053627
47054139
47054651
47055163
47055675
47051068
47051580
47052092
47052604
47053116
47053628
47054140
47054652
47055164
47055676
47051069
47051581
47052093
47052605
47053117
47053629
47054141
47054653
47055165
47055677
47051070
47051582
47052094
47052606
47053118
47053630
47054142
47054654
47055166
47055678
42826282
42826794
42827306
42827818
42828330
42828842
42829354
42829866
42830378
42830890
42826283
42826795
42827307
42827819
42828331
42828843
42829355
42829867
42830379
42830891
42826284
42826796
42827308
42827820
42828332
42828844
42829356
42829868
42830380
42830892
42826285
42826797
42827309
42827821
42828333
42828845
42829357
42829869
42830381
42830893
42826286
42826798
42827310
42827822
42828334
42828846
42829358
42829870
42830382
42830894
42826287
42826799
42827311
42827823
42828335
42828847
42829359
42829871
42830383
42830895
42826288
42826800
42827312
42827824
42828336
42828848
42829360
42829872
42830384
42830896
42826289
42826801
42827313
42827825
42828337
42828849
42829361
42829873
42830385
42830897
42826290
42826802
42827314
42827826
42828338
42828850
42829362
42829874
42830386
42830898
42826291
42826803
42827315
42827827
42828339
42828851
42829363
42829875
42830387
42830899
48112388
48112900
48113412
48113924
48114436
48114948
48115460
48115972
48116484
48116996
48112389
48112901
48113413
48113925
48114437
48114949
48115461
48115973
48116485
48116997
48112390
48112902
48113414
48113926
48114438
48114950
48115462
48115974
48116486
48116998
48112391
48112903
48113415
48113927
48114439
48114951
48115463
48115975
48116487
48116999
48112392
48112904
48113416
48113928
48114440
48114952
48115464
48115976
48116488
48117000
48112393
48112905
48113417
48113929
48114441
48114953
48115465
48115977
48116489
48117001
48112394
48112906
48113418
48113930
48114442
48114954
48115466
48115978
48116490
48117002
48112395
48112907
48113419
48113931
48114443
48114955
48115467
48115979
48116491
48117003
48112396
48112908
48113420
48113932
48114444
48114956
48115468
48115980
48116492
48117004
48112397
48112909
48113421
48113933
48114445
48114957
48115469
48115981
48116493
48117005
17533609
17534121
17534633
17535145
17535657
17536169
17536681
17537193
17537705
17538217
17533610
17534122
17534634
17535146
17535658
17536170
17536682
17537194
17537706
17538218
17533611
17534123
17534635
17535147
17535659
17536171
17536683
17537195
17537707
17538219
17533612
17534124
17534636
17535148
17535660
17536172
17536684
17537196
17537708
17538220
17533613
17534125
17534637
17535149
17535661
17536173
17536685
17537197
17537709
17538221
17533614
17534126
17534638
17535150
17535662
17536174
17536686
17537198
17537710
17538222
17533615
17534127
17534639
17535151
17535663
17536175
17536687
17537199
17537711
17538223
17533616
17534128
17534640
17535152
17535664
17536176
17536688
17537200
17537712
17538224
17533617
17534129
17534641
17535153
17535665
17536177
17536689
17537201
17537713
17538225
17533618
17534130
17534642
17535154
17535666
17536178
17536690
17537202
17537714
17538226
27987861
27988373
27988885
27989397
27989909
27990421
27990933
27991445
27991957
27992469
27987862
27988374
27988886
27989398
27989910
27990422
27990934
27991446
27991958
27992470
27987863
27988375
27988887
27989399
27989911
27990423
27990935
27991447
27991959
27992471
27987864
27988376
27988888
27989400
27989912
27990424
27990936
27991448
27991960
27992472
27987865
27988377
27988889
27989401
27989913
27990425
27990937
27991449
27991961
27992473
27987866
27988378
27988890
27989402
27989914
27990426
27990938
27991450
27991962
27992474
27987867
27988379
27988891
27989403
27989915
27990427
27990939
27991451
27991963
27992475
27987868
27988380
27988892
27989404
27989916
27990428
27990940
27991452
27991964
27992476
27987869
27988381
27988893
27989405
27989917
27990429
27990941
27991453
27991965
27992477
27987870
27988382
27988894
27989406
27989918
27990430
27990942
27991454
27991966
27992478
47267667
47268179
47268691
47269203
47269715
47270227
47270739
47271251
47271763
47272275
47267668
47268180
47268692
47269204
47269716
47270228
47270740
47271252
47271764
47272276
47267669
47268181
47268693
47269205
47269717
47270229
47270741
47271253
47271765
47272277
47267670
47268182
47268694
47269206
47269718
47270230
47270742
47271254
47271766
47272278
47267671
47268183
47268695
47269207
47269719
47270231
47270743
47271255
47271767
47272279
47267672
47268184
47268696
47269208
47269720
47270232
47270744
47271256
47271768
47272280
47267673
47268185
47268697
47269209
47269721
47270233
47270745
47271257
47271769
47272281
47267674
47268186
47268698
47269210
47269722
47270234
47270746
47271258
47271770
47272282
47267675
47268187
47268699
47269211
47269723
47270235
47270747
47271259
47271771
47272283
47267676
47268188
47268700
47269212
47269724
47270236
47270748
47271260
47271772
47272284
18317710
18318222
18318734
18319246
18319758
18320270
18320782
18321294
18321806
18322318
18317711
18318223
18318735
18319247
18319759
18320271
18320783
18321295
18321807
18322319
18317712
18318224
18318736
18319248
18319760
18320272
18320784
18321296
18321808
18322320
18317713
18318225
18318737
18319249
18319761
18320273
18320785
18321297
18321809
18322321
18317714
18318226
18318738
18319250
18319762
18320274
18320786
18321298
18321810
18322322
18317715
18318227
18318739
18319251
18319763
18320275
18320787
18321299
18321811
18322323
18317716
18318228
18318740
18319252
18319764
18320276
18320788
18321300
18321812
18322324
18317717
18318229
18318741
18319253
18319765
18320277
18320789
18321301
18321813
18322325
18317718
18318230
18318742
18319254
18319766
18320278
18320790
18321302
18321814
18322326
18317719
18318231
18318743
18319255
18319767
18320279
18320791
18321303
18321815
18322327
12736632
12737144
12737656
12738168
12738680
12739192
12739704
12740216
12740728
12741240
12736633
12737145
12737657
12738169
12738681
12739193
12739705
12740217
12740729
12741241
12736634
12737146
12737658
12738170
12738682
12739194
12739706
12740218
12740730
12741242
12736635
12737147
12737659
12738171
12738683
12739195
12739707
12740219
12740731
12741243
12736636
12737148
12737660
12738172
12738684
12739196
12739708
12740220
12740732
12741244
12736637
12737149
12737661
12738173
12738685
12739197
12739709
12740221
12740733
12741245
12736638
12737150
12737662
12738174
12738686
12739198
12739710
12740222
12740734
12741246
12736639
12737151
12737663
12738175
12738687
12739199
12739711
12740223
12740735
12741247
12736640
12737152
12737664
12738176
12738688
12739200
12739712
12740224
12740736
12741248
12736641
12737153
12737665
12738177
12738689
12739201
12739713
12740225
12740737
12741249
29814533
29815045
29815557
29816069
29816581
29817093
29817605
29818117
29818629
29819141
29814534
29815046
29815558
29816070
29816582
29817094
29817606
29818118
29818630
29819142
29814535
29815047
29815559
29816071
29816583
29817095
29817607
29818119
29818631
29819143
29814536
29815048
29815560
29816072
29816584
29817096
29817608
29818120
29818632
29819144
29814537
29815049
29815561
29816073
29816585
29817097
29817609
29818121
29818633
29819145
29814538
29815050
29815562
29816074
29816586
29817098
29817610
29818122
29818634
29819146
29814539
29815051
29815563
29816075
29816587
29817099
29817611
29818123
29818635
29819147
29814540
29815052
29815564
29816076
29816588
29817100
29817612
29818124
29818636
29819148
29814541
29815053
29815565
29816077
29816589
29817101
29817613
29818125
29818637
29819149
29814542
29815054
29815566
29816078
29816590
29817102
29817614
29818126
29818638
29819150
7886483
7886995
7887507
7888019
7888531
7889043
7889555
7890067
7890579
7891091
7886484
7886996
7887508
7888020
7888532
7889044
7889556
7890068
7890580
7891092
7886485
7886997
7887509
7888021
7888533
7889045
7889557
7890069
7890581
7891093
7886486
7886998
7887510
7888022
7888534
7889046
7889558
7890070
7890582
7891094
7886487
7886999
7887511
7888023
7888535
7889047
7889559
7890071
7890583
7891095
7886488
7887000
7887512
7888024
7888536
7889048
7889560
7890072
7890584
7891096
7886489
7887001
7887513
7888025
7888537
7889049
7889561
7890073
7890585
7891097
7886490
7887002
7887514
7888026
7888538
7889050
7889562
7890074
7890586
7891098
7886491
7887003
7887515
7888027
7888539
7889051
7889563
7890075
7890587
7891099
7886492
7887004
7887516
7888028
7888540
7889052
7889564
7890076
7890588
7891100
