51271339
51271851
51272363
51272875
51273387
51273899
51274411
51274923
51275435
51275947
51271340
51271852
51272364
51272876
51273388
51273900
51274412
51274924
51275436
51275948
51271341
51271853
51272365
51272877
51273389
51273901
51274413
51274925
51275437
51275949
51271342
51271854
51272366
51272878
51273390
51273902
51274414
51274926
51275438
51275950
51271343
51271855
51272367
51272879
51273391
51273903
51274415
51274927
51275439
51275951
51271344
51271856
51272368
51272880
51273392
51273904
51274416
51274928
51275440
51275952
51271345
51271857
51272369
51272881
51273393
51273905
51274417
51274929
51275441
51275953
51271346
51271858
51272370
51272882
51273394
51273906
51274418
51274930
51275442
51275954
51271347
51271859
51272371
51272883
51273395
51273907
51274419
51274931
51275443
51275955
51271348
51271860
51272372
51272884
51273396
51273908
51274420
51274932
51275444
51275956
46765769
46766281
46766793
46767305
46767817
46768329
46768841
46769353
46769865
46770377
46765770
46766282
46766794
46767306
46767818
46768330
46768842
46769354
46769866
46770378
46765771
46766283
46766795
46767307
46767819
46768331
46768843
46769355
46769867
46770379
46765772
46766284
46766796
46767308
46767820
46768332
46768844
46769356
46769868
46770380
46765773
46766285
46766797
46767309
46767821
46768333
46768845
46769357
46769869
46770381
46765774
46766286
46766798
46767310
46767822
46768334
46768846
46769358
46769870
46770382
46765775
46766287
46766799
46767311
46767823
46768335
46768847
46769359
46769871
46770383
46765776
46766288
46766800
46767312
46767824
46768336
46768848
46769360
46769872
46770384
46765777
46766289
46766801
46767313
46767825
46768337
46768849
46769361
46769873
46770385
46765778
46766290
46766802
46767314
46767826
46768338
46768850
46769362
46769874
46770386
46479132
46479644
46480156
46480668
46481180
46481692
46482204
46482716
46483228
46483740
46479133
46479645
46480157
46480669
46481181
46481693
46482205
46482717
46483229
46483741
46479134
46479646
46480158
46480670
46481182
46481694
46482206
46482718
46483230
46483742
46479135
46479647
46480159
46480671
46481183
46481695
46482207
46482719
46483231
46483743
46479136
46479648
46480160
46480672
46481184
46481696
46482208
46482720
46483232
46483744
46479137
46479649
46480161
46480673
46481185
46481697
46482209
46482721
46483233
46483745
46479138
46479650
46480162
46480674
46481186
46481698
46482210
46482722
46483234
46483746
46479139
46479651
46480163
46480675
46481187
46481699
46482211
46482723
46483235
46483747
46479140
46479652
46480164
46480676
46481188
46481700
46482212
46482724
46483236
46483748
46479141
46479653
46480165
46480677
46481189
46481701
46482213
46482725
46483237
46483749
45168315
45168827
45169339
45169851
45170363
45170875
45171387
45171899
45172411
45172923
45168316
45168828
45169340
45169852
45170364
45170876
45171388
45171900
45172412
45172924
45168317
45168829
45169341
45169853
45170365
45170877
45171389
45171901
45172413
45172925
45168318
45168830
45169342
45169854
45170366
45170878
45171390
45171902
45172414
45172926
45168319
45168831
45169343
45169855
45170367
45170879
45171391
45171903
45172415
45172927
45168320
45168832
45169344
45169856
45170368
45170880
45171392
45171904
45172416
45172928
45168321
45168833
45169345
45169857
45170369
45170881
45171393
45171905
45172417
45172929
45168322
45168834
45169346
45169858
45170370
45170882
45171394
45171906
45172418
45172930
45168323
45168835
45169347
45169859
45170371
45170883
45171395
45171907
45172419
45172931
45168324
45168836
45169348
45169860
45170372
45170884
45171396
45171908
45172420
45172932
47785627
47786139
47786651
47787163
47787675
47788187
47788699
47789211
47789723
47790235
47785628
47786140
47786652
47787164
47787676
47788188
47788700
47789212
47789724
47790236
47785629
47786141
47786653
47787165
47787677
47788189
47788701
47789213
47789725
47790237
47785630
47786142
47786654
47787166
47787678
47788190
47788702
47789214
47789726
47790238
47785631
47786143
47786655
47787167
47787679
47788191
47788703
47789215
47789727
47790239
47785632
47786144
47786656
47787168
47787680
47788192
47788704
47789216
47789728
47790240
47785633
47786145
47786657
47787169
47787681
47788193
47788705
47789217
47789729
47790241
47785634
47786146
47786658
47787170
47787682
47788194
47788706
47789218
47789730
47790242
47785635
47786147
47786659
47787171
47787683
47788195
47788707
47789219
47789731
47790243
47785636
47786148
47786660
47787172
47787684
47788196
47788708
47789220
47789732
47790244
48041167
48041679
48042191
48042703
48043215
48043727
48044239
48044751
48045263
48045775
48041168
48041680
48042192
48042704
48043216
48043728
48044240
48044752
48045264
48045776
48041169
48041681
48042193
48042705
48043217
48043729
48044241
48044753
48045265
48045777
48041170
48041682
48042194
48042706
48043218
48043730
48044242
48044754
48045266
48045778
48041171
48041683
48042195
48042707
48043219
48043731
48044243
48044755
48045267
48045779
48041172
48041684
48042196
48042708
48043220
48043732
48044244
48044756
48045268
48045780
48041173
48041685
48042197
48042709
48043221
48043733
48044245
48044757
48045269
48045781
48041174
48041686
48042198
48042710
48043222
48043734
48044246
48044758
48045270
48045782
48041175
48041687
48042199
48042711
48043223
48043735
48044247
48044759
48045271
48045783
48041176
48041688
48042200
48042712
48043224
48043736
48044248
48044760
48045272
48045784
48054438
48054950
48055462
48055974
48056486
48056998
48057510
48058022
48058534
48059046
48054439
48054951
48055463
48055975
48056487
48056999
48057511
48058023
48058535
48059047
48054440
48054952
48055464
48055976
48056488
48057000
48057512
48058024
48058536
48059048
48054441
48054953
48055465
48055977
48056489
48057001
48057513
48058025
48058537
48059049
48054442
48054954
48055466
48055978
48056490
48057002
48057514
48058026
48058538
48059050
48054443
48054955
48055467
48055979
48056491
48057003
48057515
48058027
48058539
48059051
48054444
48054956
48055468
48055980
48056492
48057004
48057516
48058028
48058540
48059052
48054445
48054957
48055469
48055981
48056493
48057005
48057517
48058029
48058541
48059053
48054446
48054958
48055470
48055982
48056494
48057006
48057518
48058030
48058542
48059054
48054447
48054959
48055471
48055983
48056495
48057007
48057519
48058031
48058543
48059055
48041266
48041778
48042290
48042802
48043314
48043826
48044338
48044850
48045362
48045874
48041267
48041779
48042291
48042803
48043315
48043827
48044339
48044851
48045363
48045875
48041268
48041780
48042292
48042804
48043316
48043828
48044340
48044852
48045364
48045876
48041269
48041781
48042293
48042805
48043317
48043829
48044341
48044853
48045365
48045877
48041270
48041782
48042294
48042806
48043318
48043830
48044342
48044854
48045366
48045878
48041271
48041783
48042295
48042807
48043319
48043831
48044343
48044855
48045367
48045879
48041272
48041784
48042296
48042808
48043320
48043832
48044344
48044856
48045368
48045880
48041273
48041785
48042297
48042809
48043321
48043833
48044345
48044857
48045369
48045881
48041274
48041786
48042298
48042810
48043322
48043834
48044346
48044858
48045370
48045882
48041275
48041787
48042299
48042811
48043323
48043835
48044347
48044859
48045371
48045883
47780128
47780640
47781152
47781664
47782176
47782688
47783200
47783712
47784224
47784736
47780129
47780641
47781153
47781665
47782177
47782689
47783201
47783713
47784225
47784737
47780130
47780642
47781154
47781666
47782178
47782690
47783202
47783714
47784226
47784738
47780131
47780643
47781155
47781667
47782179
47782691
47783203
47783715
47784227
47784739
47780132
47780644
47781156
47781668
47782180
47782692
47783204
47783716
47784228
47784740
47780133
47780645
47781157
47781669
47782181
47782693
47783205
47783717
47784229
47784741
47780134
47780646
47781158
47781670
47782182
47782694
47783206
47783718
47784230
47784742
47780135
47780647
47781159
47781671
47782183
47782695
47783207
47783719
47784231
47784743
47780136
47780648
47781160
47781672
47782184
47782696
47783208
47783720
47784232
47784744
47780137
47780649
47781161
47781673
47782185
47782697
47783209
47783721
47784233
47784745
49870019
49870531
49871043
49871555
49872067
49872579
49873091
49873603
49874115
49874627
49870020
49870532
49871044
49871556
49872068
49872580
49873092
49873604
49874116
49874628
49870021
49870533
49871045
49871557
49872069
49872581
49873093
49873605
49874117
49874629
49870022
49870534
49871046
49871558
49872070
49872582
49873094
49873606
49874118
49874630
49870023
49870535
49871047
49871559
49872071
49872583
49873095
49873607
49874119
49874631
49870024
49870536
49871048
49871560
49872072
49872584
49873096
49873608
49874120
49874632
49870025
49870537
49871049
49871561
49872073
49872585
49873097
49873609
49874121
49874633
49870026
49870538
49871050
49871562
49872074
49872586
49873098
49873610
49874122
49874634
49870027
49870539
49871051
49871563
49872075
49872587
49873099
49873611
49874123
49874635
49870028
49870540
49871052
49871564
49872076
49872588
49873100
49873612
49874124
49874636
47020837
47021349
47021861
47022373
47022885
47023397
47023909
47024421
47024933
47025445
47020838
47021350
47021862
47022374
47022886
47023398
47023910
47024422
47024934
47025446
47020839
47021351
47021863
47022375
47022887
47023399
47023911
47024423
47024935
47025447
47020840
47021352
47021864
47022376
47022888
47023400
47023912
47024424
47024936
47025448
47020841
47021353
47021865
47022377
47022889
47023401
47023913
47024425
47024937
47025449
47020842
47021354
47021866
47022378
47022890
47023402
47023914
47024426
47024938
47025450
47020843
47021355
47021867
47022379
47022891
47023403
47023915
47024427
47024939
47025451
47020844
47021356
47021868
47022380
47022892
47023404
47023916
47024428
47024940
47025452
47020845
47021357
47021869
47022381
47022893
47023405
47023917
47024429
47024941
47025453
47020846
47021358
47021870
47022382
47022894
47023406
47023918
47024430
47024942
47025454
39383242
39383754
39384266
39384778
39385290
39385802
39386314
39386826
39387338
39387850
39383243
39383755
39384267
39384779
39385291
39385803
39386315
39386827
39387339
39387851
39383244
39383756
39384268
39384780
39385292
39385804
39386316
39386828
39387340
39387852
39383245
39383757
39384269
39384781
39385293
39385805
39386317
39386829
39387341
39387853
39383246
39383758
39384270
39384782
39385294
39385806
39386318
39386830
39387342
39387854
39383247
39383759
39384271
39384783
39385295
39385807
39386319
39386831
39387343
39387855
39383248
39383760
39384272
39384784
39385296
39385808
39386320
39386832
39387344
39387856
39383249
39383761
39384273
39384785
39385297
39385809
39386321
39386833
39387345
39387857
39383250
39383762
39384274
39384786
39385298
39385810
39386322
39386834
39387346
39387858
39383251
39383763
39384275
39384787
39385299
39385811
39386323
39386835
39387347
39387859
40946458
40946970
40947482
40947994
40948506
40949018
40949530
40950042
40950554
40951066
40946459
40946971
40947483
40947995
40948507
40949019
40949531
40950043
40950555
40951067
40946460
40946972
40947484
40947996
40948508
40949020
40949532
40950044
40950556
40951068
40946461
40946973
40947485
40947997
40948509
40949021
40949533
40950045
40950557
40951069
40946462
40946974
40947486
40947998
40948510
40949022
40949534
40950046
40950558
40951070
40946463
40946975
40947487
40947999
40948511
40949023
40949535
40950047
40950559
40951071
40946464
40946976
40947488
40948000
40948512
40949024
40949536
40950048
40950560
40951072
40946465
40946977
40947489
40948001
40948513
40949025
40949537
40950049
40950561
40951073
40946466
40946978
40947490
40948002
40948514
40949026
40949538
40950050
40950562
40951074
40946467
40946979
40947491
40948003
40948515
40949027
40949539
40950051
40950563
40951075
52001496
52002008
52002520
52003032
52003544
52004056
52004568
52005080
52005592
52006104
52001497
52002009
52002521
52003033
52003545
52004057
52004569
52005081
52005593
52006105
52001498
52002010
52002522
52003034
52003546
52004058
52004570
52005082
52005594
52006106
52001499
52002011
52002523
52003035
52003547
52004059
52004571
52005083
52005595
52006107
52001500
52002012
52002524
52003036
52003548
52004060
52004572
52005084
52005596
52006108
52001501
52002013
52002525
52003037
52003549
52004061
52004573
52005085
52005597
52006109
52001502
52002014
52002526
52003038
52003550
52004062
52004574
52005086
52005598
52006110
52001503
52002015
52002527
52003039
52003551
52004063
52004575
52005087
52005599
52006111
52001504
52002016
52002528
52003040
52003552
52004064
52004576
52005088
52005600
52006112
52001505
52002017
52002529
52003041
52003553
52004065
52004577
52005089
52005601
52006113
48375997
48376509
48377021
48377533
48378045
48378557
48379069
48379581
48380093
48380605
48375998
48376510
48377022
48377534
48378046
48378558
48379070
48379582
48380094
48380606
48375999
48376511
48377023
48377535
48378047
48378559
48379071
48379583
48380095
48380607
48376000
48376512
48377024
48377536
48378048
48378560
48379072
48379584
48380096
48380608
48376001
48376513
48377025
48377537
48378049
48378561
48379073
48379585
48380097
48380609
48376002
48376514
48377026
48377538
48378050
48378562
48379074
48379586
48380098
48380610
48376003
48376515
48377027
48377539
48378051
48378563
48379075
48379587
48380099
48380611
48376004
48376516
48377028
48377540
48378052
48378564
48379076
48379588
48380100
48380612
48376005
48376517
48377029
48377541
48378053
48378565
48379077
48379589
48380101
48380613
48376006
48376518
48377030
48377542
48378054
48378566
48379078
48379590
48380102
48380614
43825919
43826431
43826943
43827455
43827967
43828479
43828991
43829503
43830015
43830527
43825920
43826432
43826944
43827456
43827968
43828480
43828992
43829504
43830016
43830528
43825921
43826433
43826945
43827457
43827969
43828481
43828993
43829505
43830017
43830529
43825922
43826434
43826946
43827458
43827970
43828482
43828994
43829506
43830018
43830530
43825923
43826435
43826947
43827459
43827971
43828483
43828995
43829507
43830019
43830531
43825924
43826436
43826948
43827460
43827972
43828484
43828996
43829508
43830020
43830532
43825925
43826437
43826949
43827461
43827973
43828485
43828997
43829509
43830021
43830533
43825926
43826438
43826950
43827462
43827974
43828486
43828998
43829510
43830022
43830534
43825927
43826439
43826951
43827463
43827975
43828487
43828999
43829511
43830023
43830535
43825928
43826440
43826952
43827464
43827976
43828488
43829000
43829512
43830024
43830536
43078439
43078951
43079463
43079975
43080487
43080999
43081511
43082023
43082535
43083047
43078440
43078952
43079464
43079976
43080488
43081000
43081512
43082024
43082536
43083048
43078441
43078953
43079465
43079977
43080489
43081001
43081513
43082025
43082537
43083049
43078442
43078954
43079466
43079978
43080490
43081002
43081514
43082026
43082538
43083050
43078443
43078955
43079467
43079979
43080491
43081003
43081515
43082027
43082539
43083051
43078444
43078956
43079468
43079980
43080492
43081004
43081516
43082028
43082540
43083052
43078445
43078957
43079469
43079981
43080493
43081005
43081517
43082029
43082541
43083053
43078446
43078958
43079470
43079982
43080494
43081006
43081518
43082030
43082542
43083054
43078447
43078959
43079471
43079983
43080495
43081007
43081519
43082031
43082543
43083055
43078448
43078960
43079472
43079984
43080496
43081008
43081520
43082032
43082544
43083056
46969589
46970101
46970613
46971125
46971637
46972149
46972661
46973173
46973685
46974197
46969590
46970102
46970614
46971126
46971638
46972150
46972662
46973174
46973686
46974198
46969591
46970103
46970615
46971127
46971639
46972151
46972663
46973175
46973687
46974199
46969592
46970104
46970616
46971128
46971640
46972152
46972664
46973176
46973688
46974200
46969593
46970105
46970617
46971129
46971641
46972153
46972665
46973177
46973689
46974201
46969594
46970106
46970618
46971130
46971642
46972154
46972666
46973178
46973690
46974202
46969595
46970107
46970619
46971131
46971643
46972155
46972667
46973179
46973691
46974203
46969596
46970108
46970620
46971132
46971644
46972156
46972668
46973180
46973692
46974204
46969597
46970109
46970621
46971133
46971645
46972157
46972669
46973181
46973693
46974205
46969598
46970110
46970622
46971134
46971646
46972158
46972670
46973182
46973694
46974206
40950514
40951026
40951538
40952050
40952562
40953074
40953586
40954098
40954610
40955122
40950515
40951027
40951539
40952051
40952563
40953075
40953587
40954099
40954611
40955123
40950516
40951028
40951540
40952052
40952564
40953076
40953588
40954100
40954612
40955124
40950517
40951029
40951541
40952053
40952565
40953077
40953589
40954101
40954613
40955125
40950518
40951030
40951542
40952054
40952566
40953078
40953590
40954102
40954614
40955126
40950519
40951031
40951543
40952055
40952567
40953079
40953591
40954103
40954615
40955127
40950520
40951032
40951544
40952056
40952568
40953080
40953592
40954104
40954616
40955128
40950521
40951033
40951545
40952057
40952569
40953081
40953593
40954105
40954617
40955129
40950522
40951034
40951546
40952058
40952570
40953082
40953594
40954106
40954618
40955130
40950523
40951035
40951547
40952059
40952571
40953083
40953595
40954107
40954619
40955131
49108127
49108639
49109151
49109663
49110175
49110687
49111199
49111711
49112223
49112735
49108128
49108640
49109152
49109664
49110176
49110688
49111200
49111712
49112224
49112736
49108129
49108641
49109153
49109665
49110177
49110689
49111201
49111713
49112225
49112737
49108130
49108642
49109154
49109666
49110178
49110690
49111202
49111714
49112226
49112738
49108131
49108643
49109155
49109667
49110179
49110691
49111203
49111715
49112227
49112739
49108132
49108644
49109156
49109668
49110180
49110692
49111204
49111716
49112228
49112740
49108133
49108645
49109157
49109669
49110181
49110693
49111205
49111717
49112229
49112741
49108134
49108646
49109158
49109670
49110182
49110694
49111206
49111718
49112230
49112742
49108135
49108647
49109159
49109671
49110183
49110695
49111207
49111719
49112231
49112743
49108136
49108648
49109160
49109672
49110184
49110696
49111208
49111720
49112232
49112744
50928375
50928887
50929399
50929911
50930423
50930935
50931447
50931959
50932471
50932983
50928376
50928888
50929400
50929912
50930424
50930936
50931448
50931960
50932472
50932984
50928377
50928889
50929401
50929913
50930425
50930937
50931449
50931961
50932473
50932985
50928378
50928890
50929402
50929914
50930426
50930938
50931450
50931962
50932474
50932986
50928379
50928891
50929403
50929915
50930427
50930939
50931451
50931963
50932475
50932987
50928380
50928892
50929404
50929916
50930428
50930940
50931452
50931964
50932476
50932988
50928381
50928893
50929405
50929917
50930429
50930941
50931453
50931965
50932477
50932989
50928382
50928894
50929406
50929918
50930430
50930942
50931454
50931966
50932478
50932990
50928383
50928895
50929407
50929919
50930431
50930943
50931455
50931967
50932479
50932991
50928384
50928896
50929408
50929920
50930432
50930944
50931456
50931968
50932480
50932992
46728475
46728987
46729499
46730011
46730523
46731035
46731547
46732059
46732571
46733083
46728476
46728988
46729500
46730012
46730524
46731036
46731548
46732060
46732572
46733084
46728477
46728989
46729501
46730013
46730525
46731037
46731549
46732061
46732573
46733085
46728478
46728990
46729502
46730014
46730526
46731038
46731550
46732062
46732574
46733086
46728479
46728991
46729503
46730015
46730527
46731039
46731551
46732063
46732575
46733087
46728480
46728992
46729504
46730016
46730528
46731040
46731552
46732064
46732576
46733088
46728481
46728993
46729505
46730017
46730529
46731041
46731553
46732065
46732577
46733089
46728482
46728994
46729506
46730018
46730530
46731042
46731554
46732066
46732578
46733090
46728483
46728995
46729507
46730019
46730531
46731043
46731555
46732067
46732579
46733091
46728484
46728996
46729508
46730020
46730532
46731044
46731556
46732068
46732580
46733092
42831016
42831528
42832040
42832552
42833064
42833576
42834088
42834600
42835112
42835624
42831017
42831529
42832041
42832553
42833065
42833577
42834089
42834601
42835113
42835625
42831018
42831530
42832042
42832554
42833066
42833578
42834090
42834602
42835114
42835626
42831019
42831531
42832043
42832555
42833067
42833579
42834091
42834603
42835115
42835627
42831020
42831532
42832044
42832556
42833068
42833580
42834092
42834604
42835116
42835628
42831021
42831533
42832045
42832557
42833069
42833581
42834093
42834605
42835117
42835629
42831022
42831534
42832046
42832558
42833070
42833582
42834094
42834606
42835118
42835630
42831023
42831535
42832047
42832559
42833071
42833583
42834095
42834607
42835119
42835631
42831024
42831536
42832048
42832560
42833072
42833584
42834096
42834608
42835120
42835632
42831025
42831537
42832049
42832561
42833073
42833585
42834097
42834609
42835121
42835633
48829731
48830243
48830755
48831267
48831779
48832291
48832803
48833315
48833827
48834339
48829732
48830244
48830756
48831268
48831780
48832292
48832804
48833316
48833828
48834340
48829733
48830245
48830757
48831269
48831781
48832293
48832805
48833317
48833829
48834341
48829734
48830246
48830758
48831270
48831782
48832294
48832806
48833318
48833830
48834342
48829735
48830247
48830759
48831271
48831783
48832295
48832807
48833319
48833831
48834343
48829736
48830248
48830760
48831272
48831784
48832296
48832808
48833320
48833832
48834344
48829737
48830249
48830761
48831273
48831785
48832297
48832809
48833321
48833833
48834345
48829738
48830250
48830762
48831274
48831786
48832298
48832810
48833322
48833834
48834346
48829739
48830251
48830763
48831275
48831787
48832299
48832811
48833323
48833835
48834347
48829740
48830252
48830764
48831276
48831788
48832300
48832812
48833324
48833836
48834348
42039459
42039971
42040483
42040995
42041507
42042019
42042531
42043043
42043555
42044067
42039460
42039972
42040484
42040996
42041508
42042020
42042532
42043044
42043556
42044068
42039461
42039973
42040485
42040997
42041509
42042021
42042533
42043045
42043557
42044069
42039462
42039974
42040486
42040998
42041510
42042022
42042534
42043046
42043558
42044070
42039463
42039975
42040487
42040999
42041511
42042023
42042535
42043047
42043559
42044071
42039464
42039976
42040488
42041000
42041512
42042024
42042536
42043048
42043560
42044072
42039465
42039977
42040489
42041001
42041513
42042025
42042537
42043049
42043561
42044073
42039466
42039978
42040490
42041002
42041514
42042026
42042538
42043050
42043562
42044074
42039467
42039979
42040491
42041003
42041515
42042027
42042539
42043051
42043563
42044075
42039468
42039980
42040492
42041004
42041516
42042028
42042540
42043052
42043564
42044076
48858785
48859297
48859809
48860321
48860833
48861345
48861857
48862369
48862881
48863393
48858786
48859298
48859810
48860322
48860834
48861346
48861858
48862370
48862882
48863394
48858787
48859299
48859811
48860323
48860835
48861347
48861859
48862371
48862883
48863395
48858788
48859300
48859812
48860324
48860836
48861348
48861860
48862372
48862884
48863396
48858789
48859301
48859813
48860325
48860837
48861349
48861861
48862373
48862885
48863397
48858790
48859302
48859814
48860326
48860838
48861350
48861862
48862374
48862886
48863398
48858791
48859303
48859815
48860327
48860839
48861351
48861863
48862375
48862887
48863399
48858792
48859304
48859816
48860328
48860840
48861352
48861864
48862376
48862888
48863400
48858793
48859305
48859817
48860329
48860841
48861353
48861865
48862377
48862889
48863401
48858794
48859306
48859818
48860330
48860842
48861354
48861866
48862378
48862890
48863402
48871622
48872134
48872646
48873158
48873670
48874182
48874694
48875206
48875718
48876230
48871623
48872135
48872647
48873159
48873671
48874183
48874695
48875207
48875719
48876231
48871624
48872136
48872648
48873160
48873672
48874184
48874696
48875208
48875720
48876232
48871625
48872137
48872649
48873161
48873673
48874185
48874697
48875209
48875721
48876233
48871626
48872138
48872650
48873162
48873674
48874186
48874698
48875210
48875722
48876234
48871627
48872139
48872651
48873163
48873675
48874187
48874699
48875211
48875723
48876235
48871628
48872140
48872652
48873164
48873676
48874188
48874700
48875212
48875724
48876236
48871629
48872141
48872653
48873165
48873677
48874189
48874701
48875213
48875725
48876237
48871630
48872142
48872654
48873166
48873678
48874190
48874702
48875214
48875726
48876238
48871631
48872143
48872655
48873167
48873679
48874191
48874703
48875215
48875727
48876239
39123725
39124237
39124749
39125261
39125773
39126285
39126797
39127309
39127821
39128333
39123726
39124238
39124750
39125262
39125774
39126286
39126798
39127310
39127822
39128334
39123727
39124239
39124751
39125263
39125775
39126287
39126799
39127311
39127823
39128335
39123728
39124240
39124752
39125264
39125776
39126288
39126800
39127312
39127824
39128336
39123729
39124241
39124753
39125265
39125777
39126289
39126801
39127313
39127825
39128337
39123730
39124242
39124754
39125266
39125778
39126290
39126802
39127314
39127826
39128338
39123731
39124243
39124755
39125267
39125779
39126291
39126803
39127315
39127827
39128339
39123732
39124244
39124756
39125268
39125780
39126292
39126804
39127316
39127828
39128340
39123733
39124245
39124757
39125269
39125781
39126293
39126805
39127317
39127829
39128341
39123734
39124246
39124758
39125270
39125782
39126294
39126806
39127318
39127830
39128342
52494552
52495064
52495576
52496088
52496600
52497112
52497624
52498136
52498648
52499160
52494553
52495065
52495577
52496089
52496601
52497113
52497625
52498137
52498649
52499161
52494554
52495066
52495578
52496090
52496602
52497114
52497626
52498138
52498650
52499162
52494555
52495067
52495579
52496091
52496603
52497115
52497627
52498139
52498651
52499163
52494556
52495068
52495580
52496092
52496604
52497116
52497628
52498140
52498652
52499164
52494557
52495069
52495581
52496093
52496605
52497117
52497629
52498141
52498653
52499165
52494558
52495070
52495582
52496094
52496606
52497118
52497630
52498142
52498654
52499166
52494559
52495071
52495583
52496095
52496607
52497119
52497631
52498143
52498655
52499167
52494560
52495072
52495584
52496096
52496608
52497120
52497632
52498144
52498656
52499168
52494561
52495073
52495585
52496097
52496609
52497121
52497633
52498145
52498657
52499169
50984091
50984603
50985115
50985627
50986139
50986651
50987163
50987675
50988187
50988699
50984092
50984604
50985116
50985628
50986140
50986652
50987164
50987676
50988188
50988700
50984093
50984605
50985117
50985629
50986141
50986653
50987165
50987677
50988189
50988701
50984094
50984606
50985118
50985630
50986142
50986654
50987166
50987678
50988190
50988702
50984095
50984607
50985119
50985631
50986143
50986655
50987167
50987679
50988191
50988703
50984096
50984608
50985120
50985632
50986144
50986656
50987168
50987680
50988192
50988704
50984097
50984609
50985121
50985633
50986145
50986657
50987169
50987681
50988193
50988705
50984098
50984610
50985122
50985634
50986146
50986658
50987170
50987682
50988194
50988706
50984099
50984611
50985123
50985635
50986147
50986659
50987171
50987683
50988195
50988707
50984100
50984612
50985124
50985636
50986148
50986660
50987172
50987684
50988196
50988708
