4260081
4260593
4261105
4261617
4262129
4262641
4263153
4263665
4264177
4264689
4260082
4260594
4261106
4261618
4262130
4262642
4263154
4263666
4264178
4264690
4260083
4260595
4261107
4261619
4262131
4262643
4263155
4263667
4264179
4264691
4260084
4260596
4261108
4261620
4262132
4262644
4263156
4263668
4264180
4264692
4260085
4260597
4261109
4261621
4262133
4262645
4263157
4263669
4264181
4264693
4260086
4260598
4261110
4261622
4262134
4262646
4263158
4263670
4264182
4264694
4260087
4260599
4261111
4261623
4262135
4262647
4263159
4263671
4264183
4264695
4260088
4260600
4261112
4261624
4262136
4262648
4263160
4263672
4264184
4264696
4260089
4260601
4261113
4261625
4262137
4262649
4263161
4263673
4264185
4264697
4260090
4260602
4261114
4261626
4262138
4262650
4263162
4263674
4264186
4264698
7448053
7448565
7449077
7449589
7450101
7450613
7451125
7451637
7452149
7452661
7448054
7448566
7449078
7449590
7450102
7450614
7451126
7451638
7452150
7452662
7448055
7448567
7449079
7449591
7450103
7450615
7451127
7451639
7452151
7452663
7448056
7448568
7449080
7449592
7450104
7450616
7451128
7451640
7452152
7452664
7448057
7448569
7449081
7449593
7450105
7450617
7451129
7451641
7452153
7452665
7448058
7448570
7449082
7449594
7450106
7450618
7451130
7451642
7452154
7452666
7448059
7448571
7449083
7449595
7450107
7450619
7451131
7451643
7452155
7452667
7448060
7448572
7449084
7449596
7450108
7450620
7451132
7451644
7452156
7452668
7448061
7448573
7449085
7449597
7450109
7450621
7451133
7451645
7452157
7452669
7448062
7448574
7449086
7449598
7450110
7450622
7451134
7451646
7452158
7452670
44394521
44395033
44395545
44396057
44396569
44397081
44397593
44398105
44398617
44399129
44394522
44395034
44395546
44396058
44396570
44397082
44397594
44398106
44398618
44399130
44394523
44395035
44395547
44396059
44396571
44397083
44397595
44398107
44398619
44399131
44394524
44395036
44395548
44396060
44396572
44397084
44397596
44398108
44398620
44399132
44394525
44395037
44395549
44396061
44396573
44397085
44397597
44398109
44398621
44399133
44394526
44395038
44395550
44396062
44396574
44397086
44397598
44398110
44398622
44399134
44394527
44395039
44395551
44396063
44396575
44397087
44397599
44398111
44398623
44399135
44394528
44395040
44395552
44396064
44396576
44397088
44397600
44398112
44398624
44399136
44394529
44395041
44395553
44396065
44396577
44397089
44397601
44398113
44398625
44399137
44394530
44395042
44395554
44396066
44396578
44397090
44397602
44398114
44398626
44399138
19002234
19002746
19003258
19003770
19004282
19004794
19005306
19005818
19006330
19006842
19002235
19002747
19003259
19003771
19004283
19004795
19005307
19005819
19006331
19006843
19002236
19002748
19003260
19003772
19004284
19004796
19005308
19005820
19006332
19006844
19002237
19002749
19003261
19003773
19004285
19004797
19005309
19005821
19006333
19006845
19002238
19002750
19003262
19003774
19004286
19004798
19005310
19005822
19006334
19006846
19002239
19002751
19003263
19003775
19004287
19004799
19005311
19005823
19006335
19006847
19002240
19002752
19003264
19003776
19004288
19004800
19005312
19005824
19006336
19006848
19002241
19002753
19003265
19003777
19004289
19004801
19005313
19005825
19006337
19006849
19002242
19002754
19003266
19003778
19004290
19004802
19005314
19005826
19006338
19006850
19002243
19002755
19003267
19003779
19004291
19004803
19005315
19005827
19006339
19006851
45732905
45733417
45733929
45734441
45734953
45735465
45735977
45736489
45737001
45737513
45732906
45733418
45733930
45734442
45734954
45735466
45735978
45736490
45737002
45737514
45732907
45733419
45733931
45734443
45734955
45735467
45735979
45736491
45737003
45737515
45732908
45733420
45733932
45734444
45734956
45735468
45735980
45736492
45737004
45737516
45732909
45733421
45733933
45734445
45734957
45735469
45735981
45736493
45737005
45737517
45732910
45733422
45733934
45734446
45734958
45735470
45735982
45736494
45737006
45737518
45732911
45733423
45733935
45734447
45734959
45735471
45735983
45736495
45737007
45737519
45732912
45733424
45733936
45734448
45734960
45735472
45735984
45736496
45737008
45737520
45732913
45733425
45733937
45734449
45734961
45735473
45735985
45736497
45737009
45737521
45732914
45733426
45733938
45734450
45734962
45735474
45735986
45736498
45737010
45737522
55020522
55021034
55021546
55022058
55022570
55023082
55023594
55024106
55024618
55025130
55020523
55021035
55021547
55022059
55022571
55023083
55023595
55024107
55024619
55025131
55020524
55021036
55021548
55022060
55022572
55023084
55023596
55024108
55024620
55025132
55020525
55021037
55021549
55022061
55022573
55023085
55023597
55024109
55024621
55025133
55020526
55021038
55021550
55022062
55022574
55023086
55023598
55024110
55024622
55025134
55020527
55021039
55021551
55022063
55022575
55023087
55023599
55024111
55024623
55025135
55020528
55021040
55021552
55022064
55022576
55023088
55023600
55024112
55024624
55025136
55020529
55021041
55021553
55022065
55022577
55023089
55023601
55024113
55024625
55025137
55020530
55021042
55021554
55022066
55022578
55023090
55023602
55024114
55024626
55025138
55020531
55021043
55021555
55022067
55022579
55023091
55023603
55024115
55024627
55025139
44702156
44702668
44703180
44703692
44704204
44704716
44705228
44705740
44706252
44706764
44702157
44702669
44703181
44703693
44704205
44704717
44705229
44705741
44706253
44706765
44702158
44702670
44703182
44703694
44704206
44704718
44705230
44705742
44706254
44706766
44702159
44702671
44703183
44703695
44704207
44704719
44705231
44705743
44706255
44706767
44702160
44702672
44703184
44703696
44704208
44704720
44705232
44705744
44706256
44706768
44702161
44702673
44703185
44703697
44704209
44704721
44705233
44705745
44706257
44706769
44702162
44702674
44703186
44703698
44704210
44704722
44705234
44705746
44706258
44706770
44702163
44702675
44703187
44703699
44704211
44704723
44705235
44705747
44706259
44706771
44702164
44702676
44703188
44703700
44704212
44704724
44705236
44705748
44706260
44706772
44702165
44702677
44703189
44703701
44704213
44704725
44705237
44705749
44706261
44706773
7128172
7128684
7129196
7129708
7130220
7130732
7131244
7131756
7132268
7132780
7128173
7128685
7129197
7129709
7130221
7130733
7131245
7131757
7132269
7132781
7128174
7128686
7129198
7129710
7130222
7130734
7131246
7131758
7132270
7132782
7128175
7128687
7129199
7129711
7130223
7130735
7131247
7131759
7132271
7132783
7128176
7128688
7129200
7129712
7130224
7130736
7131248
7131760
7132272
7132784
7128177
7128689
7129201
7129713
7130225
7130737
7131249
7131761
7132273
7132785
7128178
7128690
7129202
7129714
7130226
7130738
7131250
7131762
7132274
7132786
7128179
7128691
7129203
7129715
7130227
7130739
7131251
7131763
7132275
7132787
7128180
7128692
7129204
7129716
7130228
7130740
7131252
7131764
7132276
7132788
7128181
7128693
7129205
7129717
7130229
7130741
7131253
7131765
7132277
7132789
28229982
28230494
28231006
28231518
28232030
28232542
28233054
28233566
28234078
28234590
28229983
28230495
28231007
28231519
28232031
28232543
28233055
28233567
28234079
28234591
28229984
28230496
28231008
28231520
28232032
28232544
28233056
28233568
28234080
28234592
28229985
28230497
28231009
28231521
28232033
28232545
28233057
28233569
28234081
28234593
28229986
28230498
28231010
28231522
28232034
28232546
28233058
28233570
28234082
28234594
28229987
28230499
28231011
28231523
28232035
28232547
28233059
28233571
28234083
28234595
28229988
28230500
28231012
28231524
28232036
28232548
28233060
28233572
28234084
28234596
28229989
28230501
28231013
28231525
28232037
28232549
28233061
28233573
28234085
28234597
28229990
28230502
28231014
28231526
28232038
28232550
28233062
28233574
28234086
28234598
28229991
28230503
28231015
28231527
28232039
28232551
28233063
28233575
28234087
28234599
36018533
36019045
36019557
36020069
36020581
36021093
36021605
36022117
36022629
36023141
36018534
36019046
36019558
36020070
36020582
36021094
36021606
36022118
36022630
36023142
36018535
36019047
36019559
36020071
36020583
36021095
36021607
36022119
36022631
36023143
36018536
36019048
36019560
36020072
36020584
36021096
36021608
36022120
36022632
36023144
36018537
36019049
36019561
36020073
36020585
36021097
36021609
36022121
36022633
36023145
36018538
36019050
36019562
36020074
36020586
36021098
36021610
36022122
36022634
36023146
36018539
36019051
36019563
36020075
36020587
36021099
36021611
36022123
36022635
36023147
36018540
36019052
36019564
36020076
36020588
36021100
36021612
36022124
36022636
36023148
36018541
36019053
36019565
36020077
36020589
36021101
36021613
36022125
36022637
36023149
36018542
36019054
36019566
36020078
36020590
36021102
36021614
36022126
36022638
36023150
23113832
23114344
23114856
23115368
23115880
23116392
23116904
23117416
23117928
23118440
23113833
23114345
23114857
23115369
23115881
23116393
23116905
23117417
23117929
23118441
23113834
23114346
23114858
23115370
23115882
23116394
23116906
23117418
23117930
23118442
23113835
23114347
23114859
23115371
23115883
23116395
23116907
23117419
23117931
23118443
23113836
23114348
23114860
23115372
23115884
23116396
23116908
23117420
23117932
23118444
23113837
23114349
23114861
23115373
23115885
23116397
23116909
23117421
23117933
23118445
23113838
23114350
23114862
23115374
23115886
23116398
23116910
23117422
23117934
23118446
23113839
23114351
23114863
23115375
23115887
23116399
23116911
23117423
23117935
23118447
23113840
23114352
23114864
23115376
23115888
23116400
23116912
23117424
23117936
23118448
23113841
23114353
23114865
23115377
23115889
23116401
23116913
23117425
23117937
23118449
53008659
53009171
53009683
53010195
53010707
53011219
53011731
53012243
53012755
53013267
53008660
53009172
53009684
53010196
53010708
53011220
53011732
53012244
53012756
53013268
53008661
53009173
53009685
53010197
53010709
53011221
53011733
53012245
53012757
53013269
53008662
53009174
53009686
53010198
53010710
53011222
53011734
53012246
53012758
53013270
53008663
53009175
53009687
53010199
53010711
53011223
53011735
53012247
53012759
53013271
53008664
53009176
53009688
53010200
53010712
53011224
53011736
53012248
53012760
53013272
53008665
53009177
53009689
53010201
53010713
53011225
53011737
53012249
53012761
53013273
53008666
53009178
53009690
53010202
53010714
53011226
53011738
53012250
53012762
53013274
53008667
53009179
53009691
53010203
53010715
53011227
53011739
53012251
53012763
53013275
53008668
53009180
53009692
53010204
53010716
53011228
53011740
53012252
53012764
53013276
37031386
37031898
37032410
37032922
37033434
37033946
37034458
37034970
37035482
37035994
37031387
37031899
37032411
37032923
37033435
37033947
37034459
37034971
37035483
37035995
37031388
37031900
37032412
37032924
37033436
37033948
37034460
37034972
37035484
37035996
37031389
37031901
37032413
37032925
37033437
37033949
37034461
37034973
37035485
37035997
37031390
37031902
37032414
37032926
37033438
37033950
37034462
37034974
37035486
37035998
37031391
37031903
37032415
37032927
37033439
37033951
37034463
37034975
37035487
37035999
37031392
37031904
37032416
37032928
37033440
37033952
37034464
37034976
37035488
37036000
37031393
37031905
37032417
37032929
37033441
37033953
37034465
37034977
37035489
37036001
37031394
37031906
37032418
37032930
37033442
37033954
37034466
37034978
37035490
37036002
37031395
37031907
37032419
37032931
37033443
37033955
37034467
37034979
37035491
37036003
19822792
19823304
19823816
19824328
19824840
19825352
19825864
19826376
19826888
19827400
19822793
19823305
19823817
19824329
19824841
19825353
19825865
19826377
19826889
19827401
19822794
19823306
19823818
19824330
19824842
19825354
19825866
19826378
19826890
19827402
19822795
19823307
19823819
19824331
19824843
19825355
19825867
19826379
19826891
19827403
19822796
19823308
19823820
19824332
19824844
19825356
19825868
19826380
19826892
19827404
19822797
19823309
19823821
19824333
19824845
19825357
19825869
19826381
19826893
19827405
19822798
19823310
19823822
19824334
19824846
19825358
19825870
19826382
19826894
19827406
19822799
19823311
19823823
19824335
19824847
19825359
19825871
19826383
19826895
19827407
19822800
19823312
19823824
19824336
19824848
19825360
19825872
19826384
19826896
19827408
19822801
19823313
19823825
19824337
19824849
19825361
19825873
19826385
19826897
19827409
37242621
37243133
37243645
37244157
37244669
37245181
37245693
37246205
37246717
37247229
37242622
37243134
37243646
37244158
37244670
37245182
37245694
37246206
37246718
37247230
37242623
37243135
37243647
37244159
37244671
37245183
37245695
37246207
37246719
37247231
37242624
37243136
37243648
37244160
37244672
37245184
37245696
37246208
37246720
37247232
37242625
37243137
37243649
37244161
37244673
37245185
37245697
37246209
37246721
37247233
37242626
37243138
37243650
37244162
37244674
37245186
37245698
37246210
37246722
37247234
37242627
37243139
37243651
37244163
37244675
37245187
37245699
37246211
37246723
37247235
37242628
37243140
37243652
37244164
37244676
37245188
37245700
37246212
37246724
37247236
37242629
37243141
37243653
37244165
37244677
37245189
37245701
37246213
37246725
37247237
37242630
37243142
37243654
37244166
37244678
37245190
37245702
37246214
37246726
37247238
6846344
6846856
6847368
6847880
6848392
6848904
6849416
6849928
6850440
6850952
6846345
6846857
6847369
6847881
6848393
6848905
6849417
6849929
6850441
6850953
6846346
6846858
6847370
6847882
6848394
6848906
6849418
6849930
6850442
6850954
6846347
6846859
6847371
6847883
6848395
6848907
6849419
6849931
6850443
6850955
6846348
6846860
6847372
6847884
6848396
6848908
6849420
6849932
6850444
6850956
6846349
6846861
6847373
6847885
6848397
6848909
6849421
6849933
6850445
6850957
6846350
6846862
6847374
6847886
6848398
6848910
6849422
6849934
6850446
6850958
6846351
6846863
6847375
6847887
6848399
6848911
6849423
6849935
6850447
6850959
6846352
6846864
6847376
6847888
6848400
6848912
6849424
6849936
6850448
6850960
6846353
6846865
6847377
6847889
6848401
6848913
6849425
6849937
6850449
6850961
37139371
37139883
37140395
37140907
37141419
37141931
37142443
37142955
37143467
37143979
37139372
37139884
37140396
37140908
37141420
37141932
37142444
37142956
37143468
37143980
37139373
37139885
37140397
37140909
37141421
37141933
37142445
37142957
37143469
37143981
37139374
37139886
37140398
37140910
37141422
37141934
37142446
37142958
37143470
37143982
37139375
37139887
37140399
37140911
37141423
37141935
37142447
37142959
37143471
37143983
37139376
37139888
37140400
37140912
37141424
37141936
37142448
37142960
37143472
37143984
37139377
37139889
37140401
37140913
37141425
37141937
37142449
37142961
37143473
37143985
37139378
37139890
37140402
37140914
37141426
37141938
37142450
37142962
37143474
37143986
37139379
37139891
37140403
37140915
37141427
37141939
37142451
37142963
37143475
37143987
37139380
37139892
37140404
37140916
37141428
37141940
37142452
37142964
37143476
37143988
14518919
14519431
14519943
14520455
14520967
14521479
14521991
14522503
14523015
14523527
14518920
14519432
14519944
14520456
14520968
14521480
14521992
14522504
14523016
14523528
14518921
14519433
14519945
14520457
14520969
14521481
14521993
14522505
14523017
14523529
14518922
14519434
14519946
14520458
14520970
14521482
14521994
14522506
14523018
14523530
14518923
14519435
14519947
14520459
14520971
14521483
14521995
14522507
14523019
14523531
14518924
14519436
14519948
14520460
14520972
14521484
14521996
14522508
14523020
14523532
14518925
14519437
14519949
14520461
14520973
14521485
14521997
14522509
14523021
14523533
14518926
14519438
14519950
14520462
14520974
14521486
14521998
14522510
14523022
14523534
14518927
14519439
14519951
14520463
14520975
14521487
14521999
14522511
14523023
14523535
14518928
14519440
14519952
14520464
14520976
14521488
14522000
14522512
14523024
14523536
37158665
37159177
37159689
37160201
37160713
37161225
37161737
37162249
37162761
37163273
37158666
37159178
37159690
37160202
37160714
37161226
37161738
37162250
37162762
37163274
37158667
37159179
37159691
37160203
37160715
37161227
37161739
37162251
37162763
37163275
37158668
37159180
37159692
37160204
37160716
37161228
37161740
37162252
37162764
37163276
37158669
37159181
37159693
37160205
37160717
37161229
37161741
37162253
37162765
37163277
37158670
37159182
37159694
37160206
37160718
37161230
37161742
37162254
37162766
37163278
37158671
37159183
37159695
37160207
37160719
37161231
37161743
37162255
37162767
37163279
37158672
37159184
37159696
37160208
37160720
37161232
37161744
37162256
37162768
37163280
37158673
37159185
37159697
37160209
37160721
37161233
37161745
37162257
37162769
37163281
37158674
37159186
37159698
37160210
37160722
37161234
37161746
37162258
37162770
37163282
31225152
31225664
31226176
31226688
31227200
31227712
31228224
31228736
31229248
31229760
31225153
31225665
31226177
31226689
31227201
31227713
31228225
31228737
31229249
31229761
31225154
31225666
31226178
31226690
31227202
31227714
31228226
31228738
31229250
31229762
31225155
31225667
31226179
31226691
31227203
31227715
31228227
31228739
31229251
31229763
31225156
31225668
31226180
31226692
31227204
31227716
31228228
31228740
31229252
31229764
31225157
31225669
31226181
31226693
31227205
31227717
31228229
31228741
31229253
31229765
31225158
31225670
31226182
31226694
31227206
31227718
31228230
31228742
31229254
31229766
31225159
31225671
31226183
31226695
31227207
31227719
31228231
31228743
31229255
31229767
31225160
31225672
31226184
31226696
31227208
31227720
31228232
31228744
31229256
31229768
31225161
31225673
31226185
31226697
31227209
31227721
31228233
31228745
31229257
31229769
19494298
19494810
19495322
19495834
19496346
19496858
19497370
19497882
19498394
19498906
19494299
19494811
19495323
19495835
19496347
19496859
19497371
19497883
19498395
19498907
19494300
19494812
19495324
19495836
19496348
19496860
19497372
19497884
19498396
19498908
19494301
19494813
19495325
19495837
19496349
19496861
19497373
19497885
19498397
19498909
19494302
19494814
19495326
19495838
19496350
19496862
19497374
19497886
19498398
19498910
19494303
19494815
19495327
19495839
19496351
19496863
19497375
19497887
19498399
19498911
19494304
19494816
19495328
19495840
19496352
19496864
19497376
19497888
19498400
19498912
19494305
19494817
19495329
19495841
19496353
19496865
19497377
19497889
19498401
19498913
19494306
19494818
19495330
19495842
19496354
19496866
19497378
19497890
19498402
19498914
19494307
19494819
19495331
19495843
19496355
19496867
19497379
19497891
19498403
19498915
15687156
15687668
15688180
15688692
15689204
15689716
15690228
15690740
15691252
15691764
15687157
15687669
15688181
15688693
15689205
15689717
15690229
15690741
15691253
15691765
15687158
15687670
15688182
15688694
15689206
15689718
15690230
15690742
15691254
15691766
15687159
15687671
15688183
15688695
15689207
15689719
15690231
15690743
15691255
15691767
15687160
15687672
15688184
15688696
15689208
15689720
15690232
15690744
15691256
15691768
15687161
15687673
15688185
15688697
15689209
15689721
15690233
15690745
15691257
15691769
15687162
15687674
15688186
15688698
15689210
15689722
15690234
15690746
15691258
15691770
15687163
15687675
15688187
15688699
15689211
15689723
15690235
15690747
15691259
15691771
15687164
15687676
15688188
15688700
15689212
15689724
15690236
15690748
15691260
15691772
15687165
15687677
15688189
15688701
15689213
15689725
15690237
15690749
15691261
15691773
16853690
16854202
16854714
16855226
16855738
16856250
16856762
16857274
16857786
16858298
16853691
16854203
16854715
16855227
16855739
16856251
16856763
16857275
16857787
16858299
16853692
16854204
16854716
16855228
16855740
16856252
16856764
16857276
16857788
16858300
16853693
16854205
16854717
16855229
16855741
16856253
16856765
16857277
16857789
16858301
16853694
16854206
16854718
16855230
16855742
16856254
16856766
16857278
16857790
16858302
16853695
16854207
16854719
16855231
16855743
16856255
16856767
16857279
16857791
16858303
16853696
16854208
16854720
16855232
16855744
16856256
16856768
16857280
16857792
16858304
16853697
16854209
16854721
16855233
16855745
16856257
16856769
16857281
16857793
16858305
16853698
16854210
16854722
16855234
16855746
16856258
16856770
16857282
16857794
16858306
16853699
16854211
16854723
16855235
16855747
16856259
16856771
16857283
16857795
16858307
1920697
1921209
1921721
1922233
1922745
1923257
1923769
1924281
1924793
1925305
1920698
1921210
1921722
1922234
1922746
1923258
1923770
1924282
1924794
1925306
1920699
1921211
1921723
1922235
1922747
1923259
1923771
1924283
1924795
1925307
1920700
1921212
1921724
1922236
1922748
1923260
1923772
1924284
1924796
1925308
1920701
1921213
1921725
1922237
1922749
1923261
1923773
1924285
1924797
1925309
1920702
1921214
1921726
1922238
1922750
1923262
1923774
1924286
1924798
1925310
1920703
1921215
1921727
1922239
1922751
1923263
1923775
1924287
1924799
1925311
1920704
1921216
1921728
1922240
1922752
1923264
1923776
1924288
1924800
1925312
1920705
1921217
1921729
1922241
1922753
1923265
1923777
1924289
1924801
1925313
1920706
1921218
1921730
1922242
1922754
1923266
1923778
1924290
1924802
1925314
44461970
44462482
44462994
44463506
44464018
44464530
44465042
44465554
44466066
44466578
44461971
44462483
44462995
44463507
44464019
44464531
44465043
44465555
44466067
44466579
44461972
44462484
44462996
44463508
44464020
44464532
44465044
44465556
44466068
44466580
44461973
44462485
44462997
44463509
44464021
44464533
44465045
44465557
44466069
44466581
44461974
44462486
44462998
44463510
44464022
44464534
44465046
44465558
44466070
44466582
44461975
44462487
44462999
44463511
44464023
44464535
44465047
44465559
44466071
44466583
44461976
44462488
44463000
44463512
44464024
44464536
44465048
44465560
44466072
44466584
44461977
44462489
44463001
44463513
44464025
44464537
44465049
44465561
44466073
44466585
44461978
44462490
44463002
44463514
44464026
44464538
44465050
44465562
44466074
44466586
44461979
44462491
44463003
44463515
44464027
44464539
44465051
44465563
44466075
44466587
10122494
10123006
10123518
10124030
10124542
10125054
10125566
10126078
10126590
10127102
10122495
10123007
10123519
10124031
10124543
10125055
10125567
10126079
10126591
10127103
10122496
10123008
10123520
10124032
10124544
10125056
10125568
10126080
10126592
10127104
10122497
10123009
10123521
10124033
10124545
10125057
10125569
10126081
10126593
10127105
10122498
10123010
10123522
10124034
10124546
10125058
10125570
10126082
10126594
10127106
10122499
10123011
10123523
10124035
10124547
10125059
10125571
10126083
10126595
10127107
10122500
10123012
10123524
10124036
10124548
10125060
10125572
10126084
10126596
10127108
10122501
10123013
10123525
10124037
10124549
10125061
10125573
10126085
10126597
10127109
10122502
10123014
10123526
10124038
10124550
10125062
10125574
10126086
10126598
10127110
10122503
10123015
10123527
10124039
10124551
10125063
10125575
10126087
10126599
10127111
12068184
12068696
12069208
12069720
12070232
12070744
12071256
12071768
12072280
12072792
12068185
12068697
12069209
12069721
12070233
12070745
12071257
12071769
12072281
12072793
12068186
12068698
12069210
12069722
12070234
12070746
12071258
12071770
12072282
12072794
12068187
12068699
12069211
12069723
12070235
12070747
12071259
12071771
12072283
12072795
12068188
12068700
12069212
12069724
12070236
12070748
12071260
12071772
12072284
12072796
12068189
12068701
12069213
12069725
12070237
12070749
12071261
12071773
12072285
12072797
12068190
12068702
12069214
12069726
12070238
12070750
12071262
12071774
12072286
12072798
12068191
12068703
12069215
12069727
12070239
12070751
12071263
12071775
12072287
12072799
12068192
12068704
12069216
12069728
12070240
12070752
12071264
12071776
12072288
12072800
12068193
12068705
12069217
12069729
12070241
12070753
12071265
12071777
12072289
12072801
7416768
7417280
7417792
7418304
7418816
7419328
7419840
7420352
7420864
7421376
7416769
7417281
7417793
7418305
7418817
7419329
7419841
7420353
7420865
7421377
7416770
7417282
7417794
7418306
7418818
7419330
7419842
7420354
7420866
7421378
7416771
7417283
7417795
7418307
7418819
7419331
7419843
7420355
7420867
7421379
7416772
7417284
7417796
7418308
7418820
7419332
7419844
7420356
7420868
7421380
7416773
7417285
7417797
7418309
7418821
7419333
7419845
7420357
7420869
7421381
7416774
7417286
7417798
7418310
7418822
7419334
7419846
7420358
7420870
7421382
7416775
7417287
7417799
7418311
7418823
7419335
7419847
7420359
7420871
7421383
7416776
7417288
7417800
7418312
7418824
7419336
7419848
7420360
7420872
7421384
7416777
7417289
7417801
7418313
7418825
7419337
7419849
7420361
7420873
7421385
31689938
31690450
31690962
31691474
31691986
31692498
31693010
31693522
31694034
31694546
31689939
31690451
31690963
31691475
31691987
31692499
31693011
31693523
31694035
31694547
31689940
31690452
31690964
31691476
31691988
31692500
31693012
31693524
31694036
31694548
31689941
31690453
31690965
31691477
31691989
31692501
31693013
31693525
31694037
31694549
31689942
31690454
31690966
31691478
31691990
31692502
31693014
31693526
31694038
31694550
31689943
31690455
31690967
31691479
31691991
31692503
31693015
31693527
31694039
31694551
31689944
31690456
31690968
31691480
31691992
31692504
31693016
31693528
31694040
31694552
31689945
31690457
31690969
31691481
31691993
31692505
31693017
31693529
31694041
31694553
31689946
31690458
31690970
31691482
31691994
31692506
31693018
31693530
31694042
31694554
31689947
31690459
31690971
31691483
31691995
31692507
31693019
31693531
31694043
31694555
1811667
1812179
1812691
1813203
1813715
1814227
1814739
1815251
1815763
1816275
1811668
1812180
1812692
1813204
1813716
1814228
1814740
1815252
1815764
1816276
1811669
1812181
1812693
1813205
1813717
1814229
1814741
1815253
1815765
1816277
1811670
1812182
1812694
1813206
1813718
1814230
1814742
1815254
1815766
1816278
1811671
1812183
1812695
1813207
1813719
1814231
1814743
1815255
1815767
1816279
1811672
1812184
1812696
1813208
1813720
1814232
1814744
1815256
1815768
1816280
1811673
1812185
1812697
1813209
1813721
1814233
1814745
1815257
1815769
1816281
1811674
1812186
1812698
1813210
1813722
1814234
1814746
1815258
1815770
1816282
1811675
1812187
1812699
1813211
1813723
1814235
1814747
1815259
1815771
1816283
1811676
1812188
1812700
1813212
1813724
1814236
1814748
1815260
1815772
1816284
