12644403
12644915
12645427
12645939
12646451
12646963
12647475
12647987
12648499
12649011
12644404
12644916
12645428
12645940
12646452
12646964
12647476
12647988
12648500
12649012
12644405
12644917
12645429
12645941
12646453
12646965
12647477
12647989
12648501
12649013
12644406
12644918
12645430
12645942
12646454
12646966
12647478
12647990
12648502
12649014
12644407
12644919
12645431
12645943
12646455
12646967
12647479
12647991
12648503
12649015
12644408
12644920
12645432
12645944
12646456
12646968
12647480
12647992
12648504
12649016
12644409
12644921
12645433
12645945
12646457
12646969
12647481
12647993
12648505
12649017
12644410
12644922
12645434
12645946
12646458
12646970
12647482
12647994
12648506
12649018
12644411
12644923
12645435
12645947
12646459
12646971
12647483
12647995
12648507
12649019
12644412
12644924
12645436
12645948
12646460
12646972
12647484
12647996
12648508
12649020
34744502
34745014
34745526
34746038
34746550
34747062
34747574
34748086
34748598
34749110
34744503
34745015
34745527
34746039
34746551
34747063
34747575
34748087
34748599
34749111
34744504
34745016
34745528
34746040
34746552
34747064
34747576
34748088
34748600
34749112
34744505
34745017
34745529
34746041
34746553
34747065
34747577
34748089
34748601
34749113
34744506
34745018
34745530
34746042
34746554
34747066
34747578
34748090
34748602
34749114
34744507
34745019
34745531
34746043
34746555
34747067
34747579
34748091
34748603
34749115
34744508
34745020
34745532
34746044
34746556
34747068
34747580
34748092
34748604
34749116
34744509
34745021
34745533
34746045
34746557
34747069
34747581
34748093
34748605
34749117
34744510
34745022
34745534
34746046
34746558
34747070
34747582
34748094
34748606
34749118
34744511
34745023
34745535
34746047
34746559
34747071
34747583
34748095
34748607
34749119
20370417
20370929
20371441
20371953
20372465
20372977
20373489
20374001
20374513
20375025
20370418
20370930
20371442
20371954
20372466
20372978
20373490
20374002
20374514
20375026
20370419
20370931
20371443
20371955
20372467
20372979
20373491
20374003
20374515
20375027
20370420
20370932
20371444
20371956
20372468
20372980
20373492
20374004
20374516
20375028
20370421
20370933
20371445
20371957
20372469
20372981
20373493
20374005
20374517
20375029
20370422
20370934
20371446
20371958
20372470
20372982
20373494
20374006
20374518
20375030
20370423
20370935
20371447
20371959
20372471
20372983
20373495
20374007
20374519
20375031
20370424
20370936
20371448
20371960
20372472
20372984
20373496
20374008
20374520
20375032
20370425
20370937
20371449
20371961
20372473
20372985
20373497
20374009
20374521
20375033
20370426
20370938
20371450
20371962
20372474
20372986
20373498
20374010
20374522
20375034
24562836
24563348
24563860
24564372
24564884
24565396
24565908
24566420
24566932
24567444
24562837
24563349
24563861
24564373
24564885
24565397
24565909
24566421
24566933
24567445
24562838
24563350
24563862
24564374
24564886
24565398
24565910
24566422
24566934
24567446
24562839
24563351
24563863
24564375
24564887
24565399
24565911
24566423
24566935
24567447
24562840
24563352
24563864
24564376
24564888
24565400
24565912
24566424
24566936
24567448
24562841
24563353
24563865
24564377
24564889
24565401
24565913
24566425
24566937
24567449
24562842
24563354
24563866
24564378
24564890
24565402
24565914
24566426
24566938
24567450
24562843
24563355
24563867
24564379
24564891
24565403
24565915
24566427
24566939
24567451
24562844
24563356
24563868
24564380
24564892
24565404
24565916
24566428
24566940
24567452
24562845
24563357
24563869
24564381
24564893
24565405
24565917
24566429
24566941
24567453
7191310
7191822
7192334
7192846
7193358
7193870
7194382
7194894
7195406
7195918
7191311
7191823
7192335
7192847
7193359
7193871
7194383
7194895
7195407
7195919
7191312
7191824
7192336
7192848
7193360
7193872
7194384
7194896
7195408
7195920
7191313
7191825
7192337
7192849
7193361
7193873
7194385
7194897
7195409
7195921
7191314
7191826
7192338
7192850
7193362
7193874
7194386
7194898
7195410
7195922
7191315
7191827
7192339
7192851
7193363
7193875
7194387
7194899
7195411
7195923
7191316
7191828
7192340
7192852
7193364
7193876
7194388
7194900
7195412
7195924
7191317
7191829
7192341
7192853
7193365
7193877
7194389
7194901
7195413
7195925
7191318
7191830
7192342
7192854
7193366
7193878
7194390
7194902
7195414
7195926
7191319
7191831
7192343
7192855
7193367
7193879
7194391
7194903
7195415
7195927
7180932
7181444
7181956
7182468
7182980
7183492
7184004
7184516
7185028
7185540
7180933
7181445
7181957
7182469
7182981
7183493
7184005
7184517
7185029
7185541
7180934
7181446
7181958
7182470
7182982
7183494
7184006
7184518
7185030
7185542
7180935
7181447
7181959
7182471
7182983
7183495
7184007
7184519
7185031
7185543
7180936
7181448
7181960
7182472
7182984
7183496
7184008
7184520
7185032
7185544
7180937
7181449
7181961
7182473
7182985
7183497
7184009
7184521
7185033
7185545
7180938
7181450
7181962
7182474
7182986
7183498
7184010
7184522
7185034
7185546
7180939
7181451
7181963
7182475
7182987
7183499
7184011
7184523
7185035
7185547
7180940
7181452
7181964
7182476
7182988
7183500
7184012
7184524
7185036
7185548
7180941
7181453
7181965
7182477
7182989
7183501
7184013
7184525
7185037
7185549
46622758
46623270
46623782
46624294
46624806
46625318
46625830
46626342
46626854
46627366
46622759
46623271
46623783
46624295
46624807
46625319
46625831
46626343
46626855
46627367
46622760
46623272
46623784
46624296
46624808
46625320
46625832
46626344
46626856
46627368
46622761
46623273
46623785
46624297
46624809
46625321
46625833
46626345
46626857
46627369
46622762
46623274
46623786
46624298
46624810
46625322
46625834
46626346
46626858
46627370
46622763
46623275
46623787
46624299
46624811
46625323
46625835
46626347
46626859
46627371
46622764
46623276
46623788
46624300
46624812
46625324
46625836
46626348
46626860
46627372
46622765
46623277
46623789
46624301
46624813
46625325
46625837
46626349
46626861
46627373
46622766
46623278
46623790
46624302
46624814
46625326
46625838
46626350
46626862
46627374
46622767
46623279
46623791
46624303
46624815
46625327
46625839
46626351
46626863
46627375
51882172
51882684
51883196
51883708
51884220
51884732
51885244
51885756
51886268
51886780
51882173
51882685
51883197
51883709
51884221
51884733
51885245
51885757
51886269
51886781
51882174
51882686
51883198
51883710
51884222
51884734
51885246
51885758
51886270
51886782
51882175
51882687
51883199
51883711
51884223
51884735
51885247
51885759
51886271
51886783
51882176
51882688
51883200
51883712
51884224
51884736
51885248
51885760
51886272
51886784
51882177
51882689
51883201
51883713
51884225
51884737
51885249
51885761
51886273
51886785
51882178
51882690
51883202
51883714
51884226
51884738
51885250
51885762
51886274
51886786
51882179
51882691
51883203
51883715
51884227
51884739
51885251
51885763
51886275
51886787
51882180
51882692
51883204
51883716
51884228
51884740
51885252
51885764
51886276
51886788
51882181
51882693
51883205
51883717
51884229
51884741
51885253
51885765
51886277
51886789
10825511
10826023
10826535
10827047
10827559
10828071
10828583
10829095
10829607
10830119
10825512
10826024
10826536
10827048
10827560
10828072
10828584
10829096
10829608
10830120
10825513
10826025
10826537
10827049
10827561
10828073
10828585
10829097
10829609
10830121
10825514
10826026
10826538
10827050
10827562
10828074
10828586
10829098
10829610
10830122
10825515
10826027
10826539
10827051
10827563
10828075
10828587
10829099
10829611
10830123
10825516
10826028
10826540
10827052
10827564
10828076
10828588
10829100
10829612
10830124
10825517
10826029
10826541
10827053
10827565
10828077
10828589
10829101
10829613
10830125
10825518
10826030
10826542
10827054
10827566
10828078
10828590
10829102
10829614
10830126
10825519
10826031
10826543
10827055
10827567
10828079
10828591
10829103
10829615
10830127
10825520
10826032
10826544
10827056
10827568
10828080
10828592
10829104
10829616
10830128
6508491
6509003
6509515
6510027
6510539
6511051
6511563
6512075
6512587
6513099
6508492
6509004
6509516
6510028
6510540
6511052
6511564
6512076
6512588
6513100
6508493
6509005
6509517
6510029
6510541
6511053
6511565
6512077
6512589
6513101
6508494
6509006
6509518
6510030
6510542
6511054
6511566
6512078
6512590
6513102
6508495
6509007
6509519
6510031
6510543
6511055
6511567
6512079
6512591
6513103
6508496
6509008
6509520
6510032
6510544
6511056
6511568
6512080
6512592
6513104
6508497
6509009
6509521
6510033
6510545
6511057
6511569
6512081
6512593
6513105
6508498
6509010
6509522
6510034
6510546
6511058
6511570
6512082
6512594
6513106
6508499
6509011
6509523
6510035
6510547
6511059
6511571
6512083
6512595
6513107
6508500
6509012
6509524
6510036
6510548
6511060
6511572
6512084
6512596
6513108
55711984
55712496
55713008
55713520
55714032
55714544
55715056
55715568
55716080
55716592
55711985
55712497
55713009
55713521
55714033
55714545
55715057
55715569
55716081
55716593
55711986
55712498
55713010
55713522
55714034
55714546
55715058
55715570
55716082
55716594
55711987
55712499
55713011
55713523
55714035
55714547
55715059
55715571
55716083
55716595
55711988
55712500
55713012
55713524
55714036
55714548
55715060
55715572
55716084
55716596
55711989
55712501
55713013
55713525
55714037
55714549
55715061
55715573
55716085
55716597
55711990
55712502
55713014
55713526
55714038
55714550
55715062
55715574
55716086
55716598
55711991
55712503
55713015
55713527
55714039
55714551
55715063
55715575
55716087
55716599
55711992
55712504
55713016
55713528
55714040
55714552
55715064
55715576
55716088
55716600
55711993
55712505
55713017
55713529
55714041
55714553
55715065
55715577
55716089
55716601
39306108
39306620
39307132
39307644
39308156
39308668
39309180
39309692
39310204
39310716
39306109
39306621
39307133
39307645
39308157
39308669
39309181
39309693
39310205
39310717
39306110
39306622
39307134
39307646
39308158
39308670
39309182
39309694
39310206
39310718
39306111
39306623
39307135
39307647
39308159
39308671
39309183
39309695
39310207
39310719
39306112
39306624
39307136
39307648
39308160
39308672
39309184
39309696
39310208
39310720
39306113
39306625
39307137
39307649
39308161
39308673
39309185
39309697
39310209
39310721
39306114
39306626
39307138
39307650
39308162
39308674
39309186
39309698
39310210
39310722
39306115
39306627
39307139
39307651
39308163
39308675
39309187
39309699
39310211
39310723
39306116
39306628
39307140
39307652
39308164
39308676
39309188
39309700
39310212
39310724
39306117
39306629
39307141
39307653
39308165
39308677
39309189
39309701
39310213
39310725
27265349
27265861
27266373
27266885
27267397
27267909
27268421
27268933
27269445
27269957
27265350
27265862
27266374
27266886
27267398
27267910
27268422
27268934
27269446
27269958
27265351
27265863
27266375
27266887
27267399
27267911
27268423
27268935
27269447
27269959
27265352
27265864
27266376
27266888
27267400
27267912
27268424
27268936
27269448
27269960
27265353
27265865
27266377
27266889
27267401
27267913
27268425
27268937
27269449
27269961
27265354
27265866
27266378
27266890
27267402
27267914
27268426
27268938
27269450
27269962
27265355
27265867
27266379
27266891
27267403
27267915
27268427
27268939
27269451
27269963
27265356
27265868
27266380
27266892
27267404
27267916
27268428
27268940
27269452
27269964
27265357
27265869
27266381
27266893
27267405
27267917
27268429
27268941
27269453
27269965
27265358
27265870
27266382
27266894
27267406
27267918
27268430
27268942
27269454
27269966
4127058
4127570
4128082
4128594
4129106
4129618
4130130
4130642
4131154
4131666
4127059
4127571
4128083
4128595
4129107
4129619
4130131
4130643
4131155
4131667
4127060
4127572
4128084
4128596
4129108
4129620
4130132
4130644
4131156
4131668
4127061
4127573
4128085
4128597
4129109
4129621
4130133
4130645
4131157
4131669
4127062
4127574
4128086
4128598
4129110
4129622
4130134
4130646
4131158
4131670
4127063
4127575
4128087
4128599
4129111
4129623
4130135
4130647
4131159
4131671
4127064
4127576
4128088
4128600
4129112
4129624
4130136
4130648
4131160
4131672
4127065
4127577
4128089
4128601
4129113
4129625
4130137
4130649
4131161
4131673
4127066
4127578
4128090
4128602
4129114
4129626
4130138
4130650
4131162
4131674
4127067
4127579
4128091
4128603
4129115
4129627
4130139
4130651
4131163
4131675
24239901
24240413
24240925
24241437
24241949
24242461
24242973
24243485
24243997
24244509
24239902
24240414
24240926
24241438
24241950
24242462
24242974
24243486
24243998
24244510
24239903
24240415
24240927
24241439
24241951
24242463
24242975
24243487
24243999
24244511
24239904
24240416
24240928
24241440
24241952
24242464
24242976
24243488
24244000
24244512
24239905
24240417
24240929
24241441
24241953
24242465
24242977
24243489
24244001
24244513
24239906
24240418
24240930
24241442
24241954
24242466
24242978
24243490
24244002
24244514
24239907
24240419
24240931
24241443
24241955
24242467
24242979
24243491
24244003
24244515
24239908
24240420
24240932
24241444
24241956
24242468
24242980
24243492
24244004
24244516
24239909
24240421
24240933
24241445
24241957
24242469
24242981
24243493
24244005
24244517
24239910
24240422
24240934
24241446
24241958
24242470
24242982
24243494
24244006
24244518
3157904
3158416
3158928
3159440
3159952
3160464
3160976
3161488
3162000
3162512
3157905
3158417
3158929
3159441
3159953
3160465
3160977
3161489
3162001
3162513
3157906
3158418
3158930
3159442
3159954
3160466
3160978
3161490
3162002
3162514
3157907
3158419
3158931
3159443
3159955
3160467
3160979
3161491
3162003
3162515
3157908
3158420
3158932
3159444
3159956
3160468
3160980
3161492
3162004
3162516
3157909
3158421
3158933
3159445
3159957
3160469
3160981
3161493
3162005
3162517
3157910
3158422
3158934
3159446
3159958
3160470
3160982
3161494
3162006
3162518
3157911
3158423
3158935
3159447
3159959
3160471
3160983
3161495
3162007
3162519
3157912
3158424
3158936
3159448
3159960
3160472
3160984
3161496
3162008
3162520
3157913
3158425
3158937
3159449
3159961
3160473
3160985
3161497
3162009
3162521
46213675
46214187
46214699
46215211
46215723
46216235
46216747
46217259
46217771
46218283
46213676
46214188
46214700
46215212
46215724
46216236
46216748
46217260
46217772
46218284
46213677
46214189
46214701
46215213
46215725
46216237
46216749
46217261
46217773
46218285
46213678
46214190
46214702
46215214
46215726
46216238
46216750
46217262
46217774
46218286
46213679
46214191
46214703
46215215
46215727
46216239
46216751
46217263
46217775
46218287
46213680
46214192
46214704
46215216
46215728
46216240
46216752
46217264
46217776
46218288
46213681
46214193
46214705
46215217
46215729
46216241
46216753
46217265
46217777
46218289
46213682
46214194
46214706
46215218
46215730
46216242
46216754
46217266
46217778
46218290
46213683
46214195
46214707
46215219
46215731
46216243
46216755
46217267
46217779
46218291
46213684
46214196
46214708
46215220
46215732
46216244
46216756
46217268
46217780
46218292
54625163
54625675
54626187
54626699
54627211
54627723
54628235
54628747
54629259
54629771
54625164
54625676
54626188
54626700
54627212
54627724
54628236
54628748
54629260
54629772
54625165
54625677
54626189
54626701
54627213
54627725
54628237
54628749
54629261
54629773
54625166
54625678
54626190
54626702
54627214
54627726
54628238
54628750
54629262
54629774
54625167
54625679
54626191
54626703
54627215
54627727
54628239
54628751
54629263
54629775
54625168
54625680
54626192
54626704
54627216
54627728
54628240
54628752
54629264
54629776
54625169
54625681
54626193
54626705
54627217
54627729
54628241
54628753
54629265
54629777
54625170
54625682
54626194
54626706
54627218
54627730
54628242
54628754
54629266
54629778
54625171
54625683
54626195
54626707
54627219
54627731
54628243
54628755
54629267
54629779
54625172
54625684
54626196
54626708
54627220
54627732
54628244
54628756
54629268
54629780
2984862
2985374
2985886
2986398
2986910
2987422
2987934
2988446
2988958
2989470
2984863
2985375
2985887
2986399
2986911
2987423
2987935
2988447
2988959
2989471
2984864
2985376
2985888
2986400
2986912
2987424
2987936
2988448
2988960
2989472
2984865
2985377
2985889
2986401
2986913
2987425
2987937
2988449
2988961
2989473
2984866
2985378
2985890
2986402
2986914
2987426
2987938
2988450
2988962
2989474
2984867
2985379
2985891
2986403
2986915
2987427
2987939
2988451
2988963
2989475
2984868
2985380
2985892
2986404
2986916
2987428
2987940
2988452
2988964
2989476
2984869
2985381
2985893
2986405
2986917
2987429
2987941
2988453
2988965
2989477
2984870
2985382
2985894
2986406
2986918
2987430
2987942
2988454
2988966
2989478
2984871
2985383
2985895
2986407
2986919
2987431
2987943
2988455
2988967
2989479
28365788
28366300
28366812
28367324
28367836
28368348
28368860
28369372
28369884
28370396
28365789
28366301
28366813
28367325
28367837
28368349
28368861
28369373
28369885
28370397
28365790
28366302
28366814
28367326
28367838
28368350
28368862
28369374
28369886
28370398
28365791
28366303
28366815
28367327
28367839
28368351
28368863
28369375
28369887
28370399
28365792
28366304
28366816
28367328
28367840
28368352
28368864
28369376
28369888
28370400
28365793
28366305
28366817
28367329
28367841
28368353
28368865
28369377
28369889
28370401
28365794
28366306
28366818
28367330
28367842
28368354
28368866
28369378
28369890
28370402
28365795
28366307
28366819
28367331
28367843
28368355
28368867
28369379
28369891
28370403
28365796
28366308
28366820
28367332
28367844
28368356
28368868
28369380
28369892
28370404
28365797
28366309
28366821
28367333
28367845
28368357
28368869
28369381
28369893
28370405
55511736
55512248
55512760
55513272
55513784
55514296
55514808
55515320
55515832
55516344
55511737
55512249
55512761
55513273
55513785
55514297
55514809
55515321
55515833
55516345
55511738
55512250
55512762
55513274
55513786
55514298
55514810
55515322
55515834
55516346
55511739
55512251
55512763
55513275
55513787
55514299
55514811
55515323
55515835
55516347
55511740
55512252
55512764
55513276
55513788
55514300
55514812
55515324
55515836
55516348
55511741
55512253
55512765
55513277
55513789
55514301
55514813
55515325
55515837
55516349
55511742
55512254
55512766
55513278
55513790
55514302
55514814
55515326
55515838
55516350
55511743
55512255
55512767
55513279
55513791
55514303
55514815
55515327
55515839
55516351
55511744
55512256
55512768
55513280
55513792
55514304
55514816
55515328
55515840
55516352
55511745
55512257
55512769
55513281
55513793
55514305
55514817
55515329
55515841
55516353
10457689
10458201
10458713
10459225
10459737
10460249
10460761
10461273
10461785
10462297
10457690
10458202
10458714
10459226
10459738
10460250
10460762
10461274
10461786
10462298
10457691
10458203
10458715
10459227
10459739
10460251
10460763
10461275
10461787
10462299
10457692
10458204
10458716
10459228
10459740
10460252
10460764
10461276
10461788
10462300
10457693
10458205
10458717
10459229
10459741
10460253
10460765
10461277
10461789
10462301
10457694
10458206
10458718
10459230
10459742
10460254
10460766
10461278
10461790
10462302
10457695
10458207
10458719
10459231
10459743
10460255
10460767
10461279
10461791
10462303
10457696
10458208
10458720
10459232
10459744
10460256
10460768
10461280
10461792
10462304
10457697
10458209
10458721
10459233
10459745
10460257
10460769
10461281
10461793
10462305
10457698
10458210
10458722
10459234
10459746
10460258
10460770
10461282
10461794
10462306
55325337
55325849
55326361
55326873
55327385
55327897
55328409
55328921
55329433
55329945
55325338
55325850
55326362
55326874
55327386
55327898
55328410
55328922
55329434
55329946
55325339
55325851
55326363
55326875
55327387
55327899
55328411
55328923
55329435
55329947
55325340
55325852
55326364
55326876
55327388
55327900
55328412
55328924
55329436
55329948
55325341
55325853
55326365
55326877
55327389
55327901
55328413
55328925
55329437
55329949
55325342
55325854
55326366
55326878
55327390
55327902
55328414
55328926
55329438
55329950
55325343
55325855
55326367
55326879
55327391
55327903
55328415
55328927
55329439
55329951
55325344
55325856
55326368
55326880
55327392
55327904
55328416
55328928
55329440
55329952
55325345
55325857
55326369
55326881
55327393
55327905
55328417
55328929
55329441
55329953
55325346
55325858
55326370
55326882
55327394
55327906
55328418
55328930
55329442
55329954
58326948
58327460
58327972
58328484
58328996
58329508
58330020
58330532
58331044
58331556
58326949
58327461
58327973
58328485
58328997
58329509
58330021
58330533
58331045
58331557
58326950
58327462
58327974
58328486
58328998
58329510
58330022
58330534
58331046
58331558
58326951
58327463
58327975
58328487
58328999
58329511
58330023
58330535
58331047
58331559
58326952
58327464
58327976
58328488
58329000
58329512
58330024
58330536
58331048
58331560
58326953
58327465
58327977
58328489
58329001
58329513
58330025
58330537
58331049
58331561
58326954
58327466
58327978
58328490
58329002
58329514
58330026
58330538
58331050
58331562
58326955
58327467
58327979
58328491
58329003
58329515
58330027
58330539
58331051
58331563
58326956
58327468
58327980
58328492
58329004
58329516
58330028
58330540
58331052
58331564
58326957
58327469
58327981
58328493
58329005
58329517
58330029
58330541
58331053
58331565
40911434
40911946
40912458
40912970
40913482
40913994
40914506
40915018
40915530
40916042
40911435
40911947
40912459
40912971
40913483
40913995
40914507
40915019
40915531
40916043
40911436
40911948
40912460
40912972
40913484
40913996
40914508
40915020
40915532
40916044
40911437
40911949
40912461
40912973
40913485
40913997
40914509
40915021
40915533
40916045
40911438
40911950
40912462
40912974
40913486
40913998
40914510
40915022
40915534
40916046
40911439
40911951
40912463
40912975
40913487
40913999
40914511
40915023
40915535
40916047
40911440
40911952
40912464
40912976
40913488
40914000
40914512
40915024
40915536
40916048
40911441
40911953
40912465
40912977
40913489
40914001
40914513
40915025
40915537
40916049
40911442
40911954
40912466
40912978
40913490
40914002
40914514
40915026
40915538
40916050
40911443
40911955
40912467
40912979
40913491
40914003
40914515
40915027
40915539
40916051
23025668
23026180
23026692
23027204
23027716
23028228
23028740
23029252
23029764
23030276
23025669
23026181
23026693
23027205
23027717
23028229
23028741
23029253
23029765
23030277
23025670
23026182
23026694
23027206
23027718
23028230
23028742
23029254
23029766
23030278
23025671
23026183
23026695
23027207
23027719
23028231
23028743
23029255
23029767
23030279
23025672
23026184
23026696
23027208
23027720
23028232
23028744
23029256
23029768
23030280
23025673
23026185
23026697
23027209
23027721
23028233
23028745
23029257
23029769
23030281
23025674
23026186
23026698
23027210
23027722
23028234
23028746
23029258
23029770
23030282
23025675
23026187
23026699
23027211
23027723
23028235
23028747
23029259
23029771
23030283
23025676
23026188
23026700
23027212
23027724
23028236
23028748
23029260
23029772
23030284
23025677
23026189
23026701
23027213
23027725
23028237
23028749
23029261
23029773
23030285
39628948
39629460
39629972
39630484
39630996
39631508
39632020
39632532
39633044
39633556
39628949
39629461
39629973
39630485
39630997
39631509
39632021
39632533
39633045
39633557
39628950
39629462
39629974
39630486
39630998
39631510
39632022
39632534
39633046
39633558
39628951
39629463
39629975
39630487
39630999
39631511
39632023
39632535
39633047
39633559
39628952
39629464
39629976
39630488
39631000
39631512
39632024
39632536
39633048
39633560
39628953
39629465
39629977
39630489
39631001
39631513
39632025
39632537
39633049
39633561
39628954
39629466
39629978
39630490
39631002
39631514
39632026
39632538
39633050
39633562
39628955
39629467
39629979
39630491
39631003
39631515
39632027
39632539
39633051
39633563
39628956
39629468
39629980
39630492
39631004
39631516
39632028
39632540
39633052
39633564
39628957
39629469
39629981
39630493
39631005
39631517
39632029
39632541
39633053
39633565
12311219
12311731
12312243
12312755
12313267
12313779
12314291
12314803
12315315
12315827
12311220
12311732
12312244
12312756
12313268
12313780
12314292
12314804
12315316
12315828
12311221
12311733
12312245
12312757
12313269
12313781
12314293
12314805
12315317
12315829
12311222
12311734
12312246
12312758
12313270
12313782
12314294
12314806
12315318
12315830
12311223
12311735
12312247
12312759
12313271
12313783
12314295
12314807
12315319
12315831
12311224
12311736
12312248
12312760
12313272
12313784
12314296
12314808
12315320
12315832
12311225
12311737
12312249
12312761
12313273
12313785
12314297
12314809
12315321
12315833
12311226
12311738
12312250
12312762
12313274
12313786
12314298
12314810
12315322
12315834
12311227
12311739
12312251
12312763
12313275
12313787
12314299
12314811
12315323
12315835
12311228
12311740
12312252
12312764
12313276
12313788
12314300
12314812
12315324
12315836
6895783
6896295
6896807
6897319
6897831
6898343
6898855
6899367
6899879
6900391
6895784
6896296
6896808
6897320
6897832
6898344
6898856
6899368
6899880
6900392
6895785
6896297
6896809
6897321
6897833
6898345
6898857
6899369
6899881
6900393
6895786
6896298
6896810
6897322
6897834
6898346
6898858
6899370
6899882
6900394
6895787
6896299
6896811
6897323
6897835
6898347
6898859
6899371
6899883
6900395
6895788
6896300
6896812
6897324
6897836
6898348
6898860
6899372
6899884
6900396
6895789
6896301
6896813
6897325
6897837
6898349
6898861
6899373
6899885
6900397
6895790
6896302
6896814
6897326
6897838
6898350
6898862
6899374
6899886
6900398
6895791
6896303
6896815
6897327
6897839
6898351
6898863
6899375
6899887
6900399
6895792
6896304
6896816
6897328
6897840
6898352
6898864
6899376
6899888
6900400
14787193
14787705
14788217
14788729
14789241
14789753
14790265
14790777
14791289
14791801
14787194
14787706
14788218
14788730
14789242
14789754
14790266
14790778
14791290
14791802
14787195
14787707
14788219
14788731
14789243
14789755
14790267
14790779
14791291
14791803
14787196
14787708
14788220
14788732
14789244
14789756
14790268
14790780
14791292
14791804
14787197
14787709
14788221
14788733
14789245
14789757
14790269
14790781
14791293
14791805
14787198
14787710
14788222
14788734
14789246
14789758
14790270
14790782
14791294
14791806
14787199
14787711
14788223
14788735
14789247
14789759
14790271
14790783
14791295
14791807
14787200
14787712
14788224
14788736
14789248
14789760
14790272
14790784
14791296
14791808
14787201
14787713
14788225
14788737
14789249
14789761
14790273
14790785
14791297
14791809
14787202
14787714
14788226
14788738
14789250
14789762
14790274
14790786
14791298
14791810
