39939351
39939863
39940375
39940887
39941399
39941911
39942423
39942935
39943447
39943959
39939352
39939864
39940376
39940888
39941400
39941912
39942424
39942936
39943448
39943960
39939353
39939865
39940377
39940889
39941401
39941913
39942425
39942937
39943449
39943961
39939354
39939866
39940378
39940890
39941402
39941914
39942426
39942938
39943450
39943962
39939355
39939867
39940379
39940891
39941403
39941915
39942427
39942939
39943451
39943963
39939356
39939868
39940380
39940892
39941404
39941916
39942428
39942940
39943452
39943964
39939357
39939869
39940381
39940893
39941405
39941917
39942429
39942941
39943453
39943965
39939358
39939870
39940382
39940894
39941406
39941918
39942430
39942942
39943454
39943966
39939359
39939871
39940383
39940895
39941407
39941919
39942431
39942943
39943455
39943967
39939360
39939872
39940384
39940896
39941408
39941920
39942432
39942944
39943456
39943968
28253932
28254444
28254956
28255468
28255980
28256492
28257004
28257516
28258028
28258540
28253933
28254445
28254957
28255469
28255981
28256493
28257005
28257517
28258029
28258541
28253934
28254446
28254958
28255470
28255982
28256494
28257006
28257518
28258030
28258542
28253935
28254447
28254959
28255471
28255983
28256495
28257007
28257519
28258031
28258543
28253936
28254448
28254960
28255472
28255984
28256496
28257008
28257520
28258032
28258544
28253937
28254449
28254961
28255473
28255985
28256497
28257009
28257521
28258033
28258545
28253938
28254450
28254962
28255474
28255986
28256498
28257010
28257522
28258034
28258546
28253939
28254451
28254963
28255475
28255987
28256499
28257011
28257523
28258035
28258547
28253940
28254452
28254964
28255476
28255988
28256500
28257012
28257524
28258036
28258548
28253941
28254453
28254965
28255477
28255989
28256501
28257013
28257525
28258037
28258549
14601022
14601534
14602046
14602558
14603070
14603582
14604094
14604606
14605118
14605630
14601023
14601535
14602047
14602559
14603071
14603583
14604095
14604607
14605119
14605631
14601024
14601536
14602048
14602560
14603072
14603584
14604096
14604608
14605120
14605632
14601025
14601537
14602049
14602561
14603073
14603585
14604097
14604609
14605121
14605633
14601026
14601538
14602050
14602562
14603074
14603586
14604098
14604610
14605122
14605634
14601027
14601539
14602051
14602563
14603075
14603587
14604099
14604611
14605123
14605635
14601028
14601540
14602052
14602564
14603076
14603588
14604100
14604612
14605124
14605636
14601029
14601541
14602053
14602565
14603077
14603589
14604101
14604613
14605125
14605637
14601030
14601542
14602054
14602566
14603078
14603590
14604102
14604614
14605126
14605638
14601031
14601543
14602055
14602567
14603079
14603591
14604103
14604615
14605127
14605639
45031745
45032257
45032769
45033281
45033793
45034305
45034817
45035329
45035841
45036353
45031746
45032258
45032770
45033282
45033794
45034306
45034818
45035330
45035842
45036354
45031747
45032259
45032771
45033283
45033795
45034307
45034819
45035331
45035843
45036355
45031748
45032260
45032772
45033284
45033796
45034308
45034820
45035332
45035844
45036356
45031749
45032261
45032773
45033285
45033797
45034309
45034821
45035333
45035845
45036357
45031750
45032262
45032774
45033286
45033798
45034310
45034822
45035334
45035846
45036358
45031751
45032263
45032775
45033287
45033799
45034311
45034823
45035335
45035847
45036359
45031752
45032264
45032776
45033288
45033800
45034312
45034824
45035336
45035848
45036360
45031753
45032265
45032777
45033289
45033801
45034313
45034825
45035337
45035849
45036361
45031754
45032266
45032778
45033290
45033802
45034314
45034826
45035338
45035850
45036362
44200525
44201037
44201549
44202061
44202573
44203085
44203597
44204109
44204621
44205133
44200526
44201038
44201550
44202062
44202574
44203086
44203598
44204110
44204622
44205134
44200527
44201039
44201551
44202063
44202575
44203087
44203599
44204111
44204623
44205135
44200528
44201040
44201552
44202064
44202576
44203088
44203600
44204112
44204624
44205136
44200529
44201041
44201553
44202065
44202577
44203089
44203601
44204113
44204625
44205137
44200530
44201042
44201554
44202066
44202578
44203090
44203602
44204114
44204626
44205138
44200531
44201043
44201555
44202067
44202579
44203091
44203603
44204115
44204627
44205139
44200532
44201044
44201556
44202068
44202580
44203092
44203604
44204116
44204628
44205140
44200533
44201045
44201557
44202069
44202581
44203093
44203605
44204117
44204629
44205141
44200534
44201046
44201558
44202070
44202582
44203094
44203606
44204118
44204630
44205142
55068881
55069393
55069905
55070417
55070929
55071441
55071953
55072465
55072977
55073489
55068882
55069394
55069906
55070418
55070930
55071442
55071954
55072466
55072978
55073490
55068883
55069395
55069907
55070419
55070931
55071443
55071955
55072467
55072979
55073491
55068884
55069396
55069908
55070420
55070932
55071444
55071956
55072468
55072980
55073492
55068885
55069397
55069909
55070421
55070933
55071445
55071957
55072469
55072981
55073493
55068886
55069398
55069910
55070422
55070934
55071446
55071958
55072470
55072982
55073494
55068887
55069399
55069911
55070423
55070935
55071447
55071959
55072471
55072983
55073495
55068888
55069400
55069912
55070424
55070936
55071448
55071960
55072472
55072984
55073496
55068889
55069401
55069913
55070425
55070937
55071449
55071961
55072473
55072985
55073497
55068890
55069402
55069914
55070426
55070938
55071450
55071962
55072474
55072986
55073498
25722003
25722515
25723027
25723539
25724051
25724563
25725075
25725587
25726099
25726611
25722004
25722516
25723028
25723540
25724052
25724564
25725076
25725588
25726100
25726612
25722005
25722517
25723029
25723541
25724053
25724565
25725077
25725589
25726101
25726613
25722006
25722518
25723030
25723542
25724054
25724566
25725078
25725590
25726102
25726614
25722007
25722519
25723031
25723543
25724055
25724567
25725079
25725591
25726103
25726615
25722008
25722520
25723032
25723544
25724056
25724568
25725080
25725592
25726104
25726616
25722009
25722521
25723033
25723545
25724057
25724569
25725081
25725593
25726105
25726617
25722010
25722522
25723034
25723546
25724058
25724570
25725082
25725594
25726106
25726618
25722011
25722523
25723035
25723547
25724059
25724571
25725083
25725595
25726107
25726619
25722012
25722524
25723036
25723548
25724060
25724572
25725084
25725596
25726108
25726620
25030882
25031394
25031906
25032418
25032930
25033442
25033954
25034466
25034978
25035490
25030883
25031395
25031907
25032419
25032931
25033443
25033955
25034467
25034979
25035491
25030884
25031396
25031908
25032420
25032932
25033444
25033956
25034468
25034980
25035492
25030885
25031397
25031909
25032421
25032933
25033445
25033957
25034469
25034981
25035493
25030886
25031398
25031910
25032422
25032934
25033446
25033958
25034470
25034982
25035494
25030887
25031399
25031911
25032423
25032935
25033447
25033959
25034471
25034983
25035495
25030888
25031400
25031912
25032424
25032936
25033448
25033960
25034472
25034984
25035496
25030889
25031401
25031913
25032425
25032937
25033449
25033961
25034473
25034985
25035497
25030890
25031402
25031914
25032426
25032938
25033450
25033962
25034474
25034986
25035498
25030891
25031403
25031915
25032427
25032939
25033451
25033963
25034475
25034987
25035499
54079225
54079737
54080249
54080761
54081273
54081785
54082297
54082809
54083321
54083833
54079226
54079738
54080250
54080762
54081274
54081786
54082298
54082810
54083322
54083834
54079227
54079739
54080251
54080763
54081275
54081787
54082299
54082811
54083323
54083835
54079228
54079740
54080252
54080764
54081276
54081788
54082300
54082812
54083324
54083836
54079229
54079741
54080253
54080765
54081277
54081789
54082301
54082813
54083325
54083837
54079230
54079742
54080254
54080766
54081278
54081790
54082302
54082814
54083326
54083838
54079231
54079743
54080255
54080767
54081279
54081791
54082303
54082815
54083327
54083839
54079232
54079744
54080256
54080768
54081280
54081792
54082304
54082816
54083328
54083840
54079233
54079745
54080257
54080769
54081281
54081793
54082305
54082817
54083329
54083841
54079234
54079746
54080258
54080770
54081282
54081794
54082306
54082818
54083330
54083842
51174837
51175349
51175861
51176373
51176885
51177397
51177909
51178421
51178933
51179445
51174838
51175350
51175862
51176374
51176886
51177398
51177910
51178422
51178934
51179446
51174839
51175351
51175863
51176375
51176887
51177399
51177911
51178423
51178935
51179447
51174840
51175352
51175864
51176376
51176888
51177400
51177912
51178424
51178936
51179448
51174841
51175353
51175865
51176377
51176889
51177401
51177913
51178425
51178937
51179449
51174842
51175354
51175866
51176378
51176890
51177402
51177914
51178426
51178938
51179450
51174843
51175355
51175867
51176379
51176891
51177403
51177915
51178427
51178939
51179451
51174844
51175356
51175868
51176380
51176892
51177404
51177916
51178428
51178940
51179452
51174845
51175357
51175869
51176381
51176893
51177405
51177917
51178429
51178941
51179453
51174846
51175358
51175870
51176382
51176894
51177406
51177918
51178430
51178942
51179454
36640166
36640678
36641190
36641702
36642214
36642726
36643238
36643750
36644262
36644774
36640167
36640679
36641191
36641703
36642215
36642727
36643239
36643751
36644263
36644775
36640168
36640680
36641192
36641704
36642216
36642728
36643240
36643752
36644264
36644776
36640169
36640681
36641193
36641705
36642217
36642729
36643241
36643753
36644265
36644777
36640170
36640682
36641194
36641706
36642218
36642730
36643242
36643754
36644266
36644778
36640171
36640683
36641195
36641707
36642219
36642731
36643243
36643755
36644267
36644779
36640172
36640684
36641196
36641708
36642220
36642732
36643244
36643756
36644268
36644780
36640173
36640685
36641197
36641709
36642221
36642733
36643245
36643757
36644269
36644781
36640174
36640686
36641198
36641710
36642222
36642734
36643246
36643758
36644270
36644782
36640175
36640687
36641199
36641711
36642223
36642735
36643247
36643759
36644271
36644783
49198574
49199086
49199598
49200110
49200622
49201134
49201646
49202158
49202670
49203182
49198575
49199087
49199599
49200111
49200623
49201135
49201647
49202159
49202671
49203183
49198576
49199088
49199600
49200112
49200624
49201136
49201648
49202160
49202672
49203184
49198577
49199089
49199601
49200113
49200625
49201137
49201649
49202161
49202673
49203185
49198578
49199090
49199602
49200114
49200626
49201138
49201650
49202162
49202674
49203186
49198579
49199091
49199603
49200115
49200627
49201139
49201651
49202163
49202675
49203187
49198580
49199092
49199604
49200116
49200628
49201140
49201652
49202164
49202676
49203188
49198581
49199093
49199605
49200117
49200629
49201141
49201653
49202165
49202677
49203189
49198582
49199094
49199606
49200118
49200630
49201142
49201654
49202166
49202678
49203190
49198583
49199095
49199607
49200119
49200631
49201143
49201655
49202167
49202679
49203191
5037791
5038303
5038815
5039327
5039839
5040351
5040863
5041375
5041887
5042399
5037792
5038304
5038816
5039328
5039840
5040352
5040864
5041376
5041888
5042400
5037793
5038305
5038817
5039329
5039841
5040353
5040865
5041377
5041889
5042401
5037794
5038306
5038818
5039330
5039842
5040354
5040866
5041378
5041890
5042402
5037795
5038307
5038819
5039331
5039843
5040355
5040867
5041379
5041891
5042403
5037796
5038308
5038820
5039332
5039844
5040356
5040868
5041380
5041892
5042404
5037797
5038309
5038821
5039333
5039845
5040357
5040869
5041381
5041893
5042405
5037798
5038310
5038822
5039334
5039846
5040358
5040870
5041382
5041894
5042406
5037799
5038311
5038823
5039335
5039847
5040359
5040871
5041383
5041895
5042407
5037800
5038312
5038824
5039336
5039848
5040360
5040872
5041384
5041896
5042408
32757734
32758246
32758758
32759270
32759782
32760294
32760806
32761318
32761830
32762342
32757735
32758247
32758759
32759271
32759783
32760295
32760807
32761319
32761831
32762343
32757736
32758248
32758760
32759272
32759784
32760296
32760808
32761320
32761832
32762344
32757737
32758249
32758761
32759273
32759785
32760297
32760809
32761321
32761833
32762345
32757738
32758250
32758762
32759274
32759786
32760298
32760810
32761322
32761834
32762346
32757739
32758251
32758763
32759275
32759787
32760299
32760811
32761323
32761835
32762347
32757740
32758252
32758764
32759276
32759788
32760300
32760812
32761324
32761836
32762348
32757741
32758253
32758765
32759277
32759789
32760301
32760813
32761325
32761837
32762349
32757742
32758254
32758766
32759278
32759790
32760302
32760814
32761326
32761838
32762350
32757743
32758255
32758767
32759279
32759791
32760303
32760815
32761327
32761839
32762351
17907804
17908316
17908828
17909340
17909852
17910364
17910876
17911388
17911900
17912412
17907805
17908317
17908829
17909341
17909853
17910365
17910877
17911389
17911901
17912413
17907806
17908318
17908830
17909342
17909854
17910366
17910878
17911390
17911902
17912414
17907807
17908319
17908831
17909343
17909855
17910367
17910879
17911391
17911903
17912415
17907808
17908320
17908832
17909344
17909856
17910368
17910880
17911392
17911904
17912416
17907809
17908321
17908833
17909345
17909857
17910369
17910881
17911393
17911905
17912417
17907810
17908322
17908834
17909346
17909858
17910370
17910882
17911394
17911906
17912418
17907811
17908323
17908835
17909347
17909859
17910371
17910883
17911395
17911907
17912419
17907812
17908324
17908836
17909348
17909860
17910372
17910884
17911396
17911908
17912420
17907813
17908325
17908837
17909349
17909861
17910373
17910885
17911397
17911909
17912421
46564388
46564900
46565412
46565924
46566436
46566948
46567460
46567972
46568484
46568996
46564389
46564901
46565413
46565925
46566437
46566949
46567461
46567973
46568485
46568997
46564390
46564902
46565414
46565926
46566438
46566950
46567462
46567974
46568486
46568998
46564391
46564903
46565415
46565927
46566439
46566951
46567463
46567975
46568487
46568999
46564392
46564904
46565416
46565928
46566440
46566952
46567464
46567976
46568488
46569000
46564393
46564905
46565417
46565929
46566441
46566953
46567465
46567977
46568489
46569001
46564394
46564906
46565418
46565930
46566442
46566954
46567466
46567978
46568490
46569002
46564395
46564907
46565419
46565931
46566443
46566955
46567467
46567979
46568491
46569003
46564396
46564908
46565420
46565932
46566444
46566956
46567468
46567980
46568492
46569004
46564397
46564909
46565421
46565933
46566445
46566957
46567469
46567981
46568493
46569005
3120992
3121504
3122016
3122528
3123040
3123552
3124064
3124576
3125088
3125600
3120993
3121505
3122017
3122529
3123041
3123553
3124065
3124577
3125089
3125601
3120994
3121506
3122018
3122530
3123042
3123554
3124066
3124578
3125090
3125602
3120995
3121507
3122019
3122531
3123043
3123555
3124067
3124579
3125091
3125603
3120996
3121508
3122020
3122532
3123044
3123556
3124068
3124580
3125092
3125604
3120997
3121509
3122021
3122533
3123045
3123557
3124069
3124581
3125093
3125605
3120998
3121510
3122022
3122534
3123046
3123558
3124070
3124582
3125094
3125606
3120999
3121511
3122023
3122535
3123047
3123559
3124071
3124583
3125095
3125607
3121000
3121512
3122024
3122536
3123048
3123560
3124072
3124584
3125096
3125608
3121001
3121513
3122025
3122537
3123049
3123561
3124073
3124585
3125097
3125609
43955459
43955971
43956483
43956995
43957507
43958019
43958531
43959043
43959555
43960067
43955460
43955972
43956484
43956996
43957508
43958020
43958532
43959044
43959556
43960068
43955461
43955973
43956485
43956997
43957509
43958021
43958533
43959045
43959557
43960069
43955462
43955974
43956486
43956998
43957510
43958022
43958534
43959046
43959558
43960070
43955463
43955975
43956487
43956999
43957511
43958023
43958535
43959047
43959559
43960071
43955464
43955976
43956488
43957000
43957512
43958024
43958536
43959048
43959560
43960072
43955465
43955977
43956489
43957001
43957513
43958025
43958537
43959049
43959561
43960073
43955466
43955978
43956490
43957002
43957514
43958026
43958538
43959050
43959562
43960074
43955467
43955979
43956491
43957003
43957515
43958027
43958539
43959051
43959563
43960075
43955468
43955980
43956492
43957004
43957516
43958028
43958540
43959052
43959564
43960076
1419058
1419570
1420082
1420594
1421106
1421618
1422130
1422642
1423154
1423666
1419059
1419571
1420083
1420595
1421107
1421619
1422131
1422643
1423155
1423667
1419060
1419572
1420084
1420596
1421108
1421620
1422132
1422644
1423156
1423668
1419061
1419573
1420085
1420597
1421109
1421621
1422133
1422645
1423157
1423669
1419062
1419574
1420086
1420598
1421110
1421622
1422134
1422646
1423158
1423670
1419063
1419575
1420087
1420599
1421111
1421623
1422135
1422647
1423159
1423671
1419064
1419576
1420088
1420600
1421112
1421624
1422136
1422648
1423160
1423672
1419065
1419577
1420089
1420601
1421113
1421625
1422137
1422649
1423161
1423673
1419066
1419578
1420090
1420602
1421114
1421626
1422138
1422650
1423162
1423674
1419067
1419579
1420091
1420603
1421115
1421627
1422139
1422651
1423163
1423675
6677841
6678353
6678865
6679377
6679889
6680401
6680913
6681425
6681937
6682449
6677842
6678354
6678866
6679378
6679890
6680402
6680914
6681426
6681938
6682450
6677843
6678355
6678867
6679379
6679891
6680403
6680915
6681427
6681939
6682451
6677844
6678356
6678868
6679380
6679892
6680404
6680916
6681428
6681940
6682452
6677845
6678357
6678869
6679381
6679893
6680405
6680917
6681429
6681941
6682453
6677846
6678358
6678870
6679382
6679894
6680406
6680918
6681430
6681942
6682454
6677847
6678359
6678871
6679383
6679895
6680407
6680919
6681431
6681943
6682455
6677848
6678360
6678872
6679384
6679896
6680408
6680920
6681432
6681944
6682456
6677849
6678361
6678873
6679385
6679897
6680409
6680921
6681433
6681945
6682457
6677850
6678362
6678874
6679386
6679898
6680410
6680922
6681434
6681946
6682458
10318467
10318979
10319491
10320003
10320515
10321027
10321539
10322051
10322563
10323075
10318468
10318980
10319492
10320004
10320516
10321028
10321540
10322052
10322564
10323076
10318469
10318981
10319493
10320005
10320517
10321029
10321541
10322053
10322565
10323077
10318470
10318982
10319494
10320006
10320518
10321030
10321542
10322054
10322566
10323078
10318471
10318983
10319495
10320007
10320519
10321031
10321543
10322055
10322567
10323079
10318472
10318984
10319496
10320008
10320520
10321032
10321544
10322056
10322568
10323080
10318473
10318985
10319497
10320009
10320521
10321033
10321545
10322057
10322569
10323081
10318474
10318986
10319498
10320010
10320522
10321034
10321546
10322058
10322570
10323082
10318475
10318987
10319499
10320011
10320523
10321035
10321547
10322059
10322571
10323083
10318476
10318988
10319500
10320012
10320524
10321036
10321548
10322060
10322572
10323084
3946647
3947159
3947671
3948183
3948695
3949207
3949719
3950231
3950743
3951255
3946648
3947160
3947672
3948184
3948696
3949208
3949720
3950232
3950744
3951256
3946649
3947161
3947673
3948185
3948697
3949209
3949721
3950233
3950745
3951257
3946650
3947162
3947674
3948186
3948698
3949210
3949722
3950234
3950746
3951258
3946651
3947163
3947675
3948187
3948699
3949211
3949723
3950235
3950747
3951259
3946652
3947164
3947676
3948188
3948700
3949212
3949724
3950236
3950748
3951260
3946653
3947165
3947677
3948189
3948701
3949213
3949725
3950237
3950749
3951261
3946654
3947166
3947678
3948190
3948702
3949214
3949726
3950238
3950750
3951262
3946655
3947167
3947679
3948191
3948703
3949215
3949727
3950239
3950751
3951263
3946656
3947168
3947680
3948192
3948704
3949216
3949728
3950240
3950752
3951264
41150646
41151158
41151670
41152182
41152694
41153206
41153718
41154230
41154742
41155254
41150647
41151159
41151671
41152183
41152695
41153207
41153719
41154231
41154743
41155255
41150648
41151160
41151672
41152184
41152696
41153208
41153720
41154232
41154744
41155256
41150649
41151161
41151673
41152185
41152697
41153209
41153721
41154233
41154745
41155257
41150650
41151162
41151674
41152186
41152698
41153210
41153722
41154234
41154746
41155258
41150651
41151163
41151675
41152187
41152699
41153211
41153723
41154235
41154747
41155259
41150652
41151164
41151676
41152188
41152700
41153212
41153724
41154236
41154748
41155260
41150653
41151165
41151677
41152189
41152701
41153213
41153725
41154237
41154749
41155261
41150654
41151166
41151678
41152190
41152702
41153214
41153726
41154238
41154750
41155262
41150655
41151167
41151679
41152191
41152703
41153215
41153727
41154239
41154751
41155263
37426605
37427117
37427629
37428141
37428653
37429165
37429677
37430189
37430701
37431213
37426606
37427118
37427630
37428142
37428654
37429166
37429678
37430190
37430702
37431214
37426607
37427119
37427631
37428143
37428655
37429167
37429679
37430191
37430703
37431215
37426608
37427120
37427632
37428144
37428656
37429168
37429680
37430192
37430704
37431216
37426609
37427121
37427633
37428145
37428657
37429169
37429681
37430193
37430705
37431217
37426610
37427122
37427634
37428146
37428658
37429170
37429682
37430194
37430706
37431218
37426611
37427123
37427635
37428147
37428659
37429171
37429683
37430195
37430707
37431219
37426612
37427124
37427636
37428148
37428660
37429172
37429684
37430196
37430708
37431220
37426613
37427125
37427637
37428149
37428661
37429173
37429685
37430197
37430709
37431221
37426614
37427126
37427638
37428150
37428662
37429174
37429686
37430198
37430710
37431222
55722687
55723199
55723711
55724223
55724735
55725247
55725759
55726271
55726783
55727295
55722688
55723200
55723712
55724224
55724736
55725248
55725760
55726272
55726784
55727296
55722689
55723201
55723713
55724225
55724737
55725249
55725761
55726273
55726785
55727297
55722690
55723202
55723714
55724226
55724738
55725250
55725762
55726274
55726786
55727298
55722691
55723203
55723715
55724227
55724739
55725251
55725763
55726275
55726787
55727299
55722692
55723204
55723716
55724228
55724740
55725252
55725764
55726276
55726788
55727300
55722693
55723205
55723717
55724229
55724741
55725253
55725765
55726277
55726789
55727301
55722694
55723206
55723718
55724230
55724742
55725254
55725766
55726278
55726790
55727302
55722695
55723207
55723719
55724231
55724743
55725255
55725767
55726279
55726791
55727303
55722696
55723208
55723720
55724232
55724744
55725256
55725768
55726280
55726792
55727304
44161111
44161623
44162135
44162647
44163159
44163671
44164183
44164695
44165207
44165719
44161112
44161624
44162136
44162648
44163160
44163672
44164184
44164696
44165208
44165720
44161113
44161625
44162137
44162649
44163161
44163673
44164185
44164697
44165209
44165721
44161114
44161626
44162138
44162650
44163162
44163674
44164186
44164698
44165210
44165722
44161115
44161627
44162139
44162651
44163163
44163675
44164187
44164699
44165211
44165723
44161116
44161628
44162140
44162652
44163164
44163676
44164188
44164700
44165212
44165724
44161117
44161629
44162141
44162653
44163165
44163677
44164189
44164701
44165213
44165725
44161118
44161630
44162142
44162654
44163166
44163678
44164190
44164702
44165214
44165726
44161119
44161631
44162143
44162655
44163167
44163679
44164191
44164703
44165215
44165727
44161120
44161632
44162144
44162656
44163168
44163680
44164192
44164704
44165216
44165728
6438291
6438803
6439315
6439827
6440339
6440851
6441363
6441875
6442387
6442899
6438292
6438804
6439316
6439828
6440340
6440852
6441364
6441876
6442388
6442900
6438293
6438805
6439317
6439829
6440341
6440853
6441365
6441877
6442389
6442901
6438294
6438806
6439318
6439830
6440342
6440854
6441366
6441878
6442390
6442902
6438295
6438807
6439319
6439831
6440343
6440855
6441367
6441879
6442391
6442903
6438296
6438808
6439320
6439832
6440344
6440856
6441368
6441880
6442392
6442904
6438297
6438809
6439321
6439833
6440345
6440857
6441369
6441881
6442393
6442905
6438298
6438810
6439322
6439834
6440346
6440858
6441370
6441882
6442394
6442906
6438299
6438811
6439323
6439835
6440347
6440859
6441371
6441883
6442395
6442907
6438300
6438812
6439324
6439836
6440348
6440860
6441372
6441884
6442396
6442908
17644313
17644825
17645337
17645849
17646361
17646873
17647385
17647897
17648409
17648921
17644314
17644826
17645338
17645850
17646362
17646874
17647386
17647898
17648410
17648922
17644315
17644827
17645339
17645851
17646363
17646875
17647387
17647899
17648411
17648923
17644316
17644828
17645340
17645852
17646364
17646876
17647388
17647900
17648412
17648924
17644317
17644829
17645341
17645853
17646365
17646877
17647389
17647901
17648413
17648925
17644318
17644830
17645342
17645854
17646366
17646878
17647390
17647902
17648414
17648926
17644319
17644831
17645343
17645855
17646367
17646879
17647391
17647903
17648415
17648927
17644320
17644832
17645344
17645856
17646368
17646880
17647392
17647904
17648416
17648928
17644321
17644833
17645345
17645857
17646369
17646881
17647393
17647905
17648417
17648929
17644322
17644834
17645346
17645858
17646370
17646882
17647394
17647906
17648418
17648930
36479770
36480282
36480794
36481306
36481818
36482330
36482842
36483354
36483866
36484378
36479771
36480283
36480795
36481307
36481819
36482331
36482843
36483355
36483867
36484379
36479772
36480284
36480796
36481308
36481820
36482332
36482844
36483356
36483868
36484380
36479773
36480285
36480797
36481309
36481821
36482333
36482845
36483357
36483869
36484381
36479774
36480286
36480798
36481310
36481822
36482334
36482846
36483358
36483870
36484382
36479775
36480287
36480799
36481311
36481823
36482335
36482847
36483359
36483871
36484383
36479776
36480288
36480800
36481312
36481824
36482336
36482848
36483360
36483872
36484384
36479777
36480289
36480801
36481313
36481825
36482337
36482849
36483361
36483873
36484385
36479778
36480290
36480802
36481314
36481826
36482338
36482850
36483362
36483874
36484386
36479779
36480291
36480803
36481315
36481827
36482339
36482851
36483363
36483875
36484387
51693839
51694351
51694863
51695375
51695887
51696399
51696911
51697423
51697935
51698447
51693840
51694352
51694864
51695376
51695888
51696400
51696912
51697424
51697936
51698448
51693841
51694353
51694865
51695377
51695889
51696401
51696913
51697425
51697937
51698449
51693842
51694354
51694866
51695378
51695890
51696402
51696914
51697426
51697938
51698450
51693843
51694355
51694867
51695379
51695891
51696403
51696915
51697427
51697939
51698451
51693844
51694356
51694868
51695380
51695892
51696404
51696916
51697428
51697940
51698452
51693845
51694357
51694869
51695381
51695893
51696405
51696917
51697429
51697941
51698453
51693846
51694358
51694870
51695382
51695894
51696406
51696918
51697430
51697942
51698454
51693847
51694359
51694871
51695383
51695895
51696407
51696919
51697431
51697943
51698455
51693848
51694360
51694872
51695384
51695896
51696408
51696920
51697432
51697944
51698456
