45412546
45413058
45413570
45414082
45414594
45415106
45415618
45416130
45416642
45417154
45412547
45413059
45413571
45414083
45414595
45415107
45415619
45416131
45416643
45417155
45412548
45413060
45413572
45414084
45414596
45415108
45415620
45416132
45416644
45417156
45412549
45413061
45413573
45414085
45414597
45415109
45415621
45416133
45416645
45417157
45412550
45413062
45413574
45414086
45414598
45415110
45415622
45416134
45416646
45417158
45412551
45413063
45413575
45414087
45414599
45415111
45415623
45416135
45416647
45417159
45412552
45413064
45413576
45414088
45414600
45415112
45415624
45416136
45416648
45417160
45412553
45413065
45413577
45414089
45414601
45415113
45415625
45416137
45416649
45417161
45412554
45413066
45413578
45414090
45414602
45415114
45415626
45416138
45416650
45417162
45412555
45413067
45413579
45414091
45414603
45415115
45415627
45416139
45416651
45417163
49152195
49152707
49153219
49153731
49154243
49154755
49155267
49155779
49156291
49156803
49152196
49152708
49153220
49153732
49154244
49154756
49155268
49155780
49156292
49156804
49152197
49152709
49153221
49153733
49154245
49154757
49155269
49155781
49156293
49156805
49152198
49152710
49153222
49153734
49154246
49154758
49155270
49155782
49156294
49156806
49152199
49152711
49153223
49153735
49154247
49154759
49155271
49155783
49156295
49156807
49152200
49152712
49153224
49153736
49154248
49154760
49155272
49155784
49156296
49156808
49152201
49152713
49153225
49153737
49154249
49154761
49155273
49155785
49156297
49156809
49152202
49152714
49153226
49153738
49154250
49154762
49155274
49155786
49156298
49156810
49152203
49152715
49153227
49153739
49154251
49154763
49155275
49155787
49156299
49156811
49152204
49152716
49153228
49153740
49154252
49154764
49155276
49155788
49156300
49156812
43831620
43832132
43832644
43833156
43833668
43834180
43834692
43835204
43835716
43836228
43831621
43832133
43832645
43833157
43833669
43834181
43834693
43835205
43835717
43836229
43831622
43832134
43832646
43833158
43833670
43834182
43834694
43835206
43835718
43836230
43831623
43832135
43832647
43833159
43833671
43834183
43834695
43835207
43835719
43836231
43831624
43832136
43832648
43833160
43833672
43834184
43834696
43835208
43835720
43836232
43831625
43832137
43832649
43833161
43833673
43834185
43834697
43835209
43835721
43836233
43831626
43832138
43832650
43833162
43833674
43834186
43834698
43835210
43835722
43836234
43831627
43832139
43832651
43833163
43833675
43834187
43834699
43835211
43835723
43836235
43831628
43832140
43832652
43833164
43833676
43834188
43834700
43835212
43835724
43836236
43831629
43832141
43832653
43833165
43833677
43834189
43834701
43835213
43835725
43836237
47517434
47517946
47518458
47518970
47519482
47519994
47520506
47521018
47521530
47522042
47517435
47517947
47518459
47518971
47519483
47519995
47520507
47521019
47521531
47522043
47517436
47517948
47518460
47518972
47519484
47519996
47520508
47521020
47521532
47522044
47517437
47517949
47518461
47518973
47519485
47519997
47520509
47521021
47521533
47522045
47517438
47517950
47518462
47518974
47519486
47519998
47520510
47521022
47521534
47522046
47517439
47517951
47518463
47518975
47519487
47519999
47520511
47521023
47521535
47522047
47517440
47517952
47518464
47518976
47519488
47520000
47520512
47521024
47521536
47522048
47517441
47517953
47518465
47518977
47519489
47520001
47520513
47521025
47521537
47522049
47517442
47517954
47518466
47518978
47519490
47520002
47520514
47521026
47521538
47522050
47517443
47517955
47518467
47518979
47519491
47520003
47520515
47521027
47521539
47522051
44383387
44383899
44384411
44384923
44385435
44385947
44386459
44386971
44387483
44387995
44383388
44383900
44384412
44384924
44385436
44385948
44386460
44386972
44387484
44387996
44383389
44383901
44384413
44384925
44385437
44385949
44386461
44386973
44387485
44387997
44383390
44383902
44384414
44384926
44385438
44385950
44386462
44386974
44387486
44387998
44383391
44383903
44384415
44384927
44385439
44385951
44386463
44386975
44387487
44387999
44383392
44383904
44384416
44384928
44385440
44385952
44386464
44386976
44387488
44388000
44383393
44383905
44384417
44384929
44385441
44385953
44386465
44386977
44387489
44388001
44383394
44383906
44384418
44384930
44385442
44385954
44386466
44386978
44387490
44388002
44383395
44383907
44384419
44384931
44385443
44385955
44386467
44386979
44387491
44388003
44383396
44383908
44384420
44384932
44385444
44385956
44386468
44386980
44387492
44388004
49941667
49942179
49942691
49943203
49943715
49944227
49944739
49945251
49945763
49946275
49941668
49942180
49942692
49943204
49943716
49944228
49944740
49945252
49945764
49946276
49941669
49942181
49942693
49943205
49943717
49944229
49944741
49945253
49945765
49946277
49941670
49942182
49942694
49943206
49943718
49944230
49944742
49945254
49945766
49946278
49941671
49942183
49942695
49943207
49943719
49944231
49944743
49945255
49945767
49946279
49941672
49942184
49942696
49943208
49943720
49944232
49944744
49945256
49945768
49946280
49941673
49942185
49942697
49943209
49943721
49944233
49944745
49945257
49945769
49946281
49941674
49942186
49942698
49943210
49943722
49944234
49944746
49945258
49945770
49946282
49941675
49942187
49942699
49943211
49943723
49944235
49944747
49945259
49945771
49946283
49941676
49942188
49942700
49943212
49943724
49944236
49944748
49945260
49945772
49946284
44913880
44914392
44914904
44915416
44915928
44916440
44916952
44917464
44917976
44918488
44913881
44914393
44914905
44915417
44915929
44916441
44916953
44917465
44917977
44918489
44913882
44914394
44914906
44915418
44915930
44916442
44916954
44917466
44917978
44918490
44913883
44914395
44914907
44915419
44915931
44916443
44916955
44917467
44917979
44918491
44913884
44914396
44914908
44915420
44915932
44916444
44916956
44917468
44917980
44918492
44913885
44914397
44914909
44915421
44915933
44916445
44916957
44917469
44917981
44918493
44913886
44914398
44914910
44915422
44915934
44916446
44916958
44917470
44917982
44918494
44913887
44914399
44914911
44915423
44915935
44916447
44916959
44917471
44917983
44918495
44913888
44914400
44914912
44915424
44915936
44916448
44916960
44917472
44917984
44918496
44913889
44914401
44914913
44915425
44915937
44916449
44916961
44917473
44917985
44918497
47295731
47296243
47296755
47297267
47297779
47298291
47298803
47299315
47299827
47300339
47295732
47296244
47296756
47297268
47297780
47298292
47298804
47299316
47299828
47300340
47295733
47296245
47296757
47297269
47297781
47298293
47298805
47299317
47299829
47300341
47295734
47296246
47296758
47297270
47297782
47298294
47298806
47299318
47299830
47300342
47295735
47296247
47296759
47297271
47297783
47298295
47298807
47299319
47299831
47300343
47295736
47296248
47296760
47297272
47297784
47298296
47298808
47299320
47299832
47300344
47295737
47296249
47296761
47297273
47297785
47298297
47298809
47299321
47299833
47300345
47295738
47296250
47296762
47297274
47297786
47298298
47298810
47299322
47299834
47300346
47295739
47296251
47296763
47297275
47297787
47298299
47298811
47299323
47299835
47300347
47295740
47296252
47296764
47297276
47297788
47298300
47298812
47299324
47299836
47300348
39376601
39377113
39377625
39378137
39378649
39379161
39379673
39380185
39380697
39381209
39376602
39377114
39377626
39378138
39378650
39379162
39379674
39380186
39380698
39381210
39376603
39377115
39377627
39378139
39378651
39379163
39379675
39380187
39380699
39381211
39376604
39377116
39377628
39378140
39378652
39379164
39379676
39380188
39380700
39381212
39376605
39377117
39377629
39378141
39378653
39379165
39379677
39380189
39380701
39381213
39376606
39377118
39377630
39378142
39378654
39379166
39379678
39380190
39380702
39381214
39376607
39377119
39377631
39378143
39378655
39379167
39379679
39380191
39380703
39381215
39376608
39377120
39377632
39378144
39378656
39379168
39379680
39380192
39380704
39381216
39376609
39377121
39377633
39378145
39378657
39379169
39379681
39380193
39380705
39381217
39376610
39377122
39377634
39378146
39378658
39379170
39379682
39380194
39380706
39381218
43871483
43871995
43872507
43873019
43873531
43874043
43874555
43875067
43875579
43876091
43871484
43871996
43872508
43873020
43873532
43874044
43874556
43875068
43875580
43876092
43871485
43871997
43872509
43873021
43873533
43874045
43874557
43875069
43875581
43876093
43871486
43871998
43872510
43873022
43873534
43874046
43874558
43875070
43875582
43876094
43871487
43871999
43872511
43873023
43873535
43874047
43874559
43875071
43875583
43876095
43871488
43872000
43872512
43873024
43873536
43874048
43874560
43875072
43875584
43876096
43871489
43872001
43872513
43873025
43873537
43874049
43874561
43875073
43875585
43876097
43871490
43872002
43872514
43873026
43873538
43874050
43874562
43875074
43875586
43876098
43871491
43872003
43872515
43873027
43873539
43874051
43874563
43875075
43875587
43876099
43871492
43872004
43872516
43873028
43873540
43874052
43874564
43875076
43875588
43876100
44912335
44912847
44913359
44913871
44914383
44914895
44915407
44915919
44916431
44916943
44912336
44912848
44913360
44913872
44914384
44914896
44915408
44915920
44916432
44916944
44912337
44912849
44913361
44913873
44914385
44914897
44915409
44915921
44916433
44916945
44912338
44912850
44913362
44913874
44914386
44914898
44915410
44915922
44916434
44916946
44912339
44912851
44913363
44913875
44914387
44914899
44915411
44915923
44916435
44916947
44912340
44912852
44913364
44913876
44914388
44914900
44915412
44915924
44916436
44916948
44912341
44912853
44913365
44913877
44914389
44914901
44915413
44915925
44916437
44916949
44912342
44912854
44913366
44913878
44914390
44914902
44915414
44915926
44916438
44916950
44912343
44912855
44913367
44913879
44914391
44914903
44915415
44915927
44916439
44916951
44912344
44912856
44913368
44913880
44914392
44914904
44915416
44915928
44916440
44916952
39668990
39669502
39670014
39670526
39671038
39671550
39672062
39672574
39673086
39673598
39668991
39669503
39670015
39670527
39671039
39671551
39672063
39672575
39673087
39673599
39668992
39669504
39670016
39670528
39671040
39671552
39672064
39672576
39673088
39673600
39668993
39669505
39670017
39670529
39671041
39671553
39672065
39672577
39673089
39673601
39668994
39669506
39670018
39670530
39671042
39671554
39672066
39672578
39673090
39673602
39668995
39669507
39670019
39670531
39671043
39671555
39672067
39672579
39673091
39673603
39668996
39669508
39670020
39670532
39671044
39671556
39672068
39672580
39673092
39673604
39668997
39669509
39670021
39670533
39671045
39671557
39672069
39672581
39673093
39673605
39668998
39669510
39670022
39670534
39671046
39671558
39672070
39672582
39673094
39673606
39668999
39669511
39670023
39670535
39671047
39671559
39672071
39672583
39673095
39673607
36236034
36236546
36237058
36237570
36238082
36238594
36239106
36239618
36240130
36240642
36236035
36236547
36237059
36237571
36238083
36238595
36239107
36239619
36240131
36240643
36236036
36236548
36237060
36237572
36238084
36238596
36239108
36239620
36240132
36240644
36236037
36236549
36237061
36237573
36238085
36238597
36239109
36239621
36240133
36240645
36236038
36236550
36237062
36237574
36238086
36238598
36239110
36239622
36240134
36240646
36236039
36236551
36237063
36237575
36238087
36238599
36239111
36239623
36240135
36240647
36236040
36236552
36237064
36237576
36238088
36238600
36239112
36239624
36240136
36240648
36236041
36236553
36237065
36237577
36238089
36238601
36239113
36239625
36240137
36240649
36236042
36236554
36237066
36237578
36238090
36238602
36239114
36239626
36240138
36240650
36236043
36236555
36237067
36237579
36238091
36238603
36239115
36239627
36240139
36240651
36242138
36242650
36243162
36243674
36244186
36244698
36245210
36245722
36246234
36246746
36242139
36242651
36243163
36243675
36244187
36244699
36245211
36245723
36246235
36246747
36242140
36242652
36243164
36243676
36244188
36244700
36245212
36245724
36246236
36246748
36242141
36242653
36243165
36243677
36244189
36244701
36245213
36245725
36246237
36246749
36242142
36242654
36243166
36243678
36244190
36244702
36245214
36245726
36246238
36246750
36242143
36242655
36243167
36243679
36244191
36244703
36245215
36245727
36246239
36246751
36242144
36242656
36243168
36243680
36244192
36244704
36245216
36245728
36246240
36246752
36242145
36242657
36243169
36243681
36244193
36244705
36245217
36245729
36246241
36246753
36242146
36242658
36243170
36243682
36244194
36244706
36245218
36245730
36246242
36246754
36242147
36242659
36243171
36243683
36244195
36244707
36245219
36245731
36246243
36246755
46769880
46770392
46770904
46771416
46771928
46772440
46772952
46773464
46773976
46774488
46769881
46770393
46770905
46771417
46771929
46772441
46772953
46773465
46773977
46774489
46769882
46770394
46770906
46771418
46771930
46772442
46772954
46773466
46773978
46774490
46769883
46770395
46770907
46771419
46771931
46772443
46772955
46773467
46773979
46774491
46769884
46770396
46770908
46771420
46771932
46772444
46772956
46773468
46773980
46774492
46769885
46770397
46770909
46771421
46771933
46772445
46772957
46773469
46773981
46774493
46769886
46770398
46770910
46771422
46771934
46772446
46772958
46773470
46773982
46774494
46769887
46770399
46770911
46771423
46771935
46772447
46772959
46773471
46773983
46774495
46769888
46770400
46770912
46771424
46771936
46772448
46772960
46773472
46773984
46774496
46769889
46770401
46770913
46771425
46771937
46772449
46772961
46773473
46773985
46774497
48894642
48895154
48895666
48896178
48896690
48897202
48897714
48898226
48898738
48899250
48894643
48895155
48895667
48896179
48896691
48897203
48897715
48898227
48898739
48899251
48894644
48895156
48895668
48896180
48896692
48897204
48897716
48898228
48898740
48899252
48894645
48895157
48895669
48896181
48896693
48897205
48897717
48898229
48898741
48899253
48894646
48895158
48895670
48896182
48896694
48897206
48897718
48898230
48898742
48899254
48894647
48895159
48895671
48896183
48896695
48897207
48897719
48898231
48898743
48899255
48894648
48895160
48895672
48896184
48896696
48897208
48897720
48898232
48898744
48899256
48894649
48895161
48895673
48896185
48896697
48897209
48897721
48898233
48898745
48899257
48894650
48895162
48895674
48896186
48896698
48897210
48897722
48898234
48898746
48899258
48894651
48895163
48895675
48896187
48896699
48897211
48897723
48898235
48898747
48899259
45153043
45153555
45154067
45154579
45155091
45155603
45156115
45156627
45157139
45157651
45153044
45153556
45154068
45154580
45155092
45155604
45156116
45156628
45157140
45157652
45153045
45153557
45154069
45154581
45155093
45155605
45156117
45156629
45157141
45157653
45153046
45153558
45154070
45154582
45155094
45155606
45156118
45156630
45157142
45157654
45153047
45153559
45154071
45154583
45155095
45155607
45156119
45156631
45157143
45157655
45153048
45153560
45154072
45154584
45155096
45155608
45156120
45156632
45157144
45157656
45153049
45153561
45154073
45154585
45155097
45155609
45156121
45156633
45157145
45157657
45153050
45153562
45154074
45154586
45155098
45155610
45156122
45156634
45157146
45157658
45153051
45153563
45154075
45154587
45155099
45155611
45156123
45156635
45157147
45157659
45153052
45153564
45154076
45154588
45155100
45155612
45156124
45156636
45157148
45157660
37297898
37298410
37298922
37299434
37299946
37300458
37300970
37301482
37301994
37302506
37297899
37298411
37298923
37299435
37299947
37300459
37300971
37301483
37301995
37302507
37297900
37298412
37298924
37299436
37299948
37300460
37300972
37301484
37301996
37302508
37297901
37298413
37298925
37299437
37299949
37300461
37300973
37301485
37301997
37302509
37297902
37298414
37298926
37299438
37299950
37300462
37300974
37301486
37301998
37302510
37297903
37298415
37298927
37299439
37299951
37300463
37300975
37301487
37301999
37302511
37297904
37298416
37298928
37299440
37299952
37300464
37300976
37301488
37302000
37302512
37297905
37298417
37298929
37299441
37299953
37300465
37300977
37301489
37302001
37302513
37297906
37298418
37298930
37299442
37299954
37300466
37300978
37301490
37302002
37302514
37297907
37298419
37298931
37299443
37299955
37300467
37300979
37301491
37302003
37302515
42797741
42798253
42798765
42799277
42799789
42800301
42800813
42801325
42801837
42802349
42797742
42798254
42798766
42799278
42799790
42800302
42800814
42801326
42801838
42802350
42797743
42798255
42798767
42799279
42799791
42800303
42800815
42801327
42801839
42802351
42797744
42798256
42798768
42799280
42799792
42800304
42800816
42801328
42801840
42802352
42797745
42798257
42798769
42799281
42799793
42800305
42800817
42801329
42801841
42802353
42797746
42798258
42798770
42799282
42799794
42800306
42800818
42801330
42801842
42802354
42797747
42798259
42798771
42799283
42799795
42800307
42800819
42801331
42801843
42802355
42797748
42798260
42798772
42799284
42799796
42800308
42800820
42801332
42801844
42802356
42797749
42798261
42798773
42799285
42799797
42800309
42800821
42801333
42801845
42802357
42797750
42798262
42798774
42799286
42799798
42800310
42800822
42801334
42801846
42802358
53815008
53815520
53816032
53816544
53817056
53817568
53818080
53818592
53819104
53819616
53815009
53815521
53816033
53816545
53817057
53817569
53818081
53818593
53819105
53819617
53815010
53815522
53816034
53816546
53817058
53817570
53818082
53818594
53819106
53819618
53815011
53815523
53816035
53816547
53817059
53817571
53818083
53818595
53819107
53819619
53815012
53815524
53816036
53816548
53817060
53817572
53818084
53818596
53819108
53819620
53815013
53815525
53816037
53816549
53817061
53817573
53818085
53818597
53819109
53819621
53815014
53815526
53816038
53816550
53817062
53817574
53818086
53818598
53819110
53819622
53815015
53815527
53816039
53816551
53817063
53817575
53818087
53818599
53819111
53819623
53815016
53815528
53816040
53816552
53817064
53817576
53818088
53818600
53819112
53819624
53815017
53815529
53816041
53816553
53817065
53817577
53818089
53818601
53819113
53819625
45411033
45411545
45412057
45412569
45413081
45413593
45414105
45414617
45415129
45415641
45411034
45411546
45412058
45412570
45413082
45413594
45414106
45414618
45415130
45415642
45411035
45411547
45412059
45412571
45413083
45413595
45414107
45414619
45415131
45415643
45411036
45411548
45412060
45412572
45413084
45413596
45414108
45414620
45415132
45415644
45411037
45411549
45412061
45412573
45413085
45413597
45414109
45414621
45415133
45415645
45411038
45411550
45412062
45412574
45413086
45413598
45414110
45414622
45415134
45415646
45411039
45411551
45412063
45412575
45413087
45413599
45414111
45414623
45415135
45415647
45411040
45411552
45412064
45412576
45413088
45413600
45414112
45414624
45415136
45415648
45411041
45411553
45412065
45412577
45413089
45413601
45414113
45414625
45415137
45415649
45411042
45411554
45412066
45412578
45413090
45413602
45414114
45414626
45415138
45415650
45464716
45465228
45465740
45466252
45466764
45467276
45467788
45468300
45468812
45469324
45464717
45465229
45465741
45466253
45466765
45467277
45467789
45468301
45468813
45469325
45464718
45465230
45465742
45466254
45466766
45467278
45467790
45468302
45468814
45469326
45464719
45465231
45465743
45466255
45466767
45467279
45467791
45468303
45468815
45469327
45464720
45465232
45465744
45466256
45466768
45467280
45467792
45468304
45468816
45469328
45464721
45465233
45465745
45466257
45466769
45467281
45467793
45468305
45468817
45469329
45464722
45465234
45465746
45466258
45466770
45467282
45467794
45468306
45468818
45469330
45464723
45465235
45465747
45466259
45466771
45467283
45467795
45468307
45468819
45469331
45464724
45465236
45465748
45466260
45466772
45467284
45467796
45468308
45468820
45469332
45464725
45465237
45465749
45466261
45466773
45467285
45467797
45468309
45468821
45469333
46477614
46478126
46478638
46479150
46479662
46480174
46480686
46481198
46481710
46482222
46477615
46478127
46478639
46479151
46479663
46480175
46480687
46481199
46481711
46482223
46477616
46478128
46478640
46479152
46479664
46480176
46480688
46481200
46481712
46482224
46477617
46478129
46478641
46479153
46479665
46480177
46480689
46481201
46481713
46482225
46477618
46478130
46478642
46479154
46479666
46480178
46480690
46481202
46481714
46482226
46477619
46478131
46478643
46479155
46479667
46480179
46480691
46481203
46481715
46482227
46477620
46478132
46478644
46479156
46479668
46480180
46480692
46481204
46481716
46482228
46477621
46478133
46478645
46479157
46479669
46480181
46480693
46481205
46481717
46482229
46477622
46478134
46478646
46479158
46479670
46480182
46480694
46481206
46481718
46482230
46477623
46478135
46478647
46479159
46479671
46480183
46480695
46481207
46481719
46482231
49083129
49083641
49084153
49084665
49085177
49085689
49086201
49086713
49087225
49087737
49083130
49083642
49084154
49084666
49085178
49085690
49086202
49086714
49087226
49087738
49083131
49083643
49084155
49084667
49085179
49085691
49086203
49086715
49087227
49087739
49083132
49083644
49084156
49084668
49085180
49085692
49086204
49086716
49087228
49087740
49083133
49083645
49084157
49084669
49085181
49085693
49086205
49086717
49087229
49087741
49083134
49083646
49084158
49084670
49085182
49085694
49086206
49086718
49087230
49087742
49083135
49083647
49084159
49084671
49085183
49085695
49086207
49086719
49087231
49087743
49083136
49083648
49084160
49084672
49085184
49085696
49086208
49086720
49087232
49087744
49083137
49083649
49084161
49084673
49085185
49085697
49086209
49086721
49087233
49087745
49083138
49083650
49084162
49084674
49085186
49085698
49086210
49086722
49087234
49087746
43852615
43853127
43853639
43854151
43854663
43855175
43855687
43856199
43856711
43857223
43852616
43853128
43853640
43854152
43854664
43855176
43855688
43856200
43856712
43857224
43852617
43853129
43853641
43854153
43854665
43855177
43855689
43856201
43856713
43857225
43852618
43853130
43853642
43854154
43854666
43855178
43855690
43856202
43856714
43857226
43852619
43853131
43853643
43854155
43854667
43855179
43855691
43856203
43856715
43857227
43852620
43853132
43853644
43854156
43854668
43855180
43855692
43856204
43856716
43857228
43852621
43853133
43853645
43854157
43854669
43855181
43855693
43856205
43856717
43857229
43852622
43853134
43853646
43854158
43854670
43855182
43855694
43856206
43856718
43857230
43852623
43853135
43853647
43854159
43854671
43855183
43855695
43856207
43856719
43857231
43852624
43853136
43853648
43854160
43854672
43855184
43855696
43856208
43856720
43857232
50695889
50696401
50696913
50697425
50697937
50698449
50698961
50699473
50699985
50700497
50695890
50696402
50696914
50697426
50697938
50698450
50698962
50699474
50699986
50700498
50695891
50696403
50696915
50697427
50697939
50698451
50698963
50699475
50699987
50700499
50695892
50696404
50696916
50697428
50697940
50698452
50698964
50699476
50699988
50700500
50695893
50696405
50696917
50697429
50697941
50698453
50698965
50699477
50699989
50700501
50695894
50696406
50696918
50697430
50697942
50698454
50698966
50699478
50699990
50700502
50695895
50696407
50696919
50697431
50697943
50698455
50698967
50699479
50699991
50700503
50695896
50696408
50696920
50697432
50697944
50698456
50698968
50699480
50699992
50700504
50695897
50696409
50696921
50697433
50697945
50698457
50698969
50699481
50699993
50700505
50695898
50696410
50696922
50697434
50697946
50698458
50698970
50699482
50699994
50700506
40186100
40186612
40187124
40187636
40188148
40188660
40189172
40189684
40190196
40190708
40186101
40186613
40187125
40187637
40188149
40188661
40189173
40189685
40190197
40190709
40186102
40186614
40187126
40187638
40188150
40188662
40189174
40189686
40190198
40190710
40186103
40186615
40187127
40187639
40188151
40188663
40189175
40189687
40190199
40190711
40186104
40186616
40187128
40187640
40188152
40188664
40189176
40189688
40190200
40190712
40186105
40186617
40187129
40187641
40188153
40188665
40189177
40189689
40190201
40190713
40186106
40186618
40187130
40187642
40188154
40188666
40189178
40189690
40190202
40190714
40186107
40186619
40187131
40187643
40188155
40188667
40189179
40189691
40190203
40190715
40186108
40186620
40187132
40187644
40188156
40188668
40189180
40189692
40190204
40190716
40186109
40186621
40187133
40187645
40188157
40188669
40189181
40189693
40190205
40190717
40439612
40440124
40440636
40441148
40441660
40442172
40442684
40443196
40443708
40444220
40439613
40440125
40440637
40441149
40441661
40442173
40442685
40443197
40443709
40444221
40439614
40440126
40440638
40441150
40441662
40442174
40442686
40443198
40443710
40444222
40439615
40440127
40440639
40441151
40441663
40442175
40442687
40443199
40443711
40444223
40439616
40440128
40440640
40441152
40441664
40442176
40442688
40443200
40443712
40444224
40439617
40440129
40440641
40441153
40441665
40442177
40442689
40443201
40443713
40444225
40439618
40440130
40440642
40441154
40441666
40442178
40442690
40443202
40443714
40444226
40439619
40440131
40440643
40441155
40441667
40442179
40442691
40443203
40443715
40444227
40439620
40440132
40440644
40441156
40441668
40442180
40442692
40443204
40443716
40444228
40439621
40440133
40440645
40441157
40441669
40442181
40442693
40443205
40443717
40444229
44396287
44396799
44397311
44397823
44398335
44398847
44399359
44399871
44400383
44400895
44396288
44396800
44397312
44397824
44398336
44398848
44399360
44399872
44400384
44400896
44396289
44396801
44397313
44397825
44398337
44398849
44399361
44399873
44400385
44400897
44396290
44396802
44397314
44397826
44398338
44398850
44399362
44399874
44400386
44400898
44396291
44396803
44397315
44397827
44398339
44398851
44399363
44399875
44400387
44400899
44396292
44396804
44397316
44397828
44398340
44398852
44399364
44399876
44400388
44400900
44396293
44396805
44397317
44397829
44398341
44398853
44399365
44399877
44400389
44400901
44396294
44396806
44397318
44397830
44398342
44398854
44399366
44399878
44400390
44400902
44396295
44396807
44397319
44397831
44398343
44398855
44399367
44399879
44400391
44400903
44396296
44396808
44397320
44397832
44398344
44398856
44399368
44399880
44400392
44400904
37551308
37551820
37552332
37552844
37553356
37553868
37554380
37554892
37555404
37555916
37551309
37551821
37552333
37552845
37553357
37553869
37554381
37554893
37555405
37555917
37551310
37551822
37552334
37552846
37553358
37553870
37554382
37554894
37555406
37555918
37551311
37551823
37552335
37552847
37553359
37553871
37554383
37554895
37555407
37555919
37551312
37551824
37552336
37552848
37553360
37553872
37554384
37554896
37555408
37555920
37551313
37551825
37552337
37552849
37553361
37553873
37554385
37554897
37555409
37555921
37551314
37551826
37552338
37552850
37553362
37553874
37554386
37554898
37555410
37555922
37551315
37551827
37552339
37552851
37553363
37553875
37554387
37554899
37555411
37555923
37551316
37551828
37552340
37552852
37553364
37553876
37554388
37554900
37555412
37555924
37551317
37551829
37552341
37552853
37553365
37553877
37554389
37554901
37555413
37555925
