26391076
26391588
26392100
26392612
26393124
26393636
26394148
26394660
26395172
26395684
26391077
26391589
26392101
26392613
26393125
26393637
26394149
26394661
26395173
26395685
26391078
26391590
26392102
26392614
26393126
26393638
26394150
26394662
26395174
26395686
26391079
26391591
26392103
26392615
26393127
26393639
26394151
26394663
26395175
26395687
26391080
26391592
26392104
26392616
26393128
26393640
26394152
26394664
26395176
26395688
26391081
26391593
26392105
26392617
26393129
26393641
26394153
26394665
26395177
26395689
26391082
26391594
26392106
26392618
26393130
26393642
26394154
26394666
26395178
26395690
26391083
26391595
26392107
26392619
26393131
26393643
26394155
26394667
26395179
26395691
26391084
26391596
26392108
26392620
26393132
26393644
26394156
26394668
26395180
26395692
26391085
26391597
26392109
26392621
26393133
26393645
26394157
26394669
26395181
26395693
20879413
20879925
20880437
20880949
20881461
20881973
20882485
20882997
20883509
20884021
20879414
20879926
20880438
20880950
20881462
20881974
20882486
20882998
20883510
20884022
20879415
20879927
20880439
20880951
20881463
20881975
20882487
20882999
20883511
20884023
20879416
20879928
20880440
20880952
20881464
20881976
20882488
20883000
20883512
20884024
20879417
20879929
20880441
20880953
20881465
20881977
20882489
20883001
20883513
20884025
20879418
20879930
20880442
20880954
20881466
20881978
20882490
20883002
20883514
20884026
20879419
20879931
20880443
20880955
20881467
20881979
20882491
20883003
20883515
20884027
20879420
20879932
20880444
20880956
20881468
20881980
20882492
20883004
20883516
20884028
20879421
20879933
20880445
20880957
20881469
20881981
20882493
20883005
20883517
20884029
20879422
20879934
20880446
20880958
20881470
20881982
20882494
20883006
20883518
20884030
29202259
29202771
29203283
29203795
29204307
29204819
29205331
29205843
29206355
29206867
29202260
29202772
29203284
29203796
29204308
29204820
29205332
29205844
29206356
29206868
29202261
29202773
29203285
29203797
29204309
29204821
29205333
29205845
29206357
29206869
29202262
29202774
29203286
29203798
29204310
29204822
29205334
29205846
29206358
29206870
29202263
29202775
29203287
29203799
29204311
29204823
29205335
29205847
29206359
29206871
29202264
29202776
29203288
29203800
29204312
29204824
29205336
29205848
29206360
29206872
29202265
29202777
29203289
29203801
29204313
29204825
29205337
29205849
29206361
29206873
29202266
29202778
29203290
29203802
29204314
29204826
29205338
29205850
29206362
29206874
29202267
29202779
29203291
29203803
29204315
29204827
29205339
29205851
29206363
29206875
29202268
29202780
29203292
29203804
29204316
29204828
29205340
29205852
29206364
29206876
14133230
14133742
14134254
14134766
14135278
14135790
14136302
14136814
14137326
14137838
14133231
14133743
14134255
14134767
14135279
14135791
14136303
14136815
14137327
14137839
14133232
14133744
14134256
14134768
14135280
14135792
14136304
14136816
14137328
14137840
14133233
14133745
14134257
14134769
14135281
14135793
14136305
14136817
14137329
14137841
14133234
14133746
14134258
14134770
14135282
14135794
14136306
14136818
14137330
14137842
14133235
14133747
14134259
14134771
14135283
14135795
14136307
14136819
14137331
14137843
14133236
14133748
14134260
14134772
14135284
14135796
14136308
14136820
14137332
14137844
14133237
14133749
14134261
14134773
14135285
14135797
14136309
14136821
14137333
14137845
14133238
14133750
14134262
14134774
14135286
14135798
14136310
14136822
14137334
14137846
14133239
14133751
14134263
14134775
14135287
14135799
14136311
14136823
14137335
14137847
273473
273985
274497
275009
275521
276033
276545
277057
277569
278081
273474
273986
274498
275010
275522
276034
276546
277058
277570
278082
273475
273987
274499
275011
275523
276035
276547
277059
277571
278083
273476
273988
274500
275012
275524
276036
276548
277060
277572
278084
273477
273989
274501
275013
275525
276037
276549
277061
277573
278085
273478
273990
274502
275014
275526
276038
276550
277062
277574
278086
273479
273991
274503
275015
275527
276039
276551
277063
277575
278087
273480
273992
274504
275016
275528
276040
276552
277064
277576
278088
273481
273993
274505
275017
275529
276041
276553
277065
277577
278089
273482
273994
274506
275018
275530
276042
276554
277066
277578
278090
8345612
8346124
8346636
8347148
8347660
8348172
8348684
8349196
8349708
8350220
8345613
8346125
8346637
8347149
8347661
8348173
8348685
8349197
8349709
8350221
8345614
8346126
8346638
8347150
8347662
8348174
8348686
8349198
8349710
8350222
8345615
8346127
8346639
8347151
8347663
8348175
8348687
8349199
8349711
8350223
8345616
8346128
8346640
8347152
8347664
8348176
8348688
8349200
8349712
8350224
8345617
8346129
8346641
8347153
8347665
8348177
8348689
8349201
8349713
8350225
8345618
8346130
8346642
8347154
8347666
8348178
8348690
8349202
8349714
8350226
8345619
8346131
8346643
8347155
8347667
8348179
8348691
8349203
8349715
8350227
8345620
8346132
8346644
8347156
8347668
8348180
8348692
8349204
8349716
8350228
8345621
8346133
8346645
8347157
8347669
8348181
8348693
8349205
8349717
8350229
3502975
3503487
3503999
3504511
3505023
3505535
3506047
3506559
3507071
3507583
3502976
3503488
3504000
3504512
3505024
3505536
3506048
3506560
3507072
3507584
3502977
3503489
3504001
3504513
3505025
3505537
3506049
3506561
3507073
3507585
3502978
3503490
3504002
3504514
3505026
3505538
3506050
3506562
3507074
3507586
3502979
3503491
3504003
3504515
3505027
3505539
3506051
3506563
3507075
3507587
3502980
3503492
3504004
3504516
3505028
3505540
3506052
3506564
3507076
3507588
3502981
3503493
3504005
3504517
3505029
3505541
3506053
3506565
3507077
3507589
3502982
3503494
3504006
3504518
3505030
3505542
3506054
3506566
3507078
3507590
3502983
3503495
3504007
3504519
3505031
3505543
3506055
3506567
3507079
3507591
3502984
3503496
3504008
3504520
3505032
3505544
3506056
3506568
3507080
3507592
12303470
12303982
12304494
12305006
12305518
12306030
12306542
12307054
12307566
12308078
12303471
12303983
12304495
12305007
12305519
12306031
12306543
12307055
12307567
12308079
12303472
12303984
12304496
12305008
12305520
12306032
12306544
12307056
12307568
12308080
12303473
12303985
12304497
12305009
12305521
12306033
12306545
12307057
12307569
12308081
12303474
12303986
12304498
12305010
12305522
12306034
12306546
12307058
12307570
12308082
12303475
12303987
12304499
12305011
12305523
12306035
12306547
12307059
12307571
12308083
12303476
12303988
12304500
12305012
12305524
12306036
12306548
12307060
12307572
12308084
12303477
12303989
12304501
12305013
12305525
12306037
12306549
12307061
12307573
12308085
12303478
12303990
12304502
12305014
12305526
12306038
12306550
12307062
12307574
12308086
12303479
12303991
12304503
12305015
12305527
12306039
12306551
12307063
12307575
12308087
30065227
30065739
30066251
30066763
30067275
30067787
30068299
30068811
30069323
30069835
30065228
30065740
30066252
30066764
30067276
30067788
30068300
30068812
30069324
30069836
30065229
30065741
30066253
30066765
30067277
30067789
30068301
30068813
30069325
30069837
30065230
30065742
30066254
30066766
30067278
30067790
30068302
30068814
30069326
30069838
30065231
30065743
30066255
30066767
30067279
30067791
30068303
30068815
30069327
30069839
30065232
30065744
30066256
30066768
30067280
30067792
30068304
30068816
30069328
30069840
30065233
30065745
30066257
30066769
30067281
30067793
30068305
30068817
30069329
30069841
30065234
30065746
30066258
30066770
30067282
30067794
30068306
30068818
30069330
30069842
30065235
30065747
30066259
30066771
30067283
30067795
30068307
30068819
30069331
30069843
30065236
30065748
30066260
30066772
30067284
30067796
30068308
30068820
30069332
30069844
9887202
9887714
9888226
9888738
9889250
9889762
9890274
9890786
9891298
9891810
9887203
9887715
9888227
9888739
9889251
9889763
9890275
9890787
9891299
9891811
9887204
9887716
9888228
9888740
9889252
9889764
9890276
9890788
9891300
9891812
9887205
9887717
9888229
9888741
9889253
9889765
9890277
9890789
9891301
9891813
9887206
9887718
9888230
9888742
9889254
9889766
9890278
9890790
9891302
9891814
9887207
9887719
9888231
9888743
9889255
9889767
9890279
9890791
9891303
9891815
9887208
9887720
9888232
9888744
9889256
9889768
9890280
9890792
9891304
9891816
9887209
9887721
9888233
9888745
9889257
9889769
9890281
9890793
9891305
9891817
9887210
9887722
9888234
9888746
9889258
9889770
9890282
9890794
9891306
9891818
9887211
9887723
9888235
9888747
9889259
9889771
9890283
9890795
9891307
9891819
4420693
4421205
4421717
4422229
4422741
4423253
4423765
4424277
4424789
4425301
4420694
4421206
4421718
4422230
4422742
4423254
4423766
4424278
4424790
4425302
4420695
4421207
4421719
4422231
4422743
4423255
4423767
4424279
4424791
4425303
4420696
4421208
4421720
4422232
4422744
4423256
4423768
4424280
4424792
4425304
4420697
4421209
4421721
4422233
4422745
4423257
4423769
4424281
4424793
4425305
4420698
4421210
4421722
4422234
4422746
4423258
4423770
4424282
4424794
4425306
4420699
4421211
4421723
4422235
4422747
4423259
4423771
4424283
4424795
4425307
4420700
4421212
4421724
4422236
4422748
4423260
4423772
4424284
4424796
4425308
4420701
4421213
4421725
4422237
4422749
4423261
4423773
4424285
4424797
4425309
4420702
4421214
4421726
4422238
4422750
4423262
4423774
4424286
4424798
4425310
17755767
17756279
17756791
17757303
17757815
17758327
17758839
17759351
17759863
17760375
17755768
17756280
17756792
17757304
17757816
17758328
17758840
17759352
17759864
17760376
17755769
17756281
17756793
17757305
17757817
17758329
17758841
17759353
17759865
17760377
17755770
17756282
17756794
17757306
17757818
17758330
17758842
17759354
17759866
17760378
17755771
17756283
17756795
17757307
17757819
17758331
17758843
17759355
17759867
17760379
17755772
17756284
17756796
17757308
17757820
17758332
17758844
17759356
17759868
17760380
17755773
17756285
17756797
17757309
17757821
17758333
17758845
17759357
17759869
17760381
17755774
17756286
17756798
17757310
17757822
17758334
17758846
17759358
17759870
17760382
17755775
17756287
17756799
17757311
17757823
17758335
17758847
17759359
17759871
17760383
17755776
17756288
17756800
17757312
17757824
17758336
17758848
17759360
17759872
17760384
31222163
31222675
31223187
31223699
31224211
31224723
31225235
31225747
31226259
31226771
31222164
31222676
31223188
31223700
31224212
31224724
31225236
31225748
31226260
31226772
31222165
31222677
31223189
31223701
31224213
31224725
31225237
31225749
31226261
31226773
31222166
31222678
31223190
31223702
31224214
31224726
31225238
31225750
31226262
31226774
31222167
31222679
31223191
31223703
31224215
31224727
31225239
31225751
31226263
31226775
31222168
31222680
31223192
31223704
31224216
31224728
31225240
31225752
31226264
31226776
31222169
31222681
31223193
31223705
31224217
31224729
31225241
31225753
31226265
31226777
31222170
31222682
31223194
31223706
31224218
31224730
31225242
31225754
31226266
31226778
31222171
31222683
31223195
31223707
31224219
31224731
31225243
31225755
31226267
31226779
31222172
31222684
31223196
31223708
31224220
31224732
31225244
31225756
31226268
31226780
19780522
19781034
19781546
19782058
19782570
19783082
19783594
19784106
19784618
19785130
19780523
19781035
19781547
19782059
19782571
19783083
19783595
19784107
19784619
19785131
19780524
19781036
19781548
19782060
19782572
19783084
19783596
19784108
19784620
19785132
19780525
19781037
19781549
19782061
19782573
19783085
19783597
19784109
19784621
19785133
19780526
19781038
19781550
19782062
19782574
19783086
19783598
19784110
19784622
19785134
19780527
19781039
19781551
19782063
19782575
19783087
19783599
19784111
19784623
19785135
19780528
19781040
19781552
19782064
19782576
19783088
19783600
19784112
19784624
19785136
19780529
19781041
19781553
19782065
19782577
19783089
19783601
19784113
19784625
19785137
19780530
19781042
19781554
19782066
19782578
19783090
19783602
19784114
19784626
19785138
19780531
19781043
19781555
19782067
19782579
19783091
19783603
19784115
19784627
19785139
77623
78135
78647
79159
79671
80183
80695
81207
81719
82231
77624
78136
78648
79160
79672
80184
80696
81208
81720
82232
77625
78137
78649
79161
79673
80185
80697
81209
81721
82233
77626
78138
78650
79162
79674
80186
80698
81210
81722
82234
77627
78139
78651
79163
79675
80187
80699
81211
81723
82235
77628
78140
78652
79164
79676
80188
80700
81212
81724
82236
77629
78141
78653
79165
79677
80189
80701
81213
81725
82237
77630
78142
78654
79166
79678
80190
80702
81214
81726
82238
77631
78143
78655
79167
79679
80191
80703
81215
81727
82239
77632
78144
78656
79168
79680
80192
80704
81216
81728
82240
11220860
11221372
11221884
11222396
11222908
11223420
11223932
11224444
11224956
11225468
11220861
11221373
11221885
11222397
11222909
11223421
11223933
11224445
11224957
11225469
11220862
11221374
11221886
11222398
11222910
11223422
11223934
11224446
11224958
11225470
11220863
11221375
11221887
11222399
11222911
11223423
11223935
11224447
11224959
11225471
11220864
11221376
11221888
11222400
11222912
11223424
11223936
11224448
11224960
11225472
11220865
11221377
11221889
11222401
11222913
11223425
11223937
11224449
11224961
11225473
11220866
11221378
11221890
11222402
11222914
11223426
11223938
11224450
11224962
11225474
11220867
11221379
11221891
11222403
11222915
11223427
11223939
11224451
11224963
11225475
11220868
11221380
11221892
11222404
11222916
11223428
11223940
11224452
11224964
11225476
11220869
11221381
11221893
11222405
11222917
11223429
11223941
11224453
11224965
11225477
21336636
21337148
21337660
21338172
21338684
21339196
21339708
21340220
21340732
21341244
21336637
21337149
21337661
21338173
21338685
21339197
21339709
21340221
21340733
21341245
21336638
21337150
21337662
21338174
21338686
21339198
21339710
21340222
21340734
21341246
21336639
21337151
21337663
21338175
21338687
21339199
21339711
21340223
21340735
21341247
21336640
21337152
21337664
21338176
21338688
21339200
21339712
21340224
21340736
21341248
21336641
21337153
21337665
21338177
21338689
21339201
21339713
21340225
21340737
21341249
21336642
21337154
21337666
21338178
21338690
21339202
21339714
21340226
21340738
21341250
21336643
21337155
21337667
21338179
21338691
21339203
21339715
21340227
21340739
21341251
21336644
21337156
21337668
21338180
21338692
21339204
21339716
21340228
21340740
21341252
21336645
21337157
21337669
21338181
21338693
21339205
21339717
21340229
21340741
21341253
23864283
23864795
23865307
23865819
23866331
23866843
23867355
23867867
23868379
23868891
23864284
23864796
23865308
23865820
23866332
23866844
23867356
23867868
23868380
23868892
23864285
23864797
23865309
23865821
23866333
23866845
23867357
23867869
23868381
23868893
23864286
23864798
23865310
23865822
23866334
23866846
23867358
23867870
23868382
23868894
23864287
23864799
23865311
23865823
23866335
23866847
23867359
23867871
23868383
23868895
23864288
23864800
23865312
23865824
23866336
23866848
23867360
23867872
23868384
23868896
23864289
23864801
23865313
23865825
23866337
23866849
23867361
23867873
23868385
23868897
23864290
23864802
23865314
23865826
23866338
23866850
23867362
23867874
23868386
23868898
23864291
23864803
23865315
23865827
23866339
23866851
23867363
23867875
23868387
23868899
23864292
23864804
23865316
23865828
23866340
23866852
23867364
23867876
23868388
23868900
18478922
18479434
18479946
18480458
18480970
18481482
18481994
18482506
18483018
18483530
18478923
18479435
18479947
18480459
18480971
18481483
18481995
18482507
18483019
18483531
18478924
18479436
18479948
18480460
18480972
18481484
18481996
18482508
18483020
18483532
18478925
18479437
18479949
18480461
18480973
18481485
18481997
18482509
18483021
18483533
18478926
18479438
18479950
18480462
18480974
18481486
18481998
18482510
18483022
18483534
18478927
18479439
18479951
18480463
18480975
18481487
18481999
18482511
18483023
18483535
18478928
18479440
18479952
18480464
18480976
18481488
18482000
18482512
18483024
18483536
18478929
18479441
18479953
18480465
18480977
18481489
18482001
18482513
18483025
18483537
18478930
18479442
18479954
18480466
18480978
18481490
18482002
18482514
18483026
18483538
18478931
18479443
18479955
18480467
18480979
18481491
18482003
18482515
18483027
18483539
9555804
9556316
9556828
9557340
9557852
9558364
9558876
9559388
9559900
9560412
9555805
9556317
9556829
9557341
9557853
9558365
9558877
9559389
9559901
9560413
9555806
9556318
9556830
9557342
9557854
9558366
9558878
9559390
9559902
9560414
9555807
9556319
9556831
9557343
9557855
9558367
9558879
9559391
9559903
9560415
9555808
9556320
9556832
9557344
9557856
9558368
9558880
9559392
9559904
9560416
9555809
9556321
9556833
9557345
9557857
9558369
9558881
9559393
9559905
9560417
9555810
9556322
9556834
9557346
9557858
9558370
9558882
9559394
9559906
9560418
9555811
9556323
9556835
9557347
9557859
9558371
9558883
9559395
9559907
9560419
9555812
9556324
9556836
9557348
9557860
9558372
9558884
9559396
9559908
9560420
9555813
9556325
9556837
9557349
9557861
9558373
9558885
9559397
9559909
9560421
23510328
23510840
23511352
23511864
23512376
23512888
23513400
23513912
23514424
23514936
23510329
23510841
23511353
23511865
23512377
23512889
23513401
23513913
23514425
23514937
23510330
23510842
23511354
23511866
23512378
23512890
23513402
23513914
23514426
23514938
23510331
23510843
23511355
23511867
23512379
23512891
23513403
23513915
23514427
23514939
23510332
23510844
23511356
23511868
23512380
23512892
23513404
23513916
23514428
23514940
23510333
23510845
23511357
23511869
23512381
23512893
23513405
23513917
23514429
23514941
23510334
23510846
23511358
23511870
23512382
23512894
23513406
23513918
23514430
23514942
23510335
23510847
23511359
23511871
23512383
23512895
23513407
23513919
23514431
23514943
23510336
23510848
23511360
23511872
23512384
23512896
23513408
23513920
23514432
23514944
23510337
23510849
23511361
23511873
23512385
23512897
23513409
23513921
23514433
23514945
29372525
29373037
29373549
29374061
29374573
29375085
29375597
29376109
29376621
29377133
29372526
29373038
29373550
29374062
29374574
29375086
29375598
29376110
29376622
29377134
29372527
29373039
29373551
29374063
29374575
29375087
29375599
29376111
29376623
29377135
29372528
29373040
29373552
29374064
29374576
29375088
29375600
29376112
29376624
29377136
29372529
29373041
29373553
29374065
29374577
29375089
29375601
29376113
29376625
29377137
29372530
29373042
29373554
29374066
29374578
29375090
29375602
29376114
29376626
29377138
29372531
29373043
29373555
29374067
29374579
29375091
29375603
29376115
29376627
29377139
29372532
29373044
29373556
29374068
29374580
29375092
29375604
29376116
29376628
29377140
29372533
29373045
29373557
29374069
29374581
29375093
29375605
29376117
29376629
29377141
29372534
29373046
29373558
29374070
29374582
29375094
29375606
29376118
29376630
29377142
20002749
20003261
20003773
20004285
20004797
20005309
20005821
20006333
20006845
20007357
20002750
20003262
20003774
20004286
20004798
20005310
20005822
20006334
20006846
20007358
20002751
20003263
20003775
20004287
20004799
20005311
20005823
20006335
20006847
20007359
20002752
20003264
20003776
20004288
20004800
20005312
20005824
20006336
20006848
20007360
20002753
20003265
20003777
20004289
20004801
20005313
20005825
20006337
20006849
20007361
20002754
20003266
20003778
20004290
20004802
20005314
20005826
20006338
20006850
20007362
20002755
20003267
20003779
20004291
20004803
20005315
20005827
20006339
20006851
20007363
20002756
20003268
20003780
20004292
20004804
20005316
20005828
20006340
20006852
20007364
20002757
20003269
20003781
20004293
20004805
20005317
20005829
20006341
20006853
20007365
20002758
20003270
20003782
20004294
20004806
20005318
20005830
20006342
20006854
20007366
7360867
7361379
7361891
7362403
7362915
7363427
7363939
7364451
7364963
7365475
7360868
7361380
7361892
7362404
7362916
7363428
7363940
7364452
7364964
7365476
7360869
7361381
7361893
7362405
7362917
7363429
7363941
7364453
7364965
7365477
7360870
7361382
7361894
7362406
7362918
7363430
7363942
7364454
7364966
7365478
7360871
7361383
7361895
7362407
7362919
7363431
7363943
7364455
7364967
7365479
7360872
7361384
7361896
7362408
7362920
7363432
7363944
7364456
7364968
7365480
7360873
7361385
7361897
7362409
7362921
7363433
7363945
7364457
7364969
7365481
7360874
7361386
7361898
7362410
7362922
7363434
7363946
7364458
7364970
7365482
7360875
7361387
7361899
7362411
7362923
7363435
7363947
7364459
7364971
7365483
7360876
7361388
7361900
7362412
7362924
7363436
7363948
7364460
7364972
7365484
10192794
10193306
10193818
10194330
10194842
10195354
10195866
10196378
10196890
10197402
10192795
10193307
10193819
10194331
10194843
10195355
10195867
10196379
10196891
10197403
10192796
10193308
10193820
10194332
10194844
10195356
10195868
10196380
10196892
10197404
10192797
10193309
10193821
10194333
10194845
10195357
10195869
10196381
10196893
10197405
10192798
10193310
10193822
10194334
10194846
10195358
10195870
10196382
10196894
10197406
10192799
10193311
10193823
10194335
10194847
10195359
10195871
10196383
10196895
10197407
10192800
10193312
10193824
10194336
10194848
10195360
10195872
10196384
10196896
10197408
10192801
10193313
10193825
10194337
10194849
10195361
10195873
10196385
10196897
10197409
10192802
10193314
10193826
10194338
10194850
10195362
10195874
10196386
10196898
10197410
10192803
10193315
10193827
10194339
10194851
10195363
10195875
10196387
10196899
10197411
16069611
16070123
16070635
16071147
16071659
16072171
16072683
16073195
16073707
16074219
16069612
16070124
16070636
16071148
16071660
16072172
16072684
16073196
16073708
16074220
16069613
16070125
16070637
16071149
16071661
16072173
16072685
16073197
16073709
16074221
16069614
16070126
16070638
16071150
16071662
16072174
16072686
16073198
16073710
16074222
16069615
16070127
16070639
16071151
16071663
16072175
16072687
16073199
16073711
16074223
16069616
16070128
16070640
16071152
16071664
16072176
16072688
16073200
16073712
16074224
16069617
16070129
16070641
16071153
16071665
16072177
16072689
16073201
16073713
16074225
16069618
16070130
16070642
16071154
16071666
16072178
16072690
16073202
16073714
16074226
16069619
16070131
16070643
16071155
16071667
16072179
16072691
16073203
16073715
16074227
16069620
16070132
16070644
16071156
16071668
16072180
16072692
16073204
16073716
16074228
115562
116074
116586
117098
117610
118122
118634
119146
119658
120170
115563
116075
116587
117099
117611
118123
118635
119147
119659
120171
115564
116076
116588
117100
117612
118124
118636
119148
119660
120172
115565
116077
116589
117101
117613
118125
118637
119149
119661
120173
115566
116078
116590
117102
117614
118126
118638
119150
119662
120174
115567
116079
116591
117103
117615
118127
118639
119151
119663
120175
115568
116080
116592
117104
117616
118128
118640
119152
119664
120176
115569
116081
116593
117105
117617
118129
118641
119153
119665
120177
115570
116082
116594
117106
117618
118130
118642
119154
119666
120178
115571
116083
116595
117107
117619
118131
118643
119155
119667
120179
6347328
6347840
6348352
6348864
6349376
6349888
6350400
6350912
6351424
6351936
6347329
6347841
6348353
6348865
6349377
6349889
6350401
6350913
6351425
6351937
6347330
6347842
6348354
6348866
6349378
6349890
6350402
6350914
6351426
6351938
6347331
6347843
6348355
6348867
6349379
6349891
6350403
6350915
6351427
6351939
6347332
6347844
6348356
6348868
6349380
6349892
6350404
6350916
6351428
6351940
6347333
6347845
6348357
6348869
6349381
6349893
6350405
6350917
6351429
6351941
6347334
6347846
6348358
6348870
6349382
6349894
6350406
6350918
6351430
6351942
6347335
6347847
6348359
6348871
6349383
6349895
6350407
6350919
6351431
6351943
6347336
6347848
6348360
6348872
6349384
6349896
6350408
6350920
6351432
6351944
6347337
6347849
6348361
6348873
6349385
6349897
6350409
6350921
6351433
6351945
20121309
20121821
20122333
20122845
20123357
20123869
20124381
20124893
20125405
20125917
20121310
20121822
20122334
20122846
20123358
20123870
20124382
20124894
20125406
20125918
20121311
20121823
20122335
20122847
20123359
20123871
20124383
20124895
20125407
20125919
20121312
20121824
20122336
20122848
20123360
20123872
20124384
20124896
20125408
20125920
20121313
20121825
20122337
20122849
20123361
20123873
20124385
20124897
20125409
20125921
20121314
20121826
20122338
20122850
20123362
20123874
20124386
20124898
20125410
20125922
20121315
20121827
20122339
20122851
20123363
20123875
20124387
20124899
20125411
20125923
20121316
20121828
20122340
20122852
20123364
20123876
20124388
20124900
20125412
20125924
20121317
20121829
20122341
20122853
20123365
20123877
20124389
20124901
20125413
20125925
20121318
20121830
20122342
20122854
20123366
20123878
20124390
20124902
20125414
20125926
9155042
9155554
9156066
9156578
9157090
9157602
9158114
9158626
9159138
9159650
9155043
9155555
9156067
9156579
9157091
9157603
9158115
9158627
9159139
9159651
9155044
9155556
9156068
9156580
9157092
9157604
9158116
9158628
9159140
9159652
9155045
9155557
9156069
9156581
9157093
9157605
9158117
9158629
9159141
9159653
9155046
9155558
9156070
9156582
9157094
9157606
9158118
9158630
9159142
9159654
9155047
9155559
9156071
9156583
9157095
9157607
9158119
9158631
9159143
9159655
9155048
9155560
9156072
9156584
9157096
9157608
9158120
9158632
9159144
9159656
9155049
9155561
9156073
9156585
9157097
9157609
9158121
9158633
9159145
9159657
9155050
9155562
9156074
9156586
9157098
9157610
9158122
9158634
9159146
9159658
9155051
9155563
9156075
9156587
9157099
9157611
9158123
9158635
9159147
9159659
