22995800
22996312
22996824
22997336
22997848
22998360
22998872
22999384
22999896
23000408
22995801
22996313
22996825
22997337
22997849
22998361
22998873
22999385
22999897
23000409
22995802
22996314
22996826
22997338
22997850
22998362
22998874
22999386
22999898
23000410
22995803
22996315
22996827
22997339
22997851
22998363
22998875
22999387
22999899
23000411
22995804
22996316
22996828
22997340
22997852
22998364
22998876
22999388
22999900
23000412
22995805
22996317
22996829
22997341
22997853
22998365
22998877
22999389
22999901
23000413
22995806
22996318
22996830
22997342
22997854
22998366
22998878
22999390
22999902
23000414
22995807
22996319
22996831
22997343
22997855
22998367
22998879
22999391
22999903
23000415
22995808
22996320
22996832
22997344
22997856
22998368
22998880
22999392
22999904
23000416
22995809
22996321
22996833
22997345
22997857
22998369
22998881
22999393
22999905
23000417
2906356
2906868
2907380
2907892
2908404
2908916
2909428
2909940
2910452
2910964
2906357
2906869
2907381
2907893
2908405
2908917
2909429
2909941
2910453
2910965
2906358
2906870
2907382
2907894
2908406
2908918
2909430
2909942
2910454
2910966
2906359
2906871
2907383
2907895
2908407
2908919
2909431
2909943
2910455
2910967
2906360
2906872
2907384
2907896
2908408
2908920
2909432
2909944
2910456
2910968
2906361
2906873
2907385
2907897
2908409
2908921
2909433
2909945
2910457
2910969
2906362
2906874
2907386
2907898
2908410
2908922
2909434
2909946
2910458
2910970
2906363
2906875
2907387
2907899
2908411
2908923
2909435
2909947
2910459
2910971
2906364
2906876
2907388
2907900
2908412
2908924
2909436
2909948
2910460
2910972
2906365
2906877
2907389
2907901
2908413
2908925
2909437
2909949
2910461
2910973
20696314
20696826
20697338
20697850
20698362
20698874
20699386
20699898
20700410
20700922
20696315
20696827
20697339
20697851
20698363
20698875
20699387
20699899
20700411
20700923
20696316
20696828
20697340
20697852
20698364
20698876
20699388
20699900
20700412
20700924
20696317
20696829
20697341
20697853
20698365
20698877
20699389
20699901
20700413
20700925
20696318
20696830
20697342
20697854
20698366
20698878
20699390
20699902
20700414
20700926
20696319
20696831
20697343
20697855
20698367
20698879
20699391
20699903
20700415
20700927
20696320
20696832
20697344
20697856
20698368
20698880
20699392
20699904
20700416
20700928
20696321
20696833
20697345
20697857
20698369
20698881
20699393
20699905
20700417
20700929
20696322
20696834
20697346
20697858
20698370
20698882
20699394
20699906
20700418
20700930
20696323
20696835
20697347
20697859
20698371
20698883
20699395
20699907
20700419
20700931
17244137
17244649
17245161
17245673
17246185
17246697
17247209
17247721
17248233
17248745
17244138
17244650
17245162
17245674
17246186
17246698
17247210
17247722
17248234
17248746
17244139
17244651
17245163
17245675
17246187
17246699
17247211
17247723
17248235
17248747
17244140
17244652
17245164
17245676
17246188
17246700
17247212
17247724
17248236
17248748
17244141
17244653
17245165
17245677
17246189
17246701
17247213
17247725
17248237
17248749
17244142
17244654
17245166
17245678
17246190
17246702
17247214
17247726
17248238
17248750
17244143
17244655
17245167
17245679
17246191
17246703
17247215
17247727
17248239
17248751
17244144
17244656
17245168
17245680
17246192
17246704
17247216
17247728
17248240
17248752
17244145
17244657
17245169
17245681
17246193
17246705
17247217
17247729
17248241
17248753
17244146
17244658
17245170
17245682
17246194
17246706
17247218
17247730
17248242
17248754
15058315
15058827
15059339
15059851
15060363
15060875
15061387
15061899
15062411
15062923
15058316
15058828
15059340
15059852
15060364
15060876
15061388
15061900
15062412
15062924
15058317
15058829
15059341
15059853
15060365
15060877
15061389
15061901
15062413
15062925
15058318
15058830
15059342
15059854
15060366
15060878
15061390
15061902
15062414
15062926
15058319
15058831
15059343
15059855
15060367
15060879
15061391
15061903
15062415
15062927
15058320
15058832
15059344
15059856
15060368
15060880
15061392
15061904
15062416
15062928
15058321
15058833
15059345
15059857
15060369
15060881
15061393
15061905
15062417
15062929
15058322
15058834
15059346
15059858
15060370
15060882
15061394
15061906
15062418
15062930
15058323
15058835
15059347
15059859
15060371
15060883
15061395
15061907
15062419
15062931
15058324
15058836
15059348
15059860
15060372
15060884
15061396
15061908
15062420
15062932
29874703
29875215
29875727
29876239
29876751
29877263
29877775
29878287
29878799
29879311
29874704
29875216
29875728
29876240
29876752
29877264
29877776
29878288
29878800
29879312
29874705
29875217
29875729
29876241
29876753
29877265
29877777
29878289
29878801
29879313
29874706
29875218
29875730
29876242
29876754
29877266
29877778
29878290
29878802
29879314
29874707
29875219
29875731
29876243
29876755
29877267
29877779
29878291
29878803
29879315
29874708
29875220
29875732
29876244
29876756
29877268
29877780
29878292
29878804
29879316
29874709
29875221
29875733
29876245
29876757
29877269
29877781
29878293
29878805
29879317
29874710
29875222
29875734
29876246
29876758
29877270
29877782
29878294
29878806
29879318
29874711
29875223
29875735
29876247
29876759
29877271
29877783
29878295
29878807
29879319
29874712
29875224
29875736
29876248
29876760
29877272
29877784
29878296
29878808
29879320
29717830
29718342
29718854
29719366
29719878
29720390
29720902
29721414
29721926
29722438
29717831
29718343
29718855
29719367
29719879
29720391
29720903
29721415
29721927
29722439
29717832
29718344
29718856
29719368
29719880
29720392
29720904
29721416
29721928
29722440
29717833
29718345
29718857
29719369
29719881
29720393
29720905
29721417
29721929
29722441
29717834
29718346
29718858
29719370
29719882
29720394
29720906
29721418
29721930
29722442
29717835
29718347
29718859
29719371
29719883
29720395
29720907
29721419
29721931
29722443
29717836
29718348
29718860
29719372
29719884
29720396
29720908
29721420
29721932
29722444
29717837
29718349
29718861
29719373
29719885
29720397
29720909
29721421
29721933
29722445
29717838
29718350
29718862
29719374
29719886
29720398
29720910
29721422
29721934
29722446
29717839
29718351
29718863
29719375
29719887
29720399
29720911
29721423
29721935
29722447
13973644
13974156
13974668
13975180
13975692
13976204
13976716
13977228
13977740
13978252
13973645
13974157
13974669
13975181
13975693
13976205
13976717
13977229
13977741
13978253
13973646
13974158
13974670
13975182
13975694
13976206
13976718
13977230
13977742
13978254
13973647
13974159
13974671
13975183
13975695
13976207
13976719
13977231
13977743
13978255
13973648
13974160
13974672
13975184
13975696
13976208
13976720
13977232
13977744
13978256
13973649
13974161
13974673
13975185
13975697
13976209
13976721
13977233
13977745
13978257
13973650
13974162
13974674
13975186
13975698
13976210
13976722
13977234
13977746
13978258
13973651
13974163
13974675
13975187
13975699
13976211
13976723
13977235
13977747
13978259
13973652
13974164
13974676
13975188
13975700
13976212
13976724
13977236
13977748
13978260
13973653
13974165
13974677
13975189
13975701
13976213
13976725
13977237
13977749
13978261
15350592
15351104
15351616
15352128
15352640
15353152
15353664
15354176
15354688
15355200
15350593
15351105
15351617
15352129
15352641
15353153
15353665
15354177
15354689
15355201
15350594
15351106
15351618
15352130
15352642
15353154
15353666
15354178
15354690
15355202
15350595
15351107
15351619
15352131
15352643
15353155
15353667
15354179
15354691
15355203
15350596
15351108
15351620
15352132
15352644
15353156
15353668
15354180
15354692
15355204
15350597
15351109
15351621
15352133
15352645
15353157
15353669
15354181
15354693
15355205
15350598
15351110
15351622
15352134
15352646
15353158
15353670
15354182
15354694
15355206
15350599
15351111
15351623
15352135
15352647
15353159
15353671
15354183
15354695
15355207
15350600
15351112
15351624
15352136
15352648
15353160
15353672
15354184
15354696
15355208
15350601
15351113
15351625
15352137
15352649
15353161
15353673
15354185
15354697
15355209
27482839
27483351
27483863
27484375
27484887
27485399
27485911
27486423
27486935
27487447
27482840
27483352
27483864
27484376
27484888
27485400
27485912
27486424
27486936
27487448
27482841
27483353
27483865
27484377
27484889
27485401
27485913
27486425
27486937
27487449
27482842
27483354
27483866
27484378
27484890
27485402
27485914
27486426
27486938
27487450
27482843
27483355
27483867
27484379
27484891
27485403
27485915
27486427
27486939
27487451
27482844
27483356
27483868
27484380
27484892
27485404
27485916
27486428
27486940
27487452
27482845
27483357
27483869
27484381
27484893
27485405
27485917
27486429
27486941
27487453
27482846
27483358
27483870
27484382
27484894
27485406
27485918
27486430
27486942
27487454
27482847
27483359
27483871
27484383
27484895
27485407
27485919
27486431
27486943
27487455
27482848
27483360
27483872
27484384
27484896
27485408
27485920
27486432
27486944
27487456
16301319
16301831
16302343
16302855
16303367
16303879
16304391
16304903
16305415
16305927
16301320
16301832
16302344
16302856
16303368
16303880
16304392
16304904
16305416
16305928
16301321
16301833
16302345
16302857
16303369
16303881
16304393
16304905
16305417
16305929
16301322
16301834
16302346
16302858
16303370
16303882
16304394
16304906
16305418
16305930
16301323
16301835
16302347
16302859
16303371
16303883
16304395
16304907
16305419
16305931
16301324
16301836
16302348
16302860
16303372
16303884
16304396
16304908
16305420
16305932
16301325
16301837
16302349
16302861
16303373
16303885
16304397
16304909
16305421
16305933
16301326
16301838
16302350
16302862
16303374
16303886
16304398
16304910
16305422
16305934
16301327
16301839
16302351
16302863
16303375
16303887
16304399
16304911
16305423
16305935
16301328
16301840
16302352
16302864
16303376
16303888
16304400
16304912
16305424
16305936
18254586
18255098
18255610
18256122
18256634
18257146
18257658
18258170
18258682
18259194
18254587
18255099
18255611
18256123
18256635
18257147
18257659
18258171
18258683
18259195
18254588
18255100
18255612
18256124
18256636
18257148
18257660
18258172
18258684
18259196
18254589
18255101
18255613
18256125
18256637
18257149
18257661
18258173
18258685
18259197
18254590
18255102
18255614
18256126
18256638
18257150
18257662
18258174
18258686
18259198
18254591
18255103
18255615
18256127
18256639
18257151
18257663
18258175
18258687
18259199
18254592
18255104
18255616
18256128
18256640
18257152
18257664
18258176
18258688
18259200
18254593
18255105
18255617
18256129
18256641
18257153
18257665
18258177
18258689
18259201
18254594
18255106
18255618
18256130
18256642
18257154
18257666
18258178
18258690
18259202
18254595
18255107
18255619
18256131
18256643
18257155
18257667
18258179
18258691
18259203
29608785
29609297
29609809
29610321
29610833
29611345
29611857
29612369
29612881
29613393
29608786
29609298
29609810
29610322
29610834
29611346
29611858
29612370
29612882
29613394
29608787
29609299
29609811
29610323
29610835
29611347
29611859
29612371
29612883
29613395
29608788
29609300
29609812
29610324
29610836
29611348
29611860
29612372
29612884
29613396
29608789
29609301
29609813
29610325
29610837
29611349
29611861
29612373
29612885
29613397
29608790
29609302
29609814
29610326
29610838
29611350
29611862
29612374
29612886
29613398
29608791
29609303
29609815
29610327
29610839
29611351
29611863
29612375
29612887
29613399
29608792
29609304
29609816
29610328
29610840
29611352
29611864
29612376
29612888
29613400
29608793
29609305
29609817
29610329
29610841
29611353
29611865
29612377
29612889
29613401
29608794
29609306
29609818
29610330
29610842
29611354
29611866
29612378
29612890
29613402
13622169
13622681
13623193
13623705
13624217
13624729
13625241
13625753
13626265
13626777
13622170
13622682
13623194
13623706
13624218
13624730
13625242
13625754
13626266
13626778
13622171
13622683
13623195
13623707
13624219
13624731
13625243
13625755
13626267
13626779
13622172
13622684
13623196
13623708
13624220
13624732
13625244
13625756
13626268
13626780
13622173
13622685
13623197
13623709
13624221
13624733
13625245
13625757
13626269
13626781
13622174
13622686
13623198
13623710
13624222
13624734
13625246
13625758
13626270
13626782
13622175
13622687
13623199
13623711
13624223
13624735
13625247
13625759
13626271
13626783
13622176
13622688
13623200
13623712
13624224
13624736
13625248
13625760
13626272
13626784
13622177
13622689
13623201
13623713
13624225
13624737
13625249
13625761
13626273
13626785
13622178
13622690
13623202
13623714
13624226
13624738
13625250
13625762
13626274
13626786
27192785
27193297
27193809
27194321
27194833
27195345
27195857
27196369
27196881
27197393
27192786
27193298
27193810
27194322
27194834
27195346
27195858
27196370
27196882
27197394
27192787
27193299
27193811
27194323
27194835
27195347
27195859
27196371
27196883
27197395
27192788
27193300
27193812
27194324
27194836
27195348
27195860
27196372
27196884
27197396
27192789
27193301
27193813
27194325
27194837
27195349
27195861
27196373
27196885
27197397
27192790
27193302
27193814
27194326
27194838
27195350
27195862
27196374
27196886
27197398
27192791
27193303
27193815
27194327
27194839
27195351
27195863
27196375
27196887
27197399
27192792
27193304
27193816
27194328
27194840
27195352
27195864
27196376
27196888
27197400
27192793
27193305
27193817
27194329
27194841
27195353
27195865
27196377
27196889
27197401
27192794
27193306
27193818
27194330
27194842
27195354
27195866
27196378
27196890
27197402
25537249
25537761
25538273
25538785
25539297
25539809
25540321
25540833
25541345
25541857
25537250
25537762
25538274
25538786
25539298
25539810
25540322
25540834
25541346
25541858
25537251
25537763
25538275
25538787
25539299
25539811
25540323
25540835
25541347
25541859
25537252
25537764
25538276
25538788
25539300
25539812
25540324
25540836
25541348
25541860
25537253
25537765
25538277
25538789
25539301
25539813
25540325
25540837
25541349
25541861
25537254
25537766
25538278
25538790
25539302
25539814
25540326
25540838
25541350
25541862
25537255
25537767
25538279
25538791
25539303
25539815
25540327
25540839
25541351
25541863
25537256
25537768
25538280
25538792
25539304
25539816
25540328
25540840
25541352
25541864
25537257
25537769
25538281
25538793
25539305
25539817
25540329
25540841
25541353
25541865
25537258
25537770
25538282
25538794
25539306
25539818
25540330
25540842
25541354
25541866
2812686
2813198
2813710
2814222
2814734
2815246
2815758
2816270
2816782
2817294
2812687
2813199
2813711
2814223
2814735
2815247
2815759
2816271
2816783
2817295
2812688
2813200
2813712
2814224
2814736
2815248
2815760
2816272
2816784
2817296
2812689
2813201
2813713
2814225
2814737
2815249
2815761
2816273
2816785
2817297
2812690
2813202
2813714
2814226
2814738
2815250
2815762
2816274
2816786
2817298
2812691
2813203
2813715
2814227
2814739
2815251
2815763
2816275
2816787
2817299
2812692
2813204
2813716
2814228
2814740
2815252
2815764
2816276
2816788
2817300
2812693
2813205
2813717
2814229
2814741
2815253
2815765
2816277
2816789
2817301
2812694
2813206
2813718
2814230
2814742
2815254
2815766
2816278
2816790
2817302
2812695
2813207
2813719
2814231
2814743
2815255
2815767
2816279
2816791
2817303
23268439
23268951
23269463
23269975
23270487
23270999
23271511
23272023
23272535
23273047
23268440
23268952
23269464
23269976
23270488
23271000
23271512
23272024
23272536
23273048
23268441
23268953
23269465
23269977
23270489
23271001
23271513
23272025
23272537
23273049
23268442
23268954
23269466
23269978
23270490
23271002
23271514
23272026
23272538
23273050
23268443
23268955
23269467
23269979
23270491
23271003
23271515
23272027
23272539
23273051
23268444
23268956
23269468
23269980
23270492
23271004
23271516
23272028
23272540
23273052
23268445
23268957
23269469
23269981
23270493
23271005
23271517
23272029
23272541
23273053
23268446
23268958
23269470
23269982
23270494
23271006
23271518
23272030
23272542
23273054
23268447
23268959
23269471
23269983
23270495
23271007
23271519
23272031
23272543
23273055
23268448
23268960
23269472
23269984
23270496
23271008
23271520
23272032
23272544
23273056
23757043
23757555
23758067
23758579
23759091
23759603
23760115
23760627
23761139
23761651
23757044
23757556
23758068
23758580
23759092
23759604
23760116
23760628
23761140
23761652
23757045
23757557
23758069
23758581
23759093
23759605
23760117
23760629
23761141
23761653
23757046
23757558
23758070
23758582
23759094
23759606
23760118
23760630
23761142
23761654
23757047
23757559
23758071
23758583
23759095
23759607
23760119
23760631
23761143
23761655
23757048
23757560
23758072
23758584
23759096
23759608
23760120
23760632
23761144
23761656
23757049
23757561
23758073
23758585
23759097
23759609
23760121
23760633
23761145
23761657
23757050
23757562
23758074
23758586
23759098
23759610
23760122
23760634
23761146
23761658
23757051
23757563
23758075
23758587
23759099
23759611
23760123
23760635
23761147
23761659
23757052
23757564
23758076
23758588
23759100
23759612
23760124
23760636
23761148
23761660
5182632
5183144
5183656
5184168
5184680
5185192
5185704
5186216
5186728
5187240
5182633
5183145
5183657
5184169
5184681
5185193
5185705
5186217
5186729
5187241
5182634
5183146
5183658
5184170
5184682
5185194
5185706
5186218
5186730
5187242
5182635
5183147
5183659
5184171
5184683
5185195
5185707
5186219
5186731
5187243
5182636
5183148
5183660
5184172
5184684
5185196
5185708
5186220
5186732
5187244
5182637
5183149
5183661
5184173
5184685
5185197
5185709
5186221
5186733
5187245
5182638
5183150
5183662
5184174
5184686
5185198
5185710
5186222
5186734
5187246
5182639
5183151
5183663
5184175
5184687
5185199
5185711
5186223
5186735
5187247
5182640
5183152
5183664
5184176
5184688
5185200
5185712
5186224
5186736
5187248
5182641
5183153
5183665
5184177
5184689
5185201
5185713
5186225
5186737
5187249
12060096
12060608
12061120
12061632
12062144
12062656
12063168
12063680
12064192
12064704
12060097
12060609
12061121
12061633
12062145
12062657
12063169
12063681
12064193
12064705
12060098
12060610
12061122
12061634
12062146
12062658
12063170
12063682
12064194
12064706
12060099
12060611
12061123
12061635
12062147
12062659
12063171
12063683
12064195
12064707
12060100
12060612
12061124
12061636
12062148
12062660
12063172
12063684
12064196
12064708
12060101
12060613
12061125
12061637
12062149
12062661
12063173
12063685
12064197
12064709
12060102
12060614
12061126
12061638
12062150
12062662
12063174
12063686
12064198
12064710
12060103
12060615
12061127
12061639
12062151
12062663
12063175
12063687
12064199
12064711
12060104
12060616
12061128
12061640
12062152
12062664
12063176
12063688
12064200
12064712
12060105
12060617
12061129
12061641
12062153
12062665
12063177
12063689
12064201
12064713
23353969
23354481
23354993
23355505
23356017
23356529
23357041
23357553
23358065
23358577
23353970
23354482
23354994
23355506
23356018
23356530
23357042
23357554
23358066
23358578
23353971
23354483
23354995
23355507
23356019
23356531
23357043
23357555
23358067
23358579
23353972
23354484
23354996
23355508
23356020
23356532
23357044
23357556
23358068
23358580
23353973
23354485
23354997
23355509
23356021
23356533
23357045
23357557
23358069
23358581
23353974
23354486
23354998
23355510
23356022
23356534
23357046
23357558
23358070
23358582
23353975
23354487
23354999
23355511
23356023
23356535
23357047
23357559
23358071
23358583
23353976
23354488
23355000
23355512
23356024
23356536
23357048
23357560
23358072
23358584
23353977
23354489
23355001
23355513
23356025
23356537
23357049
23357561
23358073
23358585
23353978
23354490
23355002
23355514
23356026
23356538
23357050
23357562
23358074
23358586
5229285
5229797
5230309
5230821
5231333
5231845
5232357
5232869
5233381
5233893
5229286
5229798
5230310
5230822
5231334
5231846
5232358
5232870
5233382
5233894
5229287
5229799
5230311
5230823
5231335
5231847
5232359
5232871
5233383
5233895
5229288
5229800
5230312
5230824
5231336
5231848
5232360
5232872
5233384
5233896
5229289
5229801
5230313
5230825
5231337
5231849
5232361
5232873
5233385
5233897
5229290
5229802
5230314
5230826
5231338
5231850
5232362
5232874
5233386
5233898
5229291
5229803
5230315
5230827
5231339
5231851
5232363
5232875
5233387
5233899
5229292
5229804
5230316
5230828
5231340
5231852
5232364
5232876
5233388
5233900
5229293
5229805
5230317
5230829
5231341
5231853
5232365
5232877
5233389
5233901
5229294
5229806
5230318
5230830
5231342
5231854
5232366
5232878
5233390
5233902
17937719
17938231
17938743
17939255
17939767
17940279
17940791
17941303
17941815
17942327
17937720
17938232
17938744
17939256
17939768
17940280
17940792
17941304
17941816
17942328
17937721
17938233
17938745
17939257
17939769
17940281
17940793
17941305
17941817
17942329
17937722
17938234
17938746
17939258
17939770
17940282
17940794
17941306
17941818
17942330
17937723
17938235
17938747
17939259
17939771
17940283
17940795
17941307
17941819
17942331
17937724
17938236
17938748
17939260
17939772
17940284
17940796
17941308
17941820
17942332
17937725
17938237
17938749
17939261
17939773
17940285
17940797
17941309
17941821
17942333
17937726
17938238
17938750
17939262
17939774
17940286
17940798
17941310
17941822
17942334
17937727
17938239
17938751
17939263
17939775
17940287
17940799
17941311
17941823
17942335
17937728
17938240
17938752
17939264
17939776
17940288
17940800
17941312
17941824
17942336
4471230
4471742
4472254
4472766
4473278
4473790
4474302
4474814
4475326
4475838
4471231
4471743
4472255
4472767
4473279
4473791
4474303
4474815
4475327
4475839
4471232
4471744
4472256
4472768
4473280
4473792
4474304
4474816
4475328
4475840
4471233
4471745
4472257
4472769
4473281
4473793
4474305
4474817
4475329
4475841
4471234
4471746
4472258
4472770
4473282
4473794
4474306
4474818
4475330
4475842
4471235
4471747
4472259
4472771
4473283
4473795
4474307
4474819
4475331
4475843
4471236
4471748
4472260
4472772
4473284
4473796
4474308
4474820
4475332
4475844
4471237
4471749
4472261
4472773
4473285
4473797
4474309
4474821
4475333
4475845
4471238
4471750
4472262
4472774
4473286
4473798
4474310
4474822
4475334
4475846
4471239
4471751
4472263
4472775
4473287
4473799
4474311
4474823
4475335
4475847
29570877
29571389
29571901
29572413
29572925
29573437
29573949
29574461
29574973
29575485
29570878
29571390
29571902
29572414
29572926
29573438
29573950
29574462
29574974
29575486
29570879
29571391
29571903
29572415
29572927
29573439
29573951
29574463
29574975
29575487
29570880
29571392
29571904
29572416
29572928
29573440
29573952
29574464
29574976
29575488
29570881
29571393
29571905
29572417
29572929
29573441
29573953
29574465
29574977
29575489
29570882
29571394
29571906
29572418
29572930
29573442
29573954
29574466
29574978
29575490
29570883
29571395
29571907
29572419
29572931
29573443
29573955
29574467
29574979
29575491
29570884
29571396
29571908
29572420
29572932
29573444
29573956
29574468
29574980
29575492
29570885
29571397
29571909
29572421
29572933
29573445
29573957
29574469
29574981
29575493
29570886
29571398
29571910
29572422
29572934
29573446
29573958
29574470
29574982
29575494
12821775
12822287
12822799
12823311
12823823
12824335
12824847
12825359
12825871
12826383
12821776
12822288
12822800
12823312
12823824
12824336
12824848
12825360
12825872
12826384
12821777
12822289
12822801
12823313
12823825
12824337
12824849
12825361
12825873
12826385
12821778
12822290
12822802
12823314
12823826
12824338
12824850
12825362
12825874
12826386
12821779
12822291
12822803
12823315
12823827
12824339
12824851
12825363
12825875
12826387
12821780
12822292
12822804
12823316
12823828
12824340
12824852
12825364
12825876
12826388
12821781
12822293
12822805
12823317
12823829
12824341
12824853
12825365
12825877
12826389
12821782
12822294
12822806
12823318
12823830
12824342
12824854
12825366
12825878
12826390
12821783
12822295
12822807
12823319
12823831
12824343
12824855
12825367
12825879
12826391
12821784
12822296
12822808
12823320
12823832
12824344
12824856
12825368
12825880
12826392
24585660
24586172
24586684
24587196
24587708
24588220
24588732
24589244
24589756
24590268
24585661
24586173
24586685
24587197
24587709
24588221
24588733
24589245
24589757
24590269
24585662
24586174
24586686
24587198
24587710
24588222
24588734
24589246
24589758
24590270
24585663
24586175
24586687
24587199
24587711
24588223
24588735
24589247
24589759
24590271
24585664
24586176
24586688
24587200
24587712
24588224
24588736
24589248
24589760
24590272
24585665
24586177
24586689
24587201
24587713
24588225
24588737
24589249
24589761
24590273
24585666
24586178
24586690
24587202
24587714
24588226
24588738
24589250
24589762
24590274
24585667
24586179
24586691
24587203
24587715
24588227
24588739
24589251
24589763
24590275
24585668
24586180
24586692
24587204
24587716
24588228
24588740
24589252
24589764
24590276
24585669
24586181
24586693
24587205
24587717
24588229
24588741
24589253
24589765
24590277
12573222
12573734
12574246
12574758
12575270
12575782
12576294
12576806
12577318
12577830
12573223
12573735
12574247
12574759
12575271
12575783
12576295
12576807
12577319
12577831
12573224
12573736
12574248
12574760
12575272
12575784
12576296
12576808
12577320
12577832
12573225
12573737
12574249
12574761
12575273
12575785
12576297
12576809
12577321
12577833
12573226
12573738
12574250
12574762
12575274
12575786
12576298
12576810
12577322
12577834
12573227
12573739
12574251
12574763
12575275
12575787
12576299
12576811
12577323
12577835
12573228
12573740
12574252
12574764
12575276
12575788
12576300
12576812
12577324
12577836
12573229
12573741
12574253
12574765
12575277
12575789
12576301
12576813
12577325
12577837
12573230
12573742
12574254
12574766
12575278
12575790
12576302
12576814
12577326
12577838
12573231
12573743
12574255
12574767
12575279
12575791
12576303
12576815
12577327
12577839
23994915
23995427
23995939
23996451
23996963
23997475
23997987
23998499
23999011
23999523
23994916
23995428
23995940
23996452
23996964
23997476
23997988
23998500
23999012
23999524
23994917
23995429
23995941
23996453
23996965
23997477
23997989
23998501
23999013
23999525
23994918
23995430
23995942
23996454
23996966
23997478
23997990
23998502
23999014
23999526
23994919
23995431
23995943
23996455
23996967
23997479
23997991
23998503
23999015
23999527
23994920
23995432
23995944
23996456
23996968
23997480
23997992
23998504
23999016
23999528
23994921
23995433
23995945
23996457
23996969
23997481
23997993
23998505
23999017
23999529
23994922
23995434
23995946
23996458
23996970
23997482
23997994
23998506
23999018
23999530
23994923
23995435
23995947
23996459
23996971
23997483
23997995
23998507
23999019
23999531
23994924
23995436
23995948
23996460
23996972
23997484
23997996
23998508
23999020
23999532
