31293963
31294475
31294987
31295499
31296011
31296523
31297035
31297547
31298059
31298571
31293964
31294476
31294988
31295500
31296012
31296524
31297036
31297548
31298060
31298572
31293965
31294477
31294989
31295501
31296013
31296525
31297037
31297549
31298061
31298573
31293966
31294478
31294990
31295502
31296014
31296526
31297038
31297550
31298062
31298574
31293967
31294479
31294991
31295503
31296015
31296527
31297039
31297551
31298063
31298575
31293968
31294480
31294992
31295504
31296016
31296528
31297040
31297552
31298064
31298576
31293969
31294481
31294993
31295505
31296017
31296529
31297041
31297553
31298065
31298577
31293970
31294482
31294994
31295506
31296018
31296530
31297042
31297554
31298066
31298578
31293971
31294483
31294995
31295507
31296019
31296531
31297043
31297555
31298067
31298579
31293972
31294484
31294996
31295508
31296020
31296532
31297044
31297556
31298068
31298580
29414411
29414923
29415435
29415947
29416459
29416971
29417483
29417995
29418507
29419019
29414412
29414924
29415436
29415948
29416460
29416972
29417484
29417996
29418508
29419020
29414413
29414925
29415437
29415949
29416461
29416973
29417485
29417997
29418509
29419021
29414414
29414926
29415438
29415950
29416462
29416974
29417486
29417998
29418510
29419022
29414415
29414927
29415439
29415951
29416463
29416975
29417487
29417999
29418511
29419023
29414416
29414928
29415440
29415952
29416464
29416976
29417488
29418000
29418512
29419024
29414417
29414929
29415441
29415953
29416465
29416977
29417489
29418001
29418513
29419025
29414418
29414930
29415442
29415954
29416466
29416978
29417490
29418002
29418514
29419026
29414419
29414931
29415443
29415955
29416467
29416979
29417491
29418003
29418515
29419027
29414420
29414932
29415444
29415956
29416468
29416980
29417492
29418004
29418516
29419028
16978087
16978599
16979111
16979623
16980135
16980647
16981159
16981671
16982183
16982695
16978088
16978600
16979112
16979624
16980136
16980648
16981160
16981672
16982184
16982696
16978089
16978601
16979113
16979625
16980137
16980649
16981161
16981673
16982185
16982697
16978090
16978602
16979114
16979626
16980138
16980650
16981162
16981674
16982186
16982698
16978091
16978603
16979115
16979627
16980139
16980651
16981163
16981675
16982187
16982699
16978092
16978604
16979116
16979628
16980140
16980652
16981164
16981676
16982188
16982700
16978093
16978605
16979117
16979629
16980141
16980653
16981165
16981677
16982189
16982701
16978094
16978606
16979118
16979630
16980142
16980654
16981166
16981678
16982190
16982702
16978095
16978607
16979119
16979631
16980143
16980655
16981167
16981679
16982191
16982703
16978096
16978608
16979120
16979632
16980144
16980656
16981168
16981680
16982192
16982704
63819
64331
64843
65355
65867
66379
66891
67403
67915
68427
63820
64332
64844
65356
65868
66380
66892
67404
67916
68428
63821
64333
64845
65357
65869
66381
66893
67405
67917
68429
63822
64334
64846
65358
65870
66382
66894
67406
67918
68430
63823
64335
64847
65359
65871
66383
66895
67407
67919
68431
63824
64336
64848
65360
65872
66384
66896
67408
67920
68432
63825
64337
64849
65361
65873
66385
66897
67409
67921
68433
63826
64338
64850
65362
65874
66386
66898
67410
67922
68434
63827
64339
64851
65363
65875
66387
66899
67411
67923
68435
63828
64340
64852
65364
65876
66388
66900
67412
67924
68436
28427515
28428027
28428539
28429051
28429563
28430075
28430587
28431099
28431611
28432123
28427516
28428028
28428540
28429052
28429564
28430076
28430588
28431100
28431612
28432124
28427517
28428029
28428541
28429053
28429565
28430077
28430589
28431101
28431613
28432125
28427518
28428030
28428542
28429054
28429566
28430078
28430590
28431102
28431614
28432126
28427519
28428031
28428543
28429055
28429567
28430079
28430591
28431103
28431615
28432127
28427520
28428032
28428544
28429056
28429568
28430080
28430592
28431104
28431616
28432128
28427521
28428033
28428545
28429057
28429569
28430081
28430593
28431105
28431617
28432129
28427522
28428034
28428546
28429058
28429570
28430082
28430594
28431106
28431618
28432130
28427523
28428035
28428547
28429059
28429571
28430083
28430595
28431107
28431619
28432131
28427524
28428036
28428548
28429060
28429572
28430084
28430596
28431108
28431620
28432132
23620620
23621132
23621644
23622156
23622668
23623180
23623692
23624204
23624716
23625228
23620621
23621133
23621645
23622157
23622669
23623181
23623693
23624205
23624717
23625229
23620622
23621134
23621646
23622158
23622670
23623182
23623694
23624206
23624718
23625230
23620623
23621135
23621647
23622159
23622671
23623183
23623695
23624207
23624719
23625231
23620624
23621136
23621648
23622160
23622672
23623184
23623696
23624208
23624720
23625232
23620625
23621137
23621649
23622161
23622673
23623185
23623697
23624209
23624721
23625233
23620626
23621138
23621650
23622162
23622674
23623186
23623698
23624210
23624722
23625234
23620627
23621139
23621651
23622163
23622675
23623187
23623699
23624211
23624723
23625235
23620628
23621140
23621652
23622164
23622676
23623188
23623700
23624212
23624724
23625236
23620629
23621141
23621653
23622165
23622677
23623189
23623701
23624213
23624725
23625237
18271780
18272292
18272804
18273316
18273828
18274340
18274852
18275364
18275876
18276388
18271781
18272293
18272805
18273317
18273829
18274341
18274853
18275365
18275877
18276389
18271782
18272294
18272806
18273318
18273830
18274342
18274854
18275366
18275878
18276390
18271783
18272295
18272807
18273319
18273831
18274343
18274855
18275367
18275879
18276391
18271784
18272296
18272808
18273320
18273832
18274344
18274856
18275368
18275880
18276392
18271785
18272297
18272809
18273321
18273833
18274345
18274857
18275369
18275881
18276393
18271786
18272298
18272810
18273322
18273834
18274346
18274858
18275370
18275882
18276394
18271787
18272299
18272811
18273323
18273835
18274347
18274859
18275371
18275883
18276395
18271788
18272300
18272812
18273324
18273836
18274348
18274860
18275372
18275884
18276396
18271789
18272301
18272813
18273325
18273837
18274349
18274861
18275373
18275885
18276397
3276747
3277259
3277771
3278283
3278795
3279307
3279819
3280331
3280843
3281355
3276748
3277260
3277772
3278284
3278796
3279308
3279820
3280332
3280844
3281356
3276749
3277261
3277773
3278285
3278797
3279309
3279821
3280333
3280845
3281357
3276750
3277262
3277774
3278286
3278798
3279310
3279822
3280334
3280846
3281358
3276751
3277263
3277775
3278287
3278799
3279311
3279823
3280335
3280847
3281359
3276752
3277264
3277776
3278288
3278800
3279312
3279824
3280336
3280848
3281360
3276753
3277265
3277777
3278289
3278801
3279313
3279825
3280337
3280849
3281361
3276754
3277266
3277778
3278290
3278802
3279314
3279826
3280338
3280850
3281362
3276755
3277267
3277779
3278291
3278803
3279315
3279827
3280339
3280851
3281363
3276756
3277268
3277780
3278292
3278804
3279316
3279828
3280340
3280852
3281364
158310
158822
159334
159846
160358
160870
161382
161894
162406
162918
158311
158823
159335
159847
160359
160871
161383
161895
162407
162919
158312
158824
159336
159848
160360
160872
161384
161896
162408
162920
158313
158825
159337
159849
160361
160873
161385
161897
162409
162921
158314
158826
159338
159850
160362
160874
161386
161898
162410
162922
158315
158827
159339
159851
160363
160875
161387
161899
162411
162923
158316
158828
159340
159852
160364
160876
161388
161900
162412
162924
158317
158829
159341
159853
160365
160877
161389
161901
162413
162925
158318
158830
159342
159854
160366
160878
161390
161902
162414
162926
158319
158831
159343
159855
160367
160879
161391
161903
162415
162927
30131583
30132095
30132607
30133119
30133631
30134143
30134655
30135167
30135679
30136191
30131584
30132096
30132608
30133120
30133632
30134144
30134656
30135168
30135680
30136192
30131585
30132097
30132609
30133121
30133633
30134145
30134657
30135169
30135681
30136193
30131586
30132098
30132610
30133122
30133634
30134146
30134658
30135170
30135682
30136194
30131587
30132099
30132611
30133123
30133635
30134147
30134659
30135171
30135683
30136195
30131588
30132100
30132612
30133124
30133636
30134148
30134660
30135172
30135684
30136196
30131589
30132101
30132613
30133125
30133637
30134149
30134661
30135173
30135685
30136197
30131590
30132102
30132614
30133126
30133638
30134150
30134662
30135174
30135686
30136198
30131591
30132103
30132615
30133127
30133639
30134151
30134663
30135175
30135687
30136199
30131592
30132104
30132616
30133128
30133640
30134152
30134664
30135176
30135688
30136200
32166972
32167484
32167996
32168508
32169020
32169532
32170044
32170556
32171068
32171580
32166973
32167485
32167997
32168509
32169021
32169533
32170045
32170557
32171069
32171581
32166974
32167486
32167998
32168510
32169022
32169534
32170046
32170558
32171070
32171582
32166975
32167487
32167999
32168511
32169023
32169535
32170047
32170559
32171071
32171583
32166976
32167488
32168000
32168512
32169024
32169536
32170048
32170560
32171072
32171584
32166977
32167489
32168001
32168513
32169025
32169537
32170049
32170561
32171073
32171585
32166978
32167490
32168002
32168514
32169026
32169538
32170050
32170562
32171074
32171586
32166979
32167491
32168003
32168515
32169027
32169539
32170051
32170563
32171075
32171587
32166980
32167492
32168004
32168516
32169028
32169540
32170052
32170564
32171076
32171588
32166981
32167493
32168005
32168517
32169029
32169541
32170053
32170565
32171077
32171589
11731708
11732220
11732732
11733244
11733756
11734268
11734780
11735292
11735804
11736316
11731709
11732221
11732733
11733245
11733757
11734269
11734781
11735293
11735805
11736317
11731710
11732222
11732734
11733246
11733758
11734270
11734782
11735294
11735806
11736318
11731711
11732223
11732735
11733247
11733759
11734271
11734783
11735295
11735807
11736319
11731712
11732224
11732736
11733248
11733760
11734272
11734784
11735296
11735808
11736320
11731713
11732225
11732737
11733249
11733761
11734273
11734785
11735297
11735809
11736321
11731714
11732226
11732738
11733250
11733762
11734274
11734786
11735298
11735810
11736322
11731715
11732227
11732739
11733251
11733763
11734275
11734787
11735299
11735811
11736323
11731716
11732228
11732740
11733252
11733764
11734276
11734788
11735300
11735812
11736324
11731717
11732229
11732741
11733253
11733765
11734277
11734789
11735301
11735813
11736325
6002770
6003282
6003794
6004306
6004818
6005330
6005842
6006354
6006866
6007378
6002771
6003283
6003795
6004307
6004819
6005331
6005843
6006355
6006867
6007379
6002772
6003284
6003796
6004308
6004820
6005332
6005844
6006356
6006868
6007380
6002773
6003285
6003797
6004309
6004821
6005333
6005845
6006357
6006869
6007381
6002774
6003286
6003798
6004310
6004822
6005334
6005846
6006358
6006870
6007382
6002775
6003287
6003799
6004311
6004823
6005335
6005847
6006359
6006871
6007383
6002776
6003288
6003800
6004312
6004824
6005336
6005848
6006360
6006872
6007384
6002777
6003289
6003801
6004313
6004825
6005337
6005849
6006361
6006873
6007385
6002778
6003290
6003802
6004314
6004826
6005338
6005850
6006362
6006874
6007386
6002779
6003291
6003803
6004315
6004827
6005339
6005851
6006363
6006875
6007387
2214600
2215112
2215624
2216136
2216648
2217160
2217672
2218184
2218696
2219208
2214601
2215113
2215625
2216137
2216649
2217161
2217673
2218185
2218697
2219209
2214602
2215114
2215626
2216138
2216650
2217162
2217674
2218186
2218698
2219210
2214603
2215115
2215627
2216139
2216651
2217163
2217675
2218187
2218699
2219211
2214604
2215116
2215628
2216140
2216652
2217164
2217676
2218188
2218700
2219212
2214605
2215117
2215629
2216141
2216653
2217165
2217677
2218189
2218701
2219213
2214606
2215118
2215630
2216142
2216654
2217166
2217678
2218190
2218702
2219214
2214607
2215119
2215631
2216143
2216655
2217167
2217679
2218191
2218703
2219215
2214608
2215120
2215632
2216144
2216656
2217168
2217680
2218192
2218704
2219216
2214609
2215121
2215633
2216145
2216657
2217169
2217681
2218193
2218705
2219217
6180486
6180998
6181510
6182022
6182534
6183046
6183558
6184070
6184582
6185094
6180487
6180999
6181511
6182023
6182535
6183047
6183559
6184071
6184583
6185095
6180488
6181000
6181512
6182024
6182536
6183048
6183560
6184072
6184584
6185096
6180489
6181001
6181513
6182025
6182537
6183049
6183561
6184073
6184585
6185097
6180490
6181002
6181514
6182026
6182538
6183050
6183562
6184074
6184586
6185098
6180491
6181003
6181515
6182027
6182539
6183051
6183563
6184075
6184587
6185099
6180492
6181004
6181516
6182028
6182540
6183052
6183564
6184076
6184588
6185100
6180493
6181005
6181517
6182029
6182541
6183053
6183565
6184077
6184589
6185101
6180494
6181006
6181518
6182030
6182542
6183054
6183566
6184078
6184590
6185102
6180495
6181007
6181519
6182031
6182543
6183055
6183567
6184079
6184591
6185103
25400907
25401419
25401931
25402443
25402955
25403467
25403979
25404491
25405003
25405515
25400908
25401420
25401932
25402444
25402956
25403468
25403980
25404492
25405004
25405516
25400909
25401421
25401933
25402445
25402957
25403469
25403981
25404493
25405005
25405517
25400910
25401422
25401934
25402446
25402958
25403470
25403982
25404494
25405006
25405518
25400911
25401423
25401935
25402447
25402959
25403471
25403983
25404495
25405007
25405519
25400912
25401424
25401936
25402448
25402960
25403472
25403984
25404496
25405008
25405520
25400913
25401425
25401937
25402449
25402961
25403473
25403985
25404497
25405009
25405521
25400914
25401426
25401938
25402450
25402962
25403474
25403986
25404498
25405010
25405522
25400915
25401427
25401939
25402451
25402963
25403475
25403987
25404499
25405011
25405523
25400916
25401428
25401940
25402452
25402964
25403476
25403988
25404500
25405012
25405524
19513680
19514192
19514704
19515216
19515728
19516240
19516752
19517264
19517776
19518288
19513681
19514193
19514705
19515217
19515729
19516241
19516753
19517265
19517777
19518289
19513682
19514194
19514706
19515218
19515730
19516242
19516754
19517266
19517778
19518290
19513683
19514195
19514707
19515219
19515731
19516243
19516755
19517267
19517779
19518291
19513684
19514196
19514708
19515220
19515732
19516244
19516756
19517268
19517780
19518292
19513685
19514197
19514709
19515221
19515733
19516245
19516757
19517269
19517781
19518293
19513686
19514198
19514710
19515222
19515734
19516246
19516758
19517270
19517782
19518294
19513687
19514199
19514711
19515223
19515735
19516247
19516759
19517271
19517783
19518295
19513688
19514200
19514712
19515224
19515736
19516248
19516760
19517272
19517784
19518296
19513689
19514201
19514713
19515225
19515737
19516249
19516761
19517273
19517785
19518297
24833742
24834254
24834766
24835278
24835790
24836302
24836814
24837326
24837838
24838350
24833743
24834255
24834767
24835279
24835791
24836303
24836815
24837327
24837839
24838351
24833744
24834256
24834768
24835280
24835792
24836304
24836816
24837328
24837840
24838352
24833745
24834257
24834769
24835281
24835793
24836305
24836817
24837329
24837841
24838353
24833746
24834258
24834770
24835282
24835794
24836306
24836818
24837330
24837842
24838354
24833747
24834259
24834771
24835283
24835795
24836307
24836819
24837331
24837843
24838355
24833748
24834260
24834772
24835284
24835796
24836308
24836820
24837332
24837844
24838356
24833749
24834261
24834773
24835285
24835797
24836309
24836821
24837333
24837845
24838357
24833750
24834262
24834774
24835286
24835798
24836310
24836822
24837334
24837846
24838358
24833751
24834263
24834775
24835287
24835799
24836311
24836823
24837335
24837847
24838359
14607081
14607593
14608105
14608617
14609129
14609641
14610153
14610665
14611177
14611689
14607082
14607594
14608106
14608618
14609130
14609642
14610154
14610666
14611178
14611690
14607083
14607595
14608107
14608619
14609131
14609643
14610155
14610667
14611179
14611691
14607084
14607596
14608108
14608620
14609132
14609644
14610156
14610668
14611180
14611692
14607085
14607597
14608109
14608621
14609133
14609645
14610157
14610669
14611181
14611693
14607086
14607598
14608110
14608622
14609134
14609646
14610158
14610670
14611182
14611694
14607087
14607599
14608111
14608623
14609135
14609647
14610159
14610671
14611183
14611695
14607088
14607600
14608112
14608624
14609136
14609648
14610160
14610672
14611184
14611696
14607089
14607601
14608113
14608625
14609137
14609649
14610161
14610673
14611185
14611697
14607090
14607602
14608114
14608626
14609138
14609650
14610162
14610674
14611186
14611698
8789427
8789939
8790451
8790963
8791475
8791987
8792499
8793011
8793523
8794035
8789428
8789940
8790452
8790964
8791476
8791988
8792500
8793012
8793524
8794036
8789429
8789941
8790453
8790965
8791477
8791989
8792501
8793013
8793525
8794037
8789430
8789942
8790454
8790966
8791478
8791990
8792502
8793014
8793526
8794038
8789431
8789943
8790455
8790967
8791479
8791991
8792503
8793015
8793527
8794039
8789432
8789944
8790456
8790968
8791480
8791992
8792504
8793016
8793528
8794040
8789433
8789945
8790457
8790969
8791481
8791993
8792505
8793017
8793529
8794041
8789434
8789946
8790458
8790970
8791482
8791994
8792506
8793018
8793530
8794042
8789435
8789947
8790459
8790971
8791483
8791995
8792507
8793019
8793531
8794043
8789436
8789948
8790460
8790972
8791484
8791996
8792508
8793020
8793532
8794044
22465746
22466258
22466770
22467282
22467794
22468306
22468818
22469330
22469842
22470354
22465747
22466259
22466771
22467283
22467795
22468307
22468819
22469331
22469843
22470355
22465748
22466260
22466772
22467284
22467796
22468308
22468820
22469332
22469844
22470356
22465749
22466261
22466773
22467285
22467797
22468309
22468821
22469333
22469845
22470357
22465750
22466262
22466774
22467286
22467798
22468310
22468822
22469334
22469846
22470358
22465751
22466263
22466775
22467287
22467799
22468311
22468823
22469335
22469847
22470359
22465752
22466264
22466776
22467288
22467800
22468312
22468824
22469336
22469848
22470360
22465753
22466265
22466777
22467289
22467801
22468313
22468825
22469337
22469849
22470361
22465754
22466266
22466778
22467290
22467802
22468314
22468826
22469338
22469850
22470362
22465755
22466267
22466779
22467291
22467803
22468315
22468827
22469339
22469851
22470363
23022626
23023138
23023650
23024162
23024674
23025186
23025698
23026210
23026722
23027234
23022627
23023139
23023651
23024163
23024675
23025187
23025699
23026211
23026723
23027235
23022628
23023140
23023652
23024164
23024676
23025188
23025700
23026212
23026724
23027236
23022629
23023141
23023653
23024165
23024677
23025189
23025701
23026213
23026725
23027237
23022630
23023142
23023654
23024166
23024678
23025190
23025702
23026214
23026726
23027238
23022631
23023143
23023655
23024167
23024679
23025191
23025703
23026215
23026727
23027239
23022632
23023144
23023656
23024168
23024680
23025192
23025704
23026216
23026728
23027240
23022633
23023145
23023657
23024169
23024681
23025193
23025705
23026217
23026729
23027241
23022634
23023146
23023658
23024170
23024682
23025194
23025706
23026218
23026730
23027242
23022635
23023147
23023659
23024171
23024683
23025195
23025707
23026219
23026731
23027243
32069859
32070371
32070883
32071395
32071907
32072419
32072931
32073443
32073955
32074467
32069860
32070372
32070884
32071396
32071908
32072420
32072932
32073444
32073956
32074468
32069861
32070373
32070885
32071397
32071909
32072421
32072933
32073445
32073957
32074469
32069862
32070374
32070886
32071398
32071910
32072422
32072934
32073446
32073958
32074470
32069863
32070375
32070887
32071399
32071911
32072423
32072935
32073447
32073959
32074471
32069864
32070376
32070888
32071400
32071912
32072424
32072936
32073448
32073960
32074472
32069865
32070377
32070889
32071401
32071913
32072425
32072937
32073449
32073961
32074473
32069866
32070378
32070890
32071402
32071914
32072426
32072938
32073450
32073962
32074474
32069867
32070379
32070891
32071403
32071915
32072427
32072939
32073451
32073963
32074475
32069868
32070380
32070892
32071404
32071916
32072428
32072940
32073452
32073964
32074476
21261342
21261854
21262366
21262878
21263390
21263902
21264414
21264926
21265438
21265950
21261343
21261855
21262367
21262879
21263391
21263903
21264415
21264927
21265439
21265951
21261344
21261856
21262368
21262880
21263392
21263904
21264416
21264928
21265440
21265952
21261345
21261857
21262369
21262881
21263393
21263905
21264417
21264929
21265441
21265953
21261346
21261858
21262370
21262882
21263394
21263906
21264418
21264930
21265442
21265954
21261347
21261859
21262371
21262883
21263395
21263907
21264419
21264931
21265443
21265955
21261348
21261860
21262372
21262884
21263396
21263908
21264420
21264932
21265444
21265956
21261349
21261861
21262373
21262885
21263397
21263909
21264421
21264933
21265445
21265957
21261350
21261862
21262374
21262886
21263398
21263910
21264422
21264934
21265446
21265958
21261351
21261863
21262375
21262887
21263399
21263911
21264423
21264935
21265447
21265959
16670186
16670698
16671210
16671722
16672234
16672746
16673258
16673770
16674282
16674794
16670187
16670699
16671211
16671723
16672235
16672747
16673259
16673771
16674283
16674795
16670188
16670700
16671212
16671724
16672236
16672748
16673260
16673772
16674284
16674796
16670189
16670701
16671213
16671725
16672237
16672749
16673261
16673773
16674285
16674797
16670190
16670702
16671214
16671726
16672238
16672750
16673262
16673774
16674286
16674798
16670191
16670703
16671215
16671727
16672239
16672751
16673263
16673775
16674287
16674799
16670192
16670704
16671216
16671728
16672240
16672752
16673264
16673776
16674288
16674800
16670193
16670705
16671217
16671729
16672241
16672753
16673265
16673777
16674289
16674801
16670194
16670706
16671218
16671730
16672242
16672754
16673266
16673778
16674290
16674802
16670195
16670707
16671219
16671731
16672243
16672755
16673267
16673779
16674291
16674803
17458050
17458562
17459074
17459586
17460098
17460610
17461122
17461634
17462146
17462658
17458051
17458563
17459075
17459587
17460099
17460611
17461123
17461635
17462147
17462659
17458052
17458564
17459076
17459588
17460100
17460612
17461124
17461636
17462148
17462660
17458053
17458565
17459077
17459589
17460101
17460613
17461125
17461637
17462149
17462661
17458054
17458566
17459078
17459590
17460102
17460614
17461126
17461638
17462150
17462662
17458055
17458567
17459079
17459591
17460103
17460615
17461127
17461639
17462151
17462663
17458056
17458568
17459080
17459592
17460104
17460616
17461128
17461640
17462152
17462664
17458057
17458569
17459081
17459593
17460105
17460617
17461129
17461641
17462153
17462665
17458058
17458570
17459082
17459594
17460106
17460618
17461130
17461642
17462154
17462666
17458059
17458571
17459083
17459595
17460107
17460619
17461131
17461643
17462155
17462667
13032460
13032972
13033484
13033996
13034508
13035020
13035532
13036044
13036556
13037068
13032461
13032973
13033485
13033997
13034509
13035021
13035533
13036045
13036557
13037069
13032462
13032974
13033486
13033998
13034510
13035022
13035534
13036046
13036558
13037070
13032463
13032975
13033487
13033999
13034511
13035023
13035535
13036047
13036559
13037071
13032464
13032976
13033488
13034000
13034512
13035024
13035536
13036048
13036560
13037072
13032465
13032977
13033489
13034001
13034513
13035025
13035537
13036049
13036561
13037073
13032466
13032978
13033490
13034002
13034514
13035026
13035538
13036050
13036562
13037074
13032467
13032979
13033491
13034003
13034515
13035027
13035539
13036051
13036563
13037075
13032468
13032980
13033492
13034004
13034516
13035028
13035540
13036052
13036564
13037076
13032469
13032981
13033493
13034005
13034517
13035029
13035541
13036053
13036565
13037077
10336919
10337431
10337943
10338455
10338967
10339479
10339991
10340503
10341015
10341527
10336920
10337432
10337944
10338456
10338968
10339480
10339992
10340504
10341016
10341528
10336921
10337433
10337945
10338457
10338969
10339481
10339993
10340505
10341017
10341529
10336922
10337434
10337946
10338458
10338970
10339482
10339994
10340506
10341018
10341530
10336923
10337435
10337947
10338459
10338971
10339483
10339995
10340507
10341019
10341531
10336924
10337436
10337948
10338460
10338972
10339484
10339996
10340508
10341020
10341532
10336925
10337437
10337949
10338461
10338973
10339485
10339997
10340509
10341021
10341533
10336926
10337438
10337950
10338462
10338974
10339486
10339998
10340510
10341022
10341534
10336927
10337439
10337951
10338463
10338975
10339487
10339999
10340511
10341023
10341535
10336928
10337440
10337952
10338464
10338976
10339488
10340000
10340512
10341024
10341536
6138342
6138854
6139366
6139878
6140390
6140902
6141414
6141926
6142438
6142950
6138343
6138855
6139367
6139879
6140391
6140903
6141415
6141927
6142439
6142951
6138344
6138856
6139368
6139880
6140392
6140904
6141416
6141928
6142440
6142952
6138345
6138857
6139369
6139881
6140393
6140905
6141417
6141929
6142441
6142953
6138346
6138858
6139370
6139882
6140394
6140906
6141418
6141930
6142442
6142954
6138347
6138859
6139371
6139883
6140395
6140907
6141419
6141931
6142443
6142955
6138348
6138860
6139372
6139884
6140396
6140908
6141420
6141932
6142444
6142956
6138349
6138861
6139373
6139885
6140397
6140909
6141421
6141933
6142445
6142957
6138350
6138862
6139374
6139886
6140398
6140910
6141422
6141934
6142446
6142958
6138351
6138863
6139375
6139887
6140399
6140911
6141423
6141935
6142447
6142959
21326905
21327417
21327929
21328441
21328953
21329465
21329977
21330489
21331001
21331513
21326906
21327418
21327930
21328442
21328954
21329466
21329978
21330490
21331002
21331514
21326907
21327419
21327931
21328443
21328955
21329467
21329979
21330491
21331003
21331515
21326908
21327420
21327932
21328444
21328956
21329468
21329980
21330492
21331004
21331516
21326909
21327421
21327933
21328445
21328957
21329469
21329981
21330493
21331005
21331517
21326910
21327422
21327934
21328446
21328958
21329470
21329982
21330494
21331006
21331518
21326911
21327423
21327935
21328447
21328959
21329471
21329983
21330495
21331007
21331519
21326912
21327424
21327936
21328448
21328960
21329472
21329984
21330496
21331008
21331520
21326913
21327425
21327937
21328449
21328961
21329473
21329985
21330497
21331009
21331521
21326914
21327426
21327938
21328450
21328962
21329474
21329986
21330498
21331010
21331522
