12295720
12296232
12296744
12297256
12297768
12298280
12298792
12299304
12299816
12300328
12295721
12296233
12296745
12297257
12297769
12298281
12298793
12299305
12299817
12300329
12295722
12296234
12296746
12297258
12297770
12298282
12298794
12299306
12299818
12300330
12295723
12296235
12296747
12297259
12297771
12298283
12298795
12299307
12299819
12300331
12295724
12296236
12296748
12297260
12297772
12298284
12298796
12299308
12299820
12300332
12295725
12296237
12296749
12297261
12297773
12298285
12298797
12299309
12299821
12300333
12295726
12296238
12296750
12297262
12297774
12298286
12298798
12299310
12299822
12300334
12295727
12296239
12296751
12297263
12297775
12298287
12298799
12299311
12299823
12300335
12295728
12296240
12296752
12297264
12297776
12298288
12298800
12299312
12299824
12300336
12295729
12296241
12296753
12297265
12297777
12298289
12298801
12299313
12299825
12300337
1853831
1854343
1854855
1855367
1855879
1856391
1856903
1857415
1857927
1858439
1853832
1854344
1854856
1855368
1855880
1856392
1856904
1857416
1857928
1858440
1853833
1854345
1854857
1855369
1855881
1856393
1856905
1857417
1857929
1858441
1853834
1854346
1854858
1855370
1855882
1856394
1856906
1857418
1857930
1858442
1853835
1854347
1854859
1855371
1855883
1856395
1856907
1857419
1857931
1858443
1853836
1854348
1854860
1855372
1855884
1856396
1856908
1857420
1857932
1858444
1853837
1854349
1854861
1855373
1855885
1856397
1856909
1857421
1857933
1858445
1853838
1854350
1854862
1855374
1855886
1856398
1856910
1857422
1857934
1858446
1853839
1854351
1854863
1855375
1855887
1856399
1856911
1857423
1857935
1858447
1853840
1854352
1854864
1855376
1855888
1856400
1856912
1857424
1857936
1858448
1255509
1256021
1256533
1257045
1257557
1258069
1258581
1259093
1259605
1260117
1255510
1256022
1256534
1257046
1257558
1258070
1258582
1259094
1259606
1260118
1255511
1256023
1256535
1257047
1257559
1258071
1258583
1259095
1259607
1260119
1255512
1256024
1256536
1257048
1257560
1258072
1258584
1259096
1259608
1260120
1255513
1256025
1256537
1257049
1257561
1258073
1258585
1259097
1259609
1260121
1255514
1256026
1256538
1257050
1257562
1258074
1258586
1259098
1259610
1260122
1255515
1256027
1256539
1257051
1257563
1258075
1258587
1259099
1259611
1260123
1255516
1256028
1256540
1257052
1257564
1258076
1258588
1259100
1259612
1260124
1255517
1256029
1256541
1257053
1257565
1258077
1258589
1259101
1259613
1260125
1255518
1256030
1256542
1257054
1257566
1258078
1258590
1259102
1259614
1260126
31773161
31773673
31774185
31774697
31775209
31775721
31776233
31776745
31777257
31777769
31773162
31773674
31774186
31774698
31775210
31775722
31776234
31776746
31777258
31777770
31773163
31773675
31774187
31774699
31775211
31775723
31776235
31776747
31777259
31777771
31773164
31773676
31774188
31774700
31775212
31775724
31776236
31776748
31777260
31777772
31773165
31773677
31774189
31774701
31775213
31775725
31776237
31776749
31777261
31777773
31773166
31773678
31774190
31774702
31775214
31775726
31776238
31776750
31777262
31777774
31773167
31773679
31774191
31774703
31775215
31775727
31776239
31776751
31777263
31777775
31773168
31773680
31774192
31774704
31775216
31775728
31776240
31776752
31777264
31777776
31773169
31773681
31774193
31774705
31775217
31775729
31776241
31776753
31777265
31777777
31773170
31773682
31774194
31774706
31775218
31775730
31776242
31776754
31777266
31777778
31817294
31817806
31818318
31818830
31819342
31819854
31820366
31820878
31821390
31821902
31817295
31817807
31818319
31818831
31819343
31819855
31820367
31820879
31821391
31821903
31817296
31817808
31818320
31818832
31819344
31819856
31820368
31820880
31821392
31821904
31817297
31817809
31818321
31818833
31819345
31819857
31820369
31820881
31821393
31821905
31817298
31817810
31818322
31818834
31819346
31819858
31820370
31820882
31821394
31821906
31817299
31817811
31818323
31818835
31819347
31819859
31820371
31820883
31821395
31821907
31817300
31817812
31818324
31818836
31819348
31819860
31820372
31820884
31821396
31821908
31817301
31817813
31818325
31818837
31819349
31819861
31820373
31820885
31821397
31821909
31817302
31817814
31818326
31818838
31819350
31819862
31820374
31820886
31821398
31821910
31817303
31817815
31818327
31818839
31819351
31819863
31820375
31820887
31821399
31821911
7916683
7917195
7917707
7918219
7918731
7919243
7919755
7920267
7920779
7921291
7916684
7917196
7917708
7918220
7918732
7919244
7919756
7920268
7920780
7921292
7916685
7917197
7917709
7918221
7918733
7919245
7919757
7920269
7920781
7921293
7916686
7917198
7917710
7918222
7918734
7919246
7919758
7920270
7920782
7921294
7916687
7917199
7917711
7918223
7918735
7919247
7919759
7920271
7920783
7921295
7916688
7917200
7917712
7918224
7918736
7919248
7919760
7920272
7920784
7921296
7916689
7917201
7917713
7918225
7918737
7919249
7919761
7920273
7920785
7921297
7916690
7917202
7917714
7918226
7918738
7919250
7919762
7920274
7920786
7921298
7916691
7917203
7917715
7918227
7918739
7919251
7919763
7920275
7920787
7921299
7916692
7917204
7917716
7918228
7918740
7919252
7919764
7920276
7920788
7921300
13487643
13488155
13488667
13489179
13489691
13490203
13490715
13491227
13491739
13492251
13487644
13488156
13488668
13489180
13489692
13490204
13490716
13491228
13491740
13492252
13487645
13488157
13488669
13489181
13489693
13490205
13490717
13491229
13491741
13492253
13487646
13488158
13488670
13489182
13489694
13490206
13490718
13491230
13491742
13492254
13487647
13488159
13488671
13489183
13489695
13490207
13490719
13491231
13491743
13492255
13487648
13488160
13488672
13489184
13489696
13490208
13490720
13491232
13491744
13492256
13487649
13488161
13488673
13489185
13489697
13490209
13490721
13491233
13491745
13492257
13487650
13488162
13488674
13489186
13489698
13490210
13490722
13491234
13491746
13492258
13487651
13488163
13488675
13489187
13489699
13490211
13490723
13491235
13491747
13492259
13487652
13488164
13488676
13489188
13489700
13490212
13490724
13491236
13491748
13492260
18171097
18171609
18172121
18172633
18173145
18173657
18174169
18174681
18175193
18175705
18171098
18171610
18172122
18172634
18173146
18173658
18174170
18174682
18175194
18175706
18171099
18171611
18172123
18172635
18173147
18173659
18174171
18174683
18175195
18175707
18171100
18171612
18172124
18172636
18173148
18173660
18174172
18174684
18175196
18175708
18171101
18171613
18172125
18172637
18173149
18173661
18174173
18174685
18175197
18175709
18171102
18171614
18172126
18172638
18173150
18173662
18174174
18174686
18175198
18175710
18171103
18171615
18172127
18172639
18173151
18173663
18174175
18174687
18175199
18175711
18171104
18171616
18172128
18172640
18173152
18173664
18174176
18174688
18175200
18175712
18171105
18171617
18172129
18172641
18173153
18173665
18174177
18174689
18175201
18175713
18171106
18171618
18172130
18172642
18173154
18173666
18174178
18174690
18175202
18175714
14482301
14482813
14483325
14483837
14484349
14484861
14485373
14485885
14486397
14486909
14482302
14482814
14483326
14483838
14484350
14484862
14485374
14485886
14486398
14486910
14482303
14482815
14483327
14483839
14484351
14484863
14485375
14485887
14486399
14486911
14482304
14482816
14483328
14483840
14484352
14484864
14485376
14485888
14486400
14486912
14482305
14482817
14483329
14483841
14484353
14484865
14485377
14485889
14486401
14486913
14482306
14482818
14483330
14483842
14484354
14484866
14485378
14485890
14486402
14486914
14482307
14482819
14483331
14483843
14484355
14484867
14485379
14485891
14486403
14486915
14482308
14482820
14483332
14483844
14484356
14484868
14485380
14485892
14486404
14486916
14482309
14482821
14483333
14483845
14484357
14484869
14485381
14485893
14486405
14486917
14482310
14482822
14483334
14483846
14484358
14484870
14485382
14485894
14486406
14486918
1109392
1109904
1110416
1110928
1111440
1111952
1112464
1112976
1113488
1114000
1109393
1109905
1110417
1110929
1111441
1111953
1112465
1112977
1113489
1114001
1109394
1109906
1110418
1110930
1111442
1111954
1112466
1112978
1113490
1114002
1109395
1109907
1110419
1110931
1111443
1111955
1112467
1112979
1113491
1114003
1109396
1109908
1110420
1110932
1111444
1111956
1112468
1112980
1113492
1114004
1109397
1109909
1110421
1110933
1111445
1111957
1112469
1112981
1113493
1114005
1109398
1109910
1110422
1110934
1111446
1111958
1112470
1112982
1113494
1114006
1109399
1109911
1110423
1110935
1111447
1111959
1112471
1112983
1113495
1114007
1109400
1109912
1110424
1110936
1111448
1111960
1112472
1112984
1113496
1114008
1109401
1109913
1110425
1110937
1111449
1111961
1112473
1112985
1113497
1114009
32040819
32041331
32041843
32042355
32042867
32043379
32043891
32044403
32044915
32045427
32040820
32041332
32041844
32042356
32042868
32043380
32043892
32044404
32044916
32045428
32040821
32041333
32041845
32042357
32042869
32043381
32043893
32044405
32044917
32045429
32040822
32041334
32041846
32042358
32042870
32043382
32043894
32044406
32044918
32045430
32040823
32041335
32041847
32042359
32042871
32043383
32043895
32044407
32044919
32045431
32040824
32041336
32041848
32042360
32042872
32043384
32043896
32044408
32044920
32045432
32040825
32041337
32041849
32042361
32042873
32043385
32043897
32044409
32044921
32045433
32040826
32041338
32041850
32042362
32042874
32043386
32043898
32044410
32044922
32045434
32040827
32041339
32041851
32042363
32042875
32043387
32043899
32044411
32044923
32045435
32040828
32041340
32041852
32042364
32042876
32043388
32043900
32044412
32044924
32045436
158188
158700
159212
159724
160236
160748
161260
161772
162284
162796
158189
158701
159213
159725
160237
160749
161261
161773
162285
162797
158190
158702
159214
159726
160238
160750
161262
161774
162286
162798
158191
158703
159215
159727
160239
160751
161263
161775
162287
162799
158192
158704
159216
159728
160240
160752
161264
161776
162288
162800
158193
158705
159217
159729
160241
160753
161265
161777
162289
162801
158194
158706
159218
159730
160242
160754
161266
161778
162290
162802
158195
158707
159219
159731
160243
160755
161267
161779
162291
162803
158196
158708
159220
159732
160244
160756
161268
161780
162292
162804
158197
158709
159221
159733
160245
160757
161269
161781
162293
162805
4416559
4417071
4417583
4418095
4418607
4419119
4419631
4420143
4420655
4421167
4416560
4417072
4417584
4418096
4418608
4419120
4419632
4420144
4420656
4421168
4416561
4417073
4417585
4418097
4418609
4419121
4419633
4420145
4420657
4421169
4416562
4417074
4417586
4418098
4418610
4419122
4419634
4420146
4420658
4421170
4416563
4417075
4417587
4418099
4418611
4419123
4419635
4420147
4420659
4421171
4416564
4417076
4417588
4418100
4418612
4419124
4419636
4420148
4420660
4421172
4416565
4417077
4417589
4418101
4418613
4419125
4419637
4420149
4420661
4421173
4416566
4417078
4417590
4418102
4418614
4419126
4419638
4420150
4420662
4421174
4416567
4417079
4417591
4418103
4418615
4419127
4419639
4420151
4420663
4421175
4416568
4417080
4417592
4418104
4418616
4419128
4419640
4420152
4420664
4421176
14108303
14108815
14109327
14109839
14110351
14110863
14111375
14111887
14112399
14112911
14108304
14108816
14109328
14109840
14110352
14110864
14111376
14111888
14112400
14112912
14108305
14108817
14109329
14109841
14110353
14110865
14111377
14111889
14112401
14112913
14108306
14108818
14109330
14109842
14110354
14110866
14111378
14111890
14112402
14112914
14108307
14108819
14109331
14109843
14110355
14110867
14111379
14111891
14112403
14112915
14108308
14108820
14109332
14109844
14110356
14110868
14111380
14111892
14112404
14112916
14108309
14108821
14109333
14109845
14110357
14110869
14111381
14111893
14112405
14112917
14108310
14108822
14109334
14109846
14110358
14110870
14111382
14111894
14112406
14112918
14108311
14108823
14109335
14109847
14110359
14110871
14111383
14111895
14112407
14112919
14108312
14108824
14109336
14109848
14110360
14110872
14111384
14111896
14112408
14112920
29193543
29194055
29194567
29195079
29195591
29196103
29196615
29197127
29197639
29198151
29193544
29194056
29194568
29195080
29195592
29196104
29196616
29197128
29197640
29198152
29193545
29194057
29194569
29195081
29195593
29196105
29196617
29197129
29197641
29198153
29193546
29194058
29194570
29195082
29195594
29196106
29196618
29197130
29197642
29198154
29193547
29194059
29194571
29195083
29195595
29196107
29196619
29197131
29197643
29198155
29193548
29194060
29194572
29195084
29195596
29196108
29196620
29197132
29197644
29198156
29193549
29194061
29194573
29195085
29195597
29196109
29196621
29197133
29197645
29198157
29193550
29194062
29194574
29195086
29195598
29196110
29196622
29197134
29197646
29198158
29193551
29194063
29194575
29195087
29195599
29196111
29196623
29197135
29197647
29198159
29193552
29194064
29194576
29195088
29195600
29196112
29196624
29197136
29197648
29198160
13401113
13401625
13402137
13402649
13403161
13403673
13404185
13404697
13405209
13405721
13401114
13401626
13402138
13402650
13403162
13403674
13404186
13404698
13405210
13405722
13401115
13401627
13402139
13402651
13403163
13403675
13404187
13404699
13405211
13405723
13401116
13401628
13402140
13402652
13403164
13403676
13404188
13404700
13405212
13405724
13401117
13401629
13402141
13402653
13403165
13403677
13404189
13404701
13405213
13405725
13401118
13401630
13402142
13402654
13403166
13403678
13404190
13404702
13405214
13405726
13401119
13401631
13402143
13402655
13403167
13403679
13404191
13404703
13405215
13405727
13401120
13401632
13402144
13402656
13403168
13403680
13404192
13404704
13405216
13405728
13401121
13401633
13402145
13402657
13403169
13403681
13404193
13404705
13405217
13405729
13401122
13401634
13402146
13402658
13403170
13403682
13404194
13404706
13405218
13405730
24219504
24220016
24220528
24221040
24221552
24222064
24222576
24223088
24223600
24224112
24219505
24220017
24220529
24221041
24221553
24222065
24222577
24223089
24223601
24224113
24219506
24220018
24220530
24221042
24221554
24222066
24222578
24223090
24223602
24224114
24219507
24220019
24220531
24221043
24221555
24222067
24222579
24223091
24223603
24224115
24219508
24220020
24220532
24221044
24221556
24222068
24222580
24223092
24223604
24224116
24219509
24220021
24220533
24221045
24221557
24222069
24222581
24223093
24223605
24224117
24219510
24220022
24220534
24221046
24221558
24222070
24222582
24223094
24223606
24224118
24219511
24220023
24220535
24221047
24221559
24222071
24222583
24223095
24223607
24224119
24219512
24220024
24220536
24221048
24221560
24222072
24222584
24223096
24223608
24224120
24219513
24220025
24220537
24221049
24221561
24222073
24222585
24223097
24223609
24224121
7614827
7615339
7615851
7616363
7616875
7617387
7617899
7618411
7618923
7619435
7614828
7615340
7615852
7616364
7616876
7617388
7617900
7618412
7618924
7619436
7614829
7615341
7615853
7616365
7616877
7617389
7617901
7618413
7618925
7619437
7614830
7615342
7615854
7616366
7616878
7617390
7617902
7618414
7618926
7619438
7614831
7615343
7615855
7616367
7616879
7617391
7617903
7618415
7618927
7619439
7614832
7615344
7615856
7616368
7616880
7617392
7617904
7618416
7618928
7619440
7614833
7615345
7615857
7616369
7616881
7617393
7617905
7618417
7618929
7619441
7614834
7615346
7615858
7616370
7616882
7617394
7617906
7618418
7618930
7619442
7614835
7615347
7615859
7616371
7616883
7617395
7617907
7618419
7618931
7619443
7614836
7615348
7615860
7616372
7616884
7617396
7617908
7618420
7618932
7619444
2585571
2586083
2586595
2587107
2587619
2588131
2588643
2589155
2589667
2590179
2585572
2586084
2586596
2587108
2587620
2588132
2588644
2589156
2589668
2590180
2585573
2586085
2586597
2587109
2587621
2588133
2588645
2589157
2589669
2590181
2585574
2586086
2586598
2587110
2587622
2588134
2588646
2589158
2589670
2590182
2585575
2586087
2586599
2587111
2587623
2588135
2588647
2589159
2589671
2590183
2585576
2586088
2586600
2587112
2587624
2588136
2588648
2589160
2589672
2590184
2585577
2586089
2586601
2587113
2587625
2588137
2588649
2589161
2589673
2590185
2585578
2586090
2586602
2587114
2587626
2588138
2588650
2589162
2589674
2590186
2585579
2586091
2586603
2587115
2587627
2588139
2588651
2589163
2589675
2590187
2585580
2586092
2586604
2587116
2587628
2588140
2588652
2589164
2589676
2590188
1088285
1088797
1089309
1089821
1090333
1090845
1091357
1091869
1092381
1092893
1088286
1088798
1089310
1089822
1090334
1090846
1091358
1091870
1092382
1092894
1088287
1088799
1089311
1089823
1090335
1090847
1091359
1091871
1092383
1092895
1088288
1088800
1089312
1089824
1090336
1090848
1091360
1091872
1092384
1092896
1088289
1088801
1089313
1089825
1090337
1090849
1091361
1091873
1092385
1092897
1088290
1088802
1089314
1089826
1090338
1090850
1091362
1091874
1092386
1092898
1088291
1088803
1089315
1089827
1090339
1090851
1091363
1091875
1092387
1092899
1088292
1088804
1089316
1089828
1090340
1090852
1091364
1091876
1092388
1092900
1088293
1088805
1089317
1089829
1090341
1090853
1091365
1091877
1092389
1092901
1088294
1088806
1089318
1089830
1090342
1090854
1091366
1091878
1092390
1092902
3090633
3091145
3091657
3092169
3092681
3093193
3093705
3094217
3094729
3095241
3090634
3091146
3091658
3092170
3092682
3093194
3093706
3094218
3094730
3095242
3090635
3091147
3091659
3092171
3092683
3093195
3093707
3094219
3094731
3095243
3090636
3091148
3091660
3092172
3092684
3093196
3093708
3094220
3094732
3095244
3090637
3091149
3091661
3092173
3092685
3093197
3093709
3094221
3094733
3095245
3090638
3091150
3091662
3092174
3092686
3093198
3093710
3094222
3094734
3095246
3090639
3091151
3091663
3092175
3092687
3093199
3093711
3094223
3094735
3095247
3090640
3091152
3091664
3092176
3092688
3093200
3093712
3094224
3094736
3095248
3090641
3091153
3091665
3092177
3092689
3093201
3093713
3094225
3094737
3095249
3090642
3091154
3091666
3092178
3092690
3093202
3093714
3094226
3094738
3095250
18598866
18599378
18599890
18600402
18600914
18601426
18601938
18602450
18602962
18603474
18598867
18599379
18599891
18600403
18600915
18601427
18601939
18602451
18602963
18603475
18598868
18599380
18599892
18600404
18600916
18601428
18601940
18602452
18602964
18603476
18598869
18599381
18599893
18600405
18600917
18601429
18601941
18602453
18602965
18603477
18598870
18599382
18599894
18600406
18600918
18601430
18601942
18602454
18602966
18603478
18598871
18599383
18599895
18600407
18600919
18601431
18601943
18602455
18602967
18603479
18598872
18599384
18599896
18600408
18600920
18601432
18601944
18602456
18602968
18603480
18598873
18599385
18599897
18600409
18600921
18601433
18601945
18602457
18602969
18603481
18598874
18599386
18599898
18600410
18600922
18601434
18601946
18602458
18602970
18603482
18598875
18599387
18599899
18600411
18600923
18601435
18601947
18602459
18602971
18603483
853993
854505
855017
855529
856041
856553
857065
857577
858089
858601
853994
854506
855018
855530
856042
856554
857066
857578
858090
858602
853995
854507
855019
855531
856043
856555
857067
857579
858091
858603
853996
854508
855020
855532
856044
856556
857068
857580
858092
858604
853997
854509
855021
855533
856045
856557
857069
857581
858093
858605
853998
854510
855022
855534
856046
856558
857070
857582
858094
858606
853999
854511
855023
855535
856047
856559
857071
857583
858095
858607
854000
854512
855024
855536
856048
856560
857072
857584
858096
858608
854001
854513
855025
855537
856049
856561
857073
857585
858097
858609
854002
854514
855026
855538
856050
856562
857074
857586
858098
858610
4139897
4140409
4140921
4141433
4141945
4142457
4142969
4143481
4143993
4144505
4139898
4140410
4140922
4141434
4141946
4142458
4142970
4143482
4143994
4144506
4139899
4140411
4140923
4141435
4141947
4142459
4142971
4143483
4143995
4144507
4139900
4140412
4140924
4141436
4141948
4142460
4142972
4143484
4143996
4144508
4139901
4140413
4140925
4141437
4141949
4142461
4142973
4143485
4143997
4144509
4139902
4140414
4140926
4141438
4141950
4142462
4142974
4143486
4143998
4144510
4139903
4140415
4140927
4141439
4141951
4142463
4142975
4143487
4143999
4144511
4139904
4140416
4140928
4141440
4141952
4142464
4142976
4143488
4144000
4144512
4139905
4140417
4140929
4141441
4141953
4142465
4142977
4143489
4144001
4144513
4139906
4140418
4140930
4141442
4141954
4142466
4142978
4143490
4144002
4144514
30781471
30781983
30782495
30783007
30783519
30784031
30784543
30785055
30785567
30786079
30781472
30781984
30782496
30783008
30783520
30784032
30784544
30785056
30785568
30786080
30781473
30781985
30782497
30783009
30783521
30784033
30784545
30785057
30785569
30786081
30781474
30781986
30782498
30783010
30783522
30784034
30784546
30785058
30785570
30786082
30781475
30781987
30782499
30783011
30783523
30784035
30784547
30785059
30785571
30786083
30781476
30781988
30782500
30783012
30783524
30784036
30784548
30785060
30785572
30786084
30781477
30781989
30782501
30783013
30783525
30784037
30784549
30785061
30785573
30786085
30781478
30781990
30782502
30783014
30783526
30784038
30784550
30785062
30785574
30786086
30781479
30781991
30782503
30783015
30783527
30784039
30784551
30785063
30785575
30786087
30781480
30781992
30782504
30783016
30783528
30784040
30784552
30785064
30785576
30786088
23951595
23952107
23952619
23953131
23953643
23954155
23954667
23955179
23955691
23956203
23951596
23952108
23952620
23953132
23953644
23954156
23954668
23955180
23955692
23956204
23951597
23952109
23952621
23953133
23953645
23954157
23954669
23955181
23955693
23956205
23951598
23952110
23952622
23953134
23953646
23954158
23954670
23955182
23955694
23956206
23951599
23952111
23952623
23953135
23953647
23954159
23954671
23955183
23955695
23956207
23951600
23952112
23952624
23953136
23953648
23954160
23954672
23955184
23955696
23956208
23951601
23952113
23952625
23953137
23953649
23954161
23954673
23955185
23955697
23956209
23951602
23952114
23952626
23953138
23953650
23954162
23954674
23955186
23955698
23956210
23951603
23952115
23952627
23953139
23953651
23954163
23954675
23955187
23955699
23956211
23951604
23952116
23952628
23953140
23953652
23954164
23954676
23955188
23955700
23956212
20188574
20189086
20189598
20190110
20190622
20191134
20191646
20192158
20192670
20193182
20188575
20189087
20189599
20190111
20190623
20191135
20191647
20192159
20192671
20193183
20188576
20189088
20189600
20190112
20190624
20191136
20191648
20192160
20192672
20193184
20188577
20189089
20189601
20190113
20190625
20191137
20191649
20192161
20192673
20193185
20188578
20189090
20189602
20190114
20190626
20191138
20191650
20192162
20192674
20193186
20188579
20189091
20189603
20190115
20190627
20191139
20191651
20192163
20192675
20193187
20188580
20189092
20189604
20190116
20190628
20191140
20191652
20192164
20192676
20193188
20188581
20189093
20189605
20190117
20190629
20191141
20191653
20192165
20192677
20193189
20188582
20189094
20189606
20190118
20190630
20191142
20191654
20192166
20192678
20193190
20188583
20189095
20189607
20190119
20190631
20191143
20191655
20192167
20192679
20193191
30862279
30862791
30863303
30863815
30864327
30864839
30865351
30865863
30866375
30866887
30862280
30862792
30863304
30863816
30864328
30864840
30865352
30865864
30866376
30866888
30862281
30862793
30863305
30863817
30864329
30864841
30865353
30865865
30866377
30866889
30862282
30862794
30863306
30863818
30864330
30864842
30865354
30865866
30866378
30866890
30862283
30862795
30863307
30863819
30864331
30864843
30865355
30865867
30866379
30866891
30862284
30862796
30863308
30863820
30864332
30864844
30865356
30865868
30866380
30866892
30862285
30862797
30863309
30863821
30864333
30864845
30865357
30865869
30866381
30866893
30862286
30862798
30863310
30863822
30864334
30864846
30865358
30865870
30866382
30866894
30862287
30862799
30863311
30863823
30864335
30864847
30865359
30865871
30866383
30866895
30862288
30862800
30863312
30863824
30864336
30864848
30865360
30865872
30866384
30866896
15544681
15545193
15545705
15546217
15546729
15547241
15547753
15548265
15548777
15549289
15544682
15545194
15545706
15546218
15546730
15547242
15547754
15548266
15548778
15549290
15544683
15545195
15545707
15546219
15546731
15547243
15547755
15548267
15548779
15549291
15544684
15545196
15545708
15546220
15546732
15547244
15547756
15548268
15548780
15549292
15544685
15545197
15545709
15546221
15546733
15547245
15547757
15548269
15548781
15549293
15544686
15545198
15545710
15546222
15546734
15547246
15547758
15548270
15548782
15549294
15544687
15545199
15545711
15546223
15546735
15547247
15547759
15548271
15548783
15549295
15544688
15545200
15545712
15546224
15546736
15547248
15547760
15548272
15548784
15549296
15544689
15545201
15545713
15546225
15546737
15547249
15547761
15548273
15548785
15549297
15544690
15545202
15545714
15546226
15546738
15547250
15547762
15548274
15548786
15549298
12324915
12325427
12325939
12326451
12326963
12327475
12327987
12328499
12329011
12329523
12324916
12325428
12325940
12326452
12326964
12327476
12327988
12328500
12329012
12329524
12324917
12325429
12325941
12326453
12326965
12327477
12327989
12328501
12329013
12329525
12324918
12325430
12325942
12326454
12326966
12327478
12327990
12328502
12329014
12329526
12324919
12325431
12325943
12326455
12326967
12327479
12327991
12328503
12329015
12329527
12324920
12325432
12325944
12326456
12326968
12327480
12327992
12328504
12329016
12329528
12324921
12325433
12325945
12326457
12326969
12327481
12327993
12328505
12329017
12329529
12324922
12325434
12325946
12326458
12326970
12327482
12327994
12328506
12329018
12329530
12324923
12325435
12325947
12326459
12326971
12327483
12327995
12328507
12329019
12329531
12324924
12325436
12325948
12326460
12326972
12327484
12327996
12328508
12329020
12329532
