16124096
16124608
16125120
16125632
16126144
16126656
16127168
16127680
16128192
16128704
16124097
16124609
16125121
16125633
16126145
16126657
16127169
16127681
16128193
16128705
16124098
16124610
16125122
16125634
16126146
16126658
16127170
16127682
16128194
16128706
16124099
16124611
16125123
16125635
16126147
16126659
16127171
16127683
16128195
16128707
16124100
16124612
16125124
16125636
16126148
16126660
16127172
16127684
16128196
16128708
16124101
16124613
16125125
16125637
16126149
16126661
16127173
16127685
16128197
16128709
16124102
16124614
16125126
16125638
16126150
16126662
16127174
16127686
16128198
16128710
16124103
16124615
16125127
16125639
16126151
16126663
16127175
16127687
16128199
16128711
16124104
16124616
16125128
16125640
16126152
16126664
16127176
16127688
16128200
16128712
16124105
16124617
16125129
16125641
16126153
16126665
16127177
16127689
16128201
16128713
13454149
13454661
13455173
13455685
13456197
13456709
13457221
13457733
13458245
13458757
13454150
13454662
13455174
13455686
13456198
13456710
13457222
13457734
13458246
13458758
13454151
13454663
13455175
13455687
13456199
13456711
13457223
13457735
13458247
13458759
13454152
13454664
13455176
13455688
13456200
13456712
13457224
13457736
13458248
13458760
13454153
13454665
13455177
13455689
13456201
13456713
13457225
13457737
13458249
13458761
13454154
13454666
13455178
13455690
13456202
13456714
13457226
13457738
13458250
13458762
13454155
13454667
13455179
13455691
13456203
13456715
13457227
13457739
13458251
13458763
13454156
13454668
13455180
13455692
13456204
13456716
13457228
13457740
13458252
13458764
13454157
13454669
13455181
13455693
13456205
13456717
13457229
13457741
13458253
13458765
13454158
13454670
13455182
13455694
13456206
13456718
13457230
13457742
13458254
13458766
14823639
14824151
14824663
14825175
14825687
14826199
14826711
14827223
14827735
14828247
14823640
14824152
14824664
14825176
14825688
14826200
14826712
14827224
14827736
14828248
14823641
14824153
14824665
14825177
14825689
14826201
14826713
14827225
14827737
14828249
14823642
14824154
14824666
14825178
14825690
14826202
14826714
14827226
14827738
14828250
14823643
14824155
14824667
14825179
14825691
14826203
14826715
14827227
14827739
14828251
14823644
14824156
14824668
14825180
14825692
14826204
14826716
14827228
14827740
14828252
14823645
14824157
14824669
14825181
14825693
14826205
14826717
14827229
14827741
14828253
14823646
14824158
14824670
14825182
14825694
14826206
14826718
14827230
14827742
14828254
14823647
14824159
14824671
14825183
14825695
14826207
14826719
14827231
14827743
14828255
14823648
14824160
14824672
14825184
14825696
14826208
14826720
14827232
14827744
14828256
12422965
12423477
12423989
12424501
12425013
12425525
12426037
12426549
12427061
12427573
12422966
12423478
12423990
12424502
12425014
12425526
12426038
12426550
12427062
12427574
12422967
12423479
12423991
12424503
12425015
12425527
12426039
12426551
12427063
12427575
12422968
12423480
12423992
12424504
12425016
12425528
12426040
12426552
12427064
12427576
12422969
12423481
12423993
12424505
12425017
12425529
12426041
12426553
12427065
12427577
12422970
12423482
12423994
12424506
12425018
12425530
12426042
12426554
12427066
12427578
12422971
12423483
12423995
12424507
12425019
12425531
12426043
12426555
12427067
12427579
12422972
12423484
12423996
12424508
12425020
12425532
12426044
12426556
12427068
12427580
12422973
12423485
12423997
12424509
12425021
12425533
12426045
12426557
12427069
12427581
12422974
12423486
12423998
12424510
12425022
12425534
12426046
12426558
12427070
12427582
15854309
15854821
15855333
15855845
15856357
15856869
15857381
15857893
15858405
15858917
15854310
15854822
15855334
15855846
15856358
15856870
15857382
15857894
15858406
15858918
15854311
15854823
15855335
15855847
15856359
15856871
15857383
15857895
15858407
15858919
15854312
15854824
15855336
15855848
15856360
15856872
15857384
15857896
15858408
15858920
15854313
15854825
15855337
15855849
15856361
15856873
15857385
15857897
15858409
15858921
15854314
15854826
15855338
15855850
15856362
15856874
15857386
15857898
15858410
15858922
15854315
15854827
15855339
15855851
15856363
15856875
15857387
15857899
15858411
15858923
15854316
15854828
15855340
15855852
15856364
15856876
15857388
15857900
15858412
15858924
15854317
15854829
15855341
15855853
15856365
15856877
15857389
15857901
15858413
15858925
15854318
15854830
15855342
15855854
15856366
15856878
15857390
15857902
15858414
15858926
14488916
14489428
14489940
14490452
14490964
14491476
14491988
14492500
14493012
14493524
14488917
14489429
14489941
14490453
14490965
14491477
14491989
14492501
14493013
14493525
14488918
14489430
14489942
14490454
14490966
14491478
14491990
14492502
14493014
14493526
14488919
14489431
14489943
14490455
14490967
14491479
14491991
14492503
14493015
14493527
14488920
14489432
14489944
14490456
14490968
14491480
14491992
14492504
14493016
14493528
14488921
14489433
14489945
14490457
14490969
14491481
14491993
14492505
14493017
14493529
14488922
14489434
14489946
14490458
14490970
14491482
14491994
14492506
14493018
14493530
14488923
14489435
14489947
14490459
14490971
14491483
14491995
14492507
14493019
14493531
14488924
14489436
14489948
14490460
14490972
14491484
14491996
14492508
14493020
14493532
14488925
14489437
14489949
14490461
14490973
14491485
14491997
14492509
14493021
14493533
11329304
11329816
11330328
11330840
11331352
11331864
11332376
11332888
11333400
11333912
11329305
11329817
11330329
11330841
11331353
11331865
11332377
11332889
11333401
11333913
11329306
11329818
11330330
11330842
11331354
11331866
11332378
11332890
11333402
11333914
11329307
11329819
11330331
11330843
11331355
11331867
11332379
11332891
11333403
11333915
11329308
11329820
11330332
11330844
11331356
11331868
11332380
11332892
11333404
11333916
11329309
11329821
11330333
11330845
11331357
11331869
11332381
11332893
11333405
11333917
11329310
11329822
11330334
11330846
11331358
11331870
11332382
11332894
11333406
11333918
11329311
11329823
11330335
11330847
11331359
11331871
11332383
11332895
11333407
11333919
11329312
11329824
11330336
11330848
11331360
11331872
11332384
11332896
11333408
11333920
11329313
11329825
11330337
11330849
11331361
11331873
11332385
11332897
11333409
11333921
15815402
15815914
15816426
15816938
15817450
15817962
15818474
15818986
15819498
15820010
15815403
15815915
15816427
15816939
15817451
15817963
15818475
15818987
15819499
15820011
15815404
15815916
15816428
15816940
15817452
15817964
15818476
15818988
15819500
15820012
15815405
15815917
15816429
15816941
15817453
15817965
15818477
15818989
15819501
15820013
15815406
15815918
15816430
15816942
15817454
15817966
15818478
15818990
15819502
15820014
15815407
15815919
15816431
15816943
15817455
15817967
15818479
15818991
15819503
15820015
15815408
15815920
15816432
15816944
15817456
15817968
15818480
15818992
15819504
15820016
15815409
15815921
15816433
15816945
15817457
15817969
15818481
15818993
15819505
15820017
15815410
15815922
15816434
15816946
15817458
15817970
15818482
15818994
15819506
15820018
15815411
15815923
15816435
15816947
15817459
15817971
15818483
15818995
15819507
15820019
14762843
14763355
14763867
14764379
14764891
14765403
14765915
14766427
14766939
14767451
14762844
14763356
14763868
14764380
14764892
14765404
14765916
14766428
14766940
14767452
14762845
14763357
14763869
14764381
14764893
14765405
14765917
14766429
14766941
14767453
14762846
14763358
14763870
14764382
14764894
14765406
14765918
14766430
14766942
14767454
14762847
14763359
14763871
14764383
14764895
14765407
14765919
14766431
14766943
14767455
14762848
14763360
14763872
14764384
14764896
14765408
14765920
14766432
14766944
14767456
14762849
14763361
14763873
14764385
14764897
14765409
14765921
14766433
14766945
14767457
14762850
14763362
14763874
14764386
14764898
14765410
14765922
14766434
14766946
14767458
14762851
14763363
14763875
14764387
14764899
14765411
14765923
14766435
14766947
14767459
14762852
14763364
14763876
14764388
14764900
14765412
14765924
14766436
14766948
14767460
14796982
14797494
14798006
14798518
14799030
14799542
14800054
14800566
14801078
14801590
14796983
14797495
14798007
14798519
14799031
14799543
14800055
14800567
14801079
14801591
14796984
14797496
14798008
14798520
14799032
14799544
14800056
14800568
14801080
14801592
14796985
14797497
14798009
14798521
14799033
14799545
14800057
14800569
14801081
14801593
14796986
14797498
14798010
14798522
14799034
14799546
14800058
14800570
14801082
14801594
14796987
14797499
14798011
14798523
14799035
14799547
14800059
14800571
14801083
14801595
14796988
14797500
14798012
14798524
14799036
14799548
14800060
14800572
14801084
14801596
14796989
14797501
14798013
14798525
14799037
14799549
14800061
14800573
14801085
14801597
14796990
14797502
14798014
14798526
14799038
14799550
14800062
14800574
14801086
14801598
14796991
14797503
14798015
14798527
14799039
14799551
14800063
14800575
14801087
14801599
14013671
14014183
14014695
14015207
14015719
14016231
14016743
14017255
14017767
14018279
14013672
14014184
14014696
14015208
14015720
14016232
14016744
14017256
14017768
14018280
14013673
14014185
14014697
14015209
14015721
14016233
14016745
14017257
14017769
14018281
14013674
14014186
14014698
14015210
14015722
14016234
14016746
14017258
14017770
14018282
14013675
14014187
14014699
14015211
14015723
14016235
14016747
14017259
14017771
14018283
14013676
14014188
14014700
14015212
14015724
14016236
14016748
14017260
14017772
14018284
14013677
14014189
14014701
14015213
14015725
14016237
14016749
14017261
14017773
14018285
14013678
14014190
14014702
14015214
14015726
14016238
14016750
14017262
14017774
14018286
14013679
14014191
14014703
14015215
14015727
14016239
14016751
14017263
14017775
14018287
14013680
14014192
14014704
14015216
14015728
14016240
14016752
14017264
14017776
14018288
14736690
14737202
14737714
14738226
14738738
14739250
14739762
14740274
14740786
14741298
14736691
14737203
14737715
14738227
14738739
14739251
14739763
14740275
14740787
14741299
14736692
14737204
14737716
14738228
14738740
14739252
14739764
14740276
14740788
14741300
14736693
14737205
14737717
14738229
14738741
14739253
14739765
14740277
14740789
14741301
14736694
14737206
14737718
14738230
14738742
14739254
14739766
14740278
14740790
14741302
14736695
14737207
14737719
14738231
14738743
14739255
14739767
14740279
14740791
14741303
14736696
14737208
14737720
14738232
14738744
14739256
14739768
14740280
14740792
14741304
14736697
14737209
14737721
14738233
14738745
14739257
14739769
14740281
14740793
14741305
14736698
14737210
14737722
14738234
14738746
14739258
14739770
14740282
14740794
14741306
14736699
14737211
14737723
14738235
14738747
14739259
14739771
14740283
14740795
14741307
15900887
15901399
15901911
15902423
15902935
15903447
15903959
15904471
15904983
15905495
15900888
15901400
15901912
15902424
15902936
15903448
15903960
15904472
15904984
15905496
15900889
15901401
15901913
15902425
15902937
15903449
15903961
15904473
15904985
15905497
15900890
15901402
15901914
15902426
15902938
15903450
15903962
15904474
15904986
15905498
15900891
15901403
15901915
15902427
15902939
15903451
15903963
15904475
15904987
15905499
15900892
15901404
15901916
15902428
15902940
15903452
15903964
15904476
15904988
15905500
15900893
15901405
15901917
15902429
15902941
15903453
15903965
15904477
15904989
15905501
15900894
15901406
15901918
15902430
15902942
15903454
15903966
15904478
15904990
15905502
15900895
15901407
15901919
15902431
15902943
15903455
15903967
15904479
15904991
15905503
15900896
15901408
15901920
15902432
15902944
15903456
15903968
15904480
15904992
15905504
10032415
10032927
10033439
10033951
10034463
10034975
10035487
10035999
10036511
10037023
10032416
10032928
10033440
10033952
10034464
10034976
10035488
10036000
10036512
10037024
10032417
10032929
10033441
10033953
10034465
10034977
10035489
10036001
10036513
10037025
10032418
10032930
10033442
10033954
10034466
10034978
10035490
10036002
10036514
10037026
10032419
10032931
10033443
10033955
10034467
10034979
10035491
10036003
10036515
10037027
10032420
10032932
10033444
10033956
10034468
10034980
10035492
10036004
10036516
10037028
10032421
10032933
10033445
10033957
10034469
10034981
10035493
10036005
10036517
10037029
10032422
10032934
10033446
10033958
10034470
10034982
10035494
10036006
10036518
10037030
10032423
10032935
10033447
10033959
10034471
10034983
10035495
10036007
10036519
10037031
10032424
10032936
10033448
10033960
10034472
10034984
10035496
10036008
10036520
10037032
12390703
12391215
12391727
12392239
12392751
12393263
12393775
12394287
12394799
12395311
12390704
12391216
12391728
12392240
12392752
12393264
12393776
12394288
12394800
12395312
12390705
12391217
12391729
12392241
12392753
12393265
12393777
12394289
12394801
12395313
12390706
12391218
12391730
12392242
12392754
12393266
12393778
12394290
12394802
12395314
12390707
12391219
12391731
12392243
12392755
12393267
12393779
12394291
12394803
12395315
12390708
12391220
12391732
12392244
12392756
12393268
12393780
12394292
12394804
12395316
12390709
12391221
12391733
12392245
12392757
12393269
12393781
12394293
12394805
12395317
12390710
12391222
12391734
12392246
12392758
12393270
12393782
12394294
12394806
12395318
12390711
12391223
12391735
12392247
12392759
12393271
12393783
12394295
12394807
12395319
12390712
12391224
12391736
12392248
12392760
12393272
12393784
12394296
12394808
12395320
13205803
13206315
13206827
13207339
13207851
13208363
13208875
13209387
13209899
13210411
13205804
13206316
13206828
13207340
13207852
13208364
13208876
13209388
13209900
13210412
13205805
13206317
13206829
13207341
13207853
13208365
13208877
13209389
13209901
13210413
13205806
13206318
13206830
13207342
13207854
13208366
13208878
13209390
13209902
13210414
13205807
13206319
13206831
13207343
13207855
13208367
13208879
13209391
13209903
13210415
13205808
13206320
13206832
13207344
13207856
13208368
13208880
13209392
13209904
13210416
13205809
13206321
13206833
13207345
13207857
13208369
13208881
13209393
13209905
13210417
13205810
13206322
13206834
13207346
13207858
13208370
13208882
13209394
13209906
13210418
13205811
13206323
13206835
13207347
13207859
13208371
13208883
13209395
13209907
13210419
13205812
13206324
13206836
13207348
13207860
13208372
13208884
13209396
13209908
13210420
15635664
15636176
15636688
15637200
15637712
15638224
15638736
15639248
15639760
15640272
15635665
15636177
15636689
15637201
15637713
15638225
15638737
15639249
15639761
15640273
15635666
15636178
15636690
15637202
15637714
15638226
15638738
15639250
15639762
15640274
15635667
15636179
15636691
15637203
15637715
15638227
15638739
15639251
15639763
15640275
15635668
15636180
15636692
15637204
15637716
15638228
15638740
15639252
15639764
15640276
15635669
15636181
15636693
15637205
15637717
15638229
15638741
15639253
15639765
15640277
15635670
15636182
15636694
15637206
15637718
15638230
15638742
15639254
15639766
15640278
15635671
15636183
15636695
15637207
15637719
15638231
15638743
15639255
15639767
15640279
15635672
15636184
15636696
15637208
15637720
15638232
15638744
15639256
15639768
15640280
15635673
15636185
15636697
15637209
15637721
15638233
15638745
15639257
15639769
15640281
17117459
17117971
17118483
17118995
17119507
17120019
17120531
17121043
17121555
17122067
17117460
17117972
17118484
17118996
17119508
17120020
17120532
17121044
17121556
17122068
17117461
17117973
17118485
17118997
17119509
17120021
17120533
17121045
17121557
17122069
17117462
17117974
17118486
17118998
17119510
17120022
17120534
17121046
17121558
17122070
17117463
17117975
17118487
17118999
17119511
17120023
17120535
17121047
17121559
17122071
17117464
17117976
17118488
17119000
17119512
17120024
17120536
17121048
17121560
17122072
17117465
17117977
17118489
17119001
17119513
17120025
17120537
17121049
17121561
17122073
17117466
17117978
17118490
17119002
17119514
17120026
17120538
17121050
17121562
17122074
17117467
17117979
17118491
17119003
17119515
17120027
17120539
17121051
17121563
17122075
17117468
17117980
17118492
17119004
17119516
17120028
17120540
17121052
17121564
17122076
16409317
16409829
16410341
16410853
16411365
16411877
16412389
16412901
16413413
16413925
16409318
16409830
16410342
16410854
16411366
16411878
16412390
16412902
16413414
16413926
16409319
16409831
16410343
16410855
16411367
16411879
16412391
16412903
16413415
16413927
16409320
16409832
16410344
16410856
16411368
16411880
16412392
16412904
16413416
16413928
16409321
16409833
16410345
16410857
16411369
16411881
16412393
16412905
16413417
16413929
16409322
16409834
16410346
16410858
16411370
16411882
16412394
16412906
16413418
16413930
16409323
16409835
16410347
16410859
16411371
16411883
16412395
16412907
16413419
16413931
16409324
16409836
16410348
16410860
16411372
16411884
16412396
16412908
16413420
16413932
16409325
16409837
16410349
16410861
16411373
16411885
16412397
16412909
16413421
16413933
16409326
16409838
16410350
16410862
16411374
16411886
16412398
16412910
16413422
16413934
16579332
16579844
16580356
16580868
16581380
16581892
16582404
16582916
16583428
16583940
16579333
16579845
16580357
16580869
16581381
16581893
16582405
16582917
16583429
16583941
16579334
16579846
16580358
16580870
16581382
16581894
16582406
16582918
16583430
16583942
16579335
16579847
16580359
16580871
16581383
16581895
16582407
16582919
16583431
16583943
16579336
16579848
16580360
16580872
16581384
16581896
16582408
16582920
16583432
16583944
16579337
16579849
16580361
16580873
16581385
16581897
16582409
16582921
16583433
16583945
16579338
16579850
16580362
16580874
16581386
16581898
16582410
16582922
16583434
16583946
16579339
16579851
16580363
16580875
16581387
16581899
16582411
16582923
16583435
16583947
16579340
16579852
16580364
16580876
16581388
16581900
16582412
16582924
16583436
16583948
16579341
16579853
16580365
16580877
16581389
16581901
16582413
16582925
16583437
16583949
13445926
13446438
13446950
13447462
13447974
13448486
13448998
13449510
13450022
13450534
13445927
13446439
13446951
13447463
13447975
13448487
13448999
13449511
13450023
13450535
13445928
13446440
13446952
13447464
13447976
13448488
13449000
13449512
13450024
13450536
13445929
13446441
13446953
13447465
13447977
13448489
13449001
13449513
13450025
13450537
13445930
13446442
13446954
13447466
13447978
13448490
13449002
13449514
13450026
13450538
13445931
13446443
13446955
13447467
13447979
13448491
13449003
13449515
13450027
13450539
13445932
13446444
13446956
13447468
13447980
13448492
13449004
13449516
13450028
13450540
13445933
13446445
13446957
13447469
13447981
13448493
13449005
13449517
13450029
13450541
13445934
13446446
13446958
13447470
13447982
13448494
13449006
13449518
13450030
13450542
13445935
13446447
13446959
13447471
13447983
13448495
13449007
13449519
13450031
13450543
16084229
16084741
16085253
16085765
16086277
16086789
16087301
16087813
16088325
16088837
16084230
16084742
16085254
16085766
16086278
16086790
16087302
16087814
16088326
16088838
16084231
16084743
16085255
16085767
16086279
16086791
16087303
16087815
16088327
16088839
16084232
16084744
16085256
16085768
16086280
16086792
16087304
16087816
16088328
16088840
16084233
16084745
16085257
16085769
16086281
16086793
16087305
16087817
16088329
16088841
16084234
16084746
16085258
16085770
16086282
16086794
16087306
16087818
16088330
16088842
16084235
16084747
16085259
16085771
16086283
16086795
16087307
16087819
16088331
16088843
16084236
16084748
16085260
16085772
16086284
16086796
16087308
16087820
16088332
16088844
16084237
16084749
16085261
16085773
16086285
16086797
16087309
16087821
16088333
16088845
16084238
16084750
16085262
16085774
16086286
16086798
16087310
16087822
16088334
16088846
15869100
15869612
15870124
15870636
15871148
15871660
15872172
15872684
15873196
15873708
15869101
15869613
15870125
15870637
15871149
15871661
15872173
15872685
15873197
15873709
15869102
15869614
15870126
15870638
15871150
15871662
15872174
15872686
15873198
15873710
15869103
15869615
15870127
15870639
15871151
15871663
15872175
15872687
15873199
15873711
15869104
15869616
15870128
15870640
15871152
15871664
15872176
15872688
15873200
15873712
15869105
15869617
15870129
15870641
15871153
15871665
15872177
15872689
15873201
15873713
15869106
15869618
15870130
15870642
15871154
15871666
15872178
15872690
15873202
15873714
15869107
15869619
15870131
15870643
15871155
15871667
15872179
15872691
15873203
15873715
15869108
15869620
15870132
15870644
15871156
15871668
15872180
15872692
15873204
15873716
15869109
15869621
15870133
15870645
15871157
15871669
15872181
15872693
15873205
15873717
13239978
13240490
13241002
13241514
13242026
13242538
13243050
13243562
13244074
13244586
13239979
13240491
13241003
13241515
13242027
13242539
13243051
13243563
13244075
13244587
13239980
13240492
13241004
13241516
13242028
13242540
13243052
13243564
13244076
13244588
13239981
13240493
13241005
13241517
13242029
13242541
13243053
13243565
13244077
13244589
13239982
13240494
13241006
13241518
13242030
13242542
13243054
13243566
13244078
13244590
13239983
13240495
13241007
13241519
13242031
13242543
13243055
13243567
13244079
13244591
13239984
13240496
13241008
13241520
13242032
13242544
13243056
13243568
13244080
13244592
13239985
13240497
13241009
13241521
13242033
13242545
13243057
13243569
13244081
13244593
13239986
13240498
13241010
13241522
13242034
13242546
13243058
13243570
13244082
13244594
13239987
13240499
13241011
13241523
13242035
13242547
13243059
13243571
13244083
13244595
17169597
17170109
17170621
17171133
17171645
17172157
17172669
17173181
17173693
17174205
17169598
17170110
17170622
17171134
17171646
17172158
17172670
17173182
17173694
17174206
17169599
17170111
17170623
17171135
17171647
17172159
17172671
17173183
17173695
17174207
17169600
17170112
17170624
17171136
17171648
17172160
17172672
17173184
17173696
17174208
17169601
17170113
17170625
17171137
17171649
17172161
17172673
17173185
17173697
17174209
17169602
17170114
17170626
17171138
17171650
17172162
17172674
17173186
17173698
17174210
17169603
17170115
17170627
17171139
17171651
17172163
17172675
17173187
17173699
17174211
17169604
17170116
17170628
17171140
17171652
17172164
17172676
17173188
17173700
17174212
17169605
17170117
17170629
17171141
17171653
17172165
17172677
17173189
17173701
17174213
17169606
17170118
17170630
17171142
17171654
17172166
17172678
17173190
17173702
17174214
13167395
13167907
13168419
13168931
13169443
13169955
13170467
13170979
13171491
13172003
13167396
13167908
13168420
13168932
13169444
13169956
13170468
13170980
13171492
13172004
13167397
13167909
13168421
13168933
13169445
13169957
13170469
13170981
13171493
13172005
13167398
13167910
13168422
13168934
13169446
13169958
13170470
13170982
13171494
13172006
13167399
13167911
13168423
13168935
13169447
13169959
13170471
13170983
13171495
13172007
13167400
13167912
13168424
13168936
13169448
13169960
13170472
13170984
13171496
13172008
13167401
13167913
13168425
13168937
13169449
13169961
13170473
13170985
13171497
13172009
13167402
13167914
13168426
13168938
13169450
13169962
13170474
13170986
13171498
13172010
13167403
13167915
13168427
13168939
13169451
13169963
13170475
13170987
13171499
13172011
13167404
13167916
13168428
13168940
13169452
13169964
13170476
13170988
13171500
13172012
11627799
11628311
11628823
11629335
11629847
11630359
11630871
11631383
11631895
11632407
11627800
11628312
11628824
11629336
11629848
11630360
11630872
11631384
11631896
11632408
11627801
11628313
11628825
11629337
11629849
11630361
11630873
11631385
11631897
11632409
11627802
11628314
11628826
11629338
11629850
11630362
11630874
11631386
11631898
11632410
11627803
11628315
11628827
11629339
11629851
11630363
11630875
11631387
11631899
11632411
11627804
11628316
11628828
11629340
11629852
11630364
11630876
11631388
11631900
11632412
11627805
11628317
11628829
11629341
11629853
11630365
11630877
11631389
11631901
11632413
11627806
11628318
11628830
11629342
11629854
11630366
11630878
11631390
11631902
11632414
11627807
11628319
11628831
11629343
11629855
11630367
11630879
11631391
11631903
11632415
11627808
11628320
11628832
11629344
11629856
11630368
11630880
11631392
11631904
11632416
15039675
15040187
15040699
15041211
15041723
15042235
15042747
15043259
15043771
15044283
15039676
15040188
15040700
15041212
15041724
15042236
15042748
15043260
15043772
15044284
15039677
15040189
15040701
15041213
15041725
15042237
15042749
15043261
15043773
15044285
15039678
15040190
15040702
15041214
15041726
15042238
15042750
15043262
15043774
15044286
15039679
15040191
15040703
15041215
15041727
15042239
15042751
15043263
15043775
15044287
15039680
15040192
15040704
15041216
15041728
15042240
15042752
15043264
15043776
15044288
15039681
15040193
15040705
15041217
15041729
15042241
15042753
15043265
15043777
15044289
15039682
15040194
15040706
15041218
15041730
15042242
15042754
15043266
15043778
15044290
15039683
15040195
15040707
15041219
15041731
15042243
15042755
15043267
15043779
15044291
15039684
15040196
15040708
15041220
15041732
15042244
15042756
15043268
15043780
15044292
14496593
14497105
14497617
14498129
14498641
14499153
14499665
14500177
14500689
14501201
14496594
14497106
14497618
14498130
14498642
14499154
14499666
14500178
14500690
14501202
14496595
14497107
14497619
14498131
14498643
14499155
14499667
14500179
14500691
14501203
14496596
14497108
14497620
14498132
14498644
14499156
14499668
14500180
14500692
14501204
14496597
14497109
14497621
14498133
14498645
14499157
14499669
14500181
14500693
14501205
14496598
14497110
14497622
14498134
14498646
14499158
14499670
14500182
14500694
14501206
14496599
14497111
14497623
14498135
14498647
14499159
14499671
14500183
14500695
14501207
14496600
14497112
14497624
14498136
14498648
14499160
14499672
14500184
14500696
14501208
14496601
14497113
14497625
14498137
14498649
14499161
14499673
14500185
14500697
14501209
14496602
14497114
14497626
14498138
14498650
14499162
14499674
14500186
14500698
14501210
11621130
11621642
11622154
11622666
11623178
11623690
11624202
11624714
11625226
11625738
11621131
11621643
11622155
11622667
11623179
11623691
11624203
11624715
11625227
11625739
11621132
11621644
11622156
11622668
11623180
11623692
11624204
11624716
11625228
11625740
11621133
11621645
11622157
11622669
11623181
11623693
11624205
11624717
11625229
11625741
11621134
11621646
11622158
11622670
11623182
11623694
11624206
11624718
11625230
11625742
11621135
11621647
11622159
11622671
11623183
11623695
11624207
11624719
11625231
11625743
11621136
11621648
11622160
11622672
11623184
11623696
11624208
11624720
11625232
11625744
11621137
11621649
11622161
11622673
11623185
11623697
11624209
11624721
11625233
11625745
11621138
11621650
11622162
11622674
11623186
11623698
11624210
11624722
11625234
11625746
11621139
11621651
11622163
11622675
11623187
11623699
11624211
11624723
11625235
11625747
