18363882
18364394
18364906
18365418
18365930
18366442
18366954
18367466
18367978
18368490
18363883
18364395
18364907
18365419
18365931
18366443
18366955
18367467
18367979
18368491
18363884
18364396
18364908
18365420
18365932
18366444
18366956
18367468
18367980
18368492
18363885
18364397
18364909
18365421
18365933
18366445
18366957
18367469
18367981
18368493
18363886
18364398
18364910
18365422
18365934
18366446
18366958
18367470
18367982
18368494
18363887
18364399
18364911
18365423
18365935
18366447
18366959
18367471
18367983
18368495
18363888
18364400
18364912
18365424
18365936
18366448
18366960
18367472
18367984
18368496
18363889
18364401
18364913
18365425
18365937
18366449
18366961
18367473
18367985
18368497
18363890
18364402
18364914
18365426
18365938
18366450
18366962
18367474
18367986
18368498
18363891
18364403
18364915
18365427
18365939
18366451
18366963
18367475
18367987
18368499
11160177
11160689
11161201
11161713
11162225
11162737
11163249
11163761
11164273
11164785
11160178
11160690
11161202
11161714
11162226
11162738
11163250
11163762
11164274
11164786
11160179
11160691
11161203
11161715
11162227
11162739
11163251
11163763
11164275
11164787
11160180
11160692
11161204
11161716
11162228
11162740
11163252
11163764
11164276
11164788
11160181
11160693
11161205
11161717
11162229
11162741
11163253
11163765
11164277
11164789
11160182
11160694
11161206
11161718
11162230
11162742
11163254
11163766
11164278
11164790
11160183
11160695
11161207
11161719
11162231
11162743
11163255
11163767
11164279
11164791
11160184
11160696
11161208
11161720
11162232
11162744
11163256
11163768
11164280
11164792
11160185
11160697
11161209
11161721
11162233
11162745
11163257
11163769
11164281
11164793
11160186
11160698
11161210
11161722
11162234
11162746
11163258
11163770
11164282
11164794
22034566
22035078
22035590
22036102
22036614
22037126
22037638
22038150
22038662
22039174
22034567
22035079
22035591
22036103
22036615
22037127
22037639
22038151
22038663
22039175
22034568
22035080
22035592
22036104
22036616
22037128
22037640
22038152
22038664
22039176
22034569
22035081
22035593
22036105
22036617
22037129
22037641
22038153
22038665
22039177
22034570
22035082
22035594
22036106
22036618
22037130
22037642
22038154
22038666
22039178
22034571
22035083
22035595
22036107
22036619
22037131
22037643
22038155
22038667
22039179
22034572
22035084
22035596
22036108
22036620
22037132
22037644
22038156
22038668
22039180
22034573
22035085
22035597
22036109
22036621
22037133
22037645
22038157
22038669
22039181
22034574
22035086
22035598
22036110
22036622
22037134
22037646
22038158
22038670
22039182
22034575
22035087
22035599
22036111
22036623
22037135
22037647
22038159
22038671
22039183
25808993
25809505
25810017
25810529
25811041
25811553
25812065
25812577
25813089
25813601
25808994
25809506
25810018
25810530
25811042
25811554
25812066
25812578
25813090
25813602
25808995
25809507
25810019
25810531
25811043
25811555
25812067
25812579
25813091
25813603
25808996
25809508
25810020
25810532
25811044
25811556
25812068
25812580
25813092
25813604
25808997
25809509
25810021
25810533
25811045
25811557
25812069
25812581
25813093
25813605
25808998
25809510
25810022
25810534
25811046
25811558
25812070
25812582
25813094
25813606
25808999
25809511
25810023
25810535
25811047
25811559
25812071
25812583
25813095
25813607
25809000
25809512
25810024
25810536
25811048
25811560
25812072
25812584
25813096
25813608
25809001
25809513
25810025
25810537
25811049
25811561
25812073
25812585
25813097
25813609
25809002
25809514
25810026
25810538
25811050
25811562
25812074
25812586
25813098
25813610
13618736
13619248
13619760
13620272
13620784
13621296
13621808
13622320
13622832
13623344
13618737
13619249
13619761
13620273
13620785
13621297
13621809
13622321
13622833
13623345
13618738
13619250
13619762
13620274
13620786
13621298
13621810
13622322
13622834
13623346
13618739
13619251
13619763
13620275
13620787
13621299
13621811
13622323
13622835
13623347
13618740
13619252
13619764
13620276
13620788
13621300
13621812
13622324
13622836
13623348
13618741
13619253
13619765
13620277
13620789
13621301
13621813
13622325
13622837
13623349
13618742
13619254
13619766
13620278
13620790
13621302
13621814
13622326
13622838
13623350
13618743
13619255
13619767
13620279
13620791
13621303
13621815
13622327
13622839
13623351
13618744
13619256
13619768
13620280
13620792
13621304
13621816
13622328
13622840
13623352
13618745
13619257
13619769
13620281
13620793
13621305
13621817
13622329
13622841
13623353
21175179
21175691
21176203
21176715
21177227
21177739
21178251
21178763
21179275
21179787
21175180
21175692
21176204
21176716
21177228
21177740
21178252
21178764
21179276
21179788
21175181
21175693
21176205
21176717
21177229
21177741
21178253
21178765
21179277
21179789
21175182
21175694
21176206
21176718
21177230
21177742
21178254
21178766
21179278
21179790
21175183
21175695
21176207
21176719
21177231
21177743
21178255
21178767
21179279
21179791
21175184
21175696
21176208
21176720
21177232
21177744
21178256
21178768
21179280
21179792
21175185
21175697
21176209
21176721
21177233
21177745
21178257
21178769
21179281
21179793
21175186
21175698
21176210
21176722
21177234
21177746
21178258
21178770
21179282
21179794
21175187
21175699
21176211
21176723
21177235
21177747
21178259
21178771
21179283
21179795
21175188
21175700
21176212
21176724
21177236
21177748
21178260
21178772
21179284
21179796
7003166
7003678
7004190
7004702
7005214
7005726
7006238
7006750
7007262
7007774
7003167
7003679
7004191
7004703
7005215
7005727
7006239
7006751
7007263
7007775
7003168
7003680
7004192
7004704
7005216
7005728
7006240
7006752
7007264
7007776
7003169
7003681
7004193
7004705
7005217
7005729
7006241
7006753
7007265
7007777
7003170
7003682
7004194
7004706
7005218
7005730
7006242
7006754
7007266
7007778
7003171
7003683
7004195
7004707
7005219
7005731
7006243
7006755
7007267
7007779
7003172
7003684
7004196
7004708
7005220
7005732
7006244
7006756
7007268
7007780
7003173
7003685
7004197
7004709
7005221
7005733
7006245
7006757
7007269
7007781
7003174
7003686
7004198
7004710
7005222
7005734
7006246
7006758
7007270
7007782
7003175
7003687
7004199
7004711
7005223
7005735
7006247
7006759
7007271
7007783
22326185
22326697
22327209
22327721
22328233
22328745
22329257
22329769
22330281
22330793
22326186
22326698
22327210
22327722
22328234
22328746
22329258
22329770
22330282
22330794
22326187
22326699
22327211
22327723
22328235
22328747
22329259
22329771
22330283
22330795
22326188
22326700
22327212
22327724
22328236
22328748
22329260
22329772
22330284
22330796
22326189
22326701
22327213
22327725
22328237
22328749
22329261
22329773
22330285
22330797
22326190
22326702
22327214
22327726
22328238
22328750
22329262
22329774
22330286
22330798
22326191
22326703
22327215
22327727
22328239
22328751
22329263
22329775
22330287
22330799
22326192
22326704
22327216
22327728
22328240
22328752
22329264
22329776
22330288
22330800
22326193
22326705
22327217
22327729
22328241
22328753
22329265
22329777
22330289
22330801
22326194
22326706
22327218
22327730
22328242
22328754
22329266
22329778
22330290
22330802
25216142
25216654
25217166
25217678
25218190
25218702
25219214
25219726
25220238
25220750
25216143
25216655
25217167
25217679
25218191
25218703
25219215
25219727
25220239
25220751
25216144
25216656
25217168
25217680
25218192
25218704
25219216
25219728
25220240
25220752
25216145
25216657
25217169
25217681
25218193
25218705
25219217
25219729
25220241
25220753
25216146
25216658
25217170
25217682
25218194
25218706
25219218
25219730
25220242
25220754
25216147
25216659
25217171
25217683
25218195
25218707
25219219
25219731
25220243
25220755
25216148
25216660
25217172
25217684
25218196
25218708
25219220
25219732
25220244
25220756
25216149
25216661
25217173
25217685
25218197
25218709
25219221
25219733
25220245
25220757
25216150
25216662
25217174
25217686
25218198
25218710
25219222
25219734
25220246
25220758
25216151
25216663
25217175
25217687
25218199
25218711
25219223
25219735
25220247
25220759
25483005
25483517
25484029
25484541
25485053
25485565
25486077
25486589
25487101
25487613
25483006
25483518
25484030
25484542
25485054
25485566
25486078
25486590
25487102
25487614
25483007
25483519
25484031
25484543
25485055
25485567
25486079
25486591
25487103
25487615
25483008
25483520
25484032
25484544
25485056
25485568
25486080
25486592
25487104
25487616
25483009
25483521
25484033
25484545
25485057
25485569
25486081
25486593
25487105
25487617
25483010
25483522
25484034
25484546
25485058
25485570
25486082
25486594
25487106
25487618
25483011
25483523
25484035
25484547
25485059
25485571
25486083
25486595
25487107
25487619
25483012
25483524
25484036
25484548
25485060
25485572
25486084
25486596
25487108
25487620
25483013
25483525
25484037
25484549
25485061
25485573
25486085
25486597
25487109
25487621
25483014
25483526
25484038
25484550
25485062
25485574
25486086
25486598
25487110
25487622
1332285
1332797
1333309
1333821
1334333
1334845
1335357
1335869
1336381
1336893
1332286
1332798
1333310
1333822
1334334
1334846
1335358
1335870
1336382
1336894
1332287
1332799
1333311
1333823
1334335
1334847
1335359
1335871
1336383
1336895
1332288
1332800
1333312
1333824
1334336
1334848
1335360
1335872
1336384
1336896
1332289
1332801
1333313
1333825
1334337
1334849
1335361
1335873
1336385
1336897
1332290
1332802
1333314
1333826
1334338
1334850
1335362
1335874
1336386
1336898
1332291
1332803
1333315
1333827
1334339
1334851
1335363
1335875
1336387
1336899
1332292
1332804
1333316
1333828
1334340
1334852
1335364
1335876
1336388
1336900
1332293
1332805
1333317
1333829
1334341
1334853
1335365
1335877
1336389
1336901
1332294
1332806
1333318
1333830
1334342
1334854
1335366
1335878
1336390
1336902
12313245
12313757
12314269
12314781
12315293
12315805
12316317
12316829
12317341
12317853
12313246
12313758
12314270
12314782
12315294
12315806
12316318
12316830
12317342
12317854
12313247
12313759
12314271
12314783
12315295
12315807
12316319
12316831
12317343
12317855
12313248
12313760
12314272
12314784
12315296
12315808
12316320
12316832
12317344
12317856
12313249
12313761
12314273
12314785
12315297
12315809
12316321
12316833
12317345
12317857
12313250
12313762
12314274
12314786
12315298
12315810
12316322
12316834
12317346
12317858
12313251
12313763
12314275
12314787
12315299
12315811
12316323
12316835
12317347
12317859
12313252
12313764
12314276
12314788
12315300
12315812
12316324
12316836
12317348
12317860
12313253
12313765
12314277
12314789
12315301
12315813
12316325
12316837
12317349
12317861
12313254
12313766
12314278
12314790
12315302
12315814
12316326
12316838
12317350
12317862
24411750
24412262
24412774
24413286
24413798
24414310
24414822
24415334
24415846
24416358
24411751
24412263
24412775
24413287
24413799
24414311
24414823
24415335
24415847
24416359
24411752
24412264
24412776
24413288
24413800
24414312
24414824
24415336
24415848
24416360
24411753
24412265
24412777
24413289
24413801
24414313
24414825
24415337
24415849
24416361
24411754
24412266
24412778
24413290
24413802
24414314
24414826
24415338
24415850
24416362
24411755
24412267
24412779
24413291
24413803
24414315
24414827
24415339
24415851
24416363
24411756
24412268
24412780
24413292
24413804
24414316
24414828
24415340
24415852
24416364
24411757
24412269
24412781
24413293
24413805
24414317
24414829
24415341
24415853
24416365
24411758
24412270
24412782
24413294
24413806
24414318
24414830
24415342
24415854
24416366
24411759
24412271
24412783
24413295
24413807
24414319
24414831
24415343
24415855
24416367
14226582
14227094
14227606
14228118
14228630
14229142
14229654
14230166
14230678
14231190
14226583
14227095
14227607
14228119
14228631
14229143
14229655
14230167
14230679
14231191
14226584
14227096
14227608
14228120
14228632
14229144
14229656
14230168
14230680
14231192
14226585
14227097
14227609
14228121
14228633
14229145
14229657
14230169
14230681
14231193
14226586
14227098
14227610
14228122
14228634
14229146
14229658
14230170
14230682
14231194
14226587
14227099
14227611
14228123
14228635
14229147
14229659
14230171
14230683
14231195
14226588
14227100
14227612
14228124
14228636
14229148
14229660
14230172
14230684
14231196
14226589
14227101
14227613
14228125
14228637
14229149
14229661
14230173
14230685
14231197
14226590
14227102
14227614
14228126
14228638
14229150
14229662
14230174
14230686
14231198
14226591
14227103
14227615
14228127
14228639
14229151
14229663
14230175
14230687
14231199
32090853
32091365
32091877
32092389
32092901
32093413
32093925
32094437
32094949
32095461
32090854
32091366
32091878
32092390
32092902
32093414
32093926
32094438
32094950
32095462
32090855
32091367
32091879
32092391
32092903
32093415
32093927
32094439
32094951
32095463
32090856
32091368
32091880
32092392
32092904
32093416
32093928
32094440
32094952
32095464
32090857
32091369
32091881
32092393
32092905
32093417
32093929
32094441
32094953
32095465
32090858
32091370
32091882
32092394
32092906
32093418
32093930
32094442
32094954
32095466
32090859
32091371
32091883
32092395
32092907
32093419
32093931
32094443
32094955
32095467
32090860
32091372
32091884
32092396
32092908
32093420
32093932
32094444
32094956
32095468
32090861
32091373
32091885
32092397
32092909
32093421
32093933
32094445
32094957
32095469
32090862
32091374
32091886
32092398
32092910
32093422
32093934
32094446
32094958
32095470
30880511
30881023
30881535
30882047
30882559
30883071
30883583
30884095
30884607
30885119
30880512
30881024
30881536
30882048
30882560
30883072
30883584
30884096
30884608
30885120
30880513
30881025
30881537
30882049
30882561
30883073
30883585
30884097
30884609
30885121
30880514
30881026
30881538
30882050
30882562
30883074
30883586
30884098
30884610
30885122
30880515
30881027
30881539
30882051
30882563
30883075
30883587
30884099
30884611
30885123
30880516
30881028
30881540
30882052
30882564
30883076
30883588
30884100
30884612
30885124
30880517
30881029
30881541
30882053
30882565
30883077
30883589
30884101
30884613
30885125
30880518
30881030
30881542
30882054
30882566
30883078
30883590
30884102
30884614
30885126
30880519
30881031
30881543
30882055
30882567
30883079
30883591
30884103
30884615
30885127
30880520
30881032
30881544
30882056
30882568
30883080
30883592
30884104
30884616
30885128
17072679
17073191
17073703
17074215
17074727
17075239
17075751
17076263
17076775
17077287
17072680
17073192
17073704
17074216
17074728
17075240
17075752
17076264
17076776
17077288
17072681
17073193
17073705
17074217
17074729
17075241
17075753
17076265
17076777
17077289
17072682
17073194
17073706
17074218
17074730
17075242
17075754
17076266
17076778
17077290
17072683
17073195
17073707
17074219
17074731
17075243
17075755
17076267
17076779
17077291
17072684
17073196
17073708
17074220
17074732
17075244
17075756
17076268
17076780
17077292
17072685
17073197
17073709
17074221
17074733
17075245
17075757
17076269
17076781
17077293
17072686
17073198
17073710
17074222
17074734
17075246
17075758
17076270
17076782
17077294
17072687
17073199
17073711
17074223
17074735
17075247
17075759
17076271
17076783
17077295
17072688
17073200
17073712
17074224
17074736
17075248
17075760
17076272
17076784
17077296
508104
508616
509128
509640
510152
510664
511176
511688
512200
512712
508105
508617
509129
509641
510153
510665
511177
511689
512201
512713
508106
508618
509130
509642
510154
510666
511178
511690
512202
512714
508107
508619
509131
509643
510155
510667
511179
511691
512203
512715
508108
508620
509132
509644
510156
510668
511180
511692
512204
512716
508109
508621
509133
509645
510157
510669
511181
511693
512205
512717
508110
508622
509134
509646
510158
510670
511182
511694
512206
512718
508111
508623
509135
509647
510159
510671
511183
511695
512207
512719
508112
508624
509136
509648
510160
510672
511184
511696
512208
512720
508113
508625
509137
509649
510161
510673
511185
511697
512209
512721
5356589
5357101
5357613
5358125
5358637
5359149
5359661
5360173
5360685
5361197
5356590
5357102
5357614
5358126
5358638
5359150
5359662
5360174
5360686
5361198
5356591
5357103
5357615
5358127
5358639
5359151
5359663
5360175
5360687
5361199
5356592
5357104
5357616
5358128
5358640
5359152
5359664
5360176
5360688
5361200
5356593
5357105
5357617
5358129
5358641
5359153
5359665
5360177
5360689
5361201
5356594
5357106
5357618
5358130
5358642
5359154
5359666
5360178
5360690
5361202
5356595
5357107
5357619
5358131
5358643
5359155
5359667
5360179
5360691
5361203
5356596
5357108
5357620
5358132
5358644
5359156
5359668
5360180
5360692
5361204
5356597
5357109
5357621
5358133
5358645
5359157
5359669
5360181
5360693
5361205
5356598
5357110
5357622
5358134
5358646
5359158
5359670
5360182
5360694
5361206
23433751
23434263
23434775
23435287
23435799
23436311
23436823
23437335
23437847
23438359
23433752
23434264
23434776
23435288
23435800
23436312
23436824
23437336
23437848
23438360
23433753
23434265
23434777
23435289
23435801
23436313
23436825
23437337
23437849
23438361
23433754
23434266
23434778
23435290
23435802
23436314
23436826
23437338
23437850
23438362
23433755
23434267
23434779
23435291
23435803
23436315
23436827
23437339
23437851
23438363
23433756
23434268
23434780
23435292
23435804
23436316
23436828
23437340
23437852
23438364
23433757
23434269
23434781
23435293
23435805
23436317
23436829
23437341
23437853
23438365
23433758
23434270
23434782
23435294
23435806
23436318
23436830
23437342
23437854
23438366
23433759
23434271
23434783
23435295
23435807
23436319
23436831
23437343
23437855
23438367
23433760
23434272
23434784
23435296
23435808
23436320
23436832
23437344
23437856
23438368
12255927
12256439
12256951
12257463
12257975
12258487
12258999
12259511
12260023
12260535
12255928
12256440
12256952
12257464
12257976
12258488
12259000
12259512
12260024
12260536
12255929
12256441
12256953
12257465
12257977
12258489
12259001
12259513
12260025
12260537
12255930
12256442
12256954
12257466
12257978
12258490
12259002
12259514
12260026
12260538
12255931
12256443
12256955
12257467
12257979
12258491
12259003
12259515
12260027
12260539
12255932
12256444
12256956
12257468
12257980
12258492
12259004
12259516
12260028
12260540
12255933
12256445
12256957
12257469
12257981
12258493
12259005
12259517
12260029
12260541
12255934
12256446
12256958
12257470
12257982
12258494
12259006
12259518
12260030
12260542
12255935
12256447
12256959
12257471
12257983
12258495
12259007
12259519
12260031
12260543
12255936
12256448
12256960
12257472
12257984
12258496
12259008
12259520
12260032
12260544
27848710
27849222
27849734
27850246
27850758
27851270
27851782
27852294
27852806
27853318
27848711
27849223
27849735
27850247
27850759
27851271
27851783
27852295
27852807
27853319
27848712
27849224
27849736
27850248
27850760
27851272
27851784
27852296
27852808
27853320
27848713
27849225
27849737
27850249
27850761
27851273
27851785
27852297
27852809
27853321
27848714
27849226
27849738
27850250
27850762
27851274
27851786
27852298
27852810
27853322
27848715
27849227
27849739
27850251
27850763
27851275
27851787
27852299
27852811
27853323
27848716
27849228
27849740
27850252
27850764
27851276
27851788
27852300
27852812
27853324
27848717
27849229
27849741
27850253
27850765
27851277
27851789
27852301
27852813
27853325
27848718
27849230
27849742
27850254
27850766
27851278
27851790
27852302
27852814
27853326
27848719
27849231
27849743
27850255
27850767
27851279
27851791
27852303
27852815
27853327
11948230
11948742
11949254
11949766
11950278
11950790
11951302
11951814
11952326
11952838
11948231
11948743
11949255
11949767
11950279
11950791
11951303
11951815
11952327
11952839
11948232
11948744
11949256
11949768
11950280
11950792
11951304
11951816
11952328
11952840
11948233
11948745
11949257
11949769
11950281
11950793
11951305
11951817
11952329
11952841
11948234
11948746
11949258
11949770
11950282
11950794
11951306
11951818
11952330
11952842
11948235
11948747
11949259
11949771
11950283
11950795
11951307
11951819
11952331
11952843
11948236
11948748
11949260
11949772
11950284
11950796
11951308
11951820
11952332
11952844
11948237
11948749
11949261
11949773
11950285
11950797
11951309
11951821
11952333
11952845
11948238
11948750
11949262
11949774
11950286
11950798
11951310
11951822
11952334
11952846
11948239
11948751
11949263
11949775
11950287
11950799
11951311
11951823
11952335
11952847
28178275
28178787
28179299
28179811
28180323
28180835
28181347
28181859
28182371
28182883
28178276
28178788
28179300
28179812
28180324
28180836
28181348
28181860
28182372
28182884
28178277
28178789
28179301
28179813
28180325
28180837
28181349
28181861
28182373
28182885
28178278
28178790
28179302
28179814
28180326
28180838
28181350
28181862
28182374
28182886
28178279
28178791
28179303
28179815
28180327
28180839
28181351
28181863
28182375
28182887
28178280
28178792
28179304
28179816
28180328
28180840
28181352
28181864
28182376
28182888
28178281
28178793
28179305
28179817
28180329
28180841
28181353
28181865
28182377
28182889
28178282
28178794
28179306
28179818
28180330
28180842
28181354
28181866
28182378
28182890
28178283
28178795
28179307
28179819
28180331
28180843
28181355
28181867
28182379
28182891
28178284
28178796
28179308
28179820
28180332
28180844
28181356
28181868
28182380
28182892
23147043
23147555
23148067
23148579
23149091
23149603
23150115
23150627
23151139
23151651
23147044
23147556
23148068
23148580
23149092
23149604
23150116
23150628
23151140
23151652
23147045
23147557
23148069
23148581
23149093
23149605
23150117
23150629
23151141
23151653
23147046
23147558
23148070
23148582
23149094
23149606
23150118
23150630
23151142
23151654
23147047
23147559
23148071
23148583
23149095
23149607
23150119
23150631
23151143
23151655
23147048
23147560
23148072
23148584
23149096
23149608
23150120
23150632
23151144
23151656
23147049
23147561
23148073
23148585
23149097
23149609
23150121
23150633
23151145
23151657
23147050
23147562
23148074
23148586
23149098
23149610
23150122
23150634
23151146
23151658
23147051
23147563
23148075
23148587
23149099
23149611
23150123
23150635
23151147
23151659
23147052
23147564
23148076
23148588
23149100
23149612
23150124
23150636
23151148
23151660
22522654
22523166
22523678
22524190
22524702
22525214
22525726
22526238
22526750
22527262
22522655
22523167
22523679
22524191
22524703
22525215
22525727
22526239
22526751
22527263
22522656
22523168
22523680
22524192
22524704
22525216
22525728
22526240
22526752
22527264
22522657
22523169
22523681
22524193
22524705
22525217
22525729
22526241
22526753
22527265
22522658
22523170
22523682
22524194
22524706
22525218
22525730
22526242
22526754
22527266
22522659
22523171
22523683
22524195
22524707
22525219
22525731
22526243
22526755
22527267
22522660
22523172
22523684
22524196
22524708
22525220
22525732
22526244
22526756
22527268
22522661
22523173
22523685
22524197
22524709
22525221
22525733
22526245
22526757
22527269
22522662
22523174
22523686
22524198
22524710
22525222
22525734
22526246
22526758
22527270
22522663
22523175
22523687
22524199
22524711
22525223
22525735
22526247
22526759
22527271
25065034
25065546
25066058
25066570
25067082
25067594
25068106
25068618
25069130
25069642
25065035
25065547
25066059
25066571
25067083
25067595
25068107
25068619
25069131
25069643
25065036
25065548
25066060
25066572
25067084
25067596
25068108
25068620
25069132
25069644
25065037
25065549
25066061
25066573
25067085
25067597
25068109
25068621
25069133
25069645
25065038
25065550
25066062
25066574
25067086
25067598
25068110
25068622
25069134
25069646
25065039
25065551
25066063
25066575
25067087
25067599
25068111
25068623
25069135
25069647
25065040
25065552
25066064
25066576
25067088
25067600
25068112
25068624
25069136
25069648
25065041
25065553
25066065
25066577
25067089
25067601
25068113
25068625
25069137
25069649
25065042
25065554
25066066
25066578
25067090
25067602
25068114
25068626
25069138
25069650
25065043
25065555
25066067
25066579
25067091
25067603
25068115
25068627
25069139
25069651
31658701
31659213
31659725
31660237
31660749
31661261
31661773
31662285
31662797
31663309
31658702
31659214
31659726
31660238
31660750
31661262
31661774
31662286
31662798
31663310
31658703
31659215
31659727
31660239
31660751
31661263
31661775
31662287
31662799
31663311
31658704
31659216
31659728
31660240
31660752
31661264
31661776
31662288
31662800
31663312
31658705
31659217
31659729
31660241
31660753
31661265
31661777
31662289
31662801
31663313
31658706
31659218
31659730
31660242
31660754
31661266
31661778
31662290
31662802
31663314
31658707
31659219
31659731
31660243
31660755
31661267
31661779
31662291
31662803
31663315
31658708
31659220
31659732
31660244
31660756
31661268
31661780
31662292
31662804
31663316
31658709
31659221
31659733
31660245
31660757
31661269
31661781
31662293
31662805
31663317
31658710
31659222
31659734
31660246
31660758
31661270
31661782
31662294
31662806
31663318
9759012
9759524
9760036
9760548
9761060
9761572
9762084
9762596
9763108
9763620
9759013
9759525
9760037
9760549
9761061
9761573
9762085
9762597
9763109
9763621
9759014
9759526
9760038
9760550
9761062
9761574
9762086
9762598
9763110
9763622
9759015
9759527
9760039
9760551
9761063
9761575
9762087
9762599
9763111
9763623
9759016
9759528
9760040
9760552
9761064
9761576
9762088
9762600
9763112
9763624
9759017
9759529
9760041
9760553
9761065
9761577
9762089
9762601
9763113
9763625
9759018
9759530
9760042
9760554
9761066
9761578
9762090
9762602
9763114
9763626
9759019
9759531
9760043
9760555
9761067
9761579
9762091
9762603
9763115
9763627
9759020
9759532
9760044
9760556
9761068
9761580
9762092
9762604
9763116
9763628
9759021
9759533
9760045
9760557
9761069
9761581
9762093
9762605
9763117
9763629
25325744
25326256
25326768
25327280
25327792
25328304
25328816
25329328
25329840
25330352
25325745
25326257
25326769
25327281
25327793
25328305
25328817
25329329
25329841
25330353
25325746
25326258
25326770
25327282
25327794
25328306
25328818
25329330
25329842
25330354
25325747
25326259
25326771
25327283
25327795
25328307
25328819
25329331
25329843
25330355
25325748
25326260
25326772
25327284
25327796
25328308
25328820
25329332
25329844
25330356
25325749
25326261
25326773
25327285
25327797
25328309
25328821
25329333
25329845
25330357
25325750
25326262
25326774
25327286
25327798
25328310
25328822
25329334
25329846
25330358
25325751
25326263
25326775
25327287
25327799
25328311
25328823
25329335
25329847
25330359
25325752
25326264
25326776
25327288
25327800
25328312
25328824
25329336
25329848
25330360
25325753
25326265
25326777
25327289
25327801
25328313
25328825
25329337
25329849
25330361
