13757096
13757608
13758120
13758632
13759144
13759656
13760168
13760680
13761192
13761704
13757097
13757609
13758121
13758633
13759145
13759657
13760169
13760681
13761193
13761705
13757098
13757610
13758122
13758634
13759146
13759658
13760170
13760682
13761194
13761706
13757099
13757611
13758123
13758635
13759147
13759659
13760171
13760683
13761195
13761707
13757100
13757612
13758124
13758636
13759148
13759660
13760172
13760684
13761196
13761708
13757101
13757613
13758125
13758637
13759149
13759661
13760173
13760685
13761197
13761709
13757102
13757614
13758126
13758638
13759150
13759662
13760174
13760686
13761198
13761710
13757103
13757615
13758127
13758639
13759151
13759663
13760175
13760687
13761199
13761711
13757104
13757616
13758128
13758640
13759152
13759664
13760176
13760688
13761200
13761712
13757105
13757617
13758129
13758641
13759153
13759665
13760177
13760689
13761201
13761713
11853053
11853565
11854077
11854589
11855101
11855613
11856125
11856637
11857149
11857661
11853054
11853566
11854078
11854590
11855102
11855614
11856126
11856638
11857150
11857662
11853055
11853567
11854079
11854591
11855103
11855615
11856127
11856639
11857151
11857663
11853056
11853568
11854080
11854592
11855104
11855616
11856128
11856640
11857152
11857664
11853057
11853569
11854081
11854593
11855105
11855617
11856129
11856641
11857153
11857665
11853058
11853570
11854082
11854594
11855106
11855618
11856130
11856642
11857154
11857666
11853059
11853571
11854083
11854595
11855107
11855619
11856131
11856643
11857155
11857667
11853060
11853572
11854084
11854596
11855108
11855620
11856132
11856644
11857156
11857668
11853061
11853573
11854085
11854597
11855109
11855621
11856133
11856645
11857157
11857669
11853062
11853574
11854086
11854598
11855110
11855622
11856134
11856646
11857158
11857670
9498861
9499373
9499885
9500397
9500909
9501421
9501933
9502445
9502957
9503469
9498862
9499374
9499886
9500398
9500910
9501422
9501934
9502446
9502958
9503470
9498863
9499375
9499887
9500399
9500911
9501423
9501935
9502447
9502959
9503471
9498864
9499376
9499888
9500400
9500912
9501424
9501936
9502448
9502960
9503472
9498865
9499377
9499889
9500401
9500913
9501425
9501937
9502449
9502961
9503473
9498866
9499378
9499890
9500402
9500914
9501426
9501938
9502450
9502962
9503474
9498867
9499379
9499891
9500403
9500915
9501427
9501939
9502451
9502963
9503475
9498868
9499380
9499892
9500404
9500916
9501428
9501940
9502452
9502964
9503476
9498869
9499381
9499893
9500405
9500917
9501429
9501941
9502453
9502965
9503477
9498870
9499382
9499894
9500406
9500918
9501430
9501942
9502454
9502966
9503478
13961538
13962050
13962562
13963074
13963586
13964098
13964610
13965122
13965634
13966146
13961539
13962051
13962563
13963075
13963587
13964099
13964611
13965123
13965635
13966147
13961540
13962052
13962564
13963076
13963588
13964100
13964612
13965124
13965636
13966148
13961541
13962053
13962565
13963077
13963589
13964101
13964613
13965125
13965637
13966149
13961542
13962054
13962566
13963078
13963590
13964102
13964614
13965126
13965638
13966150
13961543
13962055
13962567
13963079
13963591
13964103
13964615
13965127
13965639
13966151
13961544
13962056
13962568
13963080
13963592
13964104
13964616
13965128
13965640
13966152
13961545
13962057
13962569
13963081
13963593
13964105
13964617
13965129
13965641
13966153
13961546
13962058
13962570
13963082
13963594
13964106
13964618
13965130
13965642
13966154
13961547
13962059
13962571
13963083
13963595
13964107
13964619
13965131
13965643
13966155
15093424
15093936
15094448
15094960
15095472
15095984
15096496
15097008
15097520
15098032
15093425
15093937
15094449
15094961
15095473
15095985
15096497
15097009
15097521
15098033
15093426
15093938
15094450
15094962
15095474
15095986
15096498
15097010
15097522
15098034
15093427
15093939
15094451
15094963
15095475
15095987
15096499
15097011
15097523
15098035
15093428
15093940
15094452
15094964
15095476
15095988
15096500
15097012
15097524
15098036
15093429
15093941
15094453
15094965
15095477
15095989
15096501
15097013
15097525
15098037
15093430
15093942
15094454
15094966
15095478
15095990
15096502
15097014
15097526
15098038
15093431
15093943
15094455
15094967
15095479
15095991
15096503
15097015
15097527
15098039
15093432
15093944
15094456
15094968
15095480
15095992
15096504
15097016
15097528
15098040
15093433
15093945
15094457
15094969
15095481
15095993
15096505
15097017
15097529
15098041
16054558
16055070
16055582
16056094
16056606
16057118
16057630
16058142
16058654
16059166
16054559
16055071
16055583
16056095
16056607
16057119
16057631
16058143
16058655
16059167
16054560
16055072
16055584
16056096
16056608
16057120
16057632
16058144
16058656
16059168
16054561
16055073
16055585
16056097
16056609
16057121
16057633
16058145
16058657
16059169
16054562
16055074
16055586
16056098
16056610
16057122
16057634
16058146
16058658
16059170
16054563
16055075
16055587
16056099
16056611
16057123
16057635
16058147
16058659
16059171
16054564
16055076
16055588
16056100
16056612
16057124
16057636
16058148
16058660
16059172
16054565
16055077
16055589
16056101
16056613
16057125
16057637
16058149
16058661
16059173
16054566
16055078
16055590
16056102
16056614
16057126
16057638
16058150
16058662
16059174
16054567
16055079
16055591
16056103
16056615
16057127
16057639
16058151
16058663
16059175
13466942
13467454
13467966
13468478
13468990
13469502
13470014
13470526
13471038
13471550
13466943
13467455
13467967
13468479
13468991
13469503
13470015
13470527
13471039
13471551
13466944
13467456
13467968
13468480
13468992
13469504
13470016
13470528
13471040
13471552
13466945
13467457
13467969
13468481
13468993
13469505
13470017
13470529
13471041
13471553
13466946
13467458
13467970
13468482
13468994
13469506
13470018
13470530
13471042
13471554
13466947
13467459
13467971
13468483
13468995
13469507
13470019
13470531
13471043
13471555
13466948
13467460
13467972
13468484
13468996
13469508
13470020
13470532
13471044
13471556
13466949
13467461
13467973
13468485
13468997
13469509
13470021
13470533
13471045
13471557
13466950
13467462
13467974
13468486
13468998
13469510
13470022
13470534
13471046
13471558
13466951
13467463
13467975
13468487
13468999
13469511
13470023
13470535
13471047
13471559
13451962
13452474
13452986
13453498
13454010
13454522
13455034
13455546
13456058
13456570
13451963
13452475
13452987
13453499
13454011
13454523
13455035
13455547
13456059
13456571
13451964
13452476
13452988
13453500
13454012
13454524
13455036
13455548
13456060
13456572
13451965
13452477
13452989
13453501
13454013
13454525
13455037
13455549
13456061
13456573
13451966
13452478
13452990
13453502
13454014
13454526
13455038
13455550
13456062
13456574
13451967
13452479
13452991
13453503
13454015
13454527
13455039
13455551
13456063
13456575
13451968
13452480
13452992
13453504
13454016
13454528
13455040
13455552
13456064
13456576
13451969
13452481
13452993
13453505
13454017
13454529
13455041
13455553
13456065
13456577
13451970
13452482
13452994
13453506
13454018
13454530
13455042
13455554
13456066
13456578
13451971
13452483
13452995
13453507
13454019
13454531
13455043
13455555
13456067
13456579
16145610
16146122
16146634
16147146
16147658
16148170
16148682
16149194
16149706
16150218
16145611
16146123
16146635
16147147
16147659
16148171
16148683
16149195
16149707
16150219
16145612
16146124
16146636
16147148
16147660
16148172
16148684
16149196
16149708
16150220
16145613
16146125
16146637
16147149
16147661
16148173
16148685
16149197
16149709
16150221
16145614
16146126
16146638
16147150
16147662
16148174
16148686
16149198
16149710
16150222
16145615
16146127
16146639
16147151
16147663
16148175
16148687
16149199
16149711
16150223
16145616
16146128
16146640
16147152
16147664
16148176
16148688
16149200
16149712
16150224
16145617
16146129
16146641
16147153
16147665
16148177
16148689
16149201
16149713
16150225
16145618
16146130
16146642
16147154
16147666
16148178
16148690
16149202
16149714
16150226
16145619
16146131
16146643
16147155
16147667
16148179
16148691
16149203
16149715
16150227
12664069
12664581
12665093
12665605
12666117
12666629
12667141
12667653
12668165
12668677
12664070
12664582
12665094
12665606
12666118
12666630
12667142
12667654
12668166
12668678
12664071
12664583
12665095
12665607
12666119
12666631
12667143
12667655
12668167
12668679
12664072
12664584
12665096
12665608
12666120
12666632
12667144
12667656
12668168
12668680
12664073
12664585
12665097
12665609
12666121
12666633
12667145
12667657
12668169
12668681
12664074
12664586
12665098
12665610
12666122
12666634
12667146
12667658
12668170
12668682
12664075
12664587
12665099
12665611
12666123
12666635
12667147
12667659
12668171
12668683
12664076
12664588
12665100
12665612
12666124
12666636
12667148
12667660
12668172
12668684
12664077
12664589
12665101
12665613
12666125
12666637
12667149
12667661
12668173
12668685
12664078
12664590
12665102
12665614
12666126
12666638
12667150
12667662
12668174
12668686
16603355
16603867
16604379
16604891
16605403
16605915
16606427
16606939
16607451
16607963
16603356
16603868
16604380
16604892
16605404
16605916
16606428
16606940
16607452
16607964
16603357
16603869
16604381
16604893
16605405
16605917
16606429
16606941
16607453
16607965
16603358
16603870
16604382
16604894
16605406
16605918
16606430
16606942
16607454
16607966
16603359
16603871
16604383
16604895
16605407
16605919
16606431
16606943
16607455
16607967
16603360
16603872
16604384
16604896
16605408
16605920
16606432
16606944
16607456
16607968
16603361
16603873
16604385
16604897
16605409
16605921
16606433
16606945
16607457
16607969
16603362
16603874
16604386
16604898
16605410
16605922
16606434
16606946
16607458
16607970
16603363
16603875
16604387
16604899
16605411
16605923
16606435
16606947
16607459
16607971
16603364
16603876
16604388
16604900
16605412
16605924
16606436
16606948
16607460
16607972
14013142
14013654
14014166
14014678
14015190
14015702
14016214
14016726
14017238
14017750
14013143
14013655
14014167
14014679
14015191
14015703
14016215
14016727
14017239
14017751
14013144
14013656
14014168
14014680
14015192
14015704
14016216
14016728
14017240
14017752
14013145
14013657
14014169
14014681
14015193
14015705
14016217
14016729
14017241
14017753
14013146
14013658
14014170
14014682
14015194
14015706
14016218
14016730
14017242
14017754
14013147
14013659
14014171
14014683
14015195
14015707
14016219
14016731
14017243
14017755
14013148
14013660
14014172
14014684
14015196
14015708
14016220
14016732
14017244
14017756
14013149
14013661
14014173
14014685
14015197
14015709
14016221
14016733
14017245
14017757
14013150
14013662
14014174
14014686
14015198
14015710
14016222
14016734
14017246
14017758
14013151
14013663
14014175
14014687
14015199
14015711
14016223
14016735
14017247
14017759
15594698
15595210
15595722
15596234
15596746
15597258
15597770
15598282
15598794
15599306
15594699
15595211
15595723
15596235
15596747
15597259
15597771
15598283
15598795
15599307
15594700
15595212
15595724
15596236
15596748
15597260
15597772
15598284
15598796
15599308
15594701
15595213
15595725
15596237
15596749
15597261
15597773
15598285
15598797
15599309
15594702
15595214
15595726
15596238
15596750
15597262
15597774
15598286
15598798
15599310
15594703
15595215
15595727
15596239
15596751
15597263
15597775
15598287
15598799
15599311
15594704
15595216
15595728
15596240
15596752
15597264
15597776
15598288
15598800
15599312
15594705
15595217
15595729
15596241
15596753
15597265
15597777
15598289
15598801
15599313
15594706
15595218
15595730
15596242
15596754
15597266
15597778
15598290
15598802
15599314
15594707
15595219
15595731
15596243
15596755
15597267
15597779
15598291
15598803
15599315
14771910
14772422
14772934
14773446
14773958
14774470
14774982
14775494
14776006
14776518
14771911
14772423
14772935
14773447
14773959
14774471
14774983
14775495
14776007
14776519
14771912
14772424
14772936
14773448
14773960
14774472
14774984
14775496
14776008
14776520
14771913
14772425
14772937
14773449
14773961
14774473
14774985
14775497
14776009
14776521
14771914
14772426
14772938
14773450
14773962
14774474
14774986
14775498
14776010
14776522
14771915
14772427
14772939
14773451
14773963
14774475
14774987
14775499
14776011
14776523
14771916
14772428
14772940
14773452
14773964
14774476
14774988
14775500
14776012
14776524
14771917
14772429
14772941
14773453
14773965
14774477
14774989
14775501
14776013
14776525
14771918
14772430
14772942
14773454
14773966
14774478
14774990
14775502
14776014
14776526
14771919
14772431
14772943
14773455
14773967
14774479
14774991
14775503
14776015
14776527
15806782
15807294
15807806
15808318
15808830
15809342
15809854
15810366
15810878
15811390
15806783
15807295
15807807
15808319
15808831
15809343
15809855
15810367
15810879
15811391
15806784
15807296
15807808
15808320
15808832
15809344
15809856
15810368
15810880
15811392
15806785
15807297
15807809
15808321
15808833
15809345
15809857
15810369
15810881
15811393
15806786
15807298
15807810
15808322
15808834
15809346
15809858
15810370
15810882
15811394
15806787
15807299
15807811
15808323
15808835
15809347
15809859
15810371
15810883
15811395
15806788
15807300
15807812
15808324
15808836
15809348
15809860
15810372
15810884
15811396
15806789
15807301
15807813
15808325
15808837
15809349
15809861
15810373
15810885
15811397
15806790
15807302
15807814
15808326
15808838
15809350
15809862
15810374
15810886
15811398
15806791
15807303
15807815
15808327
15808839
15809351
15809863
15810375
15810887
15811399
16088242
16088754
16089266
16089778
16090290
16090802
16091314
16091826
16092338
16092850
16088243
16088755
16089267
16089779
16090291
16090803
16091315
16091827
16092339
16092851
16088244
16088756
16089268
16089780
16090292
16090804
16091316
16091828
16092340
16092852
16088245
16088757
16089269
16089781
16090293
16090805
16091317
16091829
16092341
16092853
16088246
16088758
16089270
16089782
16090294
16090806
16091318
16091830
16092342
16092854
16088247
16088759
16089271
16089783
16090295
16090807
16091319
16091831
16092343
16092855
16088248
16088760
16089272
16089784
16090296
16090808
16091320
16091832
16092344
16092856
16088249
16088761
16089273
16089785
16090297
16090809
16091321
16091833
16092345
16092857
16088250
16088762
16089274
16089786
16090298
16090810
16091322
16091834
16092346
16092858
16088251
16088763
16089275
16089787
16090299
16090811
16091323
16091835
16092347
16092859
15379125
15379637
15380149
15380661
15381173
15381685
15382197
15382709
15383221
15383733
15379126
15379638
15380150
15380662
15381174
15381686
15382198
15382710
15383222
15383734
15379127
15379639
15380151
15380663
15381175
15381687
15382199
15382711
15383223
15383735
15379128
15379640
15380152
15380664
15381176
15381688
15382200
15382712
15383224
15383736
15379129
15379641
15380153
15380665
15381177
15381689
15382201
15382713
15383225
15383737
15379130
15379642
15380154
15380666
15381178
15381690
15382202
15382714
15383226
15383738
15379131
15379643
15380155
15380667
15381179
15381691
15382203
15382715
15383227
15383739
15379132
15379644
15380156
15380668
15381180
15381692
15382204
15382716
15383228
15383740
15379133
15379645
15380157
15380669
15381181
15381693
15382205
15382717
15383229
15383741
15379134
15379646
15380158
15380670
15381182
15381694
15382206
15382718
15383230
15383742
13739770
13740282
13740794
13741306
13741818
13742330
13742842
13743354
13743866
13744378
13739771
13740283
13740795
13741307
13741819
13742331
13742843
13743355
13743867
13744379
13739772
13740284
13740796
13741308
13741820
13742332
13742844
13743356
13743868
13744380
13739773
13740285
13740797
13741309
13741821
13742333
13742845
13743357
13743869
13744381
13739774
13740286
13740798
13741310
13741822
13742334
13742846
13743358
13743870
13744382
13739775
13740287
13740799
13741311
13741823
13742335
13742847
13743359
13743871
13744383
13739776
13740288
13740800
13741312
13741824
13742336
13742848
13743360
13743872
13744384
13739777
13740289
13740801
13741313
13741825
13742337
13742849
13743361
13743873
13744385
13739778
13740290
13740802
13741314
13741826
13742338
13742850
13743362
13743874
13744386
13739779
13740291
13740803
13741315
13741827
13742339
13742851
13743363
13743875
13744387
13720317
13720829
13721341
13721853
13722365
13722877
13723389
13723901
13724413
13724925
13720318
13720830
13721342
13721854
13722366
13722878
13723390
13723902
13724414
13724926
13720319
13720831
13721343
13721855
13722367
13722879
13723391
13723903
13724415
13724927
13720320
13720832
13721344
13721856
13722368
13722880
13723392
13723904
13724416
13724928
13720321
13720833
13721345
13721857
13722369
13722881
13723393
13723905
13724417
13724929
13720322
13720834
13721346
13721858
13722370
13722882
13723394
13723906
13724418
13724930
13720323
13720835
13721347
13721859
13722371
13722883
13723395
13723907
13724419
13724931
13720324
13720836
13721348
13721860
13722372
13722884
13723396
13723908
13724420
13724932
13720325
13720837
13721349
13721861
13722373
13722885
13723397
13723909
13724421
13724933
13720326
13720838
13721350
13721862
13722374
13722886
13723398
13723910
13724422
13724934
15039174
15039686
15040198
15040710
15041222
15041734
15042246
15042758
15043270
15043782
15039175
15039687
15040199
15040711
15041223
15041735
15042247
15042759
15043271
15043783
15039176
15039688
15040200
15040712
15041224
15041736
15042248
15042760
15043272
15043784
15039177
15039689
15040201
15040713
15041225
15041737
15042249
15042761
15043273
15043785
15039178
15039690
15040202
15040714
15041226
15041738
15042250
15042762
15043274
15043786
15039179
15039691
15040203
15040715
15041227
15041739
15042251
15042763
15043275
15043787
15039180
15039692
15040204
15040716
15041228
15041740
15042252
15042764
15043276
15043788
15039181
15039693
15040205
15040717
15041229
15041741
15042253
15042765
15043277
15043789
15039182
15039694
15040206
15040718
15041230
15041742
15042254
15042766
15043278
15043790
15039183
15039695
15040207
15040719
15041231
15041743
15042255
15042767
15043279
15043791
14502107
14502619
14503131
14503643
14504155
14504667
14505179
14505691
14506203
14506715
14502108
14502620
14503132
14503644
14504156
14504668
14505180
14505692
14506204
14506716
14502109
14502621
14503133
14503645
14504157
14504669
14505181
14505693
14506205
14506717
14502110
14502622
14503134
14503646
14504158
14504670
14505182
14505694
14506206
14506718
14502111
14502623
14503135
14503647
14504159
14504671
14505183
14505695
14506207
14506719
14502112
14502624
14503136
14503648
14504160
14504672
14505184
14505696
14506208
14506720
14502113
14502625
14503137
14503649
14504161
14504673
14505185
14505697
14506209
14506721
14502114
14502626
14503138
14503650
14504162
14504674
14505186
14505698
14506210
14506722
14502115
14502627
14503139
14503651
14504163
14504675
14505187
14505699
14506211
14506723
14502116
14502628
14503140
14503652
14504164
14504676
14505188
14505700
14506212
14506724
14777529
14778041
14778553
14779065
14779577
14780089
14780601
14781113
14781625
14782137
14777530
14778042
14778554
14779066
14779578
14780090
14780602
14781114
14781626
14782138
14777531
14778043
14778555
14779067
14779579
14780091
14780603
14781115
14781627
14782139
14777532
14778044
14778556
14779068
14779580
14780092
14780604
14781116
14781628
14782140
14777533
14778045
14778557
14779069
14779581
14780093
14780605
14781117
14781629
14782141
14777534
14778046
14778558
14779070
14779582
14780094
14780606
14781118
14781630
14782142
14777535
14778047
14778559
14779071
14779583
14780095
14780607
14781119
14781631
14782143
14777536
14778048
14778560
14779072
14779584
14780096
14780608
14781120
14781632
14782144
14777537
14778049
14778561
14779073
14779585
14780097
14780609
14781121
14781633
14782145
14777538
14778050
14778562
14779074
14779586
14780098
14780610
14781122
14781634
14782146
8980196
8980708
8981220
8981732
8982244
8982756
8983268
8983780
8984292
8984804
8980197
8980709
8981221
8981733
8982245
8982757
8983269
8983781
8984293
8984805
8980198
8980710
8981222
8981734
8982246
8982758
8983270
8983782
8984294
8984806
8980199
8980711
8981223
8981735
8982247
8982759
8983271
8983783
8984295
8984807
8980200
8980712
8981224
8981736
8982248
8982760
8983272
8983784
8984296
8984808
8980201
8980713
8981225
8981737
8982249
8982761
8983273
8983785
8984297
8984809
8980202
8980714
8981226
8981738
8982250
8982762
8983274
8983786
8984298
8984810
8980203
8980715
8981227
8981739
8982251
8982763
8983275
8983787
8984299
8984811
8980204
8980716
8981228
8981740
8982252
8982764
8983276
8983788
8984300
8984812
8980205
8980717
8981229
8981741
8982253
8982765
8983277
8983789
8984301
8984813
13986121
13986633
13987145
13987657
13988169
13988681
13989193
13989705
13990217
13990729
13986122
13986634
13987146
13987658
13988170
13988682
13989194
13989706
13990218
13990730
13986123
13986635
13987147
13987659
13988171
13988683
13989195
13989707
13990219
13990731
13986124
13986636
13987148
13987660
13988172
13988684
13989196
13989708
13990220
13990732
13986125
13986637
13987149
13987661
13988173
13988685
13989197
13989709
13990221
13990733
13986126
13986638
13987150
13987662
13988174
13988686
13989198
13989710
13990222
13990734
13986127
13986639
13987151
13987663
13988175
13988687
13989199
13989711
13990223
13990735
13986128
13986640
13987152
13987664
13988176
13988688
13989200
13989712
13990224
13990736
13986129
13986641
13987153
13987665
13988177
13988689
13989201
13989713
13990225
13990737
13986130
13986642
13987154
13987666
13988178
13988690
13989202
13989714
13990226
13990738
15875796
15876308
15876820
15877332
15877844
15878356
15878868
15879380
15879892
15880404
15875797
15876309
15876821
15877333
15877845
15878357
15878869
15879381
15879893
15880405
15875798
15876310
15876822
15877334
15877846
15878358
15878870
15879382
15879894
15880406
15875799
15876311
15876823
15877335
15877847
15878359
15878871
15879383
15879895
15880407
15875800
15876312
15876824
15877336
15877848
15878360
15878872
15879384
15879896
15880408
15875801
15876313
15876825
15877337
15877849
15878361
15878873
15879385
15879897
15880409
15875802
15876314
15876826
15877338
15877850
15878362
15878874
15879386
15879898
15880410
15875803
15876315
15876827
15877339
15877851
15878363
15878875
15879387
15879899
15880411
15875804
15876316
15876828
15877340
15877852
15878364
15878876
15879388
15879900
15880412
15875805
15876317
15876829
15877341
15877853
15878365
15878877
15879389
15879901
15880413
8715505
8716017
8716529
8717041
8717553
8718065
8718577
8719089
8719601
8720113
8715506
8716018
8716530
8717042
8717554
8718066
8718578
8719090
8719602
8720114
8715507
8716019
8716531
8717043
8717555
8718067
8718579
8719091
8719603
8720115
8715508
8716020
8716532
8717044
8717556
8718068
8718580
8719092
8719604
8720116
8715509
8716021
8716533
8717045
8717557
8718069
8718581
8719093
8719605
8720117
8715510
8716022
8716534
8717046
8717558
8718070
8718582
8719094
8719606
8720118
8715511
8716023
8716535
8717047
8717559
8718071
8718583
8719095
8719607
8720119
8715512
8716024
8716536
8717048
8717560
8718072
8718584
8719096
8719608
8720120
8715513
8716025
8716537
8717049
8717561
8718073
8718585
8719097
8719609
8720121
8715514
8716026
8716538
8717050
8717562
8718074
8718586
8719098
8719610
8720122
15536382
15536894
15537406
15537918
15538430
15538942
15539454
15539966
15540478
15540990
15536383
15536895
15537407
15537919
15538431
15538943
15539455
15539967
15540479
15540991
15536384
15536896
15537408
15537920
15538432
15538944
15539456
15539968
15540480
15540992
15536385
15536897
15537409
15537921
15538433
15538945
15539457
15539969
15540481
15540993
15536386
15536898
15537410
15537922
15538434
15538946
15539458
15539970
15540482
15540994
15536387
15536899
15537411
15537923
15538435
15538947
15539459
15539971
15540483
15540995
15536388
15536900
15537412
15537924
15538436
15538948
15539460
15539972
15540484
15540996
15536389
15536901
15537413
15537925
15538437
15538949
15539461
15539973
15540485
15540997
15536390
15536902
15537414
15537926
15538438
15538950
15539462
15539974
15540486
15540998
15536391
15536903
15537415
15537927
15538439
15538951
15539463
15539975
15540487
15540999
17118467
17118979
17119491
17120003
17120515
17121027
17121539
17122051
17122563
17123075
17118468
17118980
17119492
17120004
17120516
17121028
17121540
17122052
17122564
17123076
17118469
17118981
17119493
17120005
17120517
17121029
17121541
17122053
17122565
17123077
17118470
17118982
17119494
17120006
17120518
17121030
17121542
17122054
17122566
17123078
17118471
17118983
17119495
17120007
17120519
17121031
17121543
17122055
17122567
17123079
17118472
17118984
17119496
17120008
17120520
17121032
17121544
17122056
17122568
17123080
17118473
17118985
17119497
17120009
17120521
17121033
17121545
17122057
17122569
17123081
17118474
17118986
17119498
17120010
17120522
17121034
17121546
17122058
17122570
17123082
17118475
17118987
17119499
17120011
17120523
17121035
17121547
17122059
17122571
17123083
17118476
17118988
17119500
17120012
17120524
17121036
17121548
17122060
17122572
17123084
14734618
14735130
14735642
14736154
14736666
14737178
14737690
14738202
14738714
14739226
14734619
14735131
14735643
14736155
14736667
14737179
14737691
14738203
14738715
14739227
14734620
14735132
14735644
14736156
14736668
14737180
14737692
14738204
14738716
14739228
14734621
14735133
14735645
14736157
14736669
14737181
14737693
14738205
14738717
14739229
14734622
14735134
14735646
14736158
14736670
14737182
14737694
14738206
14738718
14739230
14734623
14735135
14735647
14736159
14736671
14737183
14737695
14738207
14738719
14739231
14734624
14735136
14735648
14736160
14736672
14737184
14737696
14738208
14738720
14739232
14734625
14735137
14735649
14736161
14736673
14737185
14737697
14738209
14738721
14739233
14734626
14735138
14735650
14736162
14736674
14737186
14737698
14738210
14738722
14739234
14734627
14735139
14735651
14736163
14736675
14737187
14737699
14738211
14738723
14739235
12642063
12642575
12643087
12643599
12644111
12644623
12645135
12645647
12646159
12646671
12642064
12642576
12643088
12643600
12644112
12644624
12645136
12645648
12646160
12646672
12642065
12642577
12643089
12643601
12644113
12644625
12645137
12645649
12646161
12646673
12642066
12642578
12643090
12643602
12644114
12644626
12645138
12645650
12646162
12646674
12642067
12642579
12643091
12643603
12644115
12644627
12645139
12645651
12646163
12646675
12642068
12642580
12643092
12643604
12644116
12644628
12645140
12645652
12646164
12646676
12642069
12642581
12643093
12643605
12644117
12644629
12645141
12645653
12646165
12646677
12642070
12642582
12643094
12643606
12644118
12644630
12645142
12645654
12646166
12646678
12642071
12642583
12643095
12643607
12644119
12644631
12645143
12645655
12646167
12646679
12642072
12642584
12643096
12643608
12644120
12644632
12645144
12645656
12646168
12646680
