16647905
16648417
16648929
16649441
16649953
16650465
16650977
16651489
16652001
16652513
16647906
16648418
16648930
16649442
16649954
16650466
16650978
16651490
16652002
16652514
16647907
16648419
16648931
16649443
16649955
16650467
16650979
16651491
16652003
16652515
16647908
16648420
16648932
16649444
16649956
16650468
16650980
16651492
16652004
16652516
16647909
16648421
16648933
16649445
16649957
16650469
16650981
16651493
16652005
16652517
16647910
16648422
16648934
16649446
16649958
16650470
16650982
16651494
16652006
16652518
16647911
16648423
16648935
16649447
16649959
16650471
16650983
16651495
16652007
16652519
16647912
16648424
16648936
16649448
16649960
16650472
16650984
16651496
16652008
16652520
16647913
16648425
16648937
16649449
16649961
16650473
16650985
16651497
16652009
16652521
16647914
16648426
16648938
16649450
16649962
16650474
16650986
16651498
16652010
16652522
12649258
12649770
12650282
12650794
12651306
12651818
12652330
12652842
12653354
12653866
12649259
12649771
12650283
12650795
12651307
12651819
12652331
12652843
12653355
12653867
12649260
12649772
12650284
12650796
12651308
12651820
12652332
12652844
12653356
12653868
12649261
12649773
12650285
12650797
12651309
12651821
12652333
12652845
12653357
12653869
12649262
12649774
12650286
12650798
12651310
12651822
12652334
12652846
12653358
12653870
12649263
12649775
12650287
12650799
12651311
12651823
12652335
12652847
12653359
12653871
12649264
12649776
12650288
12650800
12651312
12651824
12652336
12652848
12653360
12653872
12649265
12649777
12650289
12650801
12651313
12651825
12652337
12652849
12653361
12653873
12649266
12649778
12650290
12650802
12651314
12651826
12652338
12652850
12653362
12653874
12649267
12649779
12650291
12650803
12651315
12651827
12652339
12652851
12653363
12653875
13775021
13775533
13776045
13776557
13777069
13777581
13778093
13778605
13779117
13779629
13775022
13775534
13776046
13776558
13777070
13777582
13778094
13778606
13779118
13779630
13775023
13775535
13776047
13776559
13777071
13777583
13778095
13778607
13779119
13779631
13775024
13775536
13776048
13776560
13777072
13777584
13778096
13778608
13779120
13779632
13775025
13775537
13776049
13776561
13777073
13777585
13778097
13778609
13779121
13779633
13775026
13775538
13776050
13776562
13777074
13777586
13778098
13778610
13779122
13779634
13775027
13775539
13776051
13776563
13777075
13777587
13778099
13778611
13779123
13779635
13775028
13775540
13776052
13776564
13777076
13777588
13778100
13778612
13779124
13779636
13775029
13775541
13776053
13776565
13777077
13777589
13778101
13778613
13779125
13779637
13775030
13775542
13776054
13776566
13777078
13777590
13778102
13778614
13779126
13779638
16055556
16056068
16056580
16057092
16057604
16058116
16058628
16059140
16059652
16060164
16055557
16056069
16056581
16057093
16057605
16058117
16058629
16059141
16059653
16060165
16055558
16056070
16056582
16057094
16057606
16058118
16058630
16059142
16059654
16060166
16055559
16056071
16056583
16057095
16057607
16058119
16058631
16059143
16059655
16060167
16055560
16056072
16056584
16057096
16057608
16058120
16058632
16059144
16059656
16060168
16055561
16056073
16056585
16057097
16057609
16058121
16058633
16059145
16059657
16060169
16055562
16056074
16056586
16057098
16057610
16058122
16058634
16059146
16059658
16060170
16055563
16056075
16056587
16057099
16057611
16058123
16058635
16059147
16059659
16060171
16055564
16056076
16056588
16057100
16057612
16058124
16058636
16059148
16059660
16060172
16055565
16056077
16056589
16057101
16057613
16058125
16058637
16059149
16059661
16060173
14777154
14777666
14778178
14778690
14779202
14779714
14780226
14780738
14781250
14781762
14777155
14777667
14778179
14778691
14779203
14779715
14780227
14780739
14781251
14781763
14777156
14777668
14778180
14778692
14779204
14779716
14780228
14780740
14781252
14781764
14777157
14777669
14778181
14778693
14779205
14779717
14780229
14780741
14781253
14781765
14777158
14777670
14778182
14778694
14779206
14779718
14780230
14780742
14781254
14781766
14777159
14777671
14778183
14778695
14779207
14779719
14780231
14780743
14781255
14781767
14777160
14777672
14778184
14778696
14779208
14779720
14780232
14780744
14781256
14781768
14777161
14777673
14778185
14778697
14779209
14779721
14780233
14780745
14781257
14781769
14777162
14777674
14778186
14778698
14779210
14779722
14780234
14780746
14781258
14781770
14777163
14777675
14778187
14778699
14779211
14779723
14780235
14780747
14781259
14781771
14255433
14255945
14256457
14256969
14257481
14257993
14258505
14259017
14259529
14260041
14255434
14255946
14256458
14256970
14257482
14257994
14258506
14259018
14259530
14260042
14255435
14255947
14256459
14256971
14257483
14257995
14258507
14259019
14259531
14260043
14255436
14255948
14256460
14256972
14257484
14257996
14258508
14259020
14259532
14260044
14255437
14255949
14256461
14256973
14257485
14257997
14258509
14259021
14259533
14260045
14255438
14255950
14256462
14256974
14257486
14257998
14258510
14259022
14259534
14260046
14255439
14255951
14256463
14256975
14257487
14257999
14258511
14259023
14259535
14260047
14255440
14255952
14256464
14256976
14257488
14258000
14258512
14259024
14259536
14260048
14255441
14255953
14256465
14256977
14257489
14258001
14258513
14259025
14259537
14260049
14255442
14255954
14256466
14256978
14257490
14258002
14258514
14259026
14259538
14260050
12417723
12418235
12418747
12419259
12419771
12420283
12420795
12421307
12421819
12422331
12417724
12418236
12418748
12419260
12419772
12420284
12420796
12421308
12421820
12422332
12417725
12418237
12418749
12419261
12419773
12420285
12420797
12421309
12421821
12422333
12417726
12418238
12418750
12419262
12419774
12420286
12420798
12421310
12421822
12422334
12417727
12418239
12418751
12419263
12419775
12420287
12420799
12421311
12421823
12422335
12417728
12418240
12418752
12419264
12419776
12420288
12420800
12421312
12421824
12422336
12417729
12418241
12418753
12419265
12419777
12420289
12420801
12421313
12421825
12422337
12417730
12418242
12418754
12419266
12419778
12420290
12420802
12421314
12421826
12422338
12417731
12418243
12418755
12419267
12419779
12420291
12420803
12421315
12421827
12422339
12417732
12418244
12418756
12419268
12419780
12420292
12420804
12421316
12421828
12422340
10051262
10051774
10052286
10052798
10053310
10053822
10054334
10054846
10055358
10055870
10051263
10051775
10052287
10052799
10053311
10053823
10054335
10054847
10055359
10055871
10051264
10051776
10052288
10052800
10053312
10053824
10054336
10054848
10055360
10055872
10051265
10051777
10052289
10052801
10053313
10053825
10054337
10054849
10055361
10055873
10051266
10051778
10052290
10052802
10053314
10053826
10054338
10054850
10055362
10055874
10051267
10051779
10052291
10052803
10053315
10053827
10054339
10054851
10055363
10055875
10051268
10051780
10052292
10052804
10053316
10053828
10054340
10054852
10055364
10055876
10051269
10051781
10052293
10052805
10053317
10053829
10054341
10054853
10055365
10055877
10051270
10051782
10052294
10052806
10053318
10053830
10054342
10054854
10055366
10055878
10051271
10051783
10052295
10052807
10053319
10053831
10054343
10054855
10055367
10055879
15828174
15828686
15829198
15829710
15830222
15830734
15831246
15831758
15832270
15832782
15828175
15828687
15829199
15829711
15830223
15830735
15831247
15831759
15832271
15832783
15828176
15828688
15829200
15829712
15830224
15830736
15831248
15831760
15832272
15832784
15828177
15828689
15829201
15829713
15830225
15830737
15831249
15831761
15832273
15832785
15828178
15828690
15829202
15829714
15830226
15830738
15831250
15831762
15832274
15832786
15828179
15828691
15829203
15829715
15830227
15830739
15831251
15831763
15832275
15832787
15828180
15828692
15829204
15829716
15830228
15830740
15831252
15831764
15832276
15832788
15828181
15828693
15829205
15829717
15830229
15830741
15831253
15831765
15832277
15832789
15828182
15828694
15829206
15829718
15830230
15830742
15831254
15831766
15832278
15832790
15828183
15828695
15829207
15829719
15830231
15830743
15831255
15831767
15832279
15832791
13958455
13958967
13959479
13959991
13960503
13961015
13961527
13962039
13962551
13963063
13958456
13958968
13959480
13959992
13960504
13961016
13961528
13962040
13962552
13963064
13958457
13958969
13959481
13959993
13960505
13961017
13961529
13962041
13962553
13963065
13958458
13958970
13959482
13959994
13960506
13961018
13961530
13962042
13962554
13963066
13958459
13958971
13959483
13959995
13960507
13961019
13961531
13962043
13962555
13963067
13958460
13958972
13959484
13959996
13960508
13961020
13961532
13962044
13962556
13963068
13958461
13958973
13959485
13959997
13960509
13961021
13961533
13962045
13962557
13963069
13958462
13958974
13959486
13959998
13960510
13961022
13961534
13962046
13962558
13963070
13958463
13958975
13959487
13959999
13960511
13961023
13961535
13962047
13962559
13963071
13958464
13958976
13959488
13960000
13960512
13961024
13961536
13962048
13962560
13963072
17132800
17133312
17133824
17134336
17134848
17135360
17135872
17136384
17136896
17137408
17132801
17133313
17133825
17134337
17134849
17135361
17135873
17136385
17136897
17137409
17132802
17133314
17133826
17134338
17134850
17135362
17135874
17136386
17136898
17137410
17132803
17133315
17133827
17134339
17134851
17135363
17135875
17136387
17136899
17137411
17132804
17133316
17133828
17134340
17134852
17135364
17135876
17136388
17136900
17137412
17132805
17133317
17133829
17134341
17134853
17135365
17135877
17136389
17136901
17137413
17132806
17133318
17133830
17134342
17134854
17135366
17135878
17136390
17136902
17137414
17132807
17133319
17133831
17134343
17134855
17135367
17135879
17136391
17136903
17137415
17132808
17133320
17133832
17134344
17134856
17135368
17135880
17136392
17136904
17137416
17132809
17133321
17133833
17134345
17134857
17135369
17135881
17136393
17136905
17137417
13455686
13456198
13456710
13457222
13457734
13458246
13458758
13459270
13459782
13460294
13455687
13456199
13456711
13457223
13457735
13458247
13458759
13459271
13459783
13460295
13455688
13456200
13456712
13457224
13457736
13458248
13458760
13459272
13459784
13460296
13455689
13456201
13456713
13457225
13457737
13458249
13458761
13459273
13459785
13460297
13455690
13456202
13456714
13457226
13457738
13458250
13458762
13459274
13459786
13460298
13455691
13456203
13456715
13457227
13457739
13458251
13458763
13459275
13459787
13460299
13455692
13456204
13456716
13457228
13457740
13458252
13458764
13459276
13459788
13460300
13455693
13456205
13456717
13457229
13457741
13458253
13458765
13459277
13459789
13460301
13455694
13456206
13456718
13457230
13457742
13458254
13458766
13459278
13459790
13460302
13455695
13456207
13456719
13457231
13457743
13458255
13458767
13459279
13459791
13460303
14268216
14268728
14269240
14269752
14270264
14270776
14271288
14271800
14272312
14272824
14268217
14268729
14269241
14269753
14270265
14270777
14271289
14271801
14272313
14272825
14268218
14268730
14269242
14269754
14270266
14270778
14271290
14271802
14272314
14272826
14268219
14268731
14269243
14269755
14270267
14270779
14271291
14271803
14272315
14272827
14268220
14268732
14269244
14269756
14270268
14270780
14271292
14271804
14272316
14272828
14268221
14268733
14269245
14269757
14270269
14270781
14271293
14271805
14272317
14272829
14268222
14268734
14269246
14269758
14270270
14270782
14271294
14271806
14272318
14272830
14268223
14268735
14269247
14269759
14270271
14270783
14271295
14271807
14272319
14272831
14268224
14268736
14269248
14269760
14270272
14270784
14271296
14271808
14272320
14272832
14268225
14268737
14269249
14269761
14270273
14270785
14271297
14271809
14272321
14272833
14240002
14240514
14241026
14241538
14242050
14242562
14243074
14243586
14244098
14244610
14240003
14240515
14241027
14241539
14242051
14242563
14243075
14243587
14244099
14244611
14240004
14240516
14241028
14241540
14242052
14242564
14243076
14243588
14244100
14244612
14240005
14240517
14241029
14241541
14242053
14242565
14243077
14243589
14244101
14244613
14240006
14240518
14241030
14241542
14242054
14242566
14243078
14243590
14244102
14244614
14240007
14240519
14241031
14241543
14242055
14242567
14243079
14243591
14244103
14244615
14240008
14240520
14241032
14241544
14242056
14242568
14243080
14243592
14244104
14244616
14240009
14240521
14241033
14241545
14242057
14242569
14243081
14243593
14244105
14244617
14240010
14240522
14241034
14241546
14242058
14242570
14243082
14243594
14244106
14244618
14240011
14240523
14241035
14241547
14242059
14242571
14243083
14243595
14244107
14244619
12933419
12933931
12934443
12934955
12935467
12935979
12936491
12937003
12937515
12938027
12933420
12933932
12934444
12934956
12935468
12935980
12936492
12937004
12937516
12938028
12933421
12933933
12934445
12934957
12935469
12935981
12936493
12937005
12937517
12938029
12933422
12933934
12934446
12934958
12935470
12935982
12936494
12937006
12937518
12938030
12933423
12933935
12934447
12934959
12935471
12935983
12936495
12937007
12937519
12938031
12933424
12933936
12934448
12934960
12935472
12935984
12936496
12937008
12937520
12938032
12933425
12933937
12934449
12934961
12935473
12935985
12936497
12937009
12937521
12938033
12933426
12933938
12934450
12934962
12935474
12935986
12936498
12937010
12937522
12938034
12933427
12933939
12934451
12934963
12935475
12935987
12936499
12937011
12937523
12938035
12933428
12933940
12934452
12934964
12935476
12935988
12936500
12937012
12937524
12938036
15887017
15887529
15888041
15888553
15889065
15889577
15890089
15890601
15891113
15891625
15887018
15887530
15888042
15888554
15889066
15889578
15890090
15890602
15891114
15891626
15887019
15887531
15888043
15888555
15889067
15889579
15890091
15890603
15891115
15891627
15887020
15887532
15888044
15888556
15889068
15889580
15890092
15890604
15891116
15891628
15887021
15887533
15888045
15888557
15889069
15889581
15890093
15890605
15891117
15891629
15887022
15887534
15888046
15888558
15889070
15889582
15890094
15890606
15891118
15891630
15887023
15887535
15888047
15888559
15889071
15889583
15890095
15890607
15891119
15891631
15887024
15887536
15888048
15888560
15889072
15889584
15890096
15890608
15891120
15891632
15887025
15887537
15888049
15888561
15889073
15889585
15890097
15890609
15891121
15891633
15887026
15887538
15888050
15888562
15889074
15889586
15890098
15890610
15891122
15891634
16056036
16056548
16057060
16057572
16058084
16058596
16059108
16059620
16060132
16060644
16056037
16056549
16057061
16057573
16058085
16058597
16059109
16059621
16060133
16060645
16056038
16056550
16057062
16057574
16058086
16058598
16059110
16059622
16060134
16060646
16056039
16056551
16057063
16057575
16058087
16058599
16059111
16059623
16060135
16060647
16056040
16056552
16057064
16057576
16058088
16058600
16059112
16059624
16060136
16060648
16056041
16056553
16057065
16057577
16058089
16058601
16059113
16059625
16060137
16060649
16056042
16056554
16057066
16057578
16058090
16058602
16059114
16059626
16060138
16060650
16056043
16056555
16057067
16057579
16058091
16058603
16059115
16059627
16060139
16060651
16056044
16056556
16057068
16057580
16058092
16058604
16059116
16059628
16060140
16060652
16056045
16056557
16057069
16057581
16058093
16058605
16059117
16059629
16060141
16060653
16397034
16397546
16398058
16398570
16399082
16399594
16400106
16400618
16401130
16401642
16397035
16397547
16398059
16398571
16399083
16399595
16400107
16400619
16401131
16401643
16397036
16397548
16398060
16398572
16399084
16399596
16400108
16400620
16401132
16401644
16397037
16397549
16398061
16398573
16399085
16399597
16400109
16400621
16401133
16401645
16397038
16397550
16398062
16398574
16399086
16399598
16400110
16400622
16401134
16401646
16397039
16397551
16398063
16398575
16399087
16399599
16400111
16400623
16401135
16401647
16397040
16397552
16398064
16398576
16399088
16399600
16400112
16400624
16401136
16401648
16397041
16397553
16398065
16398577
16399089
16399601
16400113
16400625
16401137
16401649
16397042
16397554
16398066
16398578
16399090
16399602
16400114
16400626
16401138
16401650
16397043
16397555
16398067
16398579
16399091
16399603
16400115
16400627
16401139
16401651
15032061
15032573
15033085
15033597
15034109
15034621
15035133
15035645
15036157
15036669
15032062
15032574
15033086
15033598
15034110
15034622
15035134
15035646
15036158
15036670
15032063
15032575
15033087
15033599
15034111
15034623
15035135
15035647
15036159
15036671
15032064
15032576
15033088
15033600
15034112
15034624
15035136
15035648
15036160
15036672
15032065
15032577
15033089
15033601
15034113
15034625
15035137
15035649
15036161
15036673
15032066
15032578
15033090
15033602
15034114
15034626
15035138
15035650
15036162
15036674
15032067
15032579
15033091
15033603
15034115
15034627
15035139
15035651
15036163
15036675
15032068
15032580
15033092
15033604
15034116
15034628
15035140
15035652
15036164
15036676
15032069
15032581
15033093
15033605
15034117
15034629
15035141
15035653
15036165
15036677
15032070
15032582
15033094
15033606
15034118
15034630
15035142
15035654
15036166
15036678
16350920
16351432
16351944
16352456
16352968
16353480
16353992
16354504
16355016
16355528
16350921
16351433
16351945
16352457
16352969
16353481
16353993
16354505
16355017
16355529
16350922
16351434
16351946
16352458
16352970
16353482
16353994
16354506
16355018
16355530
16350923
16351435
16351947
16352459
16352971
16353483
16353995
16354507
16355019
16355531
16350924
16351436
16351948
16352460
16352972
16353484
16353996
16354508
16355020
16355532
16350925
16351437
16351949
16352461
16352973
16353485
16353997
16354509
16355021
16355533
16350926
16351438
16351950
16352462
16352974
16353486
16353998
16354510
16355022
16355534
16350927
16351439
16351951
16352463
16352975
16353487
16353999
16354511
16355023
16355535
16350928
16351440
16351952
16352464
16352976
16353488
16354000
16354512
16355024
16355536
16350929
16351441
16351953
16352465
16352977
16353489
16354001
16354513
16355025
16355537
12400356
12400868
12401380
12401892
12402404
12402916
12403428
12403940
12404452
12404964
12400357
12400869
12401381
12401893
12402405
12402917
12403429
12403941
12404453
12404965
12400358
12400870
12401382
12401894
12402406
12402918
12403430
12403942
12404454
12404966
12400359
12400871
12401383
12401895
12402407
12402919
12403431
12403943
12404455
12404967
12400360
12400872
12401384
12401896
12402408
12402920
12403432
12403944
12404456
12404968
12400361
12400873
12401385
12401897
12402409
12402921
12403433
12403945
12404457
12404969
12400362
12400874
12401386
12401898
12402410
12402922
12403434
12403946
12404458
12404970
12400363
12400875
12401387
12401899
12402411
12402923
12403435
12403947
12404459
12404971
12400364
12400876
12401388
12401900
12402412
12402924
12403436
12403948
12404460
12404972
12400365
12400877
12401389
12401901
12402413
12402925
12403437
12403949
12404461
12404973
11613451
11613963
11614475
11614987
11615499
11616011
11616523
11617035
11617547
11618059
11613452
11613964
11614476
11614988
11615500
11616012
11616524
11617036
11617548
11618060
11613453
11613965
11614477
11614989
11615501
11616013
11616525
11617037
11617549
11618061
11613454
11613966
11614478
11614990
11615502
11616014
11616526
11617038
11617550
11618062
11613455
11613967
11614479
11614991
11615503
11616015
11616527
11617039
11617551
11618063
11613456
11613968
11614480
11614992
11615504
11616016
11616528
11617040
11617552
11618064
11613457
11613969
11614481
11614993
11615505
11616017
11616529
11617041
11617553
11618065
11613458
11613970
11614482
11614994
11615506
11616018
11616530
11617042
11617554
11618066
11613459
11613971
11614483
11614995
11615507
11616019
11616531
11617043
11617555
11618067
11613460
11613972
11614484
11614996
11615508
11616020
11616532
11617044
11617556
11618068
16909000
16909512
16910024
16910536
16911048
16911560
16912072
16912584
16913096
16913608
16909001
16909513
16910025
16910537
16911049
16911561
16912073
16912585
16913097
16913609
16909002
16909514
16910026
16910538
16911050
16911562
16912074
16912586
16913098
16913610
16909003
16909515
16910027
16910539
16911051
16911563
16912075
16912587
16913099
16913611
16909004
16909516
16910028
16910540
16911052
16911564
16912076
16912588
16913100
16913612
16909005
16909517
16910029
16910541
16911053
16911565
16912077
16912589
16913101
16913613
16909006
16909518
16910030
16910542
16911054
16911566
16912078
16912590
16913102
16913614
16909007
16909519
16910031
16910543
16911055
16911567
16912079
16912591
16913103
16913615
16909008
16909520
16910032
16910544
16911056
16911568
16912080
16912592
16913104
16913616
16909009
16909521
16910033
16910545
16911057
16911569
16912081
16912593
16913105
16913617
16921288
16921800
16922312
16922824
16923336
16923848
16924360
16924872
16925384
16925896
16921289
16921801
16922313
16922825
16923337
16923849
16924361
16924873
16925385
16925897
16921290
16921802
16922314
16922826
16923338
16923850
16924362
16924874
16925386
16925898
16921291
16921803
16922315
16922827
16923339
16923851
16924363
16924875
16925387
16925899
16921292
16921804
16922316
16922828
16923340
16923852
16924364
16924876
16925388
16925900
16921293
16921805
16922317
16922829
16923341
16923853
16924365
16924877
16925389
16925901
16921294
16921806
16922318
16922830
16923342
16923854
16924366
16924878
16925390
16925902
16921295
16921807
16922319
16922831
16923343
16923855
16924367
16924879
16925391
16925903
16921296
16921808
16922320
16922832
16923344
16923856
16924368
16924880
16925392
16925904
16921297
16921809
16922321
16922833
16923345
16923857
16924369
16924881
16925393
16925905
15576275
15576787
15577299
15577811
15578323
15578835
15579347
15579859
15580371
15580883
15576276
15576788
15577300
15577812
15578324
15578836
15579348
15579860
15580372
15580884
15576277
15576789
15577301
15577813
15578325
15578837
15579349
15579861
15580373
15580885
15576278
15576790
15577302
15577814
15578326
15578838
15579350
15579862
15580374
15580886
15576279
15576791
15577303
15577815
15578327
15578839
15579351
15579863
15580375
15580887
15576280
15576792
15577304
15577816
15578328
15578840
15579352
15579864
15580376
15580888
15576281
15576793
15577305
15577817
15578329
15578841
15579353
15579865
15580377
15580889
15576282
15576794
15577306
15577818
15578330
15578842
15579354
15579866
15580378
15580890
15576283
15576795
15577307
15577819
15578331
15578843
15579355
15579867
15580379
15580891
15576284
15576796
15577308
15577820
15578332
15578844
15579356
15579868
15580380
15580892
12122354
12122866
12123378
12123890
12124402
12124914
12125426
12125938
12126450
12126962
12122355
12122867
12123379
12123891
12124403
12124915
12125427
12125939
12126451
12126963
12122356
12122868
12123380
12123892
12124404
12124916
12125428
12125940
12126452
12126964
12122357
12122869
12123381
12123893
12124405
12124917
12125429
12125941
12126453
12126965
12122358
12122870
12123382
12123894
12124406
12124918
12125430
12125942
12126454
12126966
12122359
12122871
12123383
12123895
12124407
12124919
12125431
12125943
12126455
12126967
12122360
12122872
12123384
12123896
12124408
12124920
12125432
12125944
12126456
12126968
12122361
12122873
12123385
12123897
12124409
12124921
12125433
12125945
12126457
12126969
12122362
12122874
12123386
12123898
12124410
12124922
12125434
12125946
12126458
12126970
12122363
12122875
12123387
12123899
12124411
12124923
12125435
12125947
12126459
12126971
13724977
13725489
13726001
13726513
13727025
13727537
13728049
13728561
13729073
13729585
13724978
13725490
13726002
13726514
13727026
13727538
13728050
13728562
13729074
13729586
13724979
13725491
13726003
13726515
13727027
13727539
13728051
13728563
13729075
13729587
13724980
13725492
13726004
13726516
13727028
13727540
13728052
13728564
13729076
13729588
13724981
13725493
13726005
13726517
13727029
13727541
13728053
13728565
13729077
13729589
13724982
13725494
13726006
13726518
13727030
13727542
13728054
13728566
13729078
13729590
13724983
13725495
13726007
13726519
13727031
13727543
13728055
13728567
13729079
13729591
13724984
13725496
13726008
13726520
13727032
13727544
13728056
13728568
13729080
13729592
13724985
13725497
13726009
13726521
13727033
13727545
13728057
13728569
13729081
13729593
13724986
13725498
13726010
13726522
13727034
13727546
13728058
13728570
13729082
13729594
10577083
10577595
10578107
10578619
10579131
10579643
10580155
10580667
10581179
10581691
10577084
10577596
10578108
10578620
10579132
10579644
10580156
10580668
10581180
10581692
10577085
10577597
10578109
10578621
10579133
10579645
10580157
10580669
10581181
10581693
10577086
10577598
10578110
10578622
10579134
10579646
10580158
10580670
10581182
10581694
10577087
10577599
10578111
10578623
10579135
10579647
10580159
10580671
10581183
10581695
10577088
10577600
10578112
10578624
10579136
10579648
10580160
10580672
10581184
10581696
10577089
10577601
10578113
10578625
10579137
10579649
10580161
10580673
10581185
10581697
10577090
10577602
10578114
10578626
10579138
10579650
10580162
10580674
10581186
10581698
10577091
10577603
10578115
10578627
10579139
10579651
10580163
10580675
10581187
10581699
10577092
10577604
10578116
10578628
10579140
10579652
10580164
10580676
10581188
10581700
15295216
15295728
15296240
15296752
15297264
15297776
15298288
15298800
15299312
15299824
15295217
15295729
15296241
15296753
15297265
15297777
15298289
15298801
15299313
15299825
15295218
15295730
15296242
15296754
15297266
15297778
15298290
15298802
15299314
15299826
15295219
15295731
15296243
15296755
15297267
15297779
15298291
15298803
15299315
15299827
15295220
15295732
15296244
15296756
15297268
15297780
15298292
15298804
15299316
15299828
15295221
15295733
15296245
15296757
15297269
15297781
15298293
15298805
15299317
15299829
15295222
15295734
15296246
15296758
15297270
15297782
15298294
15298806
15299318
15299830
15295223
15295735
15296247
15296759
15297271
15297783
15298295
15298807
15299319
15299831
15295224
15295736
15296248
15296760
15297272
15297784
15298296
15298808
15299320
15299832
15295225
15295737
15296249
15296761
15297273
15297785
15298297
15298809
15299321
15299833
16581858
16582370
16582882
16583394
16583906
16584418
16584930
16585442
16585954
16586466
16581859
16582371
16582883
16583395
16583907
16584419
16584931
16585443
16585955
16586467
16581860
16582372
16582884
16583396
16583908
16584420
16584932
16585444
16585956
16586468
16581861
16582373
16582885
16583397
16583909
16584421
16584933
16585445
16585957
16586469
16581862
16582374
16582886
16583398
16583910
16584422
16584934
16585446
16585958
16586470
16581863
16582375
16582887
16583399
16583911
16584423
16584935
16585447
16585959
16586471
16581864
16582376
16582888
16583400
16583912
16584424
16584936
16585448
16585960
16586472
16581865
16582377
16582889
16583401
16583913
16584425
16584937
16585449
16585961
16586473
16581866
16582378
16582890
16583402
16583914
16584426
16584938
16585450
16585962
16586474
16581867
16582379
16582891
16583403
16583915
16584427
16584939
16585451
16585963
16586475
