25938395
25938907
25939419
25939931
25940443
25940955
25941467
25941979
25942491
25943003
25938396
25938908
25939420
25939932
25940444
25940956
25941468
25941980
25942492
25943004
25938397
25938909
25939421
25939933
25940445
25940957
25941469
25941981
25942493
25943005
25938398
25938910
25939422
25939934
25940446
25940958
25941470
25941982
25942494
25943006
25938399
25938911
25939423
25939935
25940447
25940959
25941471
25941983
25942495
25943007
25938400
25938912
25939424
25939936
25940448
25940960
25941472
25941984
25942496
25943008
25938401
25938913
25939425
25939937
25940449
25940961
25941473
25941985
25942497
25943009
25938402
25938914
25939426
25939938
25940450
25940962
25941474
25941986
25942498
25943010
25938403
25938915
25939427
25939939
25940451
25940963
25941475
25941987
25942499
25943011
25938404
25938916
25939428
25939940
25940452
25940964
25941476
25941988
25942500
25943012
4592867
4593379
4593891
4594403
4594915
4595427
4595939
4596451
4596963
4597475
4592868
4593380
4593892
4594404
4594916
4595428
4595940
4596452
4596964
4597476
4592869
4593381
4593893
4594405
4594917
4595429
4595941
4596453
4596965
4597477
4592870
4593382
4593894
4594406
4594918
4595430
4595942
4596454
4596966
4597478
4592871
4593383
4593895
4594407
4594919
4595431
4595943
4596455
4596967
4597479
4592872
4593384
4593896
4594408
4594920
4595432
4595944
4596456
4596968
4597480
4592873
4593385
4593897
4594409
4594921
4595433
4595945
4596457
4596969
4597481
4592874
4593386
4593898
4594410
4594922
4595434
4595946
4596458
4596970
4597482
4592875
4593387
4593899
4594411
4594923
4595435
4595947
4596459
4596971
4597483
4592876
4593388
4593900
4594412
4594924
4595436
4595948
4596460
4596972
4597484
10535570
10536082
10536594
10537106
10537618
10538130
10538642
10539154
10539666
10540178
10535571
10536083
10536595
10537107
10537619
10538131
10538643
10539155
10539667
10540179
10535572
10536084
10536596
10537108
10537620
10538132
10538644
10539156
10539668
10540180
10535573
10536085
10536597
10537109
10537621
10538133
10538645
10539157
10539669
10540181
10535574
10536086
10536598
10537110
10537622
10538134
10538646
10539158
10539670
10540182
10535575
10536087
10536599
10537111
10537623
10538135
10538647
10539159
10539671
10540183
10535576
10536088
10536600
10537112
10537624
10538136
10538648
10539160
10539672
10540184
10535577
10536089
10536601
10537113
10537625
10538137
10538649
10539161
10539673
10540185
10535578
10536090
10536602
10537114
10537626
10538138
10538650
10539162
10539674
10540186
10535579
10536091
10536603
10537115
10537627
10538139
10538651
10539163
10539675
10540187
13837159
13837671
13838183
13838695
13839207
13839719
13840231
13840743
13841255
13841767
13837160
13837672
13838184
13838696
13839208
13839720
13840232
13840744
13841256
13841768
13837161
13837673
13838185
13838697
13839209
13839721
13840233
13840745
13841257
13841769
13837162
13837674
13838186
13838698
13839210
13839722
13840234
13840746
13841258
13841770
13837163
13837675
13838187
13838699
13839211
13839723
13840235
13840747
13841259
13841771
13837164
13837676
13838188
13838700
13839212
13839724
13840236
13840748
13841260
13841772
13837165
13837677
13838189
13838701
13839213
13839725
13840237
13840749
13841261
13841773
13837166
13837678
13838190
13838702
13839214
13839726
13840238
13840750
13841262
13841774
13837167
13837679
13838191
13838703
13839215
13839727
13840239
13840751
13841263
13841775
13837168
13837680
13838192
13838704
13839216
13839728
13840240
13840752
13841264
13841776
18378516
18379028
18379540
18380052
18380564
18381076
18381588
18382100
18382612
18383124
18378517
18379029
18379541
18380053
18380565
18381077
18381589
18382101
18382613
18383125
18378518
18379030
18379542
18380054
18380566
18381078
18381590
18382102
18382614
18383126
18378519
18379031
18379543
18380055
18380567
18381079
18381591
18382103
18382615
18383127
18378520
18379032
18379544
18380056
18380568
18381080
18381592
18382104
18382616
18383128
18378521
18379033
18379545
18380057
18380569
18381081
18381593
18382105
18382617
18383129
18378522
18379034
18379546
18380058
18380570
18381082
18381594
18382106
18382618
18383130
18378523
18379035
18379547
18380059
18380571
18381083
18381595
18382107
18382619
18383131
18378524
18379036
18379548
18380060
18380572
18381084
18381596
18382108
18382620
18383132
18378525
18379037
18379549
18380061
18380573
18381085
18381597
18382109
18382621
18383133
9485792
9486304
9486816
9487328
9487840
9488352
9488864
9489376
9489888
9490400
9485793
9486305
9486817
9487329
9487841
9488353
9488865
9489377
9489889
9490401
9485794
9486306
9486818
9487330
9487842
9488354
9488866
9489378
9489890
9490402
9485795
9486307
9486819
9487331
9487843
9488355
9488867
9489379
9489891
9490403
9485796
9486308
9486820
9487332
9487844
9488356
9488868
9489380
9489892
9490404
9485797
9486309
9486821
9487333
9487845
9488357
9488869
9489381
9489893
9490405
9485798
9486310
9486822
9487334
9487846
9488358
9488870
9489382
9489894
9490406
9485799
9486311
9486823
9487335
9487847
9488359
9488871
9489383
9489895
9490407
9485800
9486312
9486824
9487336
9487848
9488360
9488872
9489384
9489896
9490408
9485801
9486313
9486825
9487337
9487849
9488361
9488873
9489385
9489897
9490409
75743
76255
76767
77279
77791
78303
78815
79327
79839
80351
75744
76256
76768
77280
77792
78304
78816
79328
79840
80352
75745
76257
76769
77281
77793
78305
78817
79329
79841
80353
75746
76258
76770
77282
77794
78306
78818
79330
79842
80354
75747
76259
76771
77283
77795
78307
78819
79331
79843
80355
75748
76260
76772
77284
77796
78308
78820
79332
79844
80356
75749
76261
76773
77285
77797
78309
78821
79333
79845
80357
75750
76262
76774
77286
77798
78310
78822
79334
79846
80358
75751
76263
76775
77287
77799
78311
78823
79335
79847
80359
75752
76264
76776
77288
77800
78312
78824
79336
79848
80360
23902948
23903460
23903972
23904484
23904996
23905508
23906020
23906532
23907044
23907556
23902949
23903461
23903973
23904485
23904997
23905509
23906021
23906533
23907045
23907557
23902950
23903462
23903974
23904486
23904998
23905510
23906022
23906534
23907046
23907558
23902951
23903463
23903975
23904487
23904999
23905511
23906023
23906535
23907047
23907559
23902952
23903464
23903976
23904488
23905000
23905512
23906024
23906536
23907048
23907560
23902953
23903465
23903977
23904489
23905001
23905513
23906025
23906537
23907049
23907561
23902954
23903466
23903978
23904490
23905002
23905514
23906026
23906538
23907050
23907562
23902955
23903467
23903979
23904491
23905003
23905515
23906027
23906539
23907051
23907563
23902956
23903468
23903980
23904492
23905004
23905516
23906028
23906540
23907052
23907564
23902957
23903469
23903981
23904493
23905005
23905517
23906029
23906541
23907053
23907565
12373557
12374069
12374581
12375093
12375605
12376117
12376629
12377141
12377653
12378165
12373558
12374070
12374582
12375094
12375606
12376118
12376630
12377142
12377654
12378166
12373559
12374071
12374583
12375095
12375607
12376119
12376631
12377143
12377655
12378167
12373560
12374072
12374584
12375096
12375608
12376120
12376632
12377144
12377656
12378168
12373561
12374073
12374585
12375097
12375609
12376121
12376633
12377145
12377657
12378169
12373562
12374074
12374586
12375098
12375610
12376122
12376634
12377146
12377658
12378170
12373563
12374075
12374587
12375099
12375611
12376123
12376635
12377147
12377659
12378171
12373564
12374076
12374588
12375100
12375612
12376124
12376636
12377148
12377660
12378172
12373565
12374077
12374589
12375101
12375613
12376125
12376637
12377149
12377661
12378173
12373566
12374078
12374590
12375102
12375614
12376126
12376638
12377150
12377662
12378174
30302113
30302625
30303137
30303649
30304161
30304673
30305185
30305697
30306209
30306721
30302114
30302626
30303138
30303650
30304162
30304674
30305186
30305698
30306210
30306722
30302115
30302627
30303139
30303651
30304163
30304675
30305187
30305699
30306211
30306723
30302116
30302628
30303140
30303652
30304164
30304676
30305188
30305700
30306212
30306724
30302117
30302629
30303141
30303653
30304165
30304677
30305189
30305701
30306213
30306725
30302118
30302630
30303142
30303654
30304166
30304678
30305190
30305702
30306214
30306726
30302119
30302631
30303143
30303655
30304167
30304679
30305191
30305703
30306215
30306727
30302120
30302632
30303144
30303656
30304168
30304680
30305192
30305704
30306216
30306728
30302121
30302633
30303145
30303657
30304169
30304681
30305193
30305705
30306217
30306729
30302122
30302634
30303146
30303658
30304170
30304682
30305194
30305706
30306218
30306730
11145622
11146134
11146646
11147158
11147670
11148182
11148694
11149206
11149718
11150230
11145623
11146135
11146647
11147159
11147671
11148183
11148695
11149207
11149719
11150231
11145624
11146136
11146648
11147160
11147672
11148184
11148696
11149208
11149720
11150232
11145625
11146137
11146649
11147161
11147673
11148185
11148697
11149209
11149721
11150233
11145626
11146138
11146650
11147162
11147674
11148186
11148698
11149210
11149722
11150234
11145627
11146139
11146651
11147163
11147675
11148187
11148699
11149211
11149723
11150235
11145628
11146140
11146652
11147164
11147676
11148188
11148700
11149212
11149724
11150236
11145629
11146141
11146653
11147165
11147677
11148189
11148701
11149213
11149725
11150237
11145630
11146142
11146654
11147166
11147678
11148190
11148702
11149214
11149726
11150238
11145631
11146143
11146655
11147167
11147679
11148191
11148703
11149215
11149727
11150239
11136587
11137099
11137611
11138123
11138635
11139147
11139659
11140171
11140683
11141195
11136588
11137100
11137612
11138124
11138636
11139148
11139660
11140172
11140684
11141196
11136589
11137101
11137613
11138125
11138637
11139149
11139661
11140173
11140685
11141197
11136590
11137102
11137614
11138126
11138638
11139150
11139662
11140174
11140686
11141198
11136591
11137103
11137615
11138127
11138639
11139151
11139663
11140175
11140687
11141199
11136592
11137104
11137616
11138128
11138640
11139152
11139664
11140176
11140688
11141200
11136593
11137105
11137617
11138129
11138641
11139153
11139665
11140177
11140689
11141201
11136594
11137106
11137618
11138130
11138642
11139154
11139666
11140178
11140690
11141202
11136595
11137107
11137619
11138131
11138643
11139155
11139667
11140179
11140691
11141203
11136596
11137108
11137620
11138132
11138644
11139156
11139668
11140180
11140692
11141204
2024501
2025013
2025525
2026037
2026549
2027061
2027573
2028085
2028597
2029109
2024502
2025014
2025526
2026038
2026550
2027062
2027574
2028086
2028598
2029110
2024503
2025015
2025527
2026039
2026551
2027063
2027575
2028087
2028599
2029111
2024504
2025016
2025528
2026040
2026552
2027064
2027576
2028088
2028600
2029112
2024505
2025017
2025529
2026041
2026553
2027065
2027577
2028089
2028601
2029113
2024506
2025018
2025530
2026042
2026554
2027066
2027578
2028090
2028602
2029114
2024507
2025019
2025531
2026043
2026555
2027067
2027579
2028091
2028603
2029115
2024508
2025020
2025532
2026044
2026556
2027068
2027580
2028092
2028604
2029116
2024509
2025021
2025533
2026045
2026557
2027069
2027581
2028093
2028605
2029117
2024510
2025022
2025534
2026046
2026558
2027070
2027582
2028094
2028606
2029118
4993765
4994277
4994789
4995301
4995813
4996325
4996837
4997349
4997861
4998373
4993766
4994278
4994790
4995302
4995814
4996326
4996838
4997350
4997862
4998374
4993767
4994279
4994791
4995303
4995815
4996327
4996839
4997351
4997863
4998375
4993768
4994280
4994792
4995304
4995816
4996328
4996840
4997352
4997864
4998376
4993769
4994281
4994793
4995305
4995817
4996329
4996841
4997353
4997865
4998377
4993770
4994282
4994794
4995306
4995818
4996330
4996842
4997354
4997866
4998378
4993771
4994283
4994795
4995307
4995819
4996331
4996843
4997355
4997867
4998379
4993772
4994284
4994796
4995308
4995820
4996332
4996844
4997356
4997868
4998380
4993773
4994285
4994797
4995309
4995821
4996333
4996845
4997357
4997869
4998381
4993774
4994286
4994798
4995310
4995822
4996334
4996846
4997358
4997870
4998382
12335505
12336017
12336529
12337041
12337553
12338065
12338577
12339089
12339601
12340113
12335506
12336018
12336530
12337042
12337554
12338066
12338578
12339090
12339602
12340114
12335507
12336019
12336531
12337043
12337555
12338067
12338579
12339091
12339603
12340115
12335508
12336020
12336532
12337044
12337556
12338068
12338580
12339092
12339604
12340116
12335509
12336021
12336533
12337045
12337557
12338069
12338581
12339093
12339605
12340117
12335510
12336022
12336534
12337046
12337558
12338070
12338582
12339094
12339606
12340118
12335511
12336023
12336535
12337047
12337559
12338071
12338583
12339095
12339607
12340119
12335512
12336024
12336536
12337048
12337560
12338072
12338584
12339096
12339608
12340120
12335513
12336025
12336537
12337049
12337561
12338073
12338585
12339097
12339609
12340121
12335514
12336026
12336538
12337050
12337562
12338074
12338586
12339098
12339610
12340122
8364666
8365178
8365690
8366202
8366714
8367226
8367738
8368250
8368762
8369274
8364667
8365179
8365691
8366203
8366715
8367227
8367739
8368251
8368763
8369275
8364668
8365180
8365692
8366204
8366716
8367228
8367740
8368252
8368764
8369276
8364669
8365181
8365693
8366205
8366717
8367229
8367741
8368253
8368765
8369277
8364670
8365182
8365694
8366206
8366718
8367230
8367742
8368254
8368766
8369278
8364671
8365183
8365695
8366207
8366719
8367231
8367743
8368255
8368767
8369279
8364672
8365184
8365696
8366208
8366720
8367232
8367744
8368256
8368768
8369280
8364673
8365185
8365697
8366209
8366721
8367233
8367745
8368257
8368769
8369281
8364674
8365186
8365698
8366210
8366722
8367234
8367746
8368258
8368770
8369282
8364675
8365187
8365699
8366211
8366723
8367235
8367747
8368259
8368771
8369283
18320537
18321049
18321561
18322073
18322585
18323097
18323609
18324121
18324633
18325145
18320538
18321050
18321562
18322074
18322586
18323098
18323610
18324122
18324634
18325146
18320539
18321051
18321563
18322075
18322587
18323099
18323611
18324123
18324635
18325147
18320540
18321052
18321564
18322076
18322588
18323100
18323612
18324124
18324636
18325148
18320541
18321053
18321565
18322077
18322589
18323101
18323613
18324125
18324637
18325149
18320542
18321054
18321566
18322078
18322590
18323102
18323614
18324126
18324638
18325150
18320543
18321055
18321567
18322079
18322591
18323103
18323615
18324127
18324639
18325151
18320544
18321056
18321568
18322080
18322592
18323104
18323616
18324128
18324640
18325152
18320545
18321057
18321569
18322081
18322593
18323105
18323617
18324129
18324641
18325153
18320546
18321058
18321570
18322082
18322594
18323106
18323618
18324130
18324642
18325154
21746342
21746854
21747366
21747878
21748390
21748902
21749414
21749926
21750438
21750950
21746343
21746855
21747367
21747879
21748391
21748903
21749415
21749927
21750439
21750951
21746344
21746856
21747368
21747880
21748392
21748904
21749416
21749928
21750440
21750952
21746345
21746857
21747369
21747881
21748393
21748905
21749417
21749929
21750441
21750953
21746346
21746858
21747370
21747882
21748394
21748906
21749418
21749930
21750442
21750954
21746347
21746859
21747371
21747883
21748395
21748907
21749419
21749931
21750443
21750955
21746348
21746860
21747372
21747884
21748396
21748908
21749420
21749932
21750444
21750956
21746349
21746861
21747373
21747885
21748397
21748909
21749421
21749933
21750445
21750957
21746350
21746862
21747374
21747886
21748398
21748910
21749422
21749934
21750446
21750958
21746351
21746863
21747375
21747887
21748399
21748911
21749423
21749935
21750447
21750959
23000713
23001225
23001737
23002249
23002761
23003273
23003785
23004297
23004809
23005321
23000714
23001226
23001738
23002250
23002762
23003274
23003786
23004298
23004810
23005322
23000715
23001227
23001739
23002251
23002763
23003275
23003787
23004299
23004811
23005323
23000716
23001228
23001740
23002252
23002764
23003276
23003788
23004300
23004812
23005324
23000717
23001229
23001741
23002253
23002765
23003277
23003789
23004301
23004813
23005325
23000718
23001230
23001742
23002254
23002766
23003278
23003790
23004302
23004814
23005326
23000719
23001231
23001743
23002255
23002767
23003279
23003791
23004303
23004815
23005327
23000720
23001232
23001744
23002256
23002768
23003280
23003792
23004304
23004816
23005328
23000721
23001233
23001745
23002257
23002769
23003281
23003793
23004305
23004817
23005329
23000722
23001234
23001746
23002258
23002770
23003282
23003794
23004306
23004818
23005330
28627842
28628354
28628866
28629378
28629890
28630402
28630914
28631426
28631938
28632450
28627843
28628355
28628867
28629379
28629891
28630403
28630915
28631427
28631939
28632451
28627844
28628356
28628868
28629380
28629892
28630404
28630916
28631428
28631940
28632452
28627845
28628357
28628869
28629381
28629893
28630405
28630917
28631429
28631941
28632453
28627846
28628358
28628870
28629382
28629894
28630406
28630918
28631430
28631942
28632454
28627847
28628359
28628871
28629383
28629895
28630407
28630919
28631431
28631943
28632455
28627848
28628360
28628872
28629384
28629896
28630408
28630920
28631432
28631944
28632456
28627849
28628361
28628873
28629385
28629897
28630409
28630921
28631433
28631945
28632457
28627850
28628362
28628874
28629386
28629898
28630410
28630922
28631434
28631946
28632458
28627851
28628363
28628875
28629387
28629899
28630411
28630923
28631435
28631947
28632459
17293646
17294158
17294670
17295182
17295694
17296206
17296718
17297230
17297742
17298254
17293647
17294159
17294671
17295183
17295695
17296207
17296719
17297231
17297743
17298255
17293648
17294160
17294672
17295184
17295696
17296208
17296720
17297232
17297744
17298256
17293649
17294161
17294673
17295185
17295697
17296209
17296721
17297233
17297745
17298257
17293650
17294162
17294674
17295186
17295698
17296210
17296722
17297234
17297746
17298258
17293651
17294163
17294675
17295187
17295699
17296211
17296723
17297235
17297747
17298259
17293652
17294164
17294676
17295188
17295700
17296212
17296724
17297236
17297748
17298260
17293653
17294165
17294677
17295189
17295701
17296213
17296725
17297237
17297749
17298261
17293654
17294166
17294678
17295190
17295702
17296214
17296726
17297238
17297750
17298262
17293655
17294167
17294679
17295191
17295703
17296215
17296727
17297239
17297751
17298263
26671123
26671635
26672147
26672659
26673171
26673683
26674195
26674707
26675219
26675731
26671124
26671636
26672148
26672660
26673172
26673684
26674196
26674708
26675220
26675732
26671125
26671637
26672149
26672661
26673173
26673685
26674197
26674709
26675221
26675733
26671126
26671638
26672150
26672662
26673174
26673686
26674198
26674710
26675222
26675734
26671127
26671639
26672151
26672663
26673175
26673687
26674199
26674711
26675223
26675735
26671128
26671640
26672152
26672664
26673176
26673688
26674200
26674712
26675224
26675736
26671129
26671641
26672153
26672665
26673177
26673689
26674201
26674713
26675225
26675737
26671130
26671642
26672154
26672666
26673178
26673690
26674202
26674714
26675226
26675738
26671131
26671643
26672155
26672667
26673179
26673691
26674203
26674715
26675227
26675739
26671132
26671644
26672156
26672668
26673180
26673692
26674204
26674716
26675228
26675740
3626659
3627171
3627683
3628195
3628707
3629219
3629731
3630243
3630755
3631267
3626660
3627172
3627684
3628196
3628708
3629220
3629732
3630244
3630756
3631268
3626661
3627173
3627685
3628197
3628709
3629221
3629733
3630245
3630757
3631269
3626662
3627174
3627686
3628198
3628710
3629222
3629734
3630246
3630758
3631270
3626663
3627175
3627687
3628199
3628711
3629223
3629735
3630247
3630759
3631271
3626664
3627176
3627688
3628200
3628712
3629224
3629736
3630248
3630760
3631272
3626665
3627177
3627689
3628201
3628713
3629225
3629737
3630249
3630761
3631273
3626666
3627178
3627690
3628202
3628714
3629226
3629738
3630250
3630762
3631274
3626667
3627179
3627691
3628203
3628715
3629227
3629739
3630251
3630763
3631275
3626668
3627180
3627692
3628204
3628716
3629228
3629740
3630252
3630764
3631276
31605653
31606165
31606677
31607189
31607701
31608213
31608725
31609237
31609749
31610261
31605654
31606166
31606678
31607190
31607702
31608214
31608726
31609238
31609750
31610262
31605655
31606167
31606679
31607191
31607703
31608215
31608727
31609239
31609751
31610263
31605656
31606168
31606680
31607192
31607704
31608216
31608728
31609240
31609752
31610264
31605657
31606169
31606681
31607193
31607705
31608217
31608729
31609241
31609753
31610265
31605658
31606170
31606682
31607194
31607706
31608218
31608730
31609242
31609754
31610266
31605659
31606171
31606683
31607195
31607707
31608219
31608731
31609243
31609755
31610267
31605660
31606172
31606684
31607196
31607708
31608220
31608732
31609244
31609756
31610268
31605661
31606173
31606685
31607197
31607709
31608221
31608733
31609245
31609757
31610269
31605662
31606174
31606686
31607198
31607710
31608222
31608734
31609246
31609758
31610270
29806843
29807355
29807867
29808379
29808891
29809403
29809915
29810427
29810939
29811451
29806844
29807356
29807868
29808380
29808892
29809404
29809916
29810428
29810940
29811452
29806845
29807357
29807869
29808381
29808893
29809405
29809917
29810429
29810941
29811453
29806846
29807358
29807870
29808382
29808894
29809406
29809918
29810430
29810942
29811454
29806847
29807359
29807871
29808383
29808895
29809407
29809919
29810431
29810943
29811455
29806848
29807360
29807872
29808384
29808896
29809408
29809920
29810432
29810944
29811456
29806849
29807361
29807873
29808385
29808897
29809409
29809921
29810433
29810945
29811457
29806850
29807362
29807874
29808386
29808898
29809410
29809922
29810434
29810946
29811458
29806851
29807363
29807875
29808387
29808899
29809411
29809923
29810435
29810947
29811459
29806852
29807364
29807876
29808388
29808900
29809412
29809924
29810436
29810948
29811460
28971555
28972067
28972579
28973091
28973603
28974115
28974627
28975139
28975651
28976163
28971556
28972068
28972580
28973092
28973604
28974116
28974628
28975140
28975652
28976164
28971557
28972069
28972581
28973093
28973605
28974117
28974629
28975141
28975653
28976165
28971558
28972070
28972582
28973094
28973606
28974118
28974630
28975142
28975654
28976166
28971559
28972071
28972583
28973095
28973607
28974119
28974631
28975143
28975655
28976167
28971560
28972072
28972584
28973096
28973608
28974120
28974632
28975144
28975656
28976168
28971561
28972073
28972585
28973097
28973609
28974121
28974633
28975145
28975657
28976169
28971562
28972074
28972586
28973098
28973610
28974122
28974634
28975146
28975658
28976170
28971563
28972075
28972587
28973099
28973611
28974123
28974635
28975147
28975659
28976171
28971564
28972076
28972588
28973100
28973612
28974124
28974636
28975148
28975660
28976172
1824121
1824633
1825145
1825657
1826169
1826681
1827193
1827705
1828217
1828729
1824122
1824634
1825146
1825658
1826170
1826682
1827194
1827706
1828218
1828730
1824123
1824635
1825147
1825659
1826171
1826683
1827195
1827707
1828219
1828731
1824124
1824636
1825148
1825660
1826172
1826684
1827196
1827708
1828220
1828732
1824125
1824637
1825149
1825661
1826173
1826685
1827197
1827709
1828221
1828733
1824126
1824638
1825150
1825662
1826174
1826686
1827198
1827710
1828222
1828734
1824127
1824639
1825151
1825663
1826175
1826687
1827199
1827711
1828223
1828735
1824128
1824640
1825152
1825664
1826176
1826688
1827200
1827712
1828224
1828736
1824129
1824641
1825153
1825665
1826177
1826689
1827201
1827713
1828225
1828737
1824130
1824642
1825154
1825666
1826178
1826690
1827202
1827714
1828226
1828738
14831729
14832241
14832753
14833265
14833777
14834289
14834801
14835313
14835825
14836337
14831730
14832242
14832754
14833266
14833778
14834290
14834802
14835314
14835826
14836338
14831731
14832243
14832755
14833267
14833779
14834291
14834803
14835315
14835827
14836339
14831732
14832244
14832756
14833268
14833780
14834292
14834804
14835316
14835828
14836340
14831733
14832245
14832757
14833269
14833781
14834293
14834805
14835317
14835829
14836341
14831734
14832246
14832758
14833270
14833782
14834294
14834806
14835318
14835830
14836342
14831735
14832247
14832759
14833271
14833783
14834295
14834807
14835319
14835831
14836343
14831736
14832248
14832760
14833272
14833784
14834296
14834808
14835320
14835832
14836344
14831737
14832249
14832761
14833273
14833785
14834297
14834809
14835321
14835833
14836345
14831738
14832250
14832762
14833274
14833786
14834298
14834810
14835322
14835834
14836346
31311625
31312137
31312649
31313161
31313673
31314185
31314697
31315209
31315721
31316233
31311626
31312138
31312650
31313162
31313674
31314186
31314698
31315210
31315722
31316234
31311627
31312139
31312651
31313163
31313675
31314187
31314699
31315211
31315723
31316235
31311628
31312140
31312652
31313164
31313676
31314188
31314700
31315212
31315724
31316236
31311629
31312141
31312653
31313165
31313677
31314189
31314701
31315213
31315725
31316237
31311630
31312142
31312654
31313166
31313678
31314190
31314702
31315214
31315726
31316238
31311631
31312143
31312655
31313167
31313679
31314191
31314703
31315215
31315727
31316239
31311632
31312144
31312656
31313168
31313680
31314192
31314704
31315216
31315728
31316240
31311633
31312145
31312657
31313169
31313681
31314193
31314705
31315217
31315729
31316241
31311634
31312146
31312658
31313170
31313682
31314194
31314706
31315218
31315730
31316242
13844407
13844919
13845431
13845943
13846455
13846967
13847479
13847991
13848503
13849015
13844408
13844920
13845432
13845944
13846456
13846968
13847480
13847992
13848504
13849016
13844409
13844921
13845433
13845945
13846457
13846969
13847481
13847993
13848505
13849017
13844410
13844922
13845434
13845946
13846458
13846970
13847482
13847994
13848506
13849018
13844411
13844923
13845435
13845947
13846459
13846971
13847483
13847995
13848507
13849019
13844412
13844924
13845436
13845948
13846460
13846972
13847484
13847996
13848508
13849020
13844413
13844925
13845437
13845949
13846461
13846973
13847485
13847997
13848509
13849021
13844414
13844926
13845438
13845950
13846462
13846974
13847486
13847998
13848510
13849022
13844415
13844927
13845439
13845951
13846463
13846975
13847487
13847999
13848511
13849023
13844416
13844928
13845440
13845952
13846464
13846976
13847488
13848000
13848512
13849024
