28814149
28814661
28815173
28815685
28816197
28816709
28817221
28817733
28818245
28818757
28814150
28814662
28815174
28815686
28816198
28816710
28817222
28817734
28818246
28818758
28814151
28814663
28815175
28815687
28816199
28816711
28817223
28817735
28818247
28818759
28814152
28814664
28815176
28815688
28816200
28816712
28817224
28817736
28818248
28818760
28814153
28814665
28815177
28815689
28816201
28816713
28817225
28817737
28818249
28818761
28814154
28814666
28815178
28815690
28816202
28816714
28817226
28817738
28818250
28818762
28814155
28814667
28815179
28815691
28816203
28816715
28817227
28817739
28818251
28818763
28814156
28814668
28815180
28815692
28816204
28816716
28817228
28817740
28818252
28818764
28814157
28814669
28815181
28815693
28816205
28816717
28817229
28817741
28818253
28818765
28814158
28814670
28815182
28815694
28816206
28816718
28817230
28817742
28818254
28818766
19546858
19547370
19547882
19548394
19548906
19549418
19549930
19550442
19550954
19551466
19546859
19547371
19547883
19548395
19548907
19549419
19549931
19550443
19550955
19551467
19546860
19547372
19547884
19548396
19548908
19549420
19549932
19550444
19550956
19551468
19546861
19547373
19547885
19548397
19548909
19549421
19549933
19550445
19550957
19551469
19546862
19547374
19547886
19548398
19548910
19549422
19549934
19550446
19550958
19551470
19546863
19547375
19547887
19548399
19548911
19549423
19549935
19550447
19550959
19551471
19546864
19547376
19547888
19548400
19548912
19549424
19549936
19550448
19550960
19551472
19546865
19547377
19547889
19548401
19548913
19549425
19549937
19550449
19550961
19551473
19546866
19547378
19547890
19548402
19548914
19549426
19549938
19550450
19550962
19551474
19546867
19547379
19547891
19548403
19548915
19549427
19549939
19550451
19550963
19551475
30344208
30344720
30345232
30345744
30346256
30346768
30347280
30347792
30348304
30348816
30344209
30344721
30345233
30345745
30346257
30346769
30347281
30347793
30348305
30348817
30344210
30344722
30345234
30345746
30346258
30346770
30347282
30347794
30348306
30348818
30344211
30344723
30345235
30345747
30346259
30346771
30347283
30347795
30348307
30348819
30344212
30344724
30345236
30345748
30346260
30346772
30347284
30347796
30348308
30348820
30344213
30344725
30345237
30345749
30346261
30346773
30347285
30347797
30348309
30348821
30344214
30344726
30345238
30345750
30346262
30346774
30347286
30347798
30348310
30348822
30344215
30344727
30345239
30345751
30346263
30346775
30347287
30347799
30348311
30348823
30344216
30344728
30345240
30345752
30346264
30346776
30347288
30347800
30348312
30348824
30344217
30344729
30345241
30345753
30346265
30346777
30347289
30347801
30348313
30348825
14427227
14427739
14428251
14428763
14429275
14429787
14430299
14430811
14431323
14431835
14427228
14427740
14428252
14428764
14429276
14429788
14430300
14430812
14431324
14431836
14427229
14427741
14428253
14428765
14429277
14429789
14430301
14430813
14431325
14431837
14427230
14427742
14428254
14428766
14429278
14429790
14430302
14430814
14431326
14431838
14427231
14427743
14428255
14428767
14429279
14429791
14430303
14430815
14431327
14431839
14427232
14427744
14428256
14428768
14429280
14429792
14430304
14430816
14431328
14431840
14427233
14427745
14428257
14428769
14429281
14429793
14430305
14430817
14431329
14431841
14427234
14427746
14428258
14428770
14429282
14429794
14430306
14430818
14431330
14431842
14427235
14427747
14428259
14428771
14429283
14429795
14430307
14430819
14431331
14431843
14427236
14427748
14428260
14428772
14429284
14429796
14430308
14430820
14431332
14431844
29993636
29994148
29994660
29995172
29995684
29996196
29996708
29997220
29997732
29998244
29993637
29994149
29994661
29995173
29995685
29996197
29996709
29997221
29997733
29998245
29993638
29994150
29994662
29995174
29995686
29996198
29996710
29997222
29997734
29998246
29993639
29994151
29994663
29995175
29995687
29996199
29996711
29997223
29997735
29998247
29993640
29994152
29994664
29995176
29995688
29996200
29996712
29997224
29997736
29998248
29993641
29994153
29994665
29995177
29995689
29996201
29996713
29997225
29997737
29998249
29993642
29994154
29994666
29995178
29995690
29996202
29996714
29997226
29997738
29998250
29993643
29994155
29994667
29995179
29995691
29996203
29996715
29997227
29997739
29998251
29993644
29994156
29994668
29995180
29995692
29996204
29996716
29997228
29997740
29998252
29993645
29994157
29994669
29995181
29995693
29996205
29996717
29997229
29997741
29998253
21010336
21010848
21011360
21011872
21012384
21012896
21013408
21013920
21014432
21014944
21010337
21010849
21011361
21011873
21012385
21012897
21013409
21013921
21014433
21014945
21010338
21010850
21011362
21011874
21012386
21012898
21013410
21013922
21014434
21014946
21010339
21010851
21011363
21011875
21012387
21012899
21013411
21013923
21014435
21014947
21010340
21010852
21011364
21011876
21012388
21012900
21013412
21013924
21014436
21014948
21010341
21010853
21011365
21011877
21012389
21012901
21013413
21013925
21014437
21014949
21010342
21010854
21011366
21011878
21012390
21012902
21013414
21013926
21014438
21014950
21010343
21010855
21011367
21011879
21012391
21012903
21013415
21013927
21014439
21014951
21010344
21010856
21011368
21011880
21012392
21012904
21013416
21013928
21014440
21014952
21010345
21010857
21011369
21011881
21012393
21012905
21013417
21013929
21014441
21014953
19646636
19647148
19647660
19648172
19648684
19649196
19649708
19650220
19650732
19651244
19646637
19647149
19647661
19648173
19648685
19649197
19649709
19650221
19650733
19651245
19646638
19647150
19647662
19648174
19648686
19649198
19649710
19650222
19650734
19651246
19646639
19647151
19647663
19648175
19648687
19649199
19649711
19650223
19650735
19651247
19646640
19647152
19647664
19648176
19648688
19649200
19649712
19650224
19650736
19651248
19646641
19647153
19647665
19648177
19648689
19649201
19649713
19650225
19650737
19651249
19646642
19647154
19647666
19648178
19648690
19649202
19649714
19650226
19650738
19651250
19646643
19647155
19647667
19648179
19648691
19649203
19649715
19650227
19650739
19651251
19646644
19647156
19647668
19648180
19648692
19649204
19649716
19650228
19650740
19651252
19646645
19647157
19647669
19648181
19648693
19649205
19649717
19650229
19650741
19651253
3474611
3475123
3475635
3476147
3476659
3477171
3477683
3478195
3478707
3479219
3474612
3475124
3475636
3476148
3476660
3477172
3477684
3478196
3478708
3479220
3474613
3475125
3475637
3476149
3476661
3477173
3477685
3478197
3478709
3479221
3474614
3475126
3475638
3476150
3476662
3477174
3477686
3478198
3478710
3479222
3474615
3475127
3475639
3476151
3476663
3477175
3477687
3478199
3478711
3479223
3474616
3475128
3475640
3476152
3476664
3477176
3477688
3478200
3478712
3479224
3474617
3475129
3475641
3476153
3476665
3477177
3477689
3478201
3478713
3479225
3474618
3475130
3475642
3476154
3476666
3477178
3477690
3478202
3478714
3479226
3474619
3475131
3475643
3476155
3476667
3477179
3477691
3478203
3478715
3479227
3474620
3475132
3475644
3476156
3476668
3477180
3477692
3478204
3478716
3479228
13496575
13497087
13497599
13498111
13498623
13499135
13499647
13500159
13500671
13501183
13496576
13497088
13497600
13498112
13498624
13499136
13499648
13500160
13500672
13501184
13496577
13497089
13497601
13498113
13498625
13499137
13499649
13500161
13500673
13501185
13496578
13497090
13497602
13498114
13498626
13499138
13499650
13500162
13500674
13501186
13496579
13497091
13497603
13498115
13498627
13499139
13499651
13500163
13500675
13501187
13496580
13497092
13497604
13498116
13498628
13499140
13499652
13500164
13500676
13501188
13496581
13497093
13497605
13498117
13498629
13499141
13499653
13500165
13500677
13501189
13496582
13497094
13497606
13498118
13498630
13499142
13499654
13500166
13500678
13501190
13496583
13497095
13497607
13498119
13498631
13499143
13499655
13500167
13500679
13501191
13496584
13497096
13497608
13498120
13498632
13499144
13499656
13500168
13500680
13501192
9746262
9746774
9747286
9747798
9748310
9748822
9749334
9749846
9750358
9750870
9746263
9746775
9747287
9747799
9748311
9748823
9749335
9749847
9750359
9750871
9746264
9746776
9747288
9747800
9748312
9748824
9749336
9749848
9750360
9750872
9746265
9746777
9747289
9747801
9748313
9748825
9749337
9749849
9750361
9750873
9746266
9746778
9747290
9747802
9748314
9748826
9749338
9749850
9750362
9750874
9746267
9746779
9747291
9747803
9748315
9748827
9749339
9749851
9750363
9750875
9746268
9746780
9747292
9747804
9748316
9748828
9749340
9749852
9750364
9750876
9746269
9746781
9747293
9747805
9748317
9748829
9749341
9749853
9750365
9750877
9746270
9746782
9747294
9747806
9748318
9748830
9749342
9749854
9750366
9750878
9746271
9746783
9747295
9747807
9748319
9748831
9749343
9749855
9750367
9750879
25936505
25937017
25937529
25938041
25938553
25939065
25939577
25940089
25940601
25941113
25936506
25937018
25937530
25938042
25938554
25939066
25939578
25940090
25940602
25941114
25936507
25937019
25937531
25938043
25938555
25939067
25939579
25940091
25940603
25941115
25936508
25937020
25937532
25938044
25938556
25939068
25939580
25940092
25940604
25941116
25936509
25937021
25937533
25938045
25938557
25939069
25939581
25940093
25940605
25941117
25936510
25937022
25937534
25938046
25938558
25939070
25939582
25940094
25940606
25941118
25936511
25937023
25937535
25938047
25938559
25939071
25939583
25940095
25940607
25941119
25936512
25937024
25937536
25938048
25938560
25939072
25939584
25940096
25940608
25941120
25936513
25937025
25937537
25938049
25938561
25939073
25939585
25940097
25940609
25941121
25936514
25937026
25937538
25938050
25938562
25939074
25939586
25940098
25940610
25941122
22362688
22363200
22363712
22364224
22364736
22365248
22365760
22366272
22366784
22367296
22362689
22363201
22363713
22364225
22364737
22365249
22365761
22366273
22366785
22367297
22362690
22363202
22363714
22364226
22364738
22365250
22365762
22366274
22366786
22367298
22362691
22363203
22363715
22364227
22364739
22365251
22365763
22366275
22366787
22367299
22362692
22363204
22363716
22364228
22364740
22365252
22365764
22366276
22366788
22367300
22362693
22363205
22363717
22364229
22364741
22365253
22365765
22366277
22366789
22367301
22362694
22363206
22363718
22364230
22364742
22365254
22365766
22366278
22366790
22367302
22362695
22363207
22363719
22364231
22364743
22365255
22365767
22366279
22366791
22367303
22362696
22363208
22363720
22364232
22364744
22365256
22365768
22366280
22366792
22367304
22362697
22363209
22363721
22364233
22364745
22365257
22365769
22366281
22366793
22367305
18769986
18770498
18771010
18771522
18772034
18772546
18773058
18773570
18774082
18774594
18769987
18770499
18771011
18771523
18772035
18772547
18773059
18773571
18774083
18774595
18769988
18770500
18771012
18771524
18772036
18772548
18773060
18773572
18774084
18774596
18769989
18770501
18771013
18771525
18772037
18772549
18773061
18773573
18774085
18774597
18769990
18770502
18771014
18771526
18772038
18772550
18773062
18773574
18774086
18774598
18769991
18770503
18771015
18771527
18772039
18772551
18773063
18773575
18774087
18774599
18769992
18770504
18771016
18771528
18772040
18772552
18773064
18773576
18774088
18774600
18769993
18770505
18771017
18771529
18772041
18772553
18773065
18773577
18774089
18774601
18769994
18770506
18771018
18771530
18772042
18772554
18773066
18773578
18774090
18774602
18769995
18770507
18771019
18771531
18772043
18772555
18773067
18773579
18774091
18774603
19873138
19873650
19874162
19874674
19875186
19875698
19876210
19876722
19877234
19877746
19873139
19873651
19874163
19874675
19875187
19875699
19876211
19876723
19877235
19877747
19873140
19873652
19874164
19874676
19875188
19875700
19876212
19876724
19877236
19877748
19873141
19873653
19874165
19874677
19875189
19875701
19876213
19876725
19877237
19877749
19873142
19873654
19874166
19874678
19875190
19875702
19876214
19876726
19877238
19877750
19873143
19873655
19874167
19874679
19875191
19875703
19876215
19876727
19877239
19877751
19873144
19873656
19874168
19874680
19875192
19875704
19876216
19876728
19877240
19877752
19873145
19873657
19874169
19874681
19875193
19875705
19876217
19876729
19877241
19877753
19873146
19873658
19874170
19874682
19875194
19875706
19876218
19876730
19877242
19877754
19873147
19873659
19874171
19874683
19875195
19875707
19876219
19876731
19877243
19877755
7527295
7527807
7528319
7528831
7529343
7529855
7530367
7530879
7531391
7531903
7527296
7527808
7528320
7528832
7529344
7529856
7530368
7530880
7531392
7531904
7527297
7527809
7528321
7528833
7529345
7529857
7530369
7530881
7531393
7531905
7527298
7527810
7528322
7528834
7529346
7529858
7530370
7530882
7531394
7531906
7527299
7527811
7528323
7528835
7529347
7529859
7530371
7530883
7531395
7531907
7527300
7527812
7528324
7528836
7529348
7529860
7530372
7530884
7531396
7531908
7527301
7527813
7528325
7528837
7529349
7529861
7530373
7530885
7531397
7531909
7527302
7527814
7528326
7528838
7529350
7529862
7530374
7530886
7531398
7531910
7527303
7527815
7528327
7528839
7529351
7529863
7530375
7530887
7531399
7531911
7527304
7527816
7528328
7528840
7529352
7529864
7530376
7530888
7531400
7531912
20591018
20591530
20592042
20592554
20593066
20593578
20594090
20594602
20595114
20595626
20591019
20591531
20592043
20592555
20593067
20593579
20594091
20594603
20595115
20595627
20591020
20591532
20592044
20592556
20593068
20593580
20594092
20594604
20595116
20595628
20591021
20591533
20592045
20592557
20593069
20593581
20594093
20594605
20595117
20595629
20591022
20591534
20592046
20592558
20593070
20593582
20594094
20594606
20595118
20595630
20591023
20591535
20592047
20592559
20593071
20593583
20594095
20594607
20595119
20595631
20591024
20591536
20592048
20592560
20593072
20593584
20594096
20594608
20595120
20595632
20591025
20591537
20592049
20592561
20593073
20593585
20594097
20594609
20595121
20595633
20591026
20591538
20592050
20592562
20593074
20593586
20594098
20594610
20595122
20595634
20591027
20591539
20592051
20592563
20593075
20593587
20594099
20594611
20595123
20595635
6868808
6869320
6869832
6870344
6870856
6871368
6871880
6872392
6872904
6873416
6868809
6869321
6869833
6870345
6870857
6871369
6871881
6872393
6872905
6873417
6868810
6869322
6869834
6870346
6870858
6871370
6871882
6872394
6872906
6873418
6868811
6869323
6869835
6870347
6870859
6871371
6871883
6872395
6872907
6873419
6868812
6869324
6869836
6870348
6870860
6871372
6871884
6872396
6872908
6873420
6868813
6869325
6869837
6870349
6870861
6871373
6871885
6872397
6872909
6873421
6868814
6869326
6869838
6870350
6870862
6871374
6871886
6872398
6872910
6873422
6868815
6869327
6869839
6870351
6870863
6871375
6871887
6872399
6872911
6873423
6868816
6869328
6869840
6870352
6870864
6871376
6871888
6872400
6872912
6873424
6868817
6869329
6869841
6870353
6870865
6871377
6871889
6872401
6872913
6873425
3358507
3359019
3359531
3360043
3360555
3361067
3361579
3362091
3362603
3363115
3358508
3359020
3359532
3360044
3360556
3361068
3361580
3362092
3362604
3363116
3358509
3359021
3359533
3360045
3360557
3361069
3361581
3362093
3362605
3363117
3358510
3359022
3359534
3360046
3360558
3361070
3361582
3362094
3362606
3363118
3358511
3359023
3359535
3360047
3360559
3361071
3361583
3362095
3362607
3363119
3358512
3359024
3359536
3360048
3360560
3361072
3361584
3362096
3362608
3363120
3358513
3359025
3359537
3360049
3360561
3361073
3361585
3362097
3362609
3363121
3358514
3359026
3359538
3360050
3360562
3361074
3361586
3362098
3362610
3363122
3358515
3359027
3359539
3360051
3360563
3361075
3361587
3362099
3362611
3363123
3358516
3359028
3359540
3360052
3360564
3361076
3361588
3362100
3362612
3363124
24514848
24515360
24515872
24516384
24516896
24517408
24517920
24518432
24518944
24519456
24514849
24515361
24515873
24516385
24516897
24517409
24517921
24518433
24518945
24519457
24514850
24515362
24515874
24516386
24516898
24517410
24517922
24518434
24518946
24519458
24514851
24515363
24515875
24516387
24516899
24517411
24517923
24518435
24518947
24519459
24514852
24515364
24515876
24516388
24516900
24517412
24517924
24518436
24518948
24519460
24514853
24515365
24515877
24516389
24516901
24517413
24517925
24518437
24518949
24519461
24514854
24515366
24515878
24516390
24516902
24517414
24517926
24518438
24518950
24519462
24514855
24515367
24515879
24516391
24516903
24517415
24517927
24518439
24518951
24519463
24514856
24515368
24515880
24516392
24516904
24517416
24517928
24518440
24518952
24519464
24514857
24515369
24515881
24516393
24516905
24517417
24517929
24518441
24518953
24519465
19469925
19470437
19470949
19471461
19471973
19472485
19472997
19473509
19474021
19474533
19469926
19470438
19470950
19471462
19471974
19472486
19472998
19473510
19474022
19474534
19469927
19470439
19470951
19471463
19471975
19472487
19472999
19473511
19474023
19474535
19469928
19470440
19470952
19471464
19471976
19472488
19473000
19473512
19474024
19474536
19469929
19470441
19470953
19471465
19471977
19472489
19473001
19473513
19474025
19474537
19469930
19470442
19470954
19471466
19471978
19472490
19473002
19473514
19474026
19474538
19469931
19470443
19470955
19471467
19471979
19472491
19473003
19473515
19474027
19474539
19469932
19470444
19470956
19471468
19471980
19472492
19473004
19473516
19474028
19474540
19469933
19470445
19470957
19471469
19471981
19472493
19473005
19473517
19474029
19474541
19469934
19470446
19470958
19471470
19471982
19472494
19473006
19473518
19474030
19474542
4433658
4434170
4434682
4435194
4435706
4436218
4436730
4437242
4437754
4438266
4433659
4434171
4434683
4435195
4435707
4436219
4436731
4437243
4437755
4438267
4433660
4434172
4434684
4435196
4435708
4436220
4436732
4437244
4437756
4438268
4433661
4434173
4434685
4435197
4435709
4436221
4436733
4437245
4437757
4438269
4433662
4434174
4434686
4435198
4435710
4436222
4436734
4437246
4437758
4438270
4433663
4434175
4434687
4435199
4435711
4436223
4436735
4437247
4437759
4438271
4433664
4434176
4434688
4435200
4435712
4436224
4436736
4437248
4437760
4438272
4433665
4434177
4434689
4435201
4435713
4436225
4436737
4437249
4437761
4438273
4433666
4434178
4434690
4435202
4435714
4436226
4436738
4437250
4437762
4438274
4433667
4434179
4434691
4435203
4435715
4436227
4436739
4437251
4437763
4438275
29062687
29063199
29063711
29064223
29064735
29065247
29065759
29066271
29066783
29067295
29062688
29063200
29063712
29064224
29064736
29065248
29065760
29066272
29066784
29067296
29062689
29063201
29063713
29064225
29064737
29065249
29065761
29066273
29066785
29067297
29062690
29063202
29063714
29064226
29064738
29065250
29065762
29066274
29066786
29067298
29062691
29063203
29063715
29064227
29064739
29065251
29065763
29066275
29066787
29067299
29062692
29063204
29063716
29064228
29064740
29065252
29065764
29066276
29066788
29067300
29062693
29063205
29063717
29064229
29064741
29065253
29065765
29066277
29066789
29067301
29062694
29063206
29063718
29064230
29064742
29065254
29065766
29066278
29066790
29067302
29062695
29063207
29063719
29064231
29064743
29065255
29065767
29066279
29066791
29067303
29062696
29063208
29063720
29064232
29064744
29065256
29065768
29066280
29066792
29067304
30603216
30603728
30604240
30604752
30605264
30605776
30606288
30606800
30607312
30607824
30603217
30603729
30604241
30604753
30605265
30605777
30606289
30606801
30607313
30607825
30603218
30603730
30604242
30604754
30605266
30605778
30606290
30606802
30607314
30607826
30603219
30603731
30604243
30604755
30605267
30605779
30606291
30606803
30607315
30607827
30603220
30603732
30604244
30604756
30605268
30605780
30606292
30606804
30607316
30607828
30603221
30603733
30604245
30604757
30605269
30605781
30606293
30606805
30607317
30607829
30603222
30603734
30604246
30604758
30605270
30605782
30606294
30606806
30607318
30607830
30603223
30603735
30604247
30604759
30605271
30605783
30606295
30606807
30607319
30607831
30603224
30603736
30604248
30604760
30605272
30605784
30606296
30606808
30607320
30607832
30603225
30603737
30604249
30604761
30605273
30605785
30606297
30606809
30607321
30607833
20141074
20141586
20142098
20142610
20143122
20143634
20144146
20144658
20145170
20145682
20141075
20141587
20142099
20142611
20143123
20143635
20144147
20144659
20145171
20145683
20141076
20141588
20142100
20142612
20143124
20143636
20144148
20144660
20145172
20145684
20141077
20141589
20142101
20142613
20143125
20143637
20144149
20144661
20145173
20145685
20141078
20141590
20142102
20142614
20143126
20143638
20144150
20144662
20145174
20145686
20141079
20141591
20142103
20142615
20143127
20143639
20144151
20144663
20145175
20145687
20141080
20141592
20142104
20142616
20143128
20143640
20144152
20144664
20145176
20145688
20141081
20141593
20142105
20142617
20143129
20143641
20144153
20144665
20145177
20145689
20141082
20141594
20142106
20142618
20143130
20143642
20144154
20144666
20145178
20145690
20141083
20141595
20142107
20142619
20143131
20143643
20144155
20144667
20145179
20145691
10867742
10868254
10868766
10869278
10869790
10870302
10870814
10871326
10871838
10872350
10867743
10868255
10868767
10869279
10869791
10870303
10870815
10871327
10871839
10872351
10867744
10868256
10868768
10869280
10869792
10870304
10870816
10871328
10871840
10872352
10867745
10868257
10868769
10869281
10869793
10870305
10870817
10871329
10871841
10872353
10867746
10868258
10868770
10869282
10869794
10870306
10870818
10871330
10871842
10872354
10867747
10868259
10868771
10869283
10869795
10870307
10870819
10871331
10871843
10872355
10867748
10868260
10868772
10869284
10869796
10870308
10870820
10871332
10871844
10872356
10867749
10868261
10868773
10869285
10869797
10870309
10870821
10871333
10871845
10872357
10867750
10868262
10868774
10869286
10869798
10870310
10870822
10871334
10871846
10872358
10867751
10868263
10868775
10869287
10869799
10870311
10870823
10871335
10871847
10872359
20685734
20686246
20686758
20687270
20687782
20688294
20688806
20689318
20689830
20690342
20685735
20686247
20686759
20687271
20687783
20688295
20688807
20689319
20689831
20690343
20685736
20686248
20686760
20687272
20687784
20688296
20688808
20689320
20689832
20690344
20685737
20686249
20686761
20687273
20687785
20688297
20688809
20689321
20689833
20690345
20685738
20686250
20686762
20687274
20687786
20688298
20688810
20689322
20689834
20690346
20685739
20686251
20686763
20687275
20687787
20688299
20688811
20689323
20689835
20690347
20685740
20686252
20686764
20687276
20687788
20688300
20688812
20689324
20689836
20690348
20685741
20686253
20686765
20687277
20687789
20688301
20688813
20689325
20689837
20690349
20685742
20686254
20686766
20687278
20687790
20688302
20688814
20689326
20689838
20690350
20685743
20686255
20686767
20687279
20687791
20688303
20688815
20689327
20689839
20690351
3101570
3102082
3102594
3103106
3103618
3104130
3104642
3105154
3105666
3106178
3101571
3102083
3102595
3103107
3103619
3104131
3104643
3105155
3105667
3106179
3101572
3102084
3102596
3103108
3103620
3104132
3104644
3105156
3105668
3106180
3101573
3102085
3102597
3103109
3103621
3104133
3104645
3105157
3105669
3106181
3101574
3102086
3102598
3103110
3103622
3104134
3104646
3105158
3105670
3106182
3101575
3102087
3102599
3103111
3103623
3104135
3104647
3105159
3105671
3106183
3101576
3102088
3102600
3103112
3103624
3104136
3104648
3105160
3105672
3106184
3101577
3102089
3102601
3103113
3103625
3104137
3104649
3105161
3105673
3106185
3101578
3102090
3102602
3103114
3103626
3104138
3104650
3105162
3105674
3106186
3101579
3102091
3102603
3103115
3103627
3104139
3104651
3105163
3105675
3106187
25758189
25758701
25759213
25759725
25760237
25760749
25761261
25761773
25762285
25762797
25758190
25758702
25759214
25759726
25760238
25760750
25761262
25761774
25762286
25762798
25758191
25758703
25759215
25759727
25760239
25760751
25761263
25761775
25762287
25762799
25758192
25758704
25759216
25759728
25760240
25760752
25761264
25761776
25762288
25762800
25758193
25758705
25759217
25759729
25760241
25760753
25761265
25761777
25762289
25762801
25758194
25758706
25759218
25759730
25760242
25760754
25761266
25761778
25762290
25762802
25758195
25758707
25759219
25759731
25760243
25760755
25761267
25761779
25762291
25762803
25758196
25758708
25759220
25759732
25760244
25760756
25761268
25761780
25762292
25762804
25758197
25758709
25759221
25759733
25760245
25760757
25761269
25761781
25762293
25762805
25758198
25758710
25759222
25759734
25760246
25760758
25761270
25761782
25762294
25762806
10093831
10094343
10094855
10095367
10095879
10096391
10096903
10097415
10097927
10098439
10093832
10094344
10094856
10095368
10095880
10096392
10096904
10097416
10097928
10098440
10093833
10094345
10094857
10095369
10095881
10096393
10096905
10097417
10097929
10098441
10093834
10094346
10094858
10095370
10095882
10096394
10096906
10097418
10097930
10098442
10093835
10094347
10094859
10095371
10095883
10096395
10096907
10097419
10097931
10098443
10093836
10094348
10094860
10095372
10095884
10096396
10096908
10097420
10097932
10098444
10093837
10094349
10094861
10095373
10095885
10096397
10096909
10097421
10097933
10098445
10093838
10094350
10094862
10095374
10095886
10096398
10096910
10097422
10097934
10098446
10093839
10094351
10094863
10095375
10095887
10096399
10096911
10097423
10097935
10098447
10093840
10094352
10094864
10095376
10095888
10096400
10096912
10097424
10097936
10098448
4091131
4091643
4092155
4092667
4093179
4093691
4094203
4094715
4095227
4095739
4091132
4091644
4092156
4092668
4093180
4093692
4094204
4094716
4095228
4095740
4091133
4091645
4092157
4092669
4093181
4093693
4094205
4094717
4095229
4095741
4091134
4091646
4092158
4092670
4093182
4093694
4094206
4094718
4095230
4095742
4091135
4091647
4092159
4092671
4093183
4093695
4094207
4094719
4095231
4095743
4091136
4091648
4092160
4092672
4093184
4093696
4094208
4094720
4095232
4095744
4091137
4091649
4092161
4092673
4093185
4093697
4094209
4094721
4095233
4095745
4091138
4091650
4092162
4092674
4093186
4093698
4094210
4094722
4095234
4095746
4091139
4091651
4092163
4092675
4093187
4093699
4094211
4094723
4095235
4095747
4091140
4091652
4092164
4092676
4093188
4093700
4094212
4094724
4095236
4095748
