13713132
13713644
13714156
13714668
13715180
13715692
13716204
13716716
13717228
13717740
13713133
13713645
13714157
13714669
13715181
13715693
13716205
13716717
13717229
13717741
13713134
13713646
13714158
13714670
13715182
13715694
13716206
13716718
13717230
13717742
13713135
13713647
13714159
13714671
13715183
13715695
13716207
13716719
13717231
13717743
13713136
13713648
13714160
13714672
13715184
13715696
13716208
13716720
13717232
13717744
13713137
13713649
13714161
13714673
13715185
13715697
13716209
13716721
13717233
13717745
13713138
13713650
13714162
13714674
13715186
13715698
13716210
13716722
13717234
13717746
13713139
13713651
13714163
13714675
13715187
13715699
13716211
13716723
13717235
13717747
13713140
13713652
13714164
13714676
13715188
13715700
13716212
13716724
13717236
13717748
13713141
13713653
13714165
13714677
13715189
13715701
13716213
13716725
13717237
13717749
16923859
16924371
16924883
16925395
16925907
16926419
16926931
16927443
16927955
16928467
16923860
16924372
16924884
16925396
16925908
16926420
16926932
16927444
16927956
16928468
16923861
16924373
16924885
16925397
16925909
16926421
16926933
16927445
16927957
16928469
16923862
16924374
16924886
16925398
16925910
16926422
16926934
16927446
16927958
16928470
16923863
16924375
16924887
16925399
16925911
16926423
16926935
16927447
16927959
16928471
16923864
16924376
16924888
16925400
16925912
16926424
16926936
16927448
16927960
16928472
16923865
16924377
16924889
16925401
16925913
16926425
16926937
16927449
16927961
16928473
16923866
16924378
16924890
16925402
16925914
16926426
16926938
16927450
16927962
16928474
16923867
16924379
16924891
16925403
16925915
16926427
16926939
16927451
16927963
16928475
16923868
16924380
16924892
16925404
16925916
16926428
16926940
16927452
16927964
16928476
10027260
10027772
10028284
10028796
10029308
10029820
10030332
10030844
10031356
10031868
10027261
10027773
10028285
10028797
10029309
10029821
10030333
10030845
10031357
10031869
10027262
10027774
10028286
10028798
10029310
10029822
10030334
10030846
10031358
10031870
10027263
10027775
10028287
10028799
10029311
10029823
10030335
10030847
10031359
10031871
10027264
10027776
10028288
10028800
10029312
10029824
10030336
10030848
10031360
10031872
10027265
10027777
10028289
10028801
10029313
10029825
10030337
10030849
10031361
10031873
10027266
10027778
10028290
10028802
10029314
10029826
10030338
10030850
10031362
10031874
10027267
10027779
10028291
10028803
10029315
10029827
10030339
10030851
10031363
10031875
10027268
10027780
10028292
10028804
10029316
10029828
10030340
10030852
10031364
10031876
10027269
10027781
10028293
10028805
10029317
10029829
10030341
10030853
10031365
10031877
12923662
12924174
12924686
12925198
12925710
12926222
12926734
12927246
12927758
12928270
12923663
12924175
12924687
12925199
12925711
12926223
12926735
12927247
12927759
12928271
12923664
12924176
12924688
12925200
12925712
12926224
12926736
12927248
12927760
12928272
12923665
12924177
12924689
12925201
12925713
12926225
12926737
12927249
12927761
12928273
12923666
12924178
12924690
12925202
12925714
12926226
12926738
12927250
12927762
12928274
12923667
12924179
12924691
12925203
12925715
12926227
12926739
12927251
12927763
12928275
12923668
12924180
12924692
12925204
12925716
12926228
12926740
12927252
12927764
12928276
12923669
12924181
12924693
12925205
12925717
12926229
12926741
12927253
12927765
12928277
12923670
12924182
12924694
12925206
12925718
12926230
12926742
12927254
12927766
12928278
12923671
12924183
12924695
12925207
12925719
12926231
12926743
12927255
12927767
12928279
14239005
14239517
14240029
14240541
14241053
14241565
14242077
14242589
14243101
14243613
14239006
14239518
14240030
14240542
14241054
14241566
14242078
14242590
14243102
14243614
14239007
14239519
14240031
14240543
14241055
14241567
14242079
14242591
14243103
14243615
14239008
14239520
14240032
14240544
14241056
14241568
14242080
14242592
14243104
14243616
14239009
14239521
14240033
14240545
14241057
14241569
14242081
14242593
14243105
14243617
14239010
14239522
14240034
14240546
14241058
14241570
14242082
14242594
14243106
14243618
14239011
14239523
14240035
14240547
14241059
14241571
14242083
14242595
14243107
14243619
14239012
14239524
14240036
14240548
14241060
14241572
14242084
14242596
14243108
14243620
14239013
14239525
14240037
14240549
14241061
14241573
14242085
14242597
14243109
14243621
14239014
14239526
14240038
14240550
14241062
14241574
14242086
14242598
14243110
14243622
16915648
16916160
16916672
16917184
16917696
16918208
16918720
16919232
16919744
16920256
16915649
16916161
16916673
16917185
16917697
16918209
16918721
16919233
16919745
16920257
16915650
16916162
16916674
16917186
16917698
16918210
16918722
16919234
16919746
16920258
16915651
16916163
16916675
16917187
16917699
16918211
16918723
16919235
16919747
16920259
16915652
16916164
16916676
16917188
16917700
16918212
16918724
16919236
16919748
16920260
16915653
16916165
16916677
16917189
16917701
16918213
16918725
16919237
16919749
16920261
16915654
16916166
16916678
16917190
16917702
16918214
16918726
16919238
16919750
16920262
16915655
16916167
16916679
16917191
16917703
16918215
16918727
16919239
16919751
16920263
16915656
16916168
16916680
16917192
16917704
16918216
16918728
16919240
16919752
16920264
16915657
16916169
16916681
16917193
16917705
16918217
16918729
16919241
16919753
16920265
15576238
15576750
15577262
15577774
15578286
15578798
15579310
15579822
15580334
15580846
15576239
15576751
15577263
15577775
15578287
15578799
15579311
15579823
15580335
15580847
15576240
15576752
15577264
15577776
15578288
15578800
15579312
15579824
15580336
15580848
15576241
15576753
15577265
15577777
15578289
15578801
15579313
15579825
15580337
15580849
15576242
15576754
15577266
15577778
15578290
15578802
15579314
15579826
15580338
15580850
15576243
15576755
15577267
15577779
15578291
15578803
15579315
15579827
15580339
15580851
15576244
15576756
15577268
15577780
15578292
15578804
15579316
15579828
15580340
15580852
15576245
15576757
15577269
15577781
15578293
15578805
15579317
15579829
15580341
15580853
15576246
15576758
15577270
15577782
15578294
15578806
15579318
15579830
15580342
15580854
15576247
15576759
15577271
15577783
15578295
15578807
15579319
15579831
15580343
15580855
15309133
15309645
15310157
15310669
15311181
15311693
15312205
15312717
15313229
15313741
15309134
15309646
15310158
15310670
15311182
15311694
15312206
15312718
15313230
15313742
15309135
15309647
15310159
15310671
15311183
15311695
15312207
15312719
15313231
15313743
15309136
15309648
15310160
15310672
15311184
15311696
15312208
15312720
15313232
15313744
15309137
15309649
15310161
15310673
15311185
15311697
15312209
15312721
15313233
15313745
15309138
15309650
15310162
15310674
15311186
15311698
15312210
15312722
15313234
15313746
15309139
15309651
15310163
15310675
15311187
15311699
15312211
15312723
15313235
15313747
15309140
15309652
15310164
15310676
15311188
15311700
15312212
15312724
15313236
15313748
15309141
15309653
15310165
15310677
15311189
15311701
15312213
15312725
15313237
15313749
15309142
15309654
15310166
15310678
15311190
15311702
15312214
15312726
15313238
15313750
11069676
11070188
11070700
11071212
11071724
11072236
11072748
11073260
11073772
11074284
11069677
11070189
11070701
11071213
11071725
11072237
11072749
11073261
11073773
11074285
11069678
11070190
11070702
11071214
11071726
11072238
11072750
11073262
11073774
11074286
11069679
11070191
11070703
11071215
11071727
11072239
11072751
11073263
11073775
11074287
11069680
11070192
11070704
11071216
11071728
11072240
11072752
11073264
11073776
11074288
11069681
11070193
11070705
11071217
11071729
11072241
11072753
11073265
11073777
11074289
11069682
11070194
11070706
11071218
11071730
11072242
11072754
11073266
11073778
11074290
11069683
11070195
11070707
11071219
11071731
11072243
11072755
11073267
11073779
11074291
11069684
11070196
11070708
11071220
11071732
11072244
11072756
11073268
11073780
11074292
11069685
11070197
11070709
11071221
11071733
11072245
11072757
11073269
11073781
11074293
12137284
12137796
12138308
12138820
12139332
12139844
12140356
12140868
12141380
12141892
12137285
12137797
12138309
12138821
12139333
12139845
12140357
12140869
12141381
12141893
12137286
12137798
12138310
12138822
12139334
12139846
12140358
12140870
12141382
12141894
12137287
12137799
12138311
12138823
12139335
12139847
12140359
12140871
12141383
12141895
12137288
12137800
12138312
12138824
12139336
12139848
12140360
12140872
12141384
12141896
12137289
12137801
12138313
12138825
12139337
12139849
12140361
12140873
12141385
12141897
12137290
12137802
12138314
12138826
12139338
12139850
12140362
12140874
12141386
12141898
12137291
12137803
12138315
12138827
12139339
12139851
12140363
12140875
12141387
12141899
12137292
12137804
12138316
12138828
12139340
12139852
12140364
12140876
12141388
12141900
12137293
12137805
12138317
12138829
12139341
12139853
12140365
12140877
12141389
12141901
12689705
12690217
12690729
12691241
12691753
12692265
12692777
12693289
12693801
12694313
12689706
12690218
12690730
12691242
12691754
12692266
12692778
12693290
12693802
12694314
12689707
12690219
12690731
12691243
12691755
12692267
12692779
12693291
12693803
12694315
12689708
12690220
12690732
12691244
12691756
12692268
12692780
12693292
12693804
12694316
12689709
12690221
12690733
12691245
12691757
12692269
12692781
12693293
12693805
12694317
12689710
12690222
12690734
12691246
12691758
12692270
12692782
12693294
12693806
12694318
12689711
12690223
12690735
12691247
12691759
12692271
12692783
12693295
12693807
12694319
12689712
12690224
12690736
12691248
12691760
12692272
12692784
12693296
12693808
12694320
12689713
12690225
12690737
12691249
12691761
12692273
12692785
12693297
12693809
12694321
12689714
12690226
12690738
12691250
12691762
12692274
12692786
12693298
12693810
12694322
16397004
16397516
16398028
16398540
16399052
16399564
16400076
16400588
16401100
16401612
16397005
16397517
16398029
16398541
16399053
16399565
16400077
16400589
16401101
16401613
16397006
16397518
16398030
16398542
16399054
16399566
16400078
16400590
16401102
16401614
16397007
16397519
16398031
16398543
16399055
16399567
16400079
16400591
16401103
16401615
16397008
16397520
16398032
16398544
16399056
16399568
16400080
16400592
16401104
16401616
16397009
16397521
16398033
16398545
16399057
16399569
16400081
16400593
16401105
16401617
16397010
16397522
16398034
16398546
16399058
16399570
16400082
16400594
16401106
16401618
16397011
16397523
16398035
16398547
16399059
16399571
16400083
16400595
16401107
16401619
16397012
16397524
16398036
16398548
16399060
16399572
16400084
16400596
16401108
16401620
16397013
16397525
16398037
16398549
16399061
16399573
16400085
16400597
16401109
16401621
15345371
15345883
15346395
15346907
15347419
15347931
15348443
15348955
15349467
15349979
15345372
15345884
15346396
15346908
15347420
15347932
15348444
15348956
15349468
15349980
15345373
15345885
15346397
15346909
15347421
15347933
15348445
15348957
15349469
15349981
15345374
15345886
15346398
15346910
15347422
15347934
15348446
15348958
15349470
15349982
15345375
15345887
15346399
15346911
15347423
15347935
15348447
15348959
15349471
15349983
15345376
15345888
15346400
15346912
15347424
15347936
15348448
15348960
15349472
15349984
15345377
15345889
15346401
15346913
15347425
15347937
15348449
15348961
15349473
15349985
15345378
15345890
15346402
15346914
15347426
15347938
15348450
15348962
15349474
15349986
15345379
15345891
15346403
15346915
15347427
15347939
15348451
15348963
15349475
15349987
15345380
15345892
15346404
15346916
15347428
15347940
15348452
15348964
15349476
15349988
16133794
16134306
16134818
16135330
16135842
16136354
16136866
16137378
16137890
16138402
16133795
16134307
16134819
16135331
16135843
16136355
16136867
16137379
16137891
16138403
16133796
16134308
16134820
16135332
16135844
16136356
16136868
16137380
16137892
16138404
16133797
16134309
16134821
16135333
16135845
16136357
16136869
16137381
16137893
16138405
16133798
16134310
16134822
16135334
16135846
16136358
16136870
16137382
16137894
16138406
16133799
16134311
16134823
16135335
16135847
16136359
16136871
16137383
16137895
16138407
16133800
16134312
16134824
16135336
16135848
16136360
16136872
16137384
16137896
16138408
16133801
16134313
16134825
16135337
16135849
16136361
16136873
16137385
16137897
16138409
16133802
16134314
16134826
16135338
16135850
16136362
16136874
16137386
16137898
16138410
16133803
16134315
16134827
16135339
16135851
16136363
16136875
16137387
16137899
16138411
16336683
16337195
16337707
16338219
16338731
16339243
16339755
16340267
16340779
16341291
16336684
16337196
16337708
16338220
16338732
16339244
16339756
16340268
16340780
16341292
16336685
16337197
16337709
16338221
16338733
16339245
16339757
16340269
16340781
16341293
16336686
16337198
16337710
16338222
16338734
16339246
16339758
16340270
16340782
16341294
16336687
16337199
16337711
16338223
16338735
16339247
16339759
16340271
16340783
16341295
16336688
16337200
16337712
16338224
16338736
16339248
16339760
16340272
16340784
16341296
16336689
16337201
16337713
16338225
16338737
16339249
16339761
16340273
16340785
16341297
16336690
16337202
16337714
16338226
16338738
16339250
16339762
16340274
16340786
16341298
16336691
16337203
16337715
16338227
16338739
16339251
16339763
16340275
16340787
16341299
16336692
16337204
16337716
16338228
16338740
16339252
16339764
16340276
16340788
16341300
9761011
9761523
9762035
9762547
9763059
9763571
9764083
9764595
9765107
9765619
9761012
9761524
9762036
9762548
9763060
9763572
9764084
9764596
9765108
9765620
9761013
9761525
9762037
9762549
9763061
9763573
9764085
9764597
9765109
9765621
9761014
9761526
9762038
9762550
9763062
9763574
9764086
9764598
9765110
9765622
9761015
9761527
9762039
9762551
9763063
9763575
9764087
9764599
9765111
9765623
9761016
9761528
9762040
9762552
9763064
9763576
9764088
9764600
9765112
9765624
9761017
9761529
9762041
9762553
9763065
9763577
9764089
9764601
9765113
9765625
9761018
9761530
9762042
9762554
9763066
9763578
9764090
9764602
9765114
9765626
9761019
9761531
9762043
9762555
9763067
9763579
9764091
9764603
9765115
9765627
9761020
9761532
9762044
9762556
9763068
9763580
9764092
9764604
9765116
9765628
16333014
16333526
16334038
16334550
16335062
16335574
16336086
16336598
16337110
16337622
16333015
16333527
16334039
16334551
16335063
16335575
16336087
16336599
16337111
16337623
16333016
16333528
16334040
16334552
16335064
16335576
16336088
16336600
16337112
16337624
16333017
16333529
16334041
16334553
16335065
16335577
16336089
16336601
16337113
16337625
16333018
16333530
16334042
16334554
16335066
16335578
16336090
16336602
16337114
16337626
16333019
16333531
16334043
16334555
16335067
16335579
16336091
16336603
16337115
16337627
16333020
16333532
16334044
16334556
16335068
16335580
16336092
16336604
16337116
16337628
16333021
16333533
16334045
16334557
16335069
16335581
16336093
16336605
16337117
16337629
16333022
16333534
16334046
16334558
16335070
16335582
16336094
16336606
16337118
16337630
16333023
16333535
16334047
16334559
16335071
16335583
16336095
16336607
16337119
16337631
12393151
12393663
12394175
12394687
12395199
12395711
12396223
12396735
12397247
12397759
12393152
12393664
12394176
12394688
12395200
12395712
12396224
12396736
12397248
12397760
12393153
12393665
12394177
12394689
12395201
12395713
12396225
12396737
12397249
12397761
12393154
12393666
12394178
12394690
12395202
12395714
12396226
12396738
12397250
12397762
12393155
12393667
12394179
12394691
12395203
12395715
12396227
12396739
12397251
12397763
12393156
12393668
12394180
12394692
12395204
12395716
12396228
12396740
12397252
12397764
12393157
12393669
12394181
12394693
12395205
12395717
12396229
12396741
12397253
12397765
12393158
12393670
12394182
12394694
12395206
12395718
12396230
12396742
12397254
12397766
12393159
12393671
12394183
12394695
12395207
12395719
12396231
12396743
12397255
12397767
12393160
12393672
12394184
12394696
12395208
12395720
12396232
12396744
12397256
12397768
14001979
14002491
14003003
14003515
14004027
14004539
14005051
14005563
14006075
14006587
14001980
14002492
14003004
14003516
14004028
14004540
14005052
14005564
14006076
14006588
14001981
14002493
14003005
14003517
14004029
14004541
14005053
14005565
14006077
14006589
14001982
14002494
14003006
14003518
14004030
14004542
14005054
14005566
14006078
14006590
14001983
14002495
14003007
14003519
14004031
14004543
14005055
14005567
14006079
14006591
14001984
14002496
14003008
14003520
14004032
14004544
14005056
14005568
14006080
14006592
14001985
14002497
14003009
14003521
14004033
14004545
14005057
14005569
14006081
14006593
14001986
14002498
14003010
14003522
14004034
14004546
14005058
14005570
14006082
14006594
14001987
14002499
14003011
14003523
14004035
14004547
14005059
14005571
14006083
14006595
14001988
14002500
14003012
14003524
14004036
14004548
14005060
14005572
14006084
14006596
12926649
12927161
12927673
12928185
12928697
12929209
12929721
12930233
12930745
12931257
12926650
12927162
12927674
12928186
12928698
12929210
12929722
12930234
12930746
12931258
12926651
12927163
12927675
12928187
12928699
12929211
12929723
12930235
12930747
12931259
12926652
12927164
12927676
12928188
12928700
12929212
12929724
12930236
12930748
12931260
12926653
12927165
12927677
12928189
12928701
12929213
12929725
12930237
12930749
12931261
12926654
12927166
12927678
12928190
12928702
12929214
12929726
12930238
12930750
12931262
12926655
12927167
12927679
12928191
12928703
12929215
12929727
12930239
12930751
12931263
12926656
12927168
12927680
12928192
12928704
12929216
12929728
12930240
12930752
12931264
12926657
12927169
12927681
12928193
12928705
12929217
12929729
12930241
12930753
12931265
12926658
12927170
12927682
12928194
12928706
12929218
12929730
12930242
12930754
12931266
14258364
14258876
14259388
14259900
14260412
14260924
14261436
14261948
14262460
14262972
14258365
14258877
14259389
14259901
14260413
14260925
14261437
14261949
14262461
14262973
14258366
14258878
14259390
14259902
14260414
14260926
14261438
14261950
14262462
14262974
14258367
14258879
14259391
14259903
14260415
14260927
14261439
14261951
14262463
14262975
14258368
14258880
14259392
14259904
14260416
14260928
14261440
14261952
14262464
14262976
14258369
14258881
14259393
14259905
14260417
14260929
14261441
14261953
14262465
14262977
14258370
14258882
14259394
14259906
14260418
14260930
14261442
14261954
14262466
14262978
14258371
14258883
14259395
14259907
14260419
14260931
14261443
14261955
14262467
14262979
14258372
14258884
14259396
14259908
14260420
14260932
14261444
14261956
14262468
14262980
14258373
14258885
14259397
14259909
14260421
14260933
14261445
14261957
14262469
14262981
16068817
16069329
16069841
16070353
16070865
16071377
16071889
16072401
16072913
16073425
16068818
16069330
16069842
16070354
16070866
16071378
16071890
16072402
16072914
16073426
16068819
16069331
16069843
16070355
16070867
16071379
16071891
16072403
16072915
16073427
16068820
16069332
16069844
16070356
16070868
16071380
16071892
16072404
16072916
16073428
16068821
16069333
16069845
16070357
16070869
16071381
16071893
16072405
16072917
16073429
16068822
16069334
16069846
16070358
16070870
16071382
16071894
16072406
16072918
16073430
16068823
16069335
16069847
16070359
16070871
16071383
16071895
16072407
16072919
16073431
16068824
16069336
16069848
16070360
16070872
16071384
16071896
16072408
16072920
16073432
16068825
16069337
16069849
16070361
16070873
16071385
16071897
16072409
16072921
16073433
16068826
16069338
16069850
16070362
16070874
16071386
16071898
16072410
16072922
16073434
14786731
14787243
14787755
14788267
14788779
14789291
14789803
14790315
14790827
14791339
14786732
14787244
14787756
14788268
14788780
14789292
14789804
14790316
14790828
14791340
14786733
14787245
14787757
14788269
14788781
14789293
14789805
14790317
14790829
14791341
14786734
14787246
14787758
14788270
14788782
14789294
14789806
14790318
14790830
14791342
14786735
14787247
14787759
14788271
14788783
14789295
14789807
14790319
14790831
14791343
14786736
14787248
14787760
14788272
14788784
14789296
14789808
14790320
14790832
14791344
14786737
14787249
14787761
14788273
14788785
14789297
14789809
14790321
14790833
14791345
14786738
14787250
14787762
14788274
14788786
14789298
14789810
14790322
14790834
14791346
14786739
14787251
14787763
14788275
14788787
14789299
14789811
14790323
14790835
14791347
14786740
14787252
14787764
14788276
14788788
14789300
14789812
14790324
14790836
14791348
13191471
13191983
13192495
13193007
13193519
13194031
13194543
13195055
13195567
13196079
13191472
13191984
13192496
13193008
13193520
13194032
13194544
13195056
13195568
13196080
13191473
13191985
13192497
13193009
13193521
13194033
13194545
13195057
13195569
13196081
13191474
13191986
13192498
13193010
13193522
13194034
13194546
13195058
13195570
13196082
13191475
13191987
13192499
13193011
13193523
13194035
13194547
13195059
13195571
13196083
13191476
13191988
13192500
13193012
13193524
13194036
13194548
13195060
13195572
13196084
13191477
13191989
13192501
13193013
13193525
13194037
13194549
13195061
13195573
13196085
13191478
13191990
13192502
13193014
13193526
13194038
13194550
13195062
13195574
13196086
13191479
13191991
13192503
13193015
13193527
13194039
13194551
13195063
13195575
13196087
13191480
13191992
13192504
13193016
13193528
13194040
13194552
13195064
13195576
13196088
17431776
17432288
17432800
17433312
17433824
17434336
17434848
17435360
17435872
17436384
17431777
17432289
17432801
17433313
17433825
17434337
17434849
17435361
17435873
17436385
17431778
17432290
17432802
17433314
17433826
17434338
17434850
17435362
17435874
17436386
17431779
17432291
17432803
17433315
17433827
17434339
17434851
17435363
17435875
17436387
17431780
17432292
17432804
17433316
17433828
17434340
17434852
17435364
17435876
17436388
17431781
17432293
17432805
17433317
17433829
17434341
17434853
17435365
17435877
17436389
17431782
17432294
17432806
17433318
17433830
17434342
17434854
17435366
17435878
17436390
17431783
17432295
17432807
17433319
17433831
17434343
17434855
17435367
17435879
17436391
17431784
17432296
17432808
17433320
17433832
17434344
17434856
17435368
17435880
17436392
17431785
17432297
17432809
17433321
17433833
17434345
17434857
17435369
17435881
17436393
15360199
15360711
15361223
15361735
15362247
15362759
15363271
15363783
15364295
15364807
15360200
15360712
15361224
15361736
15362248
15362760
15363272
15363784
15364296
15364808
15360201
15360713
15361225
15361737
15362249
15362761
15363273
15363785
15364297
15364809
15360202
15360714
15361226
15361738
15362250
15362762
15363274
15363786
15364298
15364810
15360203
15360715
15361227
15361739
15362251
15362763
15363275
15363787
15364299
15364811
15360204
15360716
15361228
15361740
15362252
15362764
15363276
15363788
15364300
15364812
15360205
15360717
15361229
15361741
15362253
15362765
15363277
15363789
15364301
15364813
15360206
15360718
15361230
15361742
15362254
15362766
15363278
15363790
15364302
15364814
15360207
15360719
15361231
15361743
15362255
15362767
15363279
15363791
15364303
15364815
15360208
15360720
15361232
15361744
15362256
15362768
15363280
15363792
15364304
15364816
14030033
14030545
14031057
14031569
14032081
14032593
14033105
14033617
14034129
14034641
14030034
14030546
14031058
14031570
14032082
14032594
14033106
14033618
14034130
14034642
14030035
14030547
14031059
14031571
14032083
14032595
14033107
14033619
14034131
14034643
14030036
14030548
14031060
14031572
14032084
14032596
14033108
14033620
14034132
14034644
14030037
14030549
14031061
14031573
14032085
14032597
14033109
14033621
14034133
14034645
14030038
14030550
14031062
14031574
14032086
14032598
14033110
14033622
14034134
14034646
14030039
14030551
14031063
14031575
14032087
14032599
14033111
14033623
14034135
14034647
14030040
14030552
14031064
14031576
14032088
14032600
14033112
14033624
14034136
14034648
14030041
14030553
14031065
14031577
14032089
14032601
14033113
14033625
14034137
14034649
14030042
14030554
14031066
14031578
14032090
14032602
14033114
14033626
14034138
14034650
12942071
12942583
12943095
12943607
12944119
12944631
12945143
12945655
12946167
12946679
12942072
12942584
12943096
12943608
12944120
12944632
12945144
12945656
12946168
12946680
12942073
12942585
12943097
12943609
12944121
12944633
12945145
12945657
12946169
12946681
12942074
12942586
12943098
12943610
12944122
12944634
12945146
12945658
12946170
12946682
12942075
12942587
12943099
12943611
12944123
12944635
12945147
12945659
12946171
12946683
12942076
12942588
12943100
12943612
12944124
12944636
12945148
12945660
12946172
12946684
12942077
12942589
12943101
12943613
12944125
12944637
12945149
12945661
12946173
12946685
12942078
12942590
12943102
12943614
12944126
12944638
12945150
12945662
12946174
12946686
12942079
12942591
12943103
12943615
12944127
12944639
12945151
12945663
12946175
12946687
12942080
12942592
12943104
12943616
12944128
12944640
12945152
12945664
12946176
12946688
13995843
13996355
13996867
13997379
13997891
13998403
13998915
13999427
13999939
14000451
13995844
13996356
13996868
13997380
13997892
13998404
13998916
13999428
13999940
14000452
13995845
13996357
13996869
13997381
13997893
13998405
13998917
13999429
13999941
14000453
13995846
13996358
13996870
13997382
13997894
13998406
13998918
13999430
13999942
14000454
13995847
13996359
13996871
13997383
13997895
13998407
13998919
13999431
13999943
14000455
13995848
13996360
13996872
13997384
13997896
13998408
13998920
13999432
13999944
14000456
13995849
13996361
13996873
13997385
13997897
13998409
13998921
13999433
13999945
14000457
13995850
13996362
13996874
13997386
13997898
13998410
13998922
13999434
13999946
14000458
13995851
13996363
13996875
13997387
13997899
13998411
13998923
13999435
13999947
14000459
13995852
13996364
13996876
13997388
13997900
13998412
13998924
13999436
13999948
14000460
15301802
15302314
15302826
15303338
15303850
15304362
15304874
15305386
15305898
15306410
15301803
15302315
15302827
15303339
15303851
15304363
15304875
15305387
15305899
15306411
15301804
15302316
15302828
15303340
15303852
15304364
15304876
15305388
15305900
15306412
15301805
15302317
15302829
15303341
15303853
15304365
15304877
15305389
15305901
15306413
15301806
15302318
15302830
15303342
15303854
15304366
15304878
15305390
15305902
15306414
15301807
15302319
15302831
15303343
15303855
15304367
15304879
15305391
15305903
15306415
15301808
15302320
15302832
15303344
15303856
15304368
15304880
15305392
15305904
15306416
15301809
15302321
15302833
15303345
15303857
15304369
15304881
15305393
15305905
15306417
15301810
15302322
15302834
15303346
15303858
15304370
15304882
15305394
15305906
15306418
15301811
15302323
15302835
15303347
15303859
15304371
15304883
15305395
15305907
15306419
