15869119
15869631
15870143
15870655
15871167
15871679
15872191
15872703
15873215
15873727
15869120
15869632
15870144
15870656
15871168
15871680
15872192
15872704
15873216
15873728
15869121
15869633
15870145
15870657
15871169
15871681
15872193
15872705
15873217
15873729
15869122
15869634
15870146
15870658
15871170
15871682
15872194
15872706
15873218
15873730
15869123
15869635
15870147
15870659
15871171
15871683
15872195
15872707
15873219
15873731
15869124
15869636
15870148
15870660
15871172
15871684
15872196
15872708
15873220
15873732
15869125
15869637
15870149
15870661
15871173
15871685
15872197
15872709
15873221
15873733
15869126
15869638
15870150
15870662
15871174
15871686
15872198
15872710
15873222
15873734
15869127
15869639
15870151
15870663
15871175
15871687
15872199
15872711
15873223
15873735
15869128
15869640
15870152
15870664
15871176
15871688
15872200
15872712
15873224
15873736
17179848
17180360
17180872
17181384
17181896
17182408
17182920
17183432
17183944
17184456
17179849
17180361
17180873
17181385
17181897
17182409
17182921
17183433
17183945
17184457
17179850
17180362
17180874
17181386
17181898
17182410
17182922
17183434
17183946
17184458
17179851
17180363
17180875
17181387
17181899
17182411
17182923
17183435
17183947
17184459
17179852
17180364
17180876
17181388
17181900
17182412
17182924
17183436
17183948
17184460
17179853
17180365
17180877
17181389
17181901
17182413
17182925
17183437
17183949
17184461
17179854
17180366
17180878
17181390
17181902
17182414
17182926
17183438
17183950
17184462
17179855
17180367
17180879
17181391
17181903
17182415
17182927
17183439
17183951
17184463
17179856
17180368
17180880
17181392
17181904
17182416
17182928
17183440
17183952
17184464
17179857
17180369
17180881
17181393
17181905
17182417
17182929
17183441
17183953
17184465
13701310
13701822
13702334
13702846
13703358
13703870
13704382
13704894
13705406
13705918
13701311
13701823
13702335
13702847
13703359
13703871
13704383
13704895
13705407
13705919
13701312
13701824
13702336
13702848
13703360
13703872
13704384
13704896
13705408
13705920
13701313
13701825
13702337
13702849
13703361
13703873
13704385
13704897
13705409
13705921
13701314
13701826
13702338
13702850
13703362
13703874
13704386
13704898
13705410
13705922
13701315
13701827
13702339
13702851
13703363
13703875
13704387
13704899
13705411
13705923
13701316
13701828
13702340
13702852
13703364
13703876
13704388
13704900
13705412
13705924
13701317
13701829
13702341
13702853
13703365
13703877
13704389
13704901
13705413
13705925
13701318
13701830
13702342
13702854
13703366
13703878
13704390
13704902
13705414
13705926
13701319
13701831
13702343
13702855
13703367
13703879
13704391
13704903
13705415
13705927
14526771
14527283
14527795
14528307
14528819
14529331
14529843
14530355
14530867
14531379
14526772
14527284
14527796
14528308
14528820
14529332
14529844
14530356
14530868
14531380
14526773
14527285
14527797
14528309
14528821
14529333
14529845
14530357
14530869
14531381
14526774
14527286
14527798
14528310
14528822
14529334
14529846
14530358
14530870
14531382
14526775
14527287
14527799
14528311
14528823
14529335
14529847
14530359
14530871
14531383
14526776
14527288
14527800
14528312
14528824
14529336
14529848
14530360
14530872
14531384
14526777
14527289
14527801
14528313
14528825
14529337
14529849
14530361
14530873
14531385
14526778
14527290
14527802
14528314
14528826
14529338
14529850
14530362
14530874
14531386
14526779
14527291
14527803
14528315
14528827
14529339
14529851
14530363
14530875
14531387
14526780
14527292
14527804
14528316
14528828
14529340
14529852
14530364
14530876
14531388
15855831
15856343
15856855
15857367
15857879
15858391
15858903
15859415
15859927
15860439
15855832
15856344
15856856
15857368
15857880
15858392
15858904
15859416
15859928
15860440
15855833
15856345
15856857
15857369
15857881
15858393
15858905
15859417
15859929
15860441
15855834
15856346
15856858
15857370
15857882
15858394
15858906
15859418
15859930
15860442
15855835
15856347
15856859
15857371
15857883
15858395
15858907
15859419
15859931
15860443
15855836
15856348
15856860
15857372
15857884
15858396
15858908
15859420
15859932
15860444
15855837
15856349
15856861
15857373
15857885
15858397
15858909
15859421
15859933
15860445
15855838
15856350
15856862
15857374
15857886
15858398
15858910
15859422
15859934
15860446
15855839
15856351
15856863
15857375
15857887
15858399
15858911
15859423
15859935
15860447
15855840
15856352
15856864
15857376
15857888
15858400
15858912
15859424
15859936
15860448
17124638
17125150
17125662
17126174
17126686
17127198
17127710
17128222
17128734
17129246
17124639
17125151
17125663
17126175
17126687
17127199
17127711
17128223
17128735
17129247
17124640
17125152
17125664
17126176
17126688
17127200
17127712
17128224
17128736
17129248
17124641
17125153
17125665
17126177
17126689
17127201
17127713
17128225
17128737
17129249
17124642
17125154
17125666
17126178
17126690
17127202
17127714
17128226
17128738
17129250
17124643
17125155
17125667
17126179
17126691
17127203
17127715
17128227
17128739
17129251
17124644
17125156
17125668
17126180
17126692
17127204
17127716
17128228
17128740
17129252
17124645
17125157
17125669
17126181
17126693
17127205
17127717
17128229
17128741
17129253
17124646
17125158
17125670
17126182
17126694
17127206
17127718
17128230
17128742
17129254
17124647
17125159
17125671
17126183
17126695
17127207
17127719
17128231
17128743
17129255
14807229
14807741
14808253
14808765
14809277
14809789
14810301
14810813
14811325
14811837
14807230
14807742
14808254
14808766
14809278
14809790
14810302
14810814
14811326
14811838
14807231
14807743
14808255
14808767
14809279
14809791
14810303
14810815
14811327
14811839
14807232
14807744
14808256
14808768
14809280
14809792
14810304
14810816
14811328
14811840
14807233
14807745
14808257
14808769
14809281
14809793
14810305
14810817
14811329
14811841
14807234
14807746
14808258
14808770
14809282
14809794
14810306
14810818
14811330
14811842
14807235
14807747
14808259
14808771
14809283
14809795
14810307
14810819
14811331
14811843
14807236
14807748
14808260
14808772
14809284
14809796
14810308
14810820
14811332
14811844
14807237
14807749
14808261
14808773
14809285
14809797
14810309
14810821
14811333
14811845
14807238
14807750
14808262
14808774
14809286
14809798
14810310
14810822
14811334
14811846
10558215
10558727
10559239
10559751
10560263
10560775
10561287
10561799
10562311
10562823
10558216
10558728
10559240
10559752
10560264
10560776
10561288
10561800
10562312
10562824
10558217
10558729
10559241
10559753
10560265
10560777
10561289
10561801
10562313
10562825
10558218
10558730
10559242
10559754
10560266
10560778
10561290
10561802
10562314
10562826
10558219
10558731
10559243
10559755
10560267
10560779
10561291
10561803
10562315
10562827
10558220
10558732
10559244
10559756
10560268
10560780
10561292
10561804
10562316
10562828
10558221
10558733
10559245
10559757
10560269
10560781
10561293
10561805
10562317
10562829
10558222
10558734
10559246
10559758
10560270
10560782
10561294
10561806
10562318
10562830
10558223
10558735
10559247
10559759
10560271
10560783
10561295
10561807
10562319
10562831
10558224
10558736
10559248
10559760
10560272
10560784
10561296
10561808
10562320
10562832
16615161
16615673
16616185
16616697
16617209
16617721
16618233
16618745
16619257
16619769
16615162
16615674
16616186
16616698
16617210
16617722
16618234
16618746
16619258
16619770
16615163
16615675
16616187
16616699
16617211
16617723
16618235
16618747
16619259
16619771
16615164
16615676
16616188
16616700
16617212
16617724
16618236
16618748
16619260
16619772
16615165
16615677
16616189
16616701
16617213
16617725
16618237
16618749
16619261
16619773
16615166
16615678
16616190
16616702
16617214
16617726
16618238
16618750
16619262
16619774
16615167
16615679
16616191
16616703
16617215
16617727
16618239
16618751
16619263
16619775
16615168
16615680
16616192
16616704
16617216
16617728
16618240
16618752
16619264
16619776
16615169
16615681
16616193
16616705
16617217
16617729
16618241
16618753
16619265
16619777
16615170
16615682
16616194
16616706
16617218
16617730
16618242
16618754
16619266
16619778
16631020
16631532
16632044
16632556
16633068
16633580
16634092
16634604
16635116
16635628
16631021
16631533
16632045
16632557
16633069
16633581
16634093
16634605
16635117
16635629
16631022
16631534
16632046
16632558
16633070
16633582
16634094
16634606
16635118
16635630
16631023
16631535
16632047
16632559
16633071
16633583
16634095
16634607
16635119
16635631
16631024
16631536
16632048
16632560
16633072
16633584
16634096
16634608
16635120
16635632
16631025
16631537
16632049
16632561
16633073
16633585
16634097
16634609
16635121
16635633
16631026
16631538
16632050
16632562
16633074
16633586
16634098
16634610
16635122
16635634
16631027
16631539
16632051
16632563
16633075
16633587
16634099
16634611
16635123
16635635
16631028
16631540
16632052
16632564
16633076
16633588
16634100
16634612
16635124
16635636
16631029
16631541
16632053
16632565
16633077
16633589
16634101
16634613
16635125
16635637
15560389
15560901
15561413
15561925
15562437
15562949
15563461
15563973
15564485
15564997
15560390
15560902
15561414
15561926
15562438
15562950
15563462
15563974
15564486
15564998
15560391
15560903
15561415
15561927
15562439
15562951
15563463
15563975
15564487
15564999
15560392
15560904
15561416
15561928
15562440
15562952
15563464
15563976
15564488
15565000
15560393
15560905
15561417
15561929
15562441
15562953
15563465
15563977
15564489
15565001
15560394
15560906
15561418
15561930
15562442
15562954
15563466
15563978
15564490
15565002
15560395
15560907
15561419
15561931
15562443
15562955
15563467
15563979
15564491
15565003
15560396
15560908
15561420
15561932
15562444
15562956
15563468
15563980
15564492
15565004
15560397
15560909
15561421
15561933
15562445
15562957
15563469
15563981
15564493
15565005
15560398
15560910
15561422
15561934
15562446
15562958
15563470
15563982
15564494
15565006
16356538
16357050
16357562
16358074
16358586
16359098
16359610
16360122
16360634
16361146
16356539
16357051
16357563
16358075
16358587
16359099
16359611
16360123
16360635
16361147
16356540
16357052
16357564
16358076
16358588
16359100
16359612
16360124
16360636
16361148
16356541
16357053
16357565
16358077
16358589
16359101
16359613
16360125
16360637
16361149
16356542
16357054
16357566
16358078
16358590
16359102
16359614
16360126
16360638
16361150
16356543
16357055
16357567
16358079
16358591
16359103
16359615
16360127
16360639
16361151
16356544
16357056
16357568
16358080
16358592
16359104
16359616
16360128
16360640
16361152
16356545
16357057
16357569
16358081
16358593
16359105
16359617
16360129
16360641
16361153
16356546
16357058
16357570
16358082
16358594
16359106
16359618
16360130
16360642
16361154
16356547
16357059
16357571
16358083
16358595
16359107
16359619
16360131
16360643
16361155
16069386
16069898
16070410
16070922
16071434
16071946
16072458
16072970
16073482
16073994
16069387
16069899
16070411
16070923
16071435
16071947
16072459
16072971
16073483
16073995
16069388
16069900
16070412
16070924
16071436
16071948
16072460
16072972
16073484
16073996
16069389
16069901
16070413
16070925
16071437
16071949
16072461
16072973
16073485
16073997
16069390
16069902
16070414
16070926
16071438
16071950
16072462
16072974
16073486
16073998
16069391
16069903
16070415
16070927
16071439
16071951
16072463
16072975
16073487
16073999
16069392
16069904
16070416
16070928
16071440
16071952
16072464
16072976
16073488
16074000
16069393
16069905
16070417
16070929
16071441
16071953
16072465
16072977
16073489
16074001
16069394
16069906
16070418
16070930
16071442
16071954
16072466
16072978
16073490
16074002
16069395
16069907
16070419
16070931
16071443
16071955
16072467
16072979
16073491
16074003
16347412
16347924
16348436
16348948
16349460
16349972
16350484
16350996
16351508
16352020
16347413
16347925
16348437
16348949
16349461
16349973
16350485
16350997
16351509
16352021
16347414
16347926
16348438
16348950
16349462
16349974
16350486
16350998
16351510
16352022
16347415
16347927
16348439
16348951
16349463
16349975
16350487
16350999
16351511
16352023
16347416
16347928
16348440
16348952
16349464
16349976
16350488
16351000
16351512
16352024
16347417
16347929
16348441
16348953
16349465
16349977
16350489
16351001
16351513
16352025
16347418
16347930
16348442
16348954
16349466
16349978
16350490
16351002
16351514
16352026
16347419
16347931
16348443
16348955
16349467
16349979
16350491
16351003
16351515
16352027
16347420
16347932
16348444
16348956
16349468
16349980
16350492
16351004
16351516
16352028
16347421
16347933
16348445
16348957
16349469
16349981
16350493
16351005
16351517
16352029
12898586
12899098
12899610
12900122
12900634
12901146
12901658
12902170
12902682
12903194
12898587
12899099
12899611
12900123
12900635
12901147
12901659
12902171
12902683
12903195
12898588
12899100
12899612
12900124
12900636
12901148
12901660
12902172
12902684
12903196
12898589
12899101
12899613
12900125
12900637
12901149
12901661
12902173
12902685
12903197
12898590
12899102
12899614
12900126
12900638
12901150
12901662
12902174
12902686
12903198
12898591
12899103
12899615
12900127
12900639
12901151
12901663
12902175
12902687
12903199
12898592
12899104
12899616
12900128
12900640
12901152
12901664
12902176
12902688
12903200
12898593
12899105
12899617
12900129
12900641
12901153
12901665
12902177
12902689
12903201
12898594
12899106
12899618
12900130
12900642
12901154
12901666
12902178
12902690
12903202
12898595
12899107
12899619
12900131
12900643
12901155
12901667
12902179
12902691
12903203
15034544
15035056
15035568
15036080
15036592
15037104
15037616
15038128
15038640
15039152
15034545
15035057
15035569
15036081
15036593
15037105
15037617
15038129
15038641
15039153
15034546
15035058
15035570
15036082
15036594
15037106
15037618
15038130
15038642
15039154
15034547
15035059
15035571
15036083
15036595
15037107
15037619
15038131
15038643
15039155
15034548
15035060
15035572
15036084
15036596
15037108
15037620
15038132
15038644
15039156
15034549
15035061
15035573
15036085
15036597
15037109
15037621
15038133
15038645
15039157
15034550
15035062
15035574
15036086
15036598
15037110
15037622
15038134
15038646
15039158
15034551
15035063
15035575
15036087
15036599
15037111
15037623
15038135
15038647
15039159
15034552
15035064
15035576
15036088
15036600
15037112
15037624
15038136
15038648
15039160
15034553
15035065
15035577
15036089
15036601
15037113
15037625
15038137
15038649
15039161
14742247
14742759
14743271
14743783
14744295
14744807
14745319
14745831
14746343
14746855
14742248
14742760
14743272
14743784
14744296
14744808
14745320
14745832
14746344
14746856
14742249
14742761
14743273
14743785
14744297
14744809
14745321
14745833
14746345
14746857
14742250
14742762
14743274
14743786
14744298
14744810
14745322
14745834
14746346
14746858
14742251
14742763
14743275
14743787
14744299
14744811
14745323
14745835
14746347
14746859
14742252
14742764
14743276
14743788
14744300
14744812
14745324
14745836
14746348
14746860
14742253
14742765
14743277
14743789
14744301
14744813
14745325
14745837
14746349
14746861
14742254
14742766
14743278
14743790
14744302
14744814
14745326
14745838
14746350
14746862
14742255
14742767
14743279
14743791
14744303
14744815
14745327
14745839
14746351
14746863
14742256
14742768
14743280
14743792
14744304
14744816
14745328
14745840
14746352
14746864
15033109
15033621
15034133
15034645
15035157
15035669
15036181
15036693
15037205
15037717
15033110
15033622
15034134
15034646
15035158
15035670
15036182
15036694
15037206
15037718
15033111
15033623
15034135
15034647
15035159
15035671
15036183
15036695
15037207
15037719
15033112
15033624
15034136
15034648
15035160
15035672
15036184
15036696
15037208
15037720
15033113
15033625
15034137
15034649
15035161
15035673
15036185
15036697
15037209
15037721
15033114
15033626
15034138
15034650
15035162
15035674
15036186
15036698
15037210
15037722
15033115
15033627
15034139
15034651
15035163
15035675
15036187
15036699
15037211
15037723
15033116
15033628
15034140
15034652
15035164
15035676
15036188
15036700
15037212
15037724
15033117
15033629
15034141
15034653
15035165
15035677
15036189
15036701
15037213
15037725
15033118
15033630
15034142
15034654
15035166
15035678
15036190
15036702
15037214
15037726
14215965
14216477
14216989
14217501
14218013
14218525
14219037
14219549
14220061
14220573
14215966
14216478
14216990
14217502
14218014
14218526
14219038
14219550
14220062
14220574
14215967
14216479
14216991
14217503
14218015
14218527
14219039
14219551
14220063
14220575
14215968
14216480
14216992
14217504
14218016
14218528
14219040
14219552
14220064
14220576
14215969
14216481
14216993
14217505
14218017
14218529
14219041
14219553
14220065
14220577
14215970
14216482
14216994
14217506
14218018
14218530
14219042
14219554
14220066
14220578
14215971
14216483
14216995
14217507
14218019
14218531
14219043
14219555
14220067
14220579
14215972
14216484
14216996
14217508
14218020
14218532
14219044
14219556
14220068
14220580
14215973
14216485
14216997
14217509
14218021
14218533
14219045
14219557
14220069
14220581
14215974
14216486
14216998
14217510
14218022
14218534
14219046
14219558
14220070
14220582
13716190
13716702
13717214
13717726
13718238
13718750
13719262
13719774
13720286
13720798
13716191
13716703
13717215
13717727
13718239
13718751
13719263
13719775
13720287
13720799
13716192
13716704
13717216
13717728
13718240
13718752
13719264
13719776
13720288
13720800
13716193
13716705
13717217
13717729
13718241
13718753
13719265
13719777
13720289
13720801
13716194
13716706
13717218
13717730
13718242
13718754
13719266
13719778
13720290
13720802
13716195
13716707
13717219
13717731
13718243
13718755
13719267
13719779
13720291
13720803
13716196
13716708
13717220
13717732
13718244
13718756
13719268
13719780
13720292
13720804
13716197
13716709
13717221
13717733
13718245
13718757
13719269
13719781
13720293
13720805
13716198
13716710
13717222
13717734
13718246
13718758
13719270
13719782
13720294
13720806
13716199
13716711
13717223
13717735
13718247
13718759
13719271
13719783
13720295
13720807
17401059
17401571
17402083
17402595
17403107
17403619
17404131
17404643
17405155
17405667
17401060
17401572
17402084
17402596
17403108
17403620
17404132
17404644
17405156
17405668
17401061
17401573
17402085
17402597
17403109
17403621
17404133
17404645
17405157
17405669
17401062
17401574
17402086
17402598
17403110
17403622
17404134
17404646
17405158
17405670
17401063
17401575
17402087
17402599
17403111
17403623
17404135
17404647
17405159
17405671
17401064
17401576
17402088
17402600
17403112
17403624
17404136
17404648
17405160
17405672
17401065
17401577
17402089
17402601
17403113
17403625
17404137
17404649
17405161
17405673
17401066
17401578
17402090
17402602
17403114
17403626
17404138
17404650
17405162
17405674
17401067
17401579
17402091
17402603
17403115
17403627
17404139
17404651
17405163
17405675
17401068
17401580
17402092
17402604
17403116
17403628
17404140
17404652
17405164
17405676
12916966
12917478
12917990
12918502
12919014
12919526
12920038
12920550
12921062
12921574
12916967
12917479
12917991
12918503
12919015
12919527
12920039
12920551
12921063
12921575
12916968
12917480
12917992
12918504
12919016
12919528
12920040
12920552
12921064
12921576
12916969
12917481
12917993
12918505
12919017
12919529
12920041
12920553
12921065
12921577
12916970
12917482
12917994
12918506
12919018
12919530
12920042
12920554
12921066
12921578
12916971
12917483
12917995
12918507
12919019
12919531
12920043
12920555
12921067
12921579
12916972
12917484
12917996
12918508
12919020
12919532
12920044
12920556
12921068
12921580
12916973
12917485
12917997
12918509
12919021
12919533
12920045
12920557
12921069
12921581
12916974
12917486
12917998
12918510
12919022
12919534
12920046
12920558
12921070
12921582
12916975
12917487
12917999
12918511
12919023
12919535
12920047
12920559
12921071
12921583
11595025
11595537
11596049
11596561
11597073
11597585
11598097
11598609
11599121
11599633
11595026
11595538
11596050
11596562
11597074
11597586
11598098
11598610
11599122
11599634
11595027
11595539
11596051
11596563
11597075
11597587
11598099
11598611
11599123
11599635
11595028
11595540
11596052
11596564
11597076
11597588
11598100
11598612
11599124
11599636
11595029
11595541
11596053
11596565
11597077
11597589
11598101
11598613
11599125
11599637
11595030
11595542
11596054
11596566
11597078
11597590
11598102
11598614
11599126
11599638
11595031
11595543
11596055
11596567
11597079
11597591
11598103
11598615
11599127
11599639
11595032
11595544
11596056
11596568
11597080
11597592
11598104
11598616
11599128
11599640
11595033
11595545
11596057
11596569
11597081
11597593
11598105
11598617
11599129
11599641
11595034
11595546
11596058
11596570
11597082
11597594
11598106
11598618
11599130
11599642
14253907
14254419
14254931
14255443
14255955
14256467
14256979
14257491
14258003
14258515
14253908
14254420
14254932
14255444
14255956
14256468
14256980
14257492
14258004
14258516
14253909
14254421
14254933
14255445
14255957
14256469
14256981
14257493
14258005
14258517
14253910
14254422
14254934
14255446
14255958
14256470
14256982
14257494
14258006
14258518
14253911
14254423
14254935
14255447
14255959
14256471
14256983
14257495
14258007
14258519
14253912
14254424
14254936
14255448
14255960
14256472
14256984
14257496
14258008
14258520
14253913
14254425
14254937
14255449
14255961
14256473
14256985
14257497
14258009
14258521
14253914
14254426
14254938
14255450
14255962
14256474
14256986
14257498
14258010
14258522
14253915
14254427
14254939
14255451
14255963
14256475
14256987
14257499
14258011
14258523
14253916
14254428
14254940
14255452
14255964
14256476
14256988
14257500
14258012
14258524
13955285
13955797
13956309
13956821
13957333
13957845
13958357
13958869
13959381
13959893
13955286
13955798
13956310
13956822
13957334
13957846
13958358
13958870
13959382
13959894
13955287
13955799
13956311
13956823
13957335
13957847
13958359
13958871
13959383
13959895
13955288
13955800
13956312
13956824
13957336
13957848
13958360
13958872
13959384
13959896
13955289
13955801
13956313
13956825
13957337
13957849
13958361
13958873
13959385
13959897
13955290
13955802
13956314
13956826
13957338
13957850
13958362
13958874
13959386
13959898
13955291
13955803
13956315
13956827
13957339
13957851
13958363
13958875
13959387
13959899
13955292
13955804
13956316
13956828
13957340
13957852
13958364
13958876
13959388
13959900
13955293
13955805
13956317
13956829
13957341
13957853
13958365
13958877
13959389
13959901
13955294
13955806
13956318
13956830
13957342
13957854
13958366
13958878
13959390
13959902
13517494
13518006
13518518
13519030
13519542
13520054
13520566
13521078
13521590
13522102
13517495
13518007
13518519
13519031
13519543
13520055
13520567
13521079
13521591
13522103
13517496
13518008
13518520
13519032
13519544
13520056
13520568
13521080
13521592
13522104
13517497
13518009
13518521
13519033
13519545
13520057
13520569
13521081
13521593
13522105
13517498
13518010
13518522
13519034
13519546
13520058
13520570
13521082
13521594
13522106
13517499
13518011
13518523
13519035
13519547
13520059
13520571
13521083
13521595
13522107
13517500
13518012
13518524
13519036
13519548
13520060
13520572
13521084
13521596
13522108
13517501
13518013
13518525
13519037
13519549
13520061
13520573
13521085
13521597
13522109
13517502
13518014
13518526
13519038
13519550
13520062
13520574
13521086
13521598
13522110
13517503
13518015
13518527
13519039
13519551
13520063
13520575
13521087
13521599
13522111
16617154
16617666
16618178
16618690
16619202
16619714
16620226
16620738
16621250
16621762
16617155
16617667
16618179
16618691
16619203
16619715
16620227
16620739
16621251
16621763
16617156
16617668
16618180
16618692
16619204
16619716
16620228
16620740
16621252
16621764
16617157
16617669
16618181
16618693
16619205
16619717
16620229
16620741
16621253
16621765
16617158
16617670
16618182
16618694
16619206
16619718
16620230
16620742
16621254
16621766
16617159
16617671
16618183
16618695
16619207
16619719
16620231
16620743
16621255
16621767
16617160
16617672
16618184
16618696
16619208
16619720
16620232
16620744
16621256
16621768
16617161
16617673
16618185
16618697
16619209
16619721
16620233
16620745
16621257
16621769
16617162
16617674
16618186
16618698
16619210
16619722
16620234
16620746
16621258
16621770
16617163
16617675
16618187
16618699
16619211
16619723
16620235
16620747
16621259
16621771
16873762
16874274
16874786
16875298
16875810
16876322
16876834
16877346
16877858
16878370
16873763
16874275
16874787
16875299
16875811
16876323
16876835
16877347
16877859
16878371
16873764
16874276
16874788
16875300
16875812
16876324
16876836
16877348
16877860
16878372
16873765
16874277
16874789
16875301
16875813
16876325
16876837
16877349
16877861
16878373
16873766
16874278
16874790
16875302
16875814
16876326
16876838
16877350
16877862
16878374
16873767
16874279
16874791
16875303
16875815
16876327
16876839
16877351
16877863
16878375
16873768
16874280
16874792
16875304
16875816
16876328
16876840
16877352
16877864
16878376
16873769
16874281
16874793
16875305
16875817
16876329
16876841
16877353
16877865
16878377
16873770
16874282
16874794
16875306
16875818
16876330
16876842
16877354
16877866
16878378
16873771
16874283
16874795
16875307
16875819
16876331
16876843
16877355
16877867
16878379
12939000
12939512
12940024
12940536
12941048
12941560
12942072
12942584
12943096
12943608
12939001
12939513
12940025
12940537
12941049
12941561
12942073
12942585
12943097
12943609
12939002
12939514
12940026
12940538
12941050
12941562
12942074
12942586
12943098
12943610
12939003
12939515
12940027
12940539
12941051
12941563
12942075
12942587
12943099
12943611
12939004
12939516
12940028
12940540
12941052
12941564
12942076
12942588
12943100
12943612
12939005
12939517
12940029
12940541
12941053
12941565
12942077
12942589
12943101
12943613
12939006
12939518
12940030
12940542
12941054
12941566
12942078
12942590
12943102
12943614
12939007
12939519
12940031
12940543
12941055
12941567
12942079
12942591
12943103
12943615
12939008
12939520
12940032
12940544
12941056
12941568
12942080
12942592
12943104
12943616
12939009
12939521
12940033
12940545
12941057
12941569
12942081
12942593
12943105
12943617
15015752
15016264
15016776
15017288
15017800
15018312
15018824
15019336
15019848
15020360
15015753
15016265
15016777
15017289
15017801
15018313
15018825
15019337
15019849
15020361
15015754
15016266
15016778
15017290
15017802
15018314
15018826
15019338
15019850
15020362
15015755
15016267
15016779
15017291
15017803
15018315
15018827
15019339
15019851
15020363
15015756
15016268
15016780
15017292
15017804
15018316
15018828
15019340
15019852
15020364
15015757
15016269
15016781
15017293
15017805
15018317
15018829
15019341
15019853
15020365
15015758
15016270
15016782
15017294
15017806
15018318
15018830
15019342
15019854
15020366
15015759
15016271
15016783
15017295
15017807
15018319
15018831
15019343
15019855
15020367
15015760
15016272
15016784
15017296
15017808
15018320
15018832
15019344
15019856
15020368
15015761
15016273
15016785
15017297
15017809
15018321
15018833
15019345
15019857
15020369
