2309422
2309934
2310446
2310958
2311470
2311982
2312494
2313006
2313518
2314030
2309423
2309935
2310447
2310959
2311471
2311983
2312495
2313007
2313519
2314031
2309424
2309936
2310448
2310960
2311472
2311984
2312496
2313008
2313520
2314032
2309425
2309937
2310449
2310961
2311473
2311985
2312497
2313009
2313521
2314033
2309426
2309938
2310450
2310962
2311474
2311986
2312498
2313010
2313522
2314034
2309427
2309939
2310451
2310963
2311475
2311987
2312499
2313011
2313523
2314035
2309428
2309940
2310452
2310964
2311476
2311988
2312500
2313012
2313524
2314036
2309429
2309941
2310453
2310965
2311477
2311989
2312501
2313013
2313525
2314037
2309430
2309942
2310454
2310966
2311478
2311990
2312502
2313014
2313526
2314038
2309431
2309943
2310455
2310967
2311479
2311991
2312503
2313015
2313527
2314039
11253174
11253686
11254198
11254710
11255222
11255734
11256246
11256758
11257270
11257782
11253175
11253687
11254199
11254711
11255223
11255735
11256247
11256759
11257271
11257783
11253176
11253688
11254200
11254712
11255224
11255736
11256248
11256760
11257272
11257784
11253177
11253689
11254201
11254713
11255225
11255737
11256249
11256761
11257273
11257785
11253178
11253690
11254202
11254714
11255226
11255738
11256250
11256762
11257274
11257786
11253179
11253691
11254203
11254715
11255227
11255739
11256251
11256763
11257275
11257787
11253180
11253692
11254204
11254716
11255228
11255740
11256252
11256764
11257276
11257788
11253181
11253693
11254205
11254717
11255229
11255741
11256253
11256765
11257277
11257789
11253182
11253694
11254206
11254718
11255230
11255742
11256254
11256766
11257278
11257790
11253183
11253695
11254207
11254719
11255231
11255743
11256255
11256767
11257279
11257791
8265847
8266359
8266871
8267383
8267895
8268407
8268919
8269431
8269943
8270455
8265848
8266360
8266872
8267384
8267896
8268408
8268920
8269432
8269944
8270456
8265849
8266361
8266873
8267385
8267897
8268409
8268921
8269433
8269945
8270457
8265850
8266362
8266874
8267386
8267898
8268410
8268922
8269434
8269946
8270458
8265851
8266363
8266875
8267387
8267899
8268411
8268923
8269435
8269947
8270459
8265852
8266364
8266876
8267388
8267900
8268412
8268924
8269436
8269948
8270460
8265853
8266365
8266877
8267389
8267901
8268413
8268925
8269437
8269949
8270461
8265854
8266366
8266878
8267390
8267902
8268414
8268926
8269438
8269950
8270462
8265855
8266367
8266879
8267391
8267903
8268415
8268927
8269439
8269951
8270463
8265856
8266368
8266880
8267392
8267904
8268416
8268928
8269440
8269952
8270464
4379495
4380007
4380519
4381031
4381543
4382055
4382567
4383079
4383591
4384103
4379496
4380008
4380520
4381032
4381544
4382056
4382568
4383080
4383592
4384104
4379497
4380009
4380521
4381033
4381545
4382057
4382569
4383081
4383593
4384105
4379498
4380010
4380522
4381034
4381546
4382058
4382570
4383082
4383594
4384106
4379499
4380011
4380523
4381035
4381547
4382059
4382571
4383083
4383595
4384107
4379500
4380012
4380524
4381036
4381548
4382060
4382572
4383084
4383596
4384108
4379501
4380013
4380525
4381037
4381549
4382061
4382573
4383085
4383597
4384109
4379502
4380014
4380526
4381038
4381550
4382062
4382574
4383086
4383598
4384110
4379503
4380015
4380527
4381039
4381551
4382063
4382575
4383087
4383599
4384111
4379504
4380016
4380528
4381040
4381552
4382064
4382576
4383088
4383600
4384112
6899095
6899607
6900119
6900631
6901143
6901655
6902167
6902679
6903191
6903703
6899096
6899608
6900120
6900632
6901144
6901656
6902168
6902680
6903192
6903704
6899097
6899609
6900121
6900633
6901145
6901657
6902169
6902681
6903193
6903705
6899098
6899610
6900122
6900634
6901146
6901658
6902170
6902682
6903194
6903706
6899099
6899611
6900123
6900635
6901147
6901659
6902171
6902683
6903195
6903707
6899100
6899612
6900124
6900636
6901148
6901660
6902172
6902684
6903196
6903708
6899101
6899613
6900125
6900637
6901149
6901661
6902173
6902685
6903197
6903709
6899102
6899614
6900126
6900638
6901150
6901662
6902174
6902686
6903198
6903710
6899103
6899615
6900127
6900639
6901151
6901663
6902175
6902687
6903199
6903711
6899104
6899616
6900128
6900640
6901152
6901664
6902176
6902688
6903200
6903712
20134694
20135206
20135718
20136230
20136742
20137254
20137766
20138278
20138790
20139302
20134695
20135207
20135719
20136231
20136743
20137255
20137767
20138279
20138791
20139303
20134696
20135208
20135720
20136232
20136744
20137256
20137768
20138280
20138792
20139304
20134697
20135209
20135721
20136233
20136745
20137257
20137769
20138281
20138793
20139305
20134698
20135210
20135722
20136234
20136746
20137258
20137770
20138282
20138794
20139306
20134699
20135211
20135723
20136235
20136747
20137259
20137771
20138283
20138795
20139307
20134700
20135212
20135724
20136236
20136748
20137260
20137772
20138284
20138796
20139308
20134701
20135213
20135725
20136237
20136749
20137261
20137773
20138285
20138797
20139309
20134702
20135214
20135726
20136238
20136750
20137262
20137774
20138286
20138798
20139310
20134703
20135215
20135727
20136239
20136751
20137263
20137775
20138287
20138799
20139311
881407
881919
882431
882943
883455
883967
884479
884991
885503
886015
881408
881920
882432
882944
883456
883968
884480
884992
885504
886016
881409
881921
882433
882945
883457
883969
884481
884993
885505
886017
881410
881922
882434
882946
883458
883970
884482
884994
885506
886018
881411
881923
882435
882947
883459
883971
884483
884995
885507
886019
881412
881924
882436
882948
883460
883972
884484
884996
885508
886020
881413
881925
882437
882949
883461
883973
884485
884997
885509
886021
881414
881926
882438
882950
883462
883974
884486
884998
885510
886022
881415
881927
882439
882951
883463
883975
884487
884999
885511
886023
881416
881928
882440
882952
883464
883976
884488
885000
885512
886024
30713861
30714373
30714885
30715397
30715909
30716421
30716933
30717445
30717957
30718469
30713862
30714374
30714886
30715398
30715910
30716422
30716934
30717446
30717958
30718470
30713863
30714375
30714887
30715399
30715911
30716423
30716935
30717447
30717959
30718471
30713864
30714376
30714888
30715400
30715912
30716424
30716936
30717448
30717960
30718472
30713865
30714377
30714889
30715401
30715913
30716425
30716937
30717449
30717961
30718473
30713866
30714378
30714890
30715402
30715914
30716426
30716938
30717450
30717962
30718474
30713867
30714379
30714891
30715403
30715915
30716427
30716939
30717451
30717963
30718475
30713868
30714380
30714892
30715404
30715916
30716428
30716940
30717452
30717964
30718476
30713869
30714381
30714893
30715405
30715917
30716429
30716941
30717453
30717965
30718477
30713870
30714382
30714894
30715406
30715918
30716430
30716942
30717454
30717966
30718478
31048872
31049384
31049896
31050408
31050920
31051432
31051944
31052456
31052968
31053480
31048873
31049385
31049897
31050409
31050921
31051433
31051945
31052457
31052969
31053481
31048874
31049386
31049898
31050410
31050922
31051434
31051946
31052458
31052970
31053482
31048875
31049387
31049899
31050411
31050923
31051435
31051947
31052459
31052971
31053483
31048876
31049388
31049900
31050412
31050924
31051436
31051948
31052460
31052972
31053484
31048877
31049389
31049901
31050413
31050925
31051437
31051949
31052461
31052973
31053485
31048878
31049390
31049902
31050414
31050926
31051438
31051950
31052462
31052974
31053486
31048879
31049391
31049903
31050415
31050927
31051439
31051951
31052463
31052975
31053487
31048880
31049392
31049904
31050416
31050928
31051440
31051952
31052464
31052976
31053488
31048881
31049393
31049905
31050417
31050929
31051441
31051953
31052465
31052977
31053489
32151675
32152187
32152699
32153211
32153723
32154235
32154747
32155259
32155771
32156283
32151676
32152188
32152700
32153212
32153724
32154236
32154748
32155260
32155772
32156284
32151677
32152189
32152701
32153213
32153725
32154237
32154749
32155261
32155773
32156285
32151678
32152190
32152702
32153214
32153726
32154238
32154750
32155262
32155774
32156286
32151679
32152191
32152703
32153215
32153727
32154239
32154751
32155263
32155775
32156287
32151680
32152192
32152704
32153216
32153728
32154240
32154752
32155264
32155776
32156288
32151681
32152193
32152705
32153217
32153729
32154241
32154753
32155265
32155777
32156289
32151682
32152194
32152706
32153218
32153730
32154242
32154754
32155266
32155778
32156290
32151683
32152195
32152707
32153219
32153731
32154243
32154755
32155267
32155779
32156291
32151684
32152196
32152708
32153220
32153732
32154244
32154756
32155268
32155780
32156292
27828810
27829322
27829834
27830346
27830858
27831370
27831882
27832394
27832906
27833418
27828811
27829323
27829835
27830347
27830859
27831371
27831883
27832395
27832907
27833419
27828812
27829324
27829836
27830348
27830860
27831372
27831884
27832396
27832908
27833420
27828813
27829325
27829837
27830349
27830861
27831373
27831885
27832397
27832909
27833421
27828814
27829326
27829838
27830350
27830862
27831374
27831886
27832398
27832910
27833422
27828815
27829327
27829839
27830351
27830863
27831375
27831887
27832399
27832911
27833423
27828816
27829328
27829840
27830352
27830864
27831376
27831888
27832400
27832912
27833424
27828817
27829329
27829841
27830353
27830865
27831377
27831889
27832401
27832913
27833425
27828818
27829330
27829842
27830354
27830866
27831378
27831890
27832402
27832914
27833426
27828819
27829331
27829843
27830355
27830867
27831379
27831891
27832403
27832915
27833427
15914035
15914547
15915059
15915571
15916083
15916595
15917107
15917619
15918131
15918643
15914036
15914548
15915060
15915572
15916084
15916596
15917108
15917620
15918132
15918644
15914037
15914549
15915061
15915573
15916085
15916597
15917109
15917621
15918133
15918645
15914038
15914550
15915062
15915574
15916086
15916598
15917110
15917622
15918134
15918646
15914039
15914551
15915063
15915575
15916087
15916599
15917111
15917623
15918135
15918647
15914040
15914552
15915064
15915576
15916088
15916600
15917112
15917624
15918136
15918648
15914041
15914553
15915065
15915577
15916089
15916601
15917113
15917625
15918137
15918649
15914042
15914554
15915066
15915578
15916090
15916602
15917114
15917626
15918138
15918650
15914043
15914555
15915067
15915579
15916091
15916603
15917115
15917627
15918139
15918651
15914044
15914556
15915068
15915580
15916092
15916604
15917116
15917628
15918140
15918652
11946709
11947221
11947733
11948245
11948757
11949269
11949781
11950293
11950805
11951317
11946710
11947222
11947734
11948246
11948758
11949270
11949782
11950294
11950806
11951318
11946711
11947223
11947735
11948247
11948759
11949271
11949783
11950295
11950807
11951319
11946712
11947224
11947736
11948248
11948760
11949272
11949784
11950296
11950808
11951320
11946713
11947225
11947737
11948249
11948761
11949273
11949785
11950297
11950809
11951321
11946714
11947226
11947738
11948250
11948762
11949274
11949786
11950298
11950810
11951322
11946715
11947227
11947739
11948251
11948763
11949275
11949787
11950299
11950811
11951323
11946716
11947228
11947740
11948252
11948764
11949276
11949788
11950300
11950812
11951324
11946717
11947229
11947741
11948253
11948765
11949277
11949789
11950301
11950813
11951325
11946718
11947230
11947742
11948254
11948766
11949278
11949790
11950302
11950814
11951326
19228767
19229279
19229791
19230303
19230815
19231327
19231839
19232351
19232863
19233375
19228768
19229280
19229792
19230304
19230816
19231328
19231840
19232352
19232864
19233376
19228769
19229281
19229793
19230305
19230817
19231329
19231841
19232353
19232865
19233377
19228770
19229282
19229794
19230306
19230818
19231330
19231842
19232354
19232866
19233378
19228771
19229283
19229795
19230307
19230819
19231331
19231843
19232355
19232867
19233379
19228772
19229284
19229796
19230308
19230820
19231332
19231844
19232356
19232868
19233380
19228773
19229285
19229797
19230309
19230821
19231333
19231845
19232357
19232869
19233381
19228774
19229286
19229798
19230310
19230822
19231334
19231846
19232358
19232870
19233382
19228775
19229287
19229799
19230311
19230823
19231335
19231847
19232359
19232871
19233383
19228776
19229288
19229800
19230312
19230824
19231336
19231848
19232360
19232872
19233384
30955165
30955677
30956189
30956701
30957213
30957725
30958237
30958749
30959261
30959773
30955166
30955678
30956190
30956702
30957214
30957726
30958238
30958750
30959262
30959774
30955167
30955679
30956191
30956703
30957215
30957727
30958239
30958751
30959263
30959775
30955168
30955680
30956192
30956704
30957216
30957728
30958240
30958752
30959264
30959776
30955169
30955681
30956193
30956705
30957217
30957729
30958241
30958753
30959265
30959777
30955170
30955682
30956194
30956706
30957218
30957730
30958242
30958754
30959266
30959778
30955171
30955683
30956195
30956707
30957219
30957731
30958243
30958755
30959267
30959779
30955172
30955684
30956196
30956708
30957220
30957732
30958244
30958756
30959268
30959780
30955173
30955685
30956197
30956709
30957221
30957733
30958245
30958757
30959269
30959781
30955174
30955686
30956198
30956710
30957222
30957734
30958246
30958758
30959270
30959782
14294431
14294943
14295455
14295967
14296479
14296991
14297503
14298015
14298527
14299039
14294432
14294944
14295456
14295968
14296480
14296992
14297504
14298016
14298528
14299040
14294433
14294945
14295457
14295969
14296481
14296993
14297505
14298017
14298529
14299041
14294434
14294946
14295458
14295970
14296482
14296994
14297506
14298018
14298530
14299042
14294435
14294947
14295459
14295971
14296483
14296995
14297507
14298019
14298531
14299043
14294436
14294948
14295460
14295972
14296484
14296996
14297508
14298020
14298532
14299044
14294437
14294949
14295461
14295973
14296485
14296997
14297509
14298021
14298533
14299045
14294438
14294950
14295462
14295974
14296486
14296998
14297510
14298022
14298534
14299046
14294439
14294951
14295463
14295975
14296487
14296999
14297511
14298023
14298535
14299047
14294440
14294952
14295464
14295976
14296488
14297000
14297512
14298024
14298536
14299048
12635717
12636229
12636741
12637253
12637765
12638277
12638789
12639301
12639813
12640325
12635718
12636230
12636742
12637254
12637766
12638278
12638790
12639302
12639814
12640326
12635719
12636231
12636743
12637255
12637767
12638279
12638791
12639303
12639815
12640327
12635720
12636232
12636744
12637256
12637768
12638280
12638792
12639304
12639816
12640328
12635721
12636233
12636745
12637257
12637769
12638281
12638793
12639305
12639817
12640329
12635722
12636234
12636746
12637258
12637770
12638282
12638794
12639306
12639818
12640330
12635723
12636235
12636747
12637259
12637771
12638283
12638795
12639307
12639819
12640331
12635724
12636236
12636748
12637260
12637772
12638284
12638796
12639308
12639820
12640332
12635725
12636237
12636749
12637261
12637773
12638285
12638797
12639309
12639821
12640333
12635726
12636238
12636750
12637262
12637774
12638286
12638798
12639310
12639822
12640334
30348255
30348767
30349279
30349791
30350303
30350815
30351327
30351839
30352351
30352863
30348256
30348768
30349280
30349792
30350304
30350816
30351328
30351840
30352352
30352864
30348257
30348769
30349281
30349793
30350305
30350817
30351329
30351841
30352353
30352865
30348258
30348770
30349282
30349794
30350306
30350818
30351330
30351842
30352354
30352866
30348259
30348771
30349283
30349795
30350307
30350819
30351331
30351843
30352355
30352867
30348260
30348772
30349284
30349796
30350308
30350820
30351332
30351844
30352356
30352868
30348261
30348773
30349285
30349797
30350309
30350821
30351333
30351845
30352357
30352869
30348262
30348774
30349286
30349798
30350310
30350822
30351334
30351846
30352358
30352870
30348263
30348775
30349287
30349799
30350311
30350823
30351335
30351847
30352359
30352871
30348264
30348776
30349288
30349800
30350312
30350824
30351336
30351848
30352360
30352872
30852037
30852549
30853061
30853573
30854085
30854597
30855109
30855621
30856133
30856645
30852038
30852550
30853062
30853574
30854086
30854598
30855110
30855622
30856134
30856646
30852039
30852551
30853063
30853575
30854087
30854599
30855111
30855623
30856135
30856647
30852040
30852552
30853064
30853576
30854088
30854600
30855112
30855624
30856136
30856648
30852041
30852553
30853065
30853577
30854089
30854601
30855113
30855625
30856137
30856649
30852042
30852554
30853066
30853578
30854090
30854602
30855114
30855626
30856138
30856650
30852043
30852555
30853067
30853579
30854091
30854603
30855115
30855627
30856139
30856651
30852044
30852556
30853068
30853580
30854092
30854604
30855116
30855628
30856140
30856652
30852045
30852557
30853069
30853581
30854093
30854605
30855117
30855629
30856141
30856653
30852046
30852558
30853070
30853582
30854094
30854606
30855118
30855630
30856142
30856654
25191875
25192387
25192899
25193411
25193923
25194435
25194947
25195459
25195971
25196483
25191876
25192388
25192900
25193412
25193924
25194436
25194948
25195460
25195972
25196484
25191877
25192389
25192901
25193413
25193925
25194437
25194949
25195461
25195973
25196485
25191878
25192390
25192902
25193414
25193926
25194438
25194950
25195462
25195974
25196486
25191879
25192391
25192903
25193415
25193927
25194439
25194951
25195463
25195975
25196487
25191880
25192392
25192904
25193416
25193928
25194440
25194952
25195464
25195976
25196488
25191881
25192393
25192905
25193417
25193929
25194441
25194953
25195465
25195977
25196489
25191882
25192394
25192906
25193418
25193930
25194442
25194954
25195466
25195978
25196490
25191883
25192395
25192907
25193419
25193931
25194443
25194955
25195467
25195979
25196491
25191884
25192396
25192908
25193420
25193932
25194444
25194956
25195468
25195980
25196492
13057097
13057609
13058121
13058633
13059145
13059657
13060169
13060681
13061193
13061705
13057098
13057610
13058122
13058634
13059146
13059658
13060170
13060682
13061194
13061706
13057099
13057611
13058123
13058635
13059147
13059659
13060171
13060683
13061195
13061707
13057100
13057612
13058124
13058636
13059148
13059660
13060172
13060684
13061196
13061708
13057101
13057613
13058125
13058637
13059149
13059661
13060173
13060685
13061197
13061709
13057102
13057614
13058126
13058638
13059150
13059662
13060174
13060686
13061198
13061710
13057103
13057615
13058127
13058639
13059151
13059663
13060175
13060687
13061199
13061711
13057104
13057616
13058128
13058640
13059152
13059664
13060176
13060688
13061200
13061712
13057105
13057617
13058129
13058641
13059153
13059665
13060177
13060689
13061201
13061713
13057106
13057618
13058130
13058642
13059154
13059666
13060178
13060690
13061202
13061714
21615228
21615740
21616252
21616764
21617276
21617788
21618300
21618812
21619324
21619836
21615229
21615741
21616253
21616765
21617277
21617789
21618301
21618813
21619325
21619837
21615230
21615742
21616254
21616766
21617278
21617790
21618302
21618814
21619326
21619838
21615231
21615743
21616255
21616767
21617279
21617791
21618303
21618815
21619327
21619839
21615232
21615744
21616256
21616768
21617280
21617792
21618304
21618816
21619328
21619840
21615233
21615745
21616257
21616769
21617281
21617793
21618305
21618817
21619329
21619841
21615234
21615746
21616258
21616770
21617282
21617794
21618306
21618818
21619330
21619842
21615235
21615747
21616259
21616771
21617283
21617795
21618307
21618819
21619331
21619843
21615236
21615748
21616260
21616772
21617284
21617796
21618308
21618820
21619332
21619844
21615237
21615749
21616261
21616773
21617285
21617797
21618309
21618821
21619333
21619845
27451324
27451836
27452348
27452860
27453372
27453884
27454396
27454908
27455420
27455932
27451325
27451837
27452349
27452861
27453373
27453885
27454397
27454909
27455421
27455933
27451326
27451838
27452350
27452862
27453374
27453886
27454398
27454910
27455422
27455934
27451327
27451839
27452351
27452863
27453375
27453887
27454399
27454911
27455423
27455935
27451328
27451840
27452352
27452864
27453376
27453888
27454400
27454912
27455424
27455936
27451329
27451841
27452353
27452865
27453377
27453889
27454401
27454913
27455425
27455937
27451330
27451842
27452354
27452866
27453378
27453890
27454402
27454914
27455426
27455938
27451331
27451843
27452355
27452867
27453379
27453891
27454403
27454915
27455427
27455939
27451332
27451844
27452356
27452868
27453380
27453892
27454404
27454916
27455428
27455940
27451333
27451845
27452357
27452869
27453381
27453893
27454405
27454917
27455429
27455941
32237264
32237776
32238288
32238800
32239312
32239824
32240336
32240848
32241360
32241872
32237265
32237777
32238289
32238801
32239313
32239825
32240337
32240849
32241361
32241873
32237266
32237778
32238290
32238802
32239314
32239826
32240338
32240850
32241362
32241874
32237267
32237779
32238291
32238803
32239315
32239827
32240339
32240851
32241363
32241875
32237268
32237780
32238292
32238804
32239316
32239828
32240340
32240852
32241364
32241876
32237269
32237781
32238293
32238805
32239317
32239829
32240341
32240853
32241365
32241877
32237270
32237782
32238294
32238806
32239318
32239830
32240342
32240854
32241366
32241878
32237271
32237783
32238295
32238807
32239319
32239831
32240343
32240855
32241367
32241879
32237272
32237784
32238296
32238808
32239320
32239832
32240344
32240856
32241368
32241880
32237273
32237785
32238297
32238809
32239321
32239833
32240345
32240857
32241369
32241881
879698
880210
880722
881234
881746
882258
882770
883282
883794
884306
879699
880211
880723
881235
881747
882259
882771
883283
883795
884307
879700
880212
880724
881236
881748
882260
882772
883284
883796
884308
879701
880213
880725
881237
881749
882261
882773
883285
883797
884309
879702
880214
880726
881238
881750
882262
882774
883286
883798
884310
879703
880215
880727
881239
881751
882263
882775
883287
883799
884311
879704
880216
880728
881240
881752
882264
882776
883288
883800
884312
879705
880217
880729
881241
881753
882265
882777
883289
883801
884313
879706
880218
880730
881242
881754
882266
882778
883290
883802
884314
879707
880219
880731
881243
881755
882267
882779
883291
883803
884315
20418920
20419432
20419944
20420456
20420968
20421480
20421992
20422504
20423016
20423528
20418921
20419433
20419945
20420457
20420969
20421481
20421993
20422505
20423017
20423529
20418922
20419434
20419946
20420458
20420970
20421482
20421994
20422506
20423018
20423530
20418923
20419435
20419947
20420459
20420971
20421483
20421995
20422507
20423019
20423531
20418924
20419436
20419948
20420460
20420972
20421484
20421996
20422508
20423020
20423532
20418925
20419437
20419949
20420461
20420973
20421485
20421997
20422509
20423021
20423533
20418926
20419438
20419950
20420462
20420974
20421486
20421998
20422510
20423022
20423534
20418927
20419439
20419951
20420463
20420975
20421487
20421999
20422511
20423023
20423535
20418928
20419440
20419952
20420464
20420976
20421488
20422000
20422512
20423024
20423536
20418929
20419441
20419953
20420465
20420977
20421489
20422001
20422513
20423025
20423537
21767865
21768377
21768889
21769401
21769913
21770425
21770937
21771449
21771961
21772473
21767866
21768378
21768890
21769402
21769914
21770426
21770938
21771450
21771962
21772474
21767867
21768379
21768891
21769403
21769915
21770427
21770939
21771451
21771963
21772475
21767868
21768380
21768892
21769404
21769916
21770428
21770940
21771452
21771964
21772476
21767869
21768381
21768893
21769405
21769917
21770429
21770941
21771453
21771965
21772477
21767870
21768382
21768894
21769406
21769918
21770430
21770942
21771454
21771966
21772478
21767871
21768383
21768895
21769407
21769919
21770431
21770943
21771455
21771967
21772479
21767872
21768384
21768896
21769408
21769920
21770432
21770944
21771456
21771968
21772480
21767873
21768385
21768897
21769409
21769921
21770433
21770945
21771457
21771969
21772481
21767874
21768386
21768898
21769410
21769922
21770434
21770946
21771458
21771970
21772482
7044458
7044970
7045482
7045994
7046506
7047018
7047530
7048042
7048554
7049066
7044459
7044971
7045483
7045995
7046507
7047019
7047531
7048043
7048555
7049067
7044460
7044972
7045484
7045996
7046508
7047020
7047532
7048044
7048556
7049068
7044461
7044973
7045485
7045997
7046509
7047021
7047533
7048045
7048557
7049069
7044462
7044974
7045486
7045998
7046510
7047022
7047534
7048046
7048558
7049070
7044463
7044975
7045487
7045999
7046511
7047023
7047535
7048047
7048559
7049071
7044464
7044976
7045488
7046000
7046512
7047024
7047536
7048048
7048560
7049072
7044465
7044977
7045489
7046001
7046513
7047025
7047537
7048049
7048561
7049073
7044466
7044978
7045490
7046002
7046514
7047026
7047538
7048050
7048562
7049074
7044467
7044979
7045491
7046003
7046515
7047027
7047539
7048051
7048563
7049075
29762008
29762520
29763032
29763544
29764056
29764568
29765080
29765592
29766104
29766616
29762009
29762521
29763033
29763545
29764057
29764569
29765081
29765593
29766105
29766617
29762010
29762522
29763034
29763546
29764058
29764570
29765082
29765594
29766106
29766618
29762011
29762523
29763035
29763547
29764059
29764571
29765083
29765595
29766107
29766619
29762012
29762524
29763036
29763548
29764060
29764572
29765084
29765596
29766108
29766620
29762013
29762525
29763037
29763549
29764061
29764573
29765085
29765597
29766109
29766621
29762014
29762526
29763038
29763550
29764062
29764574
29765086
29765598
29766110
29766622
29762015
29762527
29763039
29763551
29764063
29764575
29765087
29765599
29766111
29766623
29762016
29762528
29763040
29763552
29764064
29764576
29765088
29765600
29766112
29766624
29762017
29762529
29763041
29763553
29764065
29764577
29765089
29765601
29766113
29766625
5967131
5967643
5968155
5968667
5969179
5969691
5970203
5970715
5971227
5971739
5967132
5967644
5968156
5968668
5969180
5969692
5970204
5970716
5971228
5971740
5967133
5967645
5968157
5968669
5969181
5969693
5970205
5970717
5971229
5971741
5967134
5967646
5968158
5968670
5969182
5969694
5970206
5970718
5971230
5971742
5967135
5967647
5968159
5968671
5969183
5969695
5970207
5970719
5971231
5971743
5967136
5967648
5968160
5968672
5969184
5969696
5970208
5970720
5971232
5971744
5967137
5967649
5968161
5968673
5969185
5969697
5970209
5970721
5971233
5971745
5967138
5967650
5968162
5968674
5969186
5969698
5970210
5970722
5971234
5971746
5967139
5967651
5968163
5968675
5969187
5969699
5970211
5970723
5971235
5971747
5967140
5967652
5968164
5968676
5969188
5969700
5970212
5970724
5971236
5971748
