12405036
12405548
12406060
12406572
12407084
12407596
12408108
12408620
12409132
12409644
12405037
12405549
12406061
12406573
12407085
12407597
12408109
12408621
12409133
12409645
12405038
12405550
12406062
12406574
12407086
12407598
12408110
12408622
12409134
12409646
12405039
12405551
12406063
12406575
12407087
12407599
12408111
12408623
12409135
12409647
12405040
12405552
12406064
12406576
12407088
12407600
12408112
12408624
12409136
12409648
12405041
12405553
12406065
12406577
12407089
12407601
12408113
12408625
12409137
12409649
12405042
12405554
12406066
12406578
12407090
12407602
12408114
12408626
12409138
12409650
12405043
12405555
12406067
12406579
12407091
12407603
12408115
12408627
12409139
12409651
12405044
12405556
12406068
12406580
12407092
12407604
12408116
12408628
12409140
12409652
12405045
12405557
12406069
12406581
12407093
12407605
12408117
12408629
12409141
12409653
17163963
17164475
17164987
17165499
17166011
17166523
17167035
17167547
17168059
17168571
17163964
17164476
17164988
17165500
17166012
17166524
17167036
17167548
17168060
17168572
17163965
17164477
17164989
17165501
17166013
17166525
17167037
17167549
17168061
17168573
17163966
17164478
17164990
17165502
17166014
17166526
17167038
17167550
17168062
17168574
17163967
17164479
17164991
17165503
17166015
17166527
17167039
17167551
17168063
17168575
17163968
17164480
17164992
17165504
17166016
17166528
17167040
17167552
17168064
17168576
17163969
17164481
17164993
17165505
17166017
17166529
17167041
17167553
17168065
17168577
17163970
17164482
17164994
17165506
17166018
17166530
17167042
17167554
17168066
17168578
17163971
17164483
17164995
17165507
17166019
17166531
17167043
17167555
17168067
17168579
17163972
17164484
17164996
17165508
17166020
17166532
17167044
17167556
17168068
17168580
16390313
16390825
16391337
16391849
16392361
16392873
16393385
16393897
16394409
16394921
16390314
16390826
16391338
16391850
16392362
16392874
16393386
16393898
16394410
16394922
16390315
16390827
16391339
16391851
16392363
16392875
16393387
16393899
16394411
16394923
16390316
16390828
16391340
16391852
16392364
16392876
16393388
16393900
16394412
16394924
16390317
16390829
16391341
16391853
16392365
16392877
16393389
16393901
16394413
16394925
16390318
16390830
16391342
16391854
16392366
16392878
16393390
16393902
16394414
16394926
16390319
16390831
16391343
16391855
16392367
16392879
16393391
16393903
16394415
16394927
16390320
16390832
16391344
16391856
16392368
16392880
16393392
16393904
16394416
16394928
16390321
16390833
16391345
16391857
16392369
16392881
16393393
16393905
16394417
16394929
16390322
16390834
16391346
16391858
16392370
16392882
16393394
16393906
16394418
16394930
15831332
15831844
15832356
15832868
15833380
15833892
15834404
15834916
15835428
15835940
15831333
15831845
15832357
15832869
15833381
15833893
15834405
15834917
15835429
15835941
15831334
15831846
15832358
15832870
15833382
15833894
15834406
15834918
15835430
15835942
15831335
15831847
15832359
15832871
15833383
15833895
15834407
15834919
15835431
15835943
15831336
15831848
15832360
15832872
15833384
15833896
15834408
15834920
15835432
15835944
15831337
15831849
15832361
15832873
15833385
15833897
15834409
15834921
15835433
15835945
15831338
15831850
15832362
15832874
15833386
15833898
15834410
15834922
15835434
15835946
15831339
15831851
15832363
15832875
15833387
15833899
15834411
15834923
15835435
15835947
15831340
15831852
15832364
15832876
15833388
15833900
15834412
15834924
15835436
15835948
15831341
15831853
15832365
15832877
15833389
15833901
15834413
15834925
15835437
15835949
13187921
13188433
13188945
13189457
13189969
13190481
13190993
13191505
13192017
13192529
13187922
13188434
13188946
13189458
13189970
13190482
13190994
13191506
13192018
13192530
13187923
13188435
13188947
13189459
13189971
13190483
13190995
13191507
13192019
13192531
13187924
13188436
13188948
13189460
13189972
13190484
13190996
13191508
13192020
13192532
13187925
13188437
13188949
13189461
13189973
13190485
13190997
13191509
13192021
13192533
13187926
13188438
13188950
13189462
13189974
13190486
13190998
13191510
13192022
13192534
13187927
13188439
13188951
13189463
13189975
13190487
13190999
13191511
13192023
13192535
13187928
13188440
13188952
13189464
13189976
13190488
13191000
13191512
13192024
13192536
13187929
13188441
13188953
13189465
13189977
13190489
13191001
13191513
13192025
13192537
13187930
13188442
13188954
13189466
13189978
13190490
13191002
13191514
13192026
13192538
14822061
14822573
14823085
14823597
14824109
14824621
14825133
14825645
14826157
14826669
14822062
14822574
14823086
14823598
14824110
14824622
14825134
14825646
14826158
14826670
14822063
14822575
14823087
14823599
14824111
14824623
14825135
14825647
14826159
14826671
14822064
14822576
14823088
14823600
14824112
14824624
14825136
14825648
14826160
14826672
14822065
14822577
14823089
14823601
14824113
14824625
14825137
14825649
14826161
14826673
14822066
14822578
14823090
14823602
14824114
14824626
14825138
14825650
14826162
14826674
14822067
14822579
14823091
14823603
14824115
14824627
14825139
14825651
14826163
14826675
14822068
14822580
14823092
14823604
14824116
14824628
14825140
14825652
14826164
14826676
14822069
14822581
14823093
14823605
14824117
14824629
14825141
14825653
14826165
14826677
14822070
14822582
14823094
14823606
14824118
14824630
14825142
14825654
14826166
14826678
13975871
13976383
13976895
13977407
13977919
13978431
13978943
13979455
13979967
13980479
13975872
13976384
13976896
13977408
13977920
13978432
13978944
13979456
13979968
13980480
13975873
13976385
13976897
13977409
13977921
13978433
13978945
13979457
13979969
13980481
13975874
13976386
13976898
13977410
13977922
13978434
13978946
13979458
13979970
13980482
13975875
13976387
13976899
13977411
13977923
13978435
13978947
13979459
13979971
13980483
13975876
13976388
13976900
13977412
13977924
13978436
13978948
13979460
13979972
13980484
13975877
13976389
13976901
13977413
13977925
13978437
13978949
13979461
13979973
13980485
13975878
13976390
13976902
13977414
13977926
13978438
13978950
13979462
13979974
13980486
13975879
13976391
13976903
13977415
13977927
13978439
13978951
13979463
13979975
13980487
13975880
13976392
13976904
13977416
13977928
13978440
13978952
13979464
13979976
13980488
15527705
15528217
15528729
15529241
15529753
15530265
15530777
15531289
15531801
15532313
15527706
15528218
15528730
15529242
15529754
15530266
15530778
15531290
15531802
15532314
15527707
15528219
15528731
15529243
15529755
15530267
15530779
15531291
15531803
15532315
15527708
15528220
15528732
15529244
15529756
15530268
15530780
15531292
15531804
15532316
15527709
15528221
15528733
15529245
15529757
15530269
15530781
15531293
15531805
15532317
15527710
15528222
15528734
15529246
15529758
15530270
15530782
15531294
15531806
15532318
15527711
15528223
15528735
15529247
15529759
15530271
15530783
15531295
15531807
15532319
15527712
15528224
15528736
15529248
15529760
15530272
15530784
15531296
15531808
15532320
15527713
15528225
15528737
15529249
15529761
15530273
15530785
15531297
15531809
15532321
15527714
15528226
15528738
15529250
15529762
15530274
15530786
15531298
15531810
15532322
15798060
15798572
15799084
15799596
15800108
15800620
15801132
15801644
15802156
15802668
15798061
15798573
15799085
15799597
15800109
15800621
15801133
15801645
15802157
15802669
15798062
15798574
15799086
15799598
15800110
15800622
15801134
15801646
15802158
15802670
15798063
15798575
15799087
15799599
15800111
15800623
15801135
15801647
15802159
15802671
15798064
15798576
15799088
15799600
15800112
15800624
15801136
15801648
15802160
15802672
15798065
15798577
15799089
15799601
15800113
15800625
15801137
15801649
15802161
15802673
15798066
15798578
15799090
15799602
15800114
15800626
15801138
15801650
15802162
15802674
15798067
15798579
15799091
15799603
15800115
15800627
15801139
15801651
15802163
15802675
15798068
15798580
15799092
15799604
15800116
15800628
15801140
15801652
15802164
15802676
15798069
15798581
15799093
15799605
15800117
15800629
15801141
15801653
15802165
15802677
16349922
16350434
16350946
16351458
16351970
16352482
16352994
16353506
16354018
16354530
16349923
16350435
16350947
16351459
16351971
16352483
16352995
16353507
16354019
16354531
16349924
16350436
16350948
16351460
16351972
16352484
16352996
16353508
16354020
16354532
16349925
16350437
16350949
16351461
16351973
16352485
16352997
16353509
16354021
16354533
16349926
16350438
16350950
16351462
16351974
16352486
16352998
16353510
16354022
16354534
16349927
16350439
16350951
16351463
16351975
16352487
16352999
16353511
16354023
16354535
16349928
16350440
16350952
16351464
16351976
16352488
16353000
16353512
16354024
16354536
16349929
16350441
16350953
16351465
16351977
16352489
16353001
16353513
16354025
16354537
16349930
16350442
16350954
16351466
16351978
16352490
16353002
16353514
16354026
16354538
16349931
16350443
16350955
16351467
16351979
16352491
16353003
16353515
16354027
16354539
15339193
15339705
15340217
15340729
15341241
15341753
15342265
15342777
15343289
15343801
15339194
15339706
15340218
15340730
15341242
15341754
15342266
15342778
15343290
15343802
15339195
15339707
15340219
15340731
15341243
15341755
15342267
15342779
15343291
15343803
15339196
15339708
15340220
15340732
15341244
15341756
15342268
15342780
15343292
15343804
15339197
15339709
15340221
15340733
15341245
15341757
15342269
15342781
15343293
15343805
15339198
15339710
15340222
15340734
15341246
15341758
15342270
15342782
15343294
15343806
15339199
15339711
15340223
15340735
15341247
15341759
15342271
15342783
15343295
15343807
15339200
15339712
15340224
15340736
15341248
15341760
15342272
15342784
15343296
15343808
15339201
15339713
15340225
15340737
15341249
15341761
15342273
15342785
15343297
15343809
15339202
15339714
15340226
15340738
15341250
15341762
15342274
15342786
15343298
15343810
12408551
12409063
12409575
12410087
12410599
12411111
12411623
12412135
12412647
12413159
12408552
12409064
12409576
12410088
12410600
12411112
12411624
12412136
12412648
12413160
12408553
12409065
12409577
12410089
12410601
12411113
12411625
12412137
12412649
12413161
12408554
12409066
12409578
12410090
12410602
12411114
12411626
12412138
12412650
12413162
12408555
12409067
12409579
12410091
12410603
12411115
12411627
12412139
12412651
12413163
12408556
12409068
12409580
12410092
12410604
12411116
12411628
12412140
12412652
12413164
12408557
12409069
12409581
12410093
12410605
12411117
12411629
12412141
12412653
12413165
12408558
12409070
12409582
12410094
12410606
12411118
12411630
12412142
12412654
12413166
12408559
12409071
12409583
12410095
12410607
12411119
12411631
12412143
12412655
12413167
12408560
12409072
12409584
12410096
12410608
12411120
12411632
12412144
12412656
12413168
13770928
13771440
13771952
13772464
13772976
13773488
13774000
13774512
13775024
13775536
13770929
13771441
13771953
13772465
13772977
13773489
13774001
13774513
13775025
13775537
13770930
13771442
13771954
13772466
13772978
13773490
13774002
13774514
13775026
13775538
13770931
13771443
13771955
13772467
13772979
13773491
13774003
13774515
13775027
13775539
13770932
13771444
13771956
13772468
13772980
13773492
13774004
13774516
13775028
13775540
13770933
13771445
13771957
13772469
13772981
13773493
13774005
13774517
13775029
13775541
13770934
13771446
13771958
13772470
13772982
13773494
13774006
13774518
13775030
13775542
13770935
13771447
13771959
13772471
13772983
13773495
13774007
13774519
13775031
13775543
13770936
13771448
13771960
13772472
13772984
13773496
13774008
13774520
13775032
13775544
13770937
13771449
13771961
13772473
13772985
13773497
13774009
13774521
13775033
13775545
10557667
10558179
10558691
10559203
10559715
10560227
10560739
10561251
10561763
10562275
10557668
10558180
10558692
10559204
10559716
10560228
10560740
10561252
10561764
10562276
10557669
10558181
10558693
10559205
10559717
10560229
10560741
10561253
10561765
10562277
10557670
10558182
10558694
10559206
10559718
10560230
10560742
10561254
10561766
10562278
10557671
10558183
10558695
10559207
10559719
10560231
10560743
10561255
10561767
10562279
10557672
10558184
10558696
10559208
10559720
10560232
10560744
10561256
10561768
10562280
10557673
10558185
10558697
10559209
10559721
10560233
10560745
10561257
10561769
10562281
10557674
10558186
10558698
10559210
10559722
10560234
10560746
10561258
10561770
10562282
10557675
10558187
10558699
10559211
10559723
10560235
10560747
10561259
10561771
10562283
10557676
10558188
10558700
10559212
10559724
10560236
10560748
10561260
10561772
10562284
13467471
13467983
13468495
13469007
13469519
13470031
13470543
13471055
13471567
13472079
13467472
13467984
13468496
13469008
13469520
13470032
13470544
13471056
13471568
13472080
13467473
13467985
13468497
13469009
13469521
13470033
13470545
13471057
13471569
13472081
13467474
13467986
13468498
13469010
13469522
13470034
13470546
13471058
13471570
13472082
13467475
13467987
13468499
13469011
13469523
13470035
13470547
13471059
13471571
13472083
13467476
13467988
13468500
13469012
13469524
13470036
13470548
13471060
13471572
13472084
13467477
13467989
13468501
13469013
13469525
13470037
13470549
13471061
13471573
13472085
13467478
13467990
13468502
13469014
13469526
13470038
13470550
13471062
13471574
13472086
13467479
13467991
13468503
13469015
13469527
13470039
13470551
13471063
13471575
13472087
13467480
13467992
13468504
13469016
13469528
13470040
13470552
13471064
13471576
13472088
14233272
14233784
14234296
14234808
14235320
14235832
14236344
14236856
14237368
14237880
14233273
14233785
14234297
14234809
14235321
14235833
14236345
14236857
14237369
14237881
14233274
14233786
14234298
14234810
14235322
14235834
14236346
14236858
14237370
14237882
14233275
14233787
14234299
14234811
14235323
14235835
14236347
14236859
14237371
14237883
14233276
14233788
14234300
14234812
14235324
14235836
14236348
14236860
14237372
14237884
14233277
14233789
14234301
14234813
14235325
14235837
14236349
14236861
14237373
14237885
14233278
14233790
14234302
14234814
14235326
14235838
14236350
14236862
14237374
14237886
14233279
14233791
14234303
14234815
14235327
14235839
14236351
14236863
14237375
14237887
14233280
14233792
14234304
14234816
14235328
14235840
14236352
14236864
14237376
14237888
14233281
14233793
14234305
14234817
14235329
14235841
14236353
14236865
14237377
14237889
16868637
16869149
16869661
16870173
16870685
16871197
16871709
16872221
16872733
16873245
16868638
16869150
16869662
16870174
16870686
16871198
16871710
16872222
16872734
16873246
16868639
16869151
16869663
16870175
16870687
16871199
16871711
16872223
16872735
16873247
16868640
16869152
16869664
16870176
16870688
16871200
16871712
16872224
16872736
16873248
16868641
16869153
16869665
16870177
16870689
16871201
16871713
16872225
16872737
16873249
16868642
16869154
16869666
16870178
16870690
16871202
16871714
16872226
16872738
16873250
16868643
16869155
16869667
16870179
16870691
16871203
16871715
16872227
16872739
16873251
16868644
16869156
16869668
16870180
16870692
16871204
16871716
16872228
16872740
16873252
16868645
16869157
16869669
16870181
16870693
16871205
16871717
16872229
16872741
16873253
16868646
16869158
16869670
16870182
16870694
16871206
16871718
16872230
16872742
16873254
16337723
16338235
16338747
16339259
16339771
16340283
16340795
16341307
16341819
16342331
16337724
16338236
16338748
16339260
16339772
16340284
16340796
16341308
16341820
16342332
16337725
16338237
16338749
16339261
16339773
16340285
16340797
16341309
16341821
16342333
16337726
16338238
16338750
16339262
16339774
16340286
16340798
16341310
16341822
16342334
16337727
16338239
16338751
16339263
16339775
16340287
16340799
16341311
16341823
16342335
16337728
16338240
16338752
16339264
16339776
16340288
16340800
16341312
16341824
16342336
16337729
16338241
16338753
16339265
16339777
16340289
16340801
16341313
16341825
16342337
16337730
16338242
16338754
16339266
16339778
16340290
16340802
16341314
16341826
16342338
16337731
16338243
16338755
16339267
16339779
16340291
16340803
16341315
16341827
16342339
16337732
16338244
16338756
16339268
16339780
16340292
16340804
16341316
16341828
16342340
17415389
17415901
17416413
17416925
17417437
17417949
17418461
17418973
17419485
17419997
17415390
17415902
17416414
17416926
17417438
17417950
17418462
17418974
17419486
17419998
17415391
17415903
17416415
17416927
17417439
17417951
17418463
17418975
17419487
17419999
17415392
17415904
17416416
17416928
17417440
17417952
17418464
17418976
17419488
17420000
17415393
17415905
17416417
17416929
17417441
17417953
17418465
17418977
17419489
17420001
17415394
17415906
17416418
17416930
17417442
17417954
17418466
17418978
17419490
17420002
17415395
17415907
17416419
17416931
17417443
17417955
17418467
17418979
17419491
17420003
17415396
17415908
17416420
17416932
17417444
17417956
17418468
17418980
17419492
17420004
17415397
17415909
17416421
17416933
17417445
17417957
17418469
17418981
17419493
17420005
17415398
17415910
17416422
17416934
17417446
17417958
17418470
17418982
17419494
17420006
13730107
13730619
13731131
13731643
13732155
13732667
13733179
13733691
13734203
13734715
13730108
13730620
13731132
13731644
13732156
13732668
13733180
13733692
13734204
13734716
13730109
13730621
13731133
13731645
13732157
13732669
13733181
13733693
13734205
13734717
13730110
13730622
13731134
13731646
13732158
13732670
13733182
13733694
13734206
13734718
13730111
13730623
13731135
13731647
13732159
13732671
13733183
13733695
13734207
13734719
13730112
13730624
13731136
13731648
13732160
13732672
13733184
13733696
13734208
13734720
13730113
13730625
13731137
13731649
13732161
13732673
13733185
13733697
13734209
13734721
13730114
13730626
13731138
13731650
13732162
13732674
13733186
13733698
13734210
13734722
13730115
13730627
13731139
13731651
13732163
13732675
13733187
13733699
13734211
13734723
13730116
13730628
13731140
13731652
13732164
13732676
13733188
13733700
13734212
13734724
10821346
10821858
10822370
10822882
10823394
10823906
10824418
10824930
10825442
10825954
10821347
10821859
10822371
10822883
10823395
10823907
10824419
10824931
10825443
10825955
10821348
10821860
10822372
10822884
10823396
10823908
10824420
10824932
10825444
10825956
10821349
10821861
10822373
10822885
10823397
10823909
10824421
10824933
10825445
10825957
10821350
10821862
10822374
10822886
10823398
10823910
10824422
10824934
10825446
10825958
10821351
10821863
10822375
10822887
10823399
10823911
10824423
10824935
10825447
10825959
10821352
10821864
10822376
10822888
10823400
10823912
10824424
10824936
10825448
10825960
10821353
10821865
10822377
10822889
10823401
10823913
10824425
10824937
10825449
10825961
10821354
10821866
10822378
10822890
10823402
10823914
10824426
10824938
10825450
10825962
10821355
10821867
10822379
10822891
10823403
10823915
10824427
10824939
10825451
10825963
15348429
15348941
15349453
15349965
15350477
15350989
15351501
15352013
15352525
15353037
15348430
15348942
15349454
15349966
15350478
15350990
15351502
15352014
15352526
15353038
15348431
15348943
15349455
15349967
15350479
15350991
15351503
15352015
15352527
15353039
15348432
15348944
15349456
15349968
15350480
15350992
15351504
15352016
15352528
15353040
15348433
15348945
15349457
15349969
15350481
15350993
15351505
15352017
15352529
15353041
15348434
15348946
15349458
15349970
15350482
15350994
15351506
15352018
15352530
15353042
15348435
15348947
15349459
15349971
15350483
15350995
15351507
15352019
15352531
15353043
15348436
15348948
15349460
15349972
15350484
15350996
15351508
15352020
15352532
15353044
15348437
15348949
15349461
15349973
15350485
15350997
15351509
15352021
15352533
15353045
15348438
15348950
15349462
15349974
15350486
15350998
15351510
15352022
15352534
15353046
15844524
15845036
15845548
15846060
15846572
15847084
15847596
15848108
15848620
15849132
15844525
15845037
15845549
15846061
15846573
15847085
15847597
15848109
15848621
15849133
15844526
15845038
15845550
15846062
15846574
15847086
15847598
15848110
15848622
15849134
15844527
15845039
15845551
15846063
15846575
15847087
15847599
15848111
15848623
15849135
15844528
15845040
15845552
15846064
15846576
15847088
15847600
15848112
15848624
15849136
15844529
15845041
15845553
15846065
15846577
15847089
15847601
15848113
15848625
15849137
15844530
15845042
15845554
15846066
15846578
15847090
15847602
15848114
15848626
15849138
15844531
15845043
15845555
15846067
15846579
15847091
15847603
15848115
15848627
15849139
15844532
15845044
15845556
15846068
15846580
15847092
15847604
15848116
15848628
15849140
15844533
15845045
15845557
15846069
15846581
15847093
15847605
15848117
15848629
15849141
16372963
16373475
16373987
16374499
16375011
16375523
16376035
16376547
16377059
16377571
16372964
16373476
16373988
16374500
16375012
16375524
16376036
16376548
16377060
16377572
16372965
16373477
16373989
16374501
16375013
16375525
16376037
16376549
16377061
16377573
16372966
16373478
16373990
16374502
16375014
16375526
16376038
16376550
16377062
16377574
16372967
16373479
16373991
16374503
16375015
16375527
16376039
16376551
16377063
16377575
16372968
16373480
16373992
16374504
16375016
16375528
16376040
16376552
16377064
16377576
16372969
16373481
16373993
16374505
16375017
16375529
16376041
16376553
16377065
16377577
16372970
16373482
16373994
16374506
16375018
16375530
16376042
16376554
16377066
16377578
16372971
16373483
16373995
16374507
16375019
16375531
16376043
16376555
16377067
16377579
16372972
16373484
16373996
16374508
16375020
16375532
16376044
16376556
16377068
16377580
15568041
15568553
15569065
15569577
15570089
15570601
15571113
15571625
15572137
15572649
15568042
15568554
15569066
15569578
15570090
15570602
15571114
15571626
15572138
15572650
15568043
15568555
15569067
15569579
15570091
15570603
15571115
15571627
15572139
15572651
15568044
15568556
15569068
15569580
15570092
15570604
15571116
15571628
15572140
15572652
15568045
15568557
15569069
15569581
15570093
15570605
15571117
15571629
15572141
15572653
15568046
15568558
15569070
15569582
15570094
15570606
15571118
15571630
15572142
15572654
15568047
15568559
15569071
15569583
15570095
15570607
15571119
15571631
15572143
15572655
15568048
15568560
15569072
15569584
15570096
15570608
15571120
15571632
15572144
15572656
15568049
15568561
15569073
15569585
15570097
15570609
15571121
15571633
15572145
15572657
15568050
15568562
15569074
15569586
15570098
15570610
15571122
15571634
15572146
15572658
12404532
12405044
12405556
12406068
12406580
12407092
12407604
12408116
12408628
12409140
12404533
12405045
12405557
12406069
12406581
12407093
12407605
12408117
12408629
12409141
12404534
12405046
12405558
12406070
12406582
12407094
12407606
12408118
12408630
12409142
12404535
12405047
12405559
12406071
12406583
12407095
12407607
12408119
12408631
12409143
12404536
12405048
12405560
12406072
12406584
12407096
12407608
12408120
12408632
12409144
12404537
12405049
12405561
12406073
12406585
12407097
12407609
12408121
12408633
12409145
12404538
12405050
12405562
12406074
12406586
12407098
12407610
12408122
12408634
12409146
12404539
12405051
12405563
12406075
12406587
12407099
12407611
12408123
12408635
12409147
12404540
12405052
12405564
12406076
12406588
12407100
12407612
12408124
12408636
12409148
12404541
12405053
12405565
12406077
12406589
12407101
12407613
12408125
12408637
12409149
15858401
15858913
15859425
15859937
15860449
15860961
15861473
15861985
15862497
15863009
15858402
15858914
15859426
15859938
15860450
15860962
15861474
15861986
15862498
15863010
15858403
15858915
15859427
15859939
15860451
15860963
15861475
15861987
15862499
15863011
15858404
15858916
15859428
15859940
15860452
15860964
15861476
15861988
15862500
15863012
15858405
15858917
15859429
15859941
15860453
15860965
15861477
15861989
15862501
15863013
15858406
15858918
15859430
15859942
15860454
15860966
15861478
15861990
15862502
15863014
15858407
15858919
15859431
15859943
15860455
15860967
15861479
15861991
15862503
15863015
15858408
15858920
15859432
15859944
15860456
15860968
15861480
15861992
15862504
15863016
15858409
15858921
15859433
15859945
15860457
15860969
15861481
15861993
15862505
15863017
15858410
15858922
15859434
15859946
15860458
15860970
15861482
15861994
15862506
15863018
13174547
13175059
13175571
13176083
13176595
13177107
13177619
13178131
13178643
13179155
13174548
13175060
13175572
13176084
13176596
13177108
13177620
13178132
13178644
13179156
13174549
13175061
13175573
13176085
13176597
13177109
13177621
13178133
13178645
13179157
13174550
13175062
13175574
13176086
13176598
13177110
13177622
13178134
13178646
13179158
13174551
13175063
13175575
13176087
13176599
13177111
13177623
13178135
13178647
13179159
13174552
13175064
13175576
13176088
13176600
13177112
13177624
13178136
13178648
13179160
13174553
13175065
13175577
13176089
13176601
13177113
13177625
13178137
13178649
13179161
13174554
13175066
13175578
13176090
13176602
13177114
13177626
13178138
13178650
13179162
13174555
13175067
13175579
13176091
13176603
13177115
13177627
13178139
13178651
13179163
13174556
13175068
13175580
13176092
13176604
13177116
13177628
13178140
13178652
13179164
16623805
16624317
16624829
16625341
16625853
16626365
16626877
16627389
16627901
16628413
16623806
16624318
16624830
16625342
16625854
16626366
16626878
16627390
16627902
16628414
16623807
16624319
16624831
16625343
16625855
16626367
16626879
16627391
16627903
16628415
16623808
16624320
16624832
16625344
16625856
16626368
16626880
16627392
16627904
16628416
16623809
16624321
16624833
16625345
16625857
16626369
16626881
16627393
16627905
16628417
16623810
16624322
16624834
16625346
16625858
16626370
16626882
16627394
16627906
16628418
16623811
16624323
16624835
16625347
16625859
16626371
16626883
16627395
16627907
16628419
16623812
16624324
16624836
16625348
16625860
16626372
16626884
16627396
16627908
16628420
16623813
16624325
16624837
16625349
16625861
16626373
16626885
16627397
16627909
16628421
16623814
16624326
16624838
16625350
16625862
16626374
16626886
16627398
16627910
16628422
14505797
14506309
14506821
14507333
14507845
14508357
14508869
14509381
14509893
14510405
14505798
14506310
14506822
14507334
14507846
14508358
14508870
14509382
14509894
14510406
14505799
14506311
14506823
14507335
14507847
14508359
14508871
14509383
14509895
14510407
14505800
14506312
14506824
14507336
14507848
14508360
14508872
14509384
14509896
14510408
14505801
14506313
14506825
14507337
14507849
14508361
14508873
14509385
14509897
14510409
14505802
14506314
14506826
14507338
14507850
14508362
14508874
14509386
14509898
14510410
14505803
14506315
14506827
14507339
14507851
14508363
14508875
14509387
14509899
14510411
14505804
14506316
14506828
14507340
14507852
14508364
14508876
14509388
14509900
14510412
14505805
14506317
14506829
14507341
14507853
14508365
14508877
14509389
14509901
14510413
14505806
14506318
14506830
14507342
14507854
14508366
14508878
14509390
14509902
14510414
