11892505
11893017
11893529
11894041
11894553
11895065
11895577
11896089
11896601
11897113
11892506
11893018
11893530
11894042
11894554
11895066
11895578
11896090
11896602
11897114
11892507
11893019
11893531
11894043
11894555
11895067
11895579
11896091
11896603
11897115
11892508
11893020
11893532
11894044
11894556
11895068
11895580
11896092
11896604
11897116
11892509
11893021
11893533
11894045
11894557
11895069
11895581
11896093
11896605
11897117
11892510
11893022
11893534
11894046
11894558
11895070
11895582
11896094
11896606
11897118
11892511
11893023
11893535
11894047
11894559
11895071
11895583
11896095
11896607
11897119
11892512
11893024
11893536
11894048
11894560
11895072
11895584
11896096
11896608
11897120
11892513
11893025
11893537
11894049
11894561
11895073
11895585
11896097
11896609
11897121
11892514
11893026
11893538
11894050
11894562
11895074
11895586
11896098
11896610
11897122
12709038
12709550
12710062
12710574
12711086
12711598
12712110
12712622
12713134
12713646
12709039
12709551
12710063
12710575
12711087
12711599
12712111
12712623
12713135
12713647
12709040
12709552
12710064
12710576
12711088
12711600
12712112
12712624
12713136
12713648
12709041
12709553
12710065
12710577
12711089
12711601
12712113
12712625
12713137
12713649
12709042
12709554
12710066
12710578
12711090
12711602
12712114
12712626
12713138
12713650
12709043
12709555
12710067
12710579
12711091
12711603
12712115
12712627
12713139
12713651
12709044
12709556
12710068
12710580
12711092
12711604
12712116
12712628
12713140
12713652
12709045
12709557
12710069
12710581
12711093
12711605
12712117
12712629
12713141
12713653
12709046
12709558
12710070
12710582
12711094
12711606
12712118
12712630
12713142
12713654
12709047
12709559
12710071
12710583
12711095
12711607
12712119
12712631
12713143
12713655
14739726
14740238
14740750
14741262
14741774
14742286
14742798
14743310
14743822
14744334
14739727
14740239
14740751
14741263
14741775
14742287
14742799
14743311
14743823
14744335
14739728
14740240
14740752
14741264
14741776
14742288
14742800
14743312
14743824
14744336
14739729
14740241
14740753
14741265
14741777
14742289
14742801
14743313
14743825
14744337
14739730
14740242
14740754
14741266
14741778
14742290
14742802
14743314
14743826
14744338
14739731
14740243
14740755
14741267
14741779
14742291
14742803
14743315
14743827
14744339
14739732
14740244
14740756
14741268
14741780
14742292
14742804
14743316
14743828
14744340
14739733
14740245
14740757
14741269
14741781
14742293
14742805
14743317
14743829
14744341
14739734
14740246
14740758
14741270
14741782
14742294
14742806
14743318
14743830
14744342
14739735
14740247
14740759
14741271
14741783
14742295
14742807
14743319
14743831
14744343
16865036
16865548
16866060
16866572
16867084
16867596
16868108
16868620
16869132
16869644
16865037
16865549
16866061
16866573
16867085
16867597
16868109
16868621
16869133
16869645
16865038
16865550
16866062
16866574
16867086
16867598
16868110
16868622
16869134
16869646
16865039
16865551
16866063
16866575
16867087
16867599
16868111
16868623
16869135
16869647
16865040
16865552
16866064
16866576
16867088
16867600
16868112
16868624
16869136
16869648
16865041
16865553
16866065
16866577
16867089
16867601
16868113
16868625
16869137
16869649
16865042
16865554
16866066
16866578
16867090
16867602
16868114
16868626
16869138
16869650
16865043
16865555
16866067
16866579
16867091
16867603
16868115
16868627
16869139
16869651
16865044
16865556
16866068
16866580
16867092
16867604
16868116
16868628
16869140
16869652
16865045
16865557
16866069
16866581
16867093
16867605
16868117
16868629
16869141
16869653
12126429
12126941
12127453
12127965
12128477
12128989
12129501
12130013
12130525
12131037
12126430
12126942
12127454
12127966
12128478
12128990
12129502
12130014
12130526
12131038
12126431
12126943
12127455
12127967
12128479
12128991
12129503
12130015
12130527
12131039
12126432
12126944
12127456
12127968
12128480
12128992
12129504
12130016
12130528
12131040
12126433
12126945
12127457
12127969
12128481
12128993
12129505
12130017
12130529
12131041
12126434
12126946
12127458
12127970
12128482
12128994
12129506
12130018
12130530
12131042
12126435
12126947
12127459
12127971
12128483
12128995
12129507
12130019
12130531
12131043
12126436
12126948
12127460
12127972
12128484
12128996
12129508
12130020
12130532
12131044
12126437
12126949
12127461
12127973
12128485
12128997
12129509
12130021
12130533
12131045
12126438
12126950
12127462
12127974
12128486
12128998
12129510
12130022
12130534
12131046
13512376
13512888
13513400
13513912
13514424
13514936
13515448
13515960
13516472
13516984
13512377
13512889
13513401
13513913
13514425
13514937
13515449
13515961
13516473
13516985
13512378
13512890
13513402
13513914
13514426
13514938
13515450
13515962
13516474
13516986
13512379
13512891
13513403
13513915
13514427
13514939
13515451
13515963
13516475
13516987
13512380
13512892
13513404
13513916
13514428
13514940
13515452
13515964
13516476
13516988
13512381
13512893
13513405
13513917
13514429
13514941
13515453
13515965
13516477
13516989
13512382
13512894
13513406
13513918
13514430
13514942
13515454
13515966
13516478
13516990
13512383
13512895
13513407
13513919
13514431
13514943
13515455
13515967
13516479
13516991
13512384
13512896
13513408
13513920
13514432
13514944
13515456
13515968
13516480
13516992
13512385
13512897
13513409
13513921
13514433
13514945
13515457
13515969
13516481
13516993
14769473
14769985
14770497
14771009
14771521
14772033
14772545
14773057
14773569
14774081
14769474
14769986
14770498
14771010
14771522
14772034
14772546
14773058
14773570
14774082
14769475
14769987
14770499
14771011
14771523
14772035
14772547
14773059
14773571
14774083
14769476
14769988
14770500
14771012
14771524
14772036
14772548
14773060
14773572
14774084
14769477
14769989
14770501
14771013
14771525
14772037
14772549
14773061
14773573
14774085
14769478
14769990
14770502
14771014
14771526
14772038
14772550
14773062
14773574
14774086
14769479
14769991
14770503
14771015
14771527
14772039
14772551
14773063
14773575
14774087
14769480
14769992
14770504
14771016
14771528
14772040
14772552
14773064
14773576
14774088
14769481
14769993
14770505
14771017
14771529
14772041
14772553
14773065
14773577
14774089
14769482
14769994
14770506
14771018
14771530
14772042
14772554
14773066
14773578
14774090
15043801
15044313
15044825
15045337
15045849
15046361
15046873
15047385
15047897
15048409
15043802
15044314
15044826
15045338
15045850
15046362
15046874
15047386
15047898
15048410
15043803
15044315
15044827
15045339
15045851
15046363
15046875
15047387
15047899
15048411
15043804
15044316
15044828
15045340
15045852
15046364
15046876
15047388
15047900
15048412
15043805
15044317
15044829
15045341
15045853
15046365
15046877
15047389
15047901
15048413
15043806
15044318
15044830
15045342
15045854
15046366
15046878
15047390
15047902
15048414
15043807
15044319
15044831
15045343
15045855
15046367
15046879
15047391
15047903
15048415
15043808
15044320
15044832
15045344
15045856
15046368
15046880
15047392
15047904
15048416
15043809
15044321
15044833
15045345
15045857
15046369
15046881
15047393
15047905
15048417
15043810
15044322
15044834
15045346
15045858
15046370
15046882
15047394
15047906
15048418
15865039
15865551
15866063
15866575
15867087
15867599
15868111
15868623
15869135
15869647
15865040
15865552
15866064
15866576
15867088
15867600
15868112
15868624
15869136
15869648
15865041
15865553
15866065
15866577
15867089
15867601
15868113
15868625
15869137
15869649
15865042
15865554
15866066
15866578
15867090
15867602
15868114
15868626
15869138
15869650
15865043
15865555
15866067
15866579
15867091
15867603
15868115
15868627
15869139
15869651
15865044
15865556
15866068
15866580
15867092
15867604
15868116
15868628
15869140
15869652
15865045
15865557
15866069
15866581
15867093
15867605
15868117
15868629
15869141
15869653
15865046
15865558
15866070
15866582
15867094
15867606
15868118
15868630
15869142
15869654
15865047
15865559
15866071
15866583
15867095
15867607
15868119
15868631
15869143
15869655
15865048
15865560
15866072
15866584
15867096
15867608
15868120
15868632
15869144
15869656
11083578
11084090
11084602
11085114
11085626
11086138
11086650
11087162
11087674
11088186
11083579
11084091
11084603
11085115
11085627
11086139
11086651
11087163
11087675
11088187
11083580
11084092
11084604
11085116
11085628
11086140
11086652
11087164
11087676
11088188
11083581
11084093
11084605
11085117
11085629
11086141
11086653
11087165
11087677
11088189
11083582
11084094
11084606
11085118
11085630
11086142
11086654
11087166
11087678
11088190
11083583
11084095
11084607
11085119
11085631
11086143
11086655
11087167
11087679
11088191
11083584
11084096
11084608
11085120
11085632
11086144
11086656
11087168
11087680
11088192
11083585
11084097
11084609
11085121
11085633
11086145
11086657
11087169
11087681
11088193
11083586
11084098
11084610
11085122
11085634
11086146
11086658
11087170
11087682
11088194
11083587
11084099
11084611
11085123
11085635
11086147
11086659
11087171
11087683
11088195
15015190
15015702
15016214
15016726
15017238
15017750
15018262
15018774
15019286
15019798
15015191
15015703
15016215
15016727
15017239
15017751
15018263
15018775
15019287
15019799
15015192
15015704
15016216
15016728
15017240
15017752
15018264
15018776
15019288
15019800
15015193
15015705
15016217
15016729
15017241
15017753
15018265
15018777
15019289
15019801
15015194
15015706
15016218
15016730
15017242
15017754
15018266
15018778
15019290
15019802
15015195
15015707
15016219
15016731
15017243
15017755
15018267
15018779
15019291
15019803
15015196
15015708
15016220
15016732
15017244
15017756
15018268
15018780
15019292
15019804
15015197
15015709
15016221
15016733
15017245
15017757
15018269
15018781
15019293
15019805
15015198
15015710
15016222
15016734
15017246
15017758
15018270
15018782
15019294
15019806
15015199
15015711
15016223
15016735
15017247
15017759
15018271
15018783
15019295
15019807
14487354
14487866
14488378
14488890
14489402
14489914
14490426
14490938
14491450
14491962
14487355
14487867
14488379
14488891
14489403
14489915
14490427
14490939
14491451
14491963
14487356
14487868
14488380
14488892
14489404
14489916
14490428
14490940
14491452
14491964
14487357
14487869
14488381
14488893
14489405
14489917
14490429
14490941
14491453
14491965
14487358
14487870
14488382
14488894
14489406
14489918
14490430
14490942
14491454
14491966
14487359
14487871
14488383
14488895
14489407
14489919
14490431
14490943
14491455
14491967
14487360
14487872
14488384
14488896
14489408
14489920
14490432
14490944
14491456
14491968
14487361
14487873
14488385
14488897
14489409
14489921
14490433
14490945
14491457
14491969
14487362
14487874
14488386
14488898
14489410
14489922
14490434
14490946
14491458
14491970
14487363
14487875
14488387
14488899
14489411
14489923
14490435
14490947
14491459
14491971
14771006
14771518
14772030
14772542
14773054
14773566
14774078
14774590
14775102
14775614
14771007
14771519
14772031
14772543
14773055
14773567
14774079
14774591
14775103
14775615
14771008
14771520
14772032
14772544
14773056
14773568
14774080
14774592
14775104
14775616
14771009
14771521
14772033
14772545
14773057
14773569
14774081
14774593
14775105
14775617
14771010
14771522
14772034
14772546
14773058
14773570
14774082
14774594
14775106
14775618
14771011
14771523
14772035
14772547
14773059
14773571
14774083
14774595
14775107
14775619
14771012
14771524
14772036
14772548
14773060
14773572
14774084
14774596
14775108
14775620
14771013
14771525
14772037
14772549
14773061
14773573
14774085
14774597
14775109
14775621
14771014
14771526
14772038
14772550
14773062
14773574
14774086
14774598
14775110
14775622
14771015
14771527
14772039
14772551
14773063
14773575
14774087
14774599
14775111
14775623
16328966
16329478
16329990
16330502
16331014
16331526
16332038
16332550
16333062
16333574
16328967
16329479
16329991
16330503
16331015
16331527
16332039
16332551
16333063
16333575
16328968
16329480
16329992
16330504
16331016
16331528
16332040
16332552
16333064
16333576
16328969
16329481
16329993
16330505
16331017
16331529
16332041
16332553
16333065
16333577
16328970
16329482
16329994
16330506
16331018
16331530
16332042
16332554
16333066
16333578
16328971
16329483
16329995
16330507
16331019
16331531
16332043
16332555
16333067
16333579
16328972
16329484
16329996
16330508
16331020
16331532
16332044
16332556
16333068
16333580
16328973
16329485
16329997
16330509
16331021
16331533
16332045
16332557
16333069
16333581
16328974
16329486
16329998
16330510
16331022
16331534
16332046
16332558
16333070
16333582
16328975
16329487
16329999
16330511
16331023
16331535
16332047
16332559
16333071
16333583
11881784
11882296
11882808
11883320
11883832
11884344
11884856
11885368
11885880
11886392
11881785
11882297
11882809
11883321
11883833
11884345
11884857
11885369
11885881
11886393
11881786
11882298
11882810
11883322
11883834
11884346
11884858
11885370
11885882
11886394
11881787
11882299
11882811
11883323
11883835
11884347
11884859
11885371
11885883
11886395
11881788
11882300
11882812
11883324
11883836
11884348
11884860
11885372
11885884
11886396
11881789
11882301
11882813
11883325
11883837
11884349
11884861
11885373
11885885
11886397
11881790
11882302
11882814
11883326
11883838
11884350
11884862
11885374
11885886
11886398
11881791
11882303
11882815
11883327
11883839
11884351
11884863
11885375
11885887
11886399
11881792
11882304
11882816
11883328
11883840
11884352
11884864
11885376
11885888
11886400
11881793
11882305
11882817
11883329
11883841
11884353
11884865
11885377
11885889
11886401
11609407
11609919
11610431
11610943
11611455
11611967
11612479
11612991
11613503
11614015
11609408
11609920
11610432
11610944
11611456
11611968
11612480
11612992
11613504
11614016
11609409
11609921
11610433
11610945
11611457
11611969
11612481
11612993
11613505
11614017
11609410
11609922
11610434
11610946
11611458
11611970
11612482
11612994
11613506
11614018
11609411
11609923
11610435
11610947
11611459
11611971
11612483
11612995
11613507
11614019
11609412
11609924
11610436
11610948
11611460
11611972
11612484
11612996
11613508
11614020
11609413
11609925
11610437
11610949
11611461
11611973
11612485
11612997
11613509
11614021
11609414
11609926
11610438
11610950
11611462
11611974
11612486
11612998
11613510
11614022
11609415
11609927
11610439
11610951
11611463
11611975
11612487
11612999
11613511
11614023
11609416
11609928
11610440
11610952
11611464
11611976
11612488
11613000
11613512
11614024
13998245
13998757
13999269
13999781
14000293
14000805
14001317
14001829
14002341
14002853
13998246
13998758
13999270
13999782
14000294
14000806
14001318
14001830
14002342
14002854
13998247
13998759
13999271
13999783
14000295
14000807
14001319
14001831
14002343
14002855
13998248
13998760
13999272
13999784
14000296
14000808
14001320
14001832
14002344
14002856
13998249
13998761
13999273
13999785
14000297
14000809
14001321
14001833
14002345
14002857
13998250
13998762
13999274
13999786
14000298
14000810
14001322
14001834
14002346
14002858
13998251
13998763
13999275
13999787
14000299
14000811
14001323
14001835
14002347
14002859
13998252
13998764
13999276
13999788
14000300
14000812
14001324
14001836
14002348
14002860
13998253
13998765
13999277
13999789
14000301
14000813
14001325
14001837
14002349
14002861
13998254
13998766
13999278
13999790
14000302
14000814
14001326
14001838
14002350
14002862
14815957
14816469
14816981
14817493
14818005
14818517
14819029
14819541
14820053
14820565
14815958
14816470
14816982
14817494
14818006
14818518
14819030
14819542
14820054
14820566
14815959
14816471
14816983
14817495
14818007
14818519
14819031
14819543
14820055
14820567
14815960
14816472
14816984
14817496
14818008
14818520
14819032
14819544
14820056
14820568
14815961
14816473
14816985
14817497
14818009
14818521
14819033
14819545
14820057
14820569
14815962
14816474
14816986
14817498
14818010
14818522
14819034
14819546
14820058
14820570
14815963
14816475
14816987
14817499
14818011
14818523
14819035
14819547
14820059
14820571
14815964
14816476
14816988
14817500
14818012
14818524
14819036
14819548
14820060
14820572
14815965
14816477
14816989
14817501
14818013
14818525
14819037
14819549
14820061
14820573
14815966
14816478
14816990
14817502
14818014
14818526
14819038
14819550
14820062
14820574
13960486
13960998
13961510
13962022
13962534
13963046
13963558
13964070
13964582
13965094
13960487
13960999
13961511
13962023
13962535
13963047
13963559
13964071
13964583
13965095
13960488
13961000
13961512
13962024
13962536
13963048
13963560
13964072
13964584
13965096
13960489
13961001
13961513
13962025
13962537
13963049
13963561
13964073
13964585
13965097
13960490
13961002
13961514
13962026
13962538
13963050
13963562
13964074
13964586
13965098
13960491
13961003
13961515
13962027
13962539
13963051
13963563
13964075
13964587
13965099
13960492
13961004
13961516
13962028
13962540
13963052
13963564
13964076
13964588
13965100
13960493
13961005
13961517
13962029
13962541
13963053
13963565
13964077
13964589
13965101
13960494
13961006
13961518
13962030
13962542
13963054
13963566
13964078
13964590
13965102
13960495
13961007
13961519
13962031
13962543
13963055
13963567
13964079
13964591
13965103
16056038
16056550
16057062
16057574
16058086
16058598
16059110
16059622
16060134
16060646
16056039
16056551
16057063
16057575
16058087
16058599
16059111
16059623
16060135
16060647
16056040
16056552
16057064
16057576
16058088
16058600
16059112
16059624
16060136
16060648
16056041
16056553
16057065
16057577
16058089
16058601
16059113
16059625
16060137
16060649
16056042
16056554
16057066
16057578
16058090
16058602
16059114
16059626
16060138
16060650
16056043
16056555
16057067
16057579
16058091
16058603
16059115
16059627
16060139
16060651
16056044
16056556
16057068
16057580
16058092
16058604
16059116
16059628
16060140
16060652
16056045
16056557
16057069
16057581
16058093
16058605
16059117
16059629
16060141
16060653
16056046
16056558
16057070
16057582
16058094
16058606
16059118
16059630
16060142
16060654
16056047
16056559
16057071
16057583
16058095
16058607
16059119
16059631
16060143
16060655
12143830
12144342
12144854
12145366
12145878
12146390
12146902
12147414
12147926
12148438
12143831
12144343
12144855
12145367
12145879
12146391
12146903
12147415
12147927
12148439
12143832
12144344
12144856
12145368
12145880
12146392
12146904
12147416
12147928
12148440
12143833
12144345
12144857
12145369
12145881
12146393
12146905
12147417
12147929
12148441
12143834
12144346
12144858
12145370
12145882
12146394
12146906
12147418
12147930
12148442
12143835
12144347
12144859
12145371
12145883
12146395
12146907
12147419
12147931
12148443
12143836
12144348
12144860
12145372
12145884
12146396
12146908
12147420
12147932
12148444
12143837
12144349
12144861
12145373
12145885
12146397
12146909
12147421
12147933
12148445
12143838
12144350
12144862
12145374
12145886
12146398
12146910
12147422
12147934
12148446
12143839
12144351
12144863
12145375
12145887
12146399
12146911
12147423
12147935
12148447
12385552
12386064
12386576
12387088
12387600
12388112
12388624
12389136
12389648
12390160
12385553
12386065
12386577
12387089
12387601
12388113
12388625
12389137
12389649
12390161
12385554
12386066
12386578
12387090
12387602
12388114
12388626
12389138
12389650
12390162
12385555
12386067
12386579
12387091
12387603
12388115
12388627
12389139
12389651
12390163
12385556
12386068
12386580
12387092
12387604
12388116
12388628
12389140
12389652
12390164
12385557
12386069
12386581
12387093
12387605
12388117
12388629
12389141
12389653
12390165
12385558
12386070
12386582
12387094
12387606
12388118
12388630
12389142
12389654
12390166
12385559
12386071
12386583
12387095
12387607
12388119
12388631
12389143
12389655
12390167
12385560
12386072
12386584
12387096
12387608
12388120
12388632
12389144
12389656
12390168
12385561
12386073
12386585
12387097
12387609
12388121
12388633
12389145
12389657
12390169
15292733
15293245
15293757
15294269
15294781
15295293
15295805
15296317
15296829
15297341
15292734
15293246
15293758
15294270
15294782
15295294
15295806
15296318
15296830
15297342
15292735
15293247
15293759
15294271
15294783
15295295
15295807
15296319
15296831
15297343
15292736
15293248
15293760
15294272
15294784
15295296
15295808
15296320
15296832
15297344
15292737
15293249
15293761
15294273
15294785
15295297
15295809
15296321
15296833
15297345
15292738
15293250
15293762
15294274
15294786
15295298
15295810
15296322
15296834
15297346
15292739
15293251
15293763
15294275
15294787
15295299
15295811
15296323
15296835
15297347
15292740
15293252
15293764
15294276
15294788
15295300
15295812
15296324
15296836
15297348
15292741
15293253
15293765
15294277
15294789
15295301
15295813
15296325
15296837
15297349
15292742
15293254
15293766
15294278
15294790
15295302
15295814
15296326
15296838
15297350
13442776
13443288
13443800
13444312
13444824
13445336
13445848
13446360
13446872
13447384
13442777
13443289
13443801
13444313
13444825
13445337
13445849
13446361
13446873
13447385
13442778
13443290
13443802
13444314
13444826
13445338
13445850
13446362
13446874
13447386
13442779
13443291
13443803
13444315
13444827
13445339
13445851
13446363
13446875
13447387
13442780
13443292
13443804
13444316
13444828
13445340
13445852
13446364
13446876
13447388
13442781
13443293
13443805
13444317
13444829
13445341
13445853
13446365
13446877
13447389
13442782
13443294
13443806
13444318
13444830
13445342
13445854
13446366
13446878
13447390
13442783
13443295
13443807
13444319
13444831
13445343
13445855
13446367
13446879
13447391
13442784
13443296
13443808
13444320
13444832
13445344
13445856
13446368
13446880
13447392
13442785
13443297
13443809
13444321
13444833
13445345
13445857
13446369
13446881
13447393
12949290
12949802
12950314
12950826
12951338
12951850
12952362
12952874
12953386
12953898
12949291
12949803
12950315
12950827
12951339
12951851
12952363
12952875
12953387
12953899
12949292
12949804
12950316
12950828
12951340
12951852
12952364
12952876
12953388
12953900
12949293
12949805
12950317
12950829
12951341
12951853
12952365
12952877
12953389
12953901
12949294
12949806
12950318
12950830
12951342
12951854
12952366
12952878
12953390
12953902
12949295
12949807
12950319
12950831
12951343
12951855
12952367
12952879
12953391
12953903
12949296
12949808
12950320
12950832
12951344
12951856
12952368
12952880
12953392
12953904
12949297
12949809
12950321
12950833
12951345
12951857
12952369
12952881
12953393
12953905
12949298
12949810
12950322
12950834
12951346
12951858
12952370
12952882
12953394
12953906
12949299
12949811
12950323
12950835
12951347
12951859
12952371
12952883
12953395
12953907
11916991
11917503
11918015
11918527
11919039
11919551
11920063
11920575
11921087
11921599
11916992
11917504
11918016
11918528
11919040
11919552
11920064
11920576
11921088
11921600
11916993
11917505
11918017
11918529
11919041
11919553
11920065
11920577
11921089
11921601
11916994
11917506
11918018
11918530
11919042
11919554
11920066
11920578
11921090
11921602
11916995
11917507
11918019
11918531
11919043
11919555
11920067
11920579
11921091
11921603
11916996
11917508
11918020
11918532
11919044
11919556
11920068
11920580
11921092
11921604
11916997
11917509
11918021
11918533
11919045
11919557
11920069
11920581
11921093
11921605
11916998
11917510
11918022
11918534
11919046
11919558
11920070
11920582
11921094
11921606
11916999
11917511
11918023
11918535
11919047
11919559
11920071
11920583
11921095
11921607
11917000
11917512
11918024
11918536
11919048
11919560
11920072
11920584
11921096
11921608
15039275
15039787
15040299
15040811
15041323
15041835
15042347
15042859
15043371
15043883
15039276
15039788
15040300
15040812
15041324
15041836
15042348
15042860
15043372
15043884
15039277
15039789
15040301
15040813
15041325
15041837
15042349
15042861
15043373
15043885
15039278
15039790
15040302
15040814
15041326
15041838
15042350
15042862
15043374
15043886
15039279
15039791
15040303
15040815
15041327
15041839
15042351
15042863
15043375
15043887
15039280
15039792
15040304
15040816
15041328
15041840
15042352
15042864
15043376
15043888
15039281
15039793
15040305
15040817
15041329
15041841
15042353
15042865
15043377
15043889
15039282
15039794
15040306
15040818
15041330
15041842
15042354
15042866
15043378
15043890
15039283
15039795
15040307
15040819
15041331
15041843
15042355
15042867
15043379
15043891
15039284
15039796
15040308
15040820
15041332
15041844
15042356
15042868
15043380
15043892
16895656
16896168
16896680
16897192
16897704
16898216
16898728
16899240
16899752
16900264
16895657
16896169
16896681
16897193
16897705
16898217
16898729
16899241
16899753
16900265
16895658
16896170
16896682
16897194
16897706
16898218
16898730
16899242
16899754
16900266
16895659
16896171
16896683
16897195
16897707
16898219
16898731
16899243
16899755
16900267
16895660
16896172
16896684
16897196
16897708
16898220
16898732
16899244
16899756
16900268
16895661
16896173
16896685
16897197
16897709
16898221
16898733
16899245
16899757
16900269
16895662
16896174
16896686
16897198
16897710
16898222
16898734
16899246
16899758
16900270
16895663
16896175
16896687
16897199
16897711
16898223
16898735
16899247
16899759
16900271
16895664
16896176
16896688
16897200
16897712
16898224
16898736
16899248
16899760
16900272
16895665
16896177
16896689
16897201
16897713
16898225
16898737
16899249
16899761
16900273
16878358
16878870
16879382
16879894
16880406
16880918
16881430
16881942
16882454
16882966
16878359
16878871
16879383
16879895
16880407
16880919
16881431
16881943
16882455
16882967
16878360
16878872
16879384
16879896
16880408
16880920
16881432
16881944
16882456
16882968
16878361
16878873
16879385
16879897
16880409
16880921
16881433
16881945
16882457
16882969
16878362
16878874
16879386
16879898
16880410
16880922
16881434
16881946
16882458
16882970
16878363
16878875
16879387
16879899
16880411
16880923
16881435
16881947
16882459
16882971
16878364
16878876
16879388
16879900
16880412
16880924
16881436
16881948
16882460
16882972
16878365
16878877
16879389
16879901
16880413
16880925
16881437
16881949
16882461
16882973
16878366
16878878
16879390
16879902
16880414
16880926
16881438
16881950
16882462
16882974
16878367
16878879
16879391
16879903
16880415
16880927
16881439
16881951
16882463
16882975
16918729
16919241
16919753
16920265
16920777
16921289
16921801
16922313
16922825
16923337
16918730
16919242
16919754
16920266
16920778
16921290
16921802
16922314
16922826
16923338
16918731
16919243
16919755
16920267
16920779
16921291
16921803
16922315
16922827
16923339
16918732
16919244
16919756
16920268
16920780
16921292
16921804
16922316
16922828
16923340
16918733
16919245
16919757
16920269
16920781
16921293
16921805
16922317
16922829
16923341
16918734
16919246
16919758
16920270
16920782
16921294
16921806
16922318
16922830
16923342
16918735
16919247
16919759
16920271
16920783
16921295
16921807
16922319
16922831
16923343
16918736
16919248
16919760
16920272
16920784
16921296
16921808
16922320
16922832
16923344
16918737
16919249
16919761
16920273
16920785
16921297
16921809
16922321
16922833
16923345
16918738
16919250
16919762
16920274
16920786
16921298
16921810
16922322
16922834
16923346
