10295548
10296060
10296572
10297084
10297596
10298108
10298620
10299132
10299644
10300156
10295549
10296061
10296573
10297085
10297597
10298109
10298621
10299133
10299645
10300157
10295550
10296062
10296574
10297086
10297598
10298110
10298622
10299134
10299646
10300158
10295551
10296063
10296575
10297087
10297599
10298111
10298623
10299135
10299647
10300159
10295552
10296064
10296576
10297088
10297600
10298112
10298624
10299136
10299648
10300160
10295553
10296065
10296577
10297089
10297601
10298113
10298625
10299137
10299649
10300161
10295554
10296066
10296578
10297090
10297602
10298114
10298626
10299138
10299650
10300162
10295555
10296067
10296579
10297091
10297603
10298115
10298627
10299139
10299651
10300163
10295556
10296068
10296580
10297092
10297604
10298116
10298628
10299140
10299652
10300164
10295557
10296069
10296581
10297093
10297605
10298117
10298629
10299141
10299653
10300165
15036122
15036634
15037146
15037658
15038170
15038682
15039194
15039706
15040218
15040730
15036123
15036635
15037147
15037659
15038171
15038683
15039195
15039707
15040219
15040731
15036124
15036636
15037148
15037660
15038172
15038684
15039196
15039708
15040220
15040732
15036125
15036637
15037149
15037661
15038173
15038685
15039197
15039709
15040221
15040733
15036126
15036638
15037150
15037662
15038174
15038686
15039198
15039710
15040222
15040734
15036127
15036639
15037151
15037663
15038175
15038687
15039199
15039711
15040223
15040735
15036128
15036640
15037152
15037664
15038176
15038688
15039200
15039712
15040224
15040736
15036129
15036641
15037153
15037665
15038177
15038689
15039201
15039713
15040225
15040737
15036130
15036642
15037154
15037666
15038178
15038690
15039202
15039714
15040226
15040738
15036131
15036643
15037155
15037667
15038179
15038691
15039203
15039715
15040227
15040739
16626879
16627391
16627903
16628415
16628927
16629439
16629951
16630463
16630975
16631487
16626880
16627392
16627904
16628416
16628928
16629440
16629952
16630464
16630976
16631488
16626881
16627393
16627905
16628417
16628929
16629441
16629953
16630465
16630977
16631489
16626882
16627394
16627906
16628418
16628930
16629442
16629954
16630466
16630978
16631490
16626883
16627395
16627907
16628419
16628931
16629443
16629955
16630467
16630979
16631491
16626884
16627396
16627908
16628420
16628932
16629444
16629956
16630468
16630980
16631492
16626885
16627397
16627909
16628421
16628933
16629445
16629957
16630469
16630981
16631493
16626886
16627398
16627910
16628422
16628934
16629446
16629958
16630470
16630982
16631494
16626887
16627399
16627911
16628423
16628935
16629447
16629959
16630471
16630983
16631495
16626888
16627400
16627912
16628424
16628936
16629448
16629960
16630472
16630984
16631496
11870451
11870963
11871475
11871987
11872499
11873011
11873523
11874035
11874547
11875059
11870452
11870964
11871476
11871988
11872500
11873012
11873524
11874036
11874548
11875060
11870453
11870965
11871477
11871989
11872501
11873013
11873525
11874037
11874549
11875061
11870454
11870966
11871478
11871990
11872502
11873014
11873526
11874038
11874550
11875062
11870455
11870967
11871479
11871991
11872503
11873015
11873527
11874039
11874551
11875063
11870456
11870968
11871480
11871992
11872504
11873016
11873528
11874040
11874552
11875064
11870457
11870969
11871481
11871993
11872505
11873017
11873529
11874041
11874553
11875065
11870458
11870970
11871482
11871994
11872506
11873018
11873530
11874042
11874554
11875066
11870459
11870971
11871483
11871995
11872507
11873019
11873531
11874043
11874555
11875067
11870460
11870972
11871484
11871996
11872508
11873020
11873532
11874044
11874556
11875068
16621793
16622305
16622817
16623329
16623841
16624353
16624865
16625377
16625889
16626401
16621794
16622306
16622818
16623330
16623842
16624354
16624866
16625378
16625890
16626402
16621795
16622307
16622819
16623331
16623843
16624355
16624867
16625379
16625891
16626403
16621796
16622308
16622820
16623332
16623844
16624356
16624868
16625380
16625892
16626404
16621797
16622309
16622821
16623333
16623845
16624357
16624869
16625381
16625893
16626405
16621798
16622310
16622822
16623334
16623846
16624358
16624870
16625382
16625894
16626406
16621799
16622311
16622823
16623335
16623847
16624359
16624871
16625383
16625895
16626407
16621800
16622312
16622824
16623336
16623848
16624360
16624872
16625384
16625896
16626408
16621801
16622313
16622825
16623337
16623849
16624361
16624873
16625385
16625897
16626409
16621802
16622314
16622826
16623338
16623850
16624362
16624874
16625386
16625898
16626410
12140869
12141381
12141893
12142405
12142917
12143429
12143941
12144453
12144965
12145477
12140870
12141382
12141894
12142406
12142918
12143430
12143942
12144454
12144966
12145478
12140871
12141383
12141895
12142407
12142919
12143431
12143943
12144455
12144967
12145479
12140872
12141384
12141896
12142408
12142920
12143432
12143944
12144456
12144968
12145480
12140873
12141385
12141897
12142409
12142921
12143433
12143945
12144457
12144969
12145481
12140874
12141386
12141898
12142410
12142922
12143434
12143946
12144458
12144970
12145482
12140875
12141387
12141899
12142411
12142923
12143435
12143947
12144459
12144971
12145483
12140876
12141388
12141900
12142412
12142924
12143436
12143948
12144460
12144972
12145484
12140877
12141389
12141901
12142413
12142925
12143437
12143949
12144461
12144973
12145485
12140878
12141390
12141902
12142414
12142926
12143438
12143950
12144462
12144974
12145486
10819306
10819818
10820330
10820842
10821354
10821866
10822378
10822890
10823402
10823914
10819307
10819819
10820331
10820843
10821355
10821867
10822379
10822891
10823403
10823915
10819308
10819820
10820332
10820844
10821356
10821868
10822380
10822892
10823404
10823916
10819309
10819821
10820333
10820845
10821357
10821869
10822381
10822893
10823405
10823917
10819310
10819822
10820334
10820846
10821358
10821870
10822382
10822894
10823406
10823918
10819311
10819823
10820335
10820847
10821359
10821871
10822383
10822895
10823407
10823919
10819312
10819824
10820336
10820848
10821360
10821872
10822384
10822896
10823408
10823920
10819313
10819825
10820337
10820849
10821361
10821873
10822385
10822897
10823409
10823921
10819314
10819826
10820338
10820850
10821362
10821874
10822386
10822898
10823410
10823922
10819315
10819827
10820339
10820851
10821363
10821875
10822387
10822899
10823411
10823923
12132638
12133150
12133662
12134174
12134686
12135198
12135710
12136222
12136734
12137246
12132639
12133151
12133663
12134175
12134687
12135199
12135711
12136223
12136735
12137247
12132640
12133152
12133664
12134176
12134688
12135200
12135712
12136224
12136736
12137248
12132641
12133153
12133665
12134177
12134689
12135201
12135713
12136225
12136737
12137249
12132642
12133154
12133666
12134178
12134690
12135202
12135714
12136226
12136738
12137250
12132643
12133155
12133667
12134179
12134691
12135203
12135715
12136227
12136739
12137251
12132644
12133156
12133668
12134180
12134692
12135204
12135716
12136228
12136740
12137252
12132645
12133157
12133669
12134181
12134693
12135205
12135717
12136229
12136741
12137253
12132646
12133158
12133670
12134182
12134694
12135206
12135718
12136230
12136742
12137254
12132647
12133159
12133671
12134183
12134695
12135207
12135719
12136231
12136743
12137255
14494906
14495418
14495930
14496442
14496954
14497466
14497978
14498490
14499002
14499514
14494907
14495419
14495931
14496443
14496955
14497467
14497979
14498491
14499003
14499515
14494908
14495420
14495932
14496444
14496956
14497468
14497980
14498492
14499004
14499516
14494909
14495421
14495933
14496445
14496957
14497469
14497981
14498493
14499005
14499517
14494910
14495422
14495934
14496446
14496958
14497470
14497982
14498494
14499006
14499518
14494911
14495423
14495935
14496447
14496959
14497471
14497983
14498495
14499007
14499519
14494912
14495424
14495936
14496448
14496960
14497472
14497984
14498496
14499008
14499520
14494913
14495425
14495937
14496449
14496961
14497473
14497985
14498497
14499009
14499521
14494914
14495426
14495938
14496450
14496962
14497474
14497986
14498498
14499010
14499522
14494915
14495427
14495939
14496451
14496963
14497475
14497987
14498499
14499011
14499523
12916540
12917052
12917564
12918076
12918588
12919100
12919612
12920124
12920636
12921148
12916541
12917053
12917565
12918077
12918589
12919101
12919613
12920125
12920637
12921149
12916542
12917054
12917566
12918078
12918590
12919102
12919614
12920126
12920638
12921150
12916543
12917055
12917567
12918079
12918591
12919103
12919615
12920127
12920639
12921151
12916544
12917056
12917568
12918080
12918592
12919104
12919616
12920128
12920640
12921152
12916545
12917057
12917569
12918081
12918593
12919105
12919617
12920129
12920641
12921153
12916546
12917058
12917570
12918082
12918594
12919106
12919618
12920130
12920642
12921154
12916547
12917059
12917571
12918083
12918595
12919107
12919619
12920131
12920643
12921155
12916548
12917060
12917572
12918084
12918596
12919108
12919620
12920132
12920644
12921156
12916549
12917061
12917573
12918085
12918597
12919109
12919621
12920133
12920645
12921157
12913393
12913905
12914417
12914929
12915441
12915953
12916465
12916977
12917489
12918001
12913394
12913906
12914418
12914930
12915442
12915954
12916466
12916978
12917490
12918002
12913395
12913907
12914419
12914931
12915443
12915955
12916467
12916979
12917491
12918003
12913396
12913908
12914420
12914932
12915444
12915956
12916468
12916980
12917492
12918004
12913397
12913909
12914421
12914933
12915445
12915957
12916469
12916981
12917493
12918005
12913398
12913910
12914422
12914934
12915446
12915958
12916470
12916982
12917494
12918006
12913399
12913911
12914423
12914935
12915447
12915959
12916471
12916983
12917495
12918007
12913400
12913912
12914424
12914936
12915448
12915960
12916472
12916984
12917496
12918008
12913401
12913913
12914425
12914937
12915449
12915961
12916473
12916985
12917497
12918009
12913402
12913914
12914426
12914938
12915450
12915962
12916474
12916986
12917498
12918010
16649923
16650435
16650947
16651459
16651971
16652483
16652995
16653507
16654019
16654531
16649924
16650436
16650948
16651460
16651972
16652484
16652996
16653508
16654020
16654532
16649925
16650437
16650949
16651461
16651973
16652485
16652997
16653509
16654021
16654533
16649926
16650438
16650950
16651462
16651974
16652486
16652998
16653510
16654022
16654534
16649927
16650439
16650951
16651463
16651975
16652487
16652999
16653511
16654023
16654535
16649928
16650440
16650952
16651464
16651976
16652488
16653000
16653512
16654024
16654536
16649929
16650441
16650953
16651465
16651977
16652489
16653001
16653513
16654025
16654537
16649930
16650442
16650954
16651466
16651978
16652490
16653002
16653514
16654026
16654538
16649931
16650443
16650955
16651467
16651979
16652491
16653003
16653515
16654027
16654539
16649932
16650444
16650956
16651468
16651980
16652492
16653004
16653516
16654028
16654540
13186889
13187401
13187913
13188425
13188937
13189449
13189961
13190473
13190985
13191497
13186890
13187402
13187914
13188426
13188938
13189450
13189962
13190474
13190986
13191498
13186891
13187403
13187915
13188427
13188939
13189451
13189963
13190475
13190987
13191499
13186892
13187404
13187916
13188428
13188940
13189452
13189964
13190476
13190988
13191500
13186893
13187405
13187917
13188429
13188941
13189453
13189965
13190477
13190989
13191501
13186894
13187406
13187918
13188430
13188942
13189454
13189966
13190478
13190990
13191502
13186895
13187407
13187919
13188431
13188943
13189455
13189967
13190479
13190991
13191503
13186896
13187408
13187920
13188432
13188944
13189456
13189968
13190480
13190992
13191504
13186897
13187409
13187921
13188433
13188945
13189457
13189969
13190481
13190993
13191505
13186898
13187410
13187922
13188434
13188946
13189458
13189970
13190482
13190994
13191506
16111277
16111789
16112301
16112813
16113325
16113837
16114349
16114861
16115373
16115885
16111278
16111790
16112302
16112814
16113326
16113838
16114350
16114862
16115374
16115886
16111279
16111791
16112303
16112815
16113327
16113839
16114351
16114863
16115375
16115887
16111280
16111792
16112304
16112816
16113328
16113840
16114352
16114864
16115376
16115888
16111281
16111793
16112305
16112817
16113329
16113841
16114353
16114865
16115377
16115889
16111282
16111794
16112306
16112818
16113330
16113842
16114354
16114866
16115378
16115890
16111283
16111795
16112307
16112819
16113331
16113843
16114355
16114867
16115379
16115891
16111284
16111796
16112308
16112820
16113332
16113844
16114356
16114868
16115380
16115892
16111285
16111797
16112309
16112821
16113333
16113845
16114357
16114869
16115381
16115893
16111286
16111798
16112310
16112822
16113334
16113846
16114358
16114870
16115382
16115894
12403438
12403950
12404462
12404974
12405486
12405998
12406510
12407022
12407534
12408046
12403439
12403951
12404463
12404975
12405487
12405999
12406511
12407023
12407535
12408047
12403440
12403952
12404464
12404976
12405488
12406000
12406512
12407024
12407536
12408048
12403441
12403953
12404465
12404977
12405489
12406001
12406513
12407025
12407537
12408049
12403442
12403954
12404466
12404978
12405490
12406002
12406514
12407026
12407538
12408050
12403443
12403955
12404467
12404979
12405491
12406003
12406515
12407027
12407539
12408051
12403444
12403956
12404468
12404980
12405492
12406004
12406516
12407028
12407540
12408052
12403445
12403957
12404469
12404981
12405493
12406005
12406517
12407029
12407541
12408053
12403446
12403958
12404470
12404982
12405494
12406006
12406518
12407030
12407542
12408054
12403447
12403959
12404471
12404983
12405495
12406007
12406519
12407031
12407543
12408055
14020315
14020827
14021339
14021851
14022363
14022875
14023387
14023899
14024411
14024923
14020316
14020828
14021340
14021852
14022364
14022876
14023388
14023900
14024412
14024924
14020317
14020829
14021341
14021853
14022365
14022877
14023389
14023901
14024413
14024925
14020318
14020830
14021342
14021854
14022366
14022878
14023390
14023902
14024414
14024926
14020319
14020831
14021343
14021855
14022367
14022879
14023391
14023903
14024415
14024927
14020320
14020832
14021344
14021856
14022368
14022880
14023392
14023904
14024416
14024928
14020321
14020833
14021345
14021857
14022369
14022881
14023393
14023905
14024417
14024929
14020322
14020834
14021346
14021858
14022370
14022882
14023394
14023906
14024418
14024930
14020323
14020835
14021347
14021859
14022371
14022883
14023395
14023907
14024419
14024931
14020324
14020836
14021348
14021860
14022372
14022884
14023396
14023908
14024420
14024932
15273222
15273734
15274246
15274758
15275270
15275782
15276294
15276806
15277318
15277830
15273223
15273735
15274247
15274759
15275271
15275783
15276295
15276807
15277319
15277831
15273224
15273736
15274248
15274760
15275272
15275784
15276296
15276808
15277320
15277832
15273225
15273737
15274249
15274761
15275273
15275785
15276297
15276809
15277321
15277833
15273226
15273738
15274250
15274762
15275274
15275786
15276298
15276810
15277322
15277834
15273227
15273739
15274251
15274763
15275275
15275787
15276299
15276811
15277323
15277835
15273228
15273740
15274252
15274764
15275276
15275788
15276300
15276812
15277324
15277836
15273229
15273741
15274253
15274765
15275277
15275789
15276301
15276813
15277325
15277837
15273230
15273742
15274254
15274766
15275278
15275790
15276302
15276814
15277326
15277838
15273231
15273743
15274255
15274767
15275279
15275791
15276303
15276815
15277327
15277839
14835869
14836381
14836893
14837405
14837917
14838429
14838941
14839453
14839965
14840477
14835870
14836382
14836894
14837406
14837918
14838430
14838942
14839454
14839966
14840478
14835871
14836383
14836895
14837407
14837919
14838431
14838943
14839455
14839967
14840479
14835872
14836384
14836896
14837408
14837920
14838432
14838944
14839456
14839968
14840480
14835873
14836385
14836897
14837409
14837921
14838433
14838945
14839457
14839969
14840481
14835874
14836386
14836898
14837410
14837922
14838434
14838946
14839458
14839970
14840482
14835875
14836387
14836899
14837411
14837923
14838435
14838947
14839459
14839971
14840483
14835876
14836388
14836900
14837412
14837924
14838436
14838948
14839460
14839972
14840484
14835877
14836389
14836901
14837413
14837925
14838437
14838949
14839461
14839973
14840485
14835878
14836390
14836902
14837414
14837926
14838438
14838950
14839462
14839974
14840486
15266612
15267124
15267636
15268148
15268660
15269172
15269684
15270196
15270708
15271220
15266613
15267125
15267637
15268149
15268661
15269173
15269685
15270197
15270709
15271221
15266614
15267126
15267638
15268150
15268662
15269174
15269686
15270198
15270710
15271222
15266615
15267127
15267639
15268151
15268663
15269175
15269687
15270199
15270711
15271223
15266616
15267128
15267640
15268152
15268664
15269176
15269688
15270200
15270712
15271224
15266617
15267129
15267641
15268153
15268665
15269177
15269689
15270201
15270713
15271225
15266618
15267130
15267642
15268154
15268666
15269178
15269690
15270202
15270714
15271226
15266619
15267131
15267643
15268155
15268667
15269179
15269691
15270203
15270715
15271227
15266620
15267132
15267644
15268156
15268668
15269180
15269692
15270204
15270716
15271228
15266621
15267133
15267645
15268157
15268669
15269181
15269693
15270205
15270717
15271229
12664024
12664536
12665048
12665560
12666072
12666584
12667096
12667608
12668120
12668632
12664025
12664537
12665049
12665561
12666073
12666585
12667097
12667609
12668121
12668633
12664026
12664538
12665050
12665562
12666074
12666586
12667098
12667610
12668122
12668634
12664027
12664539
12665051
12665563
12666075
12666587
12667099
12667611
12668123
12668635
12664028
12664540
12665052
12665564
12666076
12666588
12667100
12667612
12668124
12668636
12664029
12664541
12665053
12665565
12666077
12666589
12667101
12667613
12668125
12668637
12664030
12664542
12665054
12665566
12666078
12666590
12667102
12667614
12668126
12668638
12664031
12664543
12665055
12665567
12666079
12666591
12667103
12667615
12668127
12668639
12664032
12664544
12665056
12665568
12666080
12666592
12667104
12667616
12668128
12668640
12664033
12664545
12665057
12665569
12666081
12666593
12667105
12667617
12668129
12668641
11874085
11874597
11875109
11875621
11876133
11876645
11877157
11877669
11878181
11878693
11874086
11874598
11875110
11875622
11876134
11876646
11877158
11877670
11878182
11878694
11874087
11874599
11875111
11875623
11876135
11876647
11877159
11877671
11878183
11878695
11874088
11874600
11875112
11875624
11876136
11876648
11877160
11877672
11878184
11878696
11874089
11874601
11875113
11875625
11876137
11876649
11877161
11877673
11878185
11878697
11874090
11874602
11875114
11875626
11876138
11876650
11877162
11877674
11878186
11878698
11874091
11874603
11875115
11875627
11876139
11876651
11877163
11877675
11878187
11878699
11874092
11874604
11875116
11875628
11876140
11876652
11877164
11877676
11878188
11878700
11874093
11874605
11875117
11875629
11876141
11876653
11877165
11877677
11878189
11878701
11874094
11874606
11875118
11875630
11876142
11876654
11877166
11877678
11878190
11878702
15618757
15619269
15619781
15620293
15620805
15621317
15621829
15622341
15622853
15623365
15618758
15619270
15619782
15620294
15620806
15621318
15621830
15622342
15622854
15623366
15618759
15619271
15619783
15620295
15620807
15621319
15621831
15622343
15622855
15623367
15618760
15619272
15619784
15620296
15620808
15621320
15621832
15622344
15622856
15623368
15618761
15619273
15619785
15620297
15620809
15621321
15621833
15622345
15622857
15623369
15618762
15619274
15619786
15620298
15620810
15621322
15621834
15622346
15622858
15623370
15618763
15619275
15619787
15620299
15620811
15621323
15621835
15622347
15622859
15623371
15618764
15619276
15619788
15620300
15620812
15621324
15621836
15622348
15622860
15623372
15618765
15619277
15619789
15620301
15620813
15621325
15621837
15622349
15622861
15623373
15618766
15619278
15619790
15620302
15620814
15621326
15621838
15622350
15622862
15623374
10812659
10813171
10813683
10814195
10814707
10815219
10815731
10816243
10816755
10817267
10812660
10813172
10813684
10814196
10814708
10815220
10815732
10816244
10816756
10817268
10812661
10813173
10813685
10814197
10814709
10815221
10815733
10816245
10816757
10817269
10812662
10813174
10813686
10814198
10814710
10815222
10815734
10816246
10816758
10817270
10812663
10813175
10813687
10814199
10814711
10815223
10815735
10816247
10816759
10817271
10812664
10813176
10813688
10814200
10814712
10815224
10815736
10816248
10816760
10817272
10812665
10813177
10813689
10814201
10814713
10815225
10815737
10816249
10816761
10817273
10812666
10813178
10813690
10814202
10814714
10815226
10815738
10816250
10816762
10817274
10812667
10813179
10813691
10814203
10814715
10815227
10815739
10816251
10816763
10817275
10812668
10813180
10813692
10814204
10814716
10815228
10815740
10816252
10816764
10817276
16062168
16062680
16063192
16063704
16064216
16064728
16065240
16065752
16066264
16066776
16062169
16062681
16063193
16063705
16064217
16064729
16065241
16065753
16066265
16066777
16062170
16062682
16063194
16063706
16064218
16064730
16065242
16065754
16066266
16066778
16062171
16062683
16063195
16063707
16064219
16064731
16065243
16065755
16066267
16066779
16062172
16062684
16063196
16063708
16064220
16064732
16065244
16065756
16066268
16066780
16062173
16062685
16063197
16063709
16064221
16064733
16065245
16065757
16066269
16066781
16062174
16062686
16063198
16063710
16064222
16064734
16065246
16065758
16066270
16066782
16062175
16062687
16063199
16063711
16064223
16064735
16065247
16065759
16066271
16066783
16062176
16062688
16063200
16063712
16064224
16064736
16065248
16065760
16066272
16066784
16062177
16062689
16063201
16063713
16064225
16064737
16065249
16065761
16066273
16066785
14237980
14238492
14239004
14239516
14240028
14240540
14241052
14241564
14242076
14242588
14237981
14238493
14239005
14239517
14240029
14240541
14241053
14241565
14242077
14242589
14237982
14238494
14239006
14239518
14240030
14240542
14241054
14241566
14242078
14242590
14237983
14238495
14239007
14239519
14240031
14240543
14241055
14241567
14242079
14242591
14237984
14238496
14239008
14239520
14240032
14240544
14241056
14241568
14242080
14242592
14237985
14238497
14239009
14239521
14240033
14240545
14241057
14241569
14242081
14242593
14237986
14238498
14239010
14239522
14240034
14240546
14241058
14241570
14242082
14242594
14237987
14238499
14239011
14239523
14240035
14240547
14241059
14241571
14242083
14242595
14237988
14238500
14239012
14239524
14240036
14240548
14241060
14241572
14242084
14242596
14237989
14238501
14239013
14239525
14240037
14240549
14241061
14241573
14242085
14242597
14034118
14034630
14035142
14035654
14036166
14036678
14037190
14037702
14038214
14038726
14034119
14034631
14035143
14035655
14036167
14036679
14037191
14037703
14038215
14038727
14034120
14034632
14035144
14035656
14036168
14036680
14037192
14037704
14038216
14038728
14034121
14034633
14035145
14035657
14036169
14036681
14037193
14037705
14038217
14038729
14034122
14034634
14035146
14035658
14036170
14036682
14037194
14037706
14038218
14038730
14034123
14034635
14035147
14035659
14036171
14036683
14037195
14037707
14038219
14038731
14034124
14034636
14035148
14035660
14036172
14036684
14037196
14037708
14038220
14038732
14034125
14034637
14035149
14035661
14036173
14036685
14037197
14037709
14038221
14038733
14034126
14034638
14035150
14035662
14036174
14036686
14037198
14037710
14038222
14038734
14034127
14034639
14035151
14035663
14036175
14036687
14037199
14037711
14038223
14038735
12655428
12655940
12656452
12656964
12657476
12657988
12658500
12659012
12659524
12660036
12655429
12655941
12656453
12656965
12657477
12657989
12658501
12659013
12659525
12660037
12655430
12655942
12656454
12656966
12657478
12657990
12658502
12659014
12659526
12660038
12655431
12655943
12656455
12656967
12657479
12657991
12658503
12659015
12659527
12660039
12655432
12655944
12656456
12656968
12657480
12657992
12658504
12659016
12659528
12660040
12655433
12655945
12656457
12656969
12657481
12657993
12658505
12659017
12659529
12660041
12655434
12655946
12656458
12656970
12657482
12657994
12658506
12659018
12659530
12660042
12655435
12655947
12656459
12656971
12657483
12657995
12658507
12659019
12659531
12660043
12655436
12655948
12656460
12656972
12657484
12657996
12658508
12659020
12659532
12660044
12655437
12655949
12656461
12656973
12657485
12657997
12658509
12659021
12659533
12660045
15850173
15850685
15851197
15851709
15852221
15852733
15853245
15853757
15854269
15854781
15850174
15850686
15851198
15851710
15852222
15852734
15853246
15853758
15854270
15854782
15850175
15850687
15851199
15851711
15852223
15852735
15853247
15853759
15854271
15854783
15850176
15850688
15851200
15851712
15852224
15852736
15853248
15853760
15854272
15854784
15850177
15850689
15851201
15851713
15852225
15852737
15853249
15853761
15854273
15854785
15850178
15850690
15851202
15851714
15852226
15852738
15853250
15853762
15854274
15854786
15850179
15850691
15851203
15851715
15852227
15852739
15853251
15853763
15854275
15854787
15850180
15850692
15851204
15851716
15852228
15852740
15853252
15853764
15854276
15854788
15850181
15850693
15851205
15851717
15852229
15852741
15853253
15853765
15854277
15854789
15850182
15850694
15851206
15851718
15852230
15852742
15853254
15853766
15854278
15854790
13180242
13180754
13181266
13181778
13182290
13182802
13183314
13183826
13184338
13184850
13180243
13180755
13181267
13181779
13182291
13182803
13183315
13183827
13184339
13184851
13180244
13180756
13181268
13181780
13182292
13182804
13183316
13183828
13184340
13184852
13180245
13180757
13181269
13181781
13182293
13182805
13183317
13183829
13184341
13184853
13180246
13180758
13181270
13181782
13182294
13182806
13183318
13183830
13184342
13184854
13180247
13180759
13181271
13181783
13182295
13182807
13183319
13183831
13184343
13184855
13180248
13180760
13181272
13181784
13182296
13182808
13183320
13183832
13184344
13184856
13180249
13180761
13181273
13181785
13182297
13182809
13183321
13183833
13184345
13184857
13180250
13180762
13181274
13181786
13182298
13182810
13183322
13183834
13184346
13184858
13180251
13180763
13181275
13181787
13182299
13182811
13183323
13183835
13184347
13184859
15288552
15289064
15289576
15290088
15290600
15291112
15291624
15292136
15292648
15293160
15288553
15289065
15289577
15290089
15290601
15291113
15291625
15292137
15292649
15293161
15288554
15289066
15289578
15290090
15290602
15291114
15291626
15292138
15292650
15293162
15288555
15289067
15289579
15290091
15290603
15291115
15291627
15292139
15292651
15293163
15288556
15289068
15289580
15290092
15290604
15291116
15291628
15292140
15292652
15293164
15288557
15289069
15289581
15290093
15290605
15291117
15291629
15292141
15292653
15293165
15288558
15289070
15289582
15290094
15290606
15291118
15291630
15292142
15292654
15293166
15288559
15289071
15289583
15290095
15290607
15291119
15291631
15292143
15292655
15293167
15288560
15289072
15289584
15290096
15290608
15291120
15291632
15292144
15292656
15293168
15288561
15289073
15289585
15290097
15290609
15291121
15291633
15292145
15292657
15293169
