16360742
16361254
16361766
16362278
16362790
16363302
16363814
16364326
16364838
16365350
16360743
16361255
16361767
16362279
16362791
16363303
16363815
16364327
16364839
16365351
16360744
16361256
16361768
16362280
16362792
16363304
16363816
16364328
16364840
16365352
16360745
16361257
16361769
16362281
16362793
16363305
16363817
16364329
16364841
16365353
16360746
16361258
16361770
16362282
16362794
16363306
16363818
16364330
16364842
16365354
16360747
16361259
16361771
16362283
16362795
16363307
16363819
16364331
16364843
16365355
16360748
16361260
16361772
16362284
16362796
16363308
16363820
16364332
16364844
16365356
16360749
16361261
16361773
16362285
16362797
16363309
16363821
16364333
16364845
16365357
16360750
16361262
16361774
16362286
16362798
16363310
16363822
16364334
16364846
16365358
16360751
16361263
16361775
16362287
16362799
16363311
16363823
16364335
16364847
16365359
15555783
15556295
15556807
15557319
15557831
15558343
15558855
15559367
15559879
15560391
15555784
15556296
15556808
15557320
15557832
15558344
15558856
15559368
15559880
15560392
15555785
15556297
15556809
15557321
15557833
15558345
15558857
15559369
15559881
15560393
15555786
15556298
15556810
15557322
15557834
15558346
15558858
15559370
15559882
15560394
15555787
15556299
15556811
15557323
15557835
15558347
15558859
15559371
15559883
15560395
15555788
15556300
15556812
15557324
15557836
15558348
15558860
15559372
15559884
15560396
15555789
15556301
15556813
15557325
15557837
15558349
15558861
15559373
15559885
15560397
15555790
15556302
15556814
15557326
15557838
15558350
15558862
15559374
15559886
15560398
15555791
15556303
15556815
15557327
15557839
15558351
15558863
15559375
15559887
15560399
15555792
15556304
15556816
15557328
15557840
15558352
15558864
15559376
15559888
15560400
10031362
10031874
10032386
10032898
10033410
10033922
10034434
10034946
10035458
10035970
10031363
10031875
10032387
10032899
10033411
10033923
10034435
10034947
10035459
10035971
10031364
10031876
10032388
10032900
10033412
10033924
10034436
10034948
10035460
10035972
10031365
10031877
10032389
10032901
10033413
10033925
10034437
10034949
10035461
10035973
10031366
10031878
10032390
10032902
10033414
10033926
10034438
10034950
10035462
10035974
10031367
10031879
10032391
10032903
10033415
10033927
10034439
10034951
10035463
10035975
10031368
10031880
10032392
10032904
10033416
10033928
10034440
10034952
10035464
10035976
10031369
10031881
10032393
10032905
10033417
10033929
10034441
10034953
10035465
10035977
10031370
10031882
10032394
10032906
10033418
10033930
10034442
10034954
10035466
10035978
10031371
10031883
10032395
10032907
10033419
10033931
10034443
10034955
10035467
10035979
16861976
16862488
16863000
16863512
16864024
16864536
16865048
16865560
16866072
16866584
16861977
16862489
16863001
16863513
16864025
16864537
16865049
16865561
16866073
16866585
16861978
16862490
16863002
16863514
16864026
16864538
16865050
16865562
16866074
16866586
16861979
16862491
16863003
16863515
16864027
16864539
16865051
16865563
16866075
16866587
16861980
16862492
16863004
16863516
16864028
16864540
16865052
16865564
16866076
16866588
16861981
16862493
16863005
16863517
16864029
16864541
16865053
16865565
16866077
16866589
16861982
16862494
16863006
16863518
16864030
16864542
16865054
16865566
16866078
16866590
16861983
16862495
16863007
16863519
16864031
16864543
16865055
16865567
16866079
16866591
16861984
16862496
16863008
16863520
16864032
16864544
16865056
16865568
16866080
16866592
16861985
16862497
16863009
16863521
16864033
16864545
16865057
16865569
16866081
16866593
11619586
11620098
11620610
11621122
11621634
11622146
11622658
11623170
11623682
11624194
11619587
11620099
11620611
11621123
11621635
11622147
11622659
11623171
11623683
11624195
11619588
11620100
11620612
11621124
11621636
11622148
11622660
11623172
11623684
11624196
11619589
11620101
11620613
11621125
11621637
11622149
11622661
11623173
11623685
11624197
11619590
11620102
11620614
11621126
11621638
11622150
11622662
11623174
11623686
11624198
11619591
11620103
11620615
11621127
11621639
11622151
11622663
11623175
11623687
11624199
11619592
11620104
11620616
11621128
11621640
11622152
11622664
11623176
11623688
11624200
11619593
11620105
11620617
11621129
11621641
11622153
11622665
11623177
11623689
11624201
11619594
11620106
11620618
11621130
11621642
11622154
11622666
11623178
11623690
11624202
11619595
11620107
11620619
11621131
11621643
11622155
11622667
11623179
11623691
11624203
15800017
15800529
15801041
15801553
15802065
15802577
15803089
15803601
15804113
15804625
15800018
15800530
15801042
15801554
15802066
15802578
15803090
15803602
15804114
15804626
15800019
15800531
15801043
15801555
15802067
15802579
15803091
15803603
15804115
15804627
15800020
15800532
15801044
15801556
15802068
15802580
15803092
15803604
15804116
15804628
15800021
15800533
15801045
15801557
15802069
15802581
15803093
15803605
15804117
15804629
15800022
15800534
15801046
15801558
15802070
15802582
15803094
15803606
15804118
15804630
15800023
15800535
15801047
15801559
15802071
15802583
15803095
15803607
15804119
15804631
15800024
15800536
15801048
15801560
15802072
15802584
15803096
15803608
15804120
15804632
15800025
15800537
15801049
15801561
15802073
15802585
15803097
15803609
15804121
15804633
15800026
15800538
15801050
15801562
15802074
15802586
15803098
15803610
15804122
15804634
12162229
12162741
12163253
12163765
12164277
12164789
12165301
12165813
12166325
12166837
12162230
12162742
12163254
12163766
12164278
12164790
12165302
12165814
12166326
12166838
12162231
12162743
12163255
12163767
12164279
12164791
12165303
12165815
12166327
12166839
12162232
12162744
12163256
12163768
12164280
12164792
12165304
12165816
12166328
12166840
12162233
12162745
12163257
12163769
12164281
12164793
12165305
12165817
12166329
12166841
12162234
12162746
12163258
12163770
12164282
12164794
12165306
12165818
12166330
12166842
12162235
12162747
12163259
12163771
12164283
12164795
12165307
12165819
12166331
12166843
12162236
12162748
12163260
12163772
12164284
12164796
12165308
12165820
12166332
12166844
12162237
12162749
12163261
12163773
12164285
12164797
12165309
12165821
12166333
12166845
12162238
12162750
12163262
12163774
12164286
12164798
12165310
12165822
12166334
12166846
14817979
14818491
14819003
14819515
14820027
14820539
14821051
14821563
14822075
14822587
14817980
14818492
14819004
14819516
14820028
14820540
14821052
14821564
14822076
14822588
14817981
14818493
14819005
14819517
14820029
14820541
14821053
14821565
14822077
14822589
14817982
14818494
14819006
14819518
14820030
14820542
14821054
14821566
14822078
14822590
14817983
14818495
14819007
14819519
14820031
14820543
14821055
14821567
14822079
14822591
14817984
14818496
14819008
14819520
14820032
14820544
14821056
14821568
14822080
14822592
14817985
14818497
14819009
14819521
14820033
14820545
14821057
14821569
14822081
14822593
14817986
14818498
14819010
14819522
14820034
14820546
14821058
14821570
14822082
14822594
14817987
14818499
14819011
14819523
14820035
14820547
14821059
14821571
14822083
14822595
14817988
14818500
14819012
14819524
14820036
14820548
14821060
14821572
14822084
14822596
12685487
12685999
12686511
12687023
12687535
12688047
12688559
12689071
12689583
12690095
12685488
12686000
12686512
12687024
12687536
12688048
12688560
12689072
12689584
12690096
12685489
12686001
12686513
12687025
12687537
12688049
12688561
12689073
12689585
12690097
12685490
12686002
12686514
12687026
12687538
12688050
12688562
12689074
12689586
12690098
12685491
12686003
12686515
12687027
12687539
12688051
12688563
12689075
12689587
12690099
12685492
12686004
12686516
12687028
12687540
12688052
12688564
12689076
12689588
12690100
12685493
12686005
12686517
12687029
12687541
12688053
12688565
12689077
12689589
12690101
12685494
12686006
12686518
12687030
12687542
12688054
12688566
12689078
12689590
12690102
12685495
12686007
12686519
12687031
12687543
12688055
12688567
12689079
12689591
12690103
12685496
12686008
12686520
12687032
12687544
12688056
12688568
12689080
12689592
12690104
10551594
10552106
10552618
10553130
10553642
10554154
10554666
10555178
10555690
10556202
10551595
10552107
10552619
10553131
10553643
10554155
10554667
10555179
10555691
10556203
10551596
10552108
10552620
10553132
10553644
10554156
10554668
10555180
10555692
10556204
10551597
10552109
10552621
10553133
10553645
10554157
10554669
10555181
10555693
10556205
10551598
10552110
10552622
10553134
10553646
10554158
10554670
10555182
10555694
10556206
10551599
10552111
10552623
10553135
10553647
10554159
10554671
10555183
10555695
10556207
10551600
10552112
10552624
10553136
10553648
10554160
10554672
10555184
10555696
10556208
10551601
10552113
10552625
10553137
10553649
10554161
10554673
10555185
10555697
10556209
10551602
10552114
10552626
10553138
10553650
10554162
10554674
10555186
10555698
10556210
10551603
10552115
10552627
10553139
10553651
10554163
10554675
10555187
10555699
10556211
13710666
13711178
13711690
13712202
13712714
13713226
13713738
13714250
13714762
13715274
13710667
13711179
13711691
13712203
13712715
13713227
13713739
13714251
13714763
13715275
13710668
13711180
13711692
13712204
13712716
13713228
13713740
13714252
13714764
13715276
13710669
13711181
13711693
13712205
13712717
13713229
13713741
13714253
13714765
13715277
13710670
13711182
13711694
13712206
13712718
13713230
13713742
13714254
13714766
13715278
13710671
13711183
13711695
13712207
13712719
13713231
13713743
13714255
13714767
13715279
13710672
13711184
13711696
13712208
13712720
13713232
13713744
13714256
13714768
13715280
13710673
13711185
13711697
13712209
13712721
13713233
13713745
13714257
13714769
13715281
13710674
13711186
13711698
13712210
13712722
13713234
13713746
13714258
13714770
13715282
13710675
13711187
13711699
13712211
13712723
13713235
13713747
13714259
13714771
13715283
16334635
16335147
16335659
16336171
16336683
16337195
16337707
16338219
16338731
16339243
16334636
16335148
16335660
16336172
16336684
16337196
16337708
16338220
16338732
16339244
16334637
16335149
16335661
16336173
16336685
16337197
16337709
16338221
16338733
16339245
16334638
16335150
16335662
16336174
16336686
16337198
16337710
16338222
16338734
16339246
16334639
16335151
16335663
16336175
16336687
16337199
16337711
16338223
16338735
16339247
16334640
16335152
16335664
16336176
16336688
16337200
16337712
16338224
16338736
16339248
16334641
16335153
16335665
16336177
16336689
16337201
16337713
16338225
16338737
16339249
16334642
16335154
16335666
16336178
16336690
16337202
16337714
16338226
16338738
16339250
16334643
16335155
16335667
16336179
16336691
16337203
16337715
16338227
16338739
16339251
16334644
16335156
16335668
16336180
16336692
16337204
16337716
16338228
16338740
16339252
12378852
12379364
12379876
12380388
12380900
12381412
12381924
12382436
12382948
12383460
12378853
12379365
12379877
12380389
12380901
12381413
12381925
12382437
12382949
12383461
12378854
12379366
12379878
12380390
12380902
12381414
12381926
12382438
12382950
12383462
12378855
12379367
12379879
12380391
12380903
12381415
12381927
12382439
12382951
12383463
12378856
12379368
12379880
12380392
12380904
12381416
12381928
12382440
12382952
12383464
12378857
12379369
12379881
12380393
12380905
12381417
12381929
12382441
12382953
12383465
12378858
12379370
12379882
12380394
12380906
12381418
12381930
12382442
12382954
12383466
12378859
12379371
12379883
12380395
12380907
12381419
12381931
12382443
12382955
12383467
12378860
12379372
12379884
12380396
12380908
12381420
12381932
12382444
12382956
12383468
12378861
12379373
12379885
12380397
12380909
12381421
12381933
12382445
12382957
12383469
15053006
15053518
15054030
15054542
15055054
15055566
15056078
15056590
15057102
15057614
15053007
15053519
15054031
15054543
15055055
15055567
15056079
15056591
15057103
15057615
15053008
15053520
15054032
15054544
15055056
15055568
15056080
15056592
15057104
15057616
15053009
15053521
15054033
15054545
15055057
15055569
15056081
15056593
15057105
15057617
15053010
15053522
15054034
15054546
15055058
15055570
15056082
15056594
15057106
15057618
15053011
15053523
15054035
15054547
15055059
15055571
15056083
15056595
15057107
15057619
15053012
15053524
15054036
15054548
15055060
15055572
15056084
15056596
15057108
15057620
15053013
15053525
15054037
15054549
15055061
15055573
15056085
15056597
15057109
15057621
15053014
15053526
15054038
15054550
15055062
15055574
15056086
15056598
15057110
15057622
15053015
15053527
15054039
15054551
15055063
15055575
15056087
15056599
15057111
15057623
15017172
15017684
15018196
15018708
15019220
15019732
15020244
15020756
15021268
15021780
15017173
15017685
15018197
15018709
15019221
15019733
15020245
15020757
15021269
15021781
15017174
15017686
15018198
15018710
15019222
15019734
15020246
15020758
15021270
15021782
15017175
15017687
15018199
15018711
15019223
15019735
15020247
15020759
15021271
15021783
15017176
15017688
15018200
15018712
15019224
15019736
15020248
15020760
15021272
15021784
15017177
15017689
15018201
15018713
15019225
15019737
15020249
15020761
15021273
15021785
15017178
15017690
15018202
15018714
15019226
15019738
15020250
15020762
15021274
15021786
15017179
15017691
15018203
15018715
15019227
15019739
15020251
15020763
15021275
15021787
15017180
15017692
15018204
15018716
15019228
15019740
15020252
15020764
15021276
15021788
15017181
15017693
15018205
15018717
15019229
15019741
15020253
15020765
15021277
15021789
16603903
16604415
16604927
16605439
16605951
16606463
16606975
16607487
16607999
16608511
16603904
16604416
16604928
16605440
16605952
16606464
16606976
16607488
16608000
16608512
16603905
16604417
16604929
16605441
16605953
16606465
16606977
16607489
16608001
16608513
16603906
16604418
16604930
16605442
16605954
16606466
16606978
16607490
16608002
16608514
16603907
16604419
16604931
16605443
16605955
16606467
16606979
16607491
16608003
16608515
16603908
16604420
16604932
16605444
16605956
16606468
16606980
16607492
16608004
16608516
16603909
16604421
16604933
16605445
16605957
16606469
16606981
16607493
16608005
16608517
16603910
16604422
16604934
16605446
16605958
16606470
16606982
16607494
16608006
16608518
16603911
16604423
16604935
16605447
16605959
16606471
16606983
16607495
16608007
16608519
16603912
16604424
16604936
16605448
16605960
16606472
16606984
16607496
16608008
16608520
15815481
15815993
15816505
15817017
15817529
15818041
15818553
15819065
15819577
15820089
15815482
15815994
15816506
15817018
15817530
15818042
15818554
15819066
15819578
15820090
15815483
15815995
15816507
15817019
15817531
15818043
15818555
15819067
15819579
15820091
15815484
15815996
15816508
15817020
15817532
15818044
15818556
15819068
15819580
15820092
15815485
15815997
15816509
15817021
15817533
15818045
15818557
15819069
15819581
15820093
15815486
15815998
15816510
15817022
15817534
15818046
15818558
15819070
15819582
15820094
15815487
15815999
15816511
15817023
15817535
15818047
15818559
15819071
15819583
15820095
15815488
15816000
15816512
15817024
15817536
15818048
15818560
15819072
15819584
15820096
15815489
15816001
15816513
15817025
15817537
15818049
15818561
15819073
15819585
15820097
15815490
15816002
15816514
15817026
15817538
15818050
15818562
15819074
15819586
15820098
13179065
13179577
13180089
13180601
13181113
13181625
13182137
13182649
13183161
13183673
13179066
13179578
13180090
13180602
13181114
13181626
13182138
13182650
13183162
13183674
13179067
13179579
13180091
13180603
13181115
13181627
13182139
13182651
13183163
13183675
13179068
13179580
13180092
13180604
13181116
13181628
13182140
13182652
13183164
13183676
13179069
13179581
13180093
13180605
13181117
13181629
13182141
13182653
13183165
13183677
13179070
13179582
13180094
13180606
13181118
13181630
13182142
13182654
13183166
13183678
13179071
13179583
13180095
13180607
13181119
13181631
13182143
13182655
13183167
13183679
13179072
13179584
13180096
13180608
13181120
13181632
13182144
13182656
13183168
13183680
13179073
13179585
13180097
13180609
13181121
13181633
13182145
13182657
13183169
13183681
13179074
13179586
13180098
13180610
13181122
13181634
13182146
13182658
13183170
13183682
13454108
13454620
13455132
13455644
13456156
13456668
13457180
13457692
13458204
13458716
13454109
13454621
13455133
13455645
13456157
13456669
13457181
13457693
13458205
13458717
13454110
13454622
13455134
13455646
13456158
13456670
13457182
13457694
13458206
13458718
13454111
13454623
13455135
13455647
13456159
13456671
13457183
13457695
13458207
13458719
13454112
13454624
13455136
13455648
13456160
13456672
13457184
13457696
13458208
13458720
13454113
13454625
13455137
13455649
13456161
13456673
13457185
13457697
13458209
13458721
13454114
13454626
13455138
13455650
13456162
13456674
13457186
13457698
13458210
13458722
13454115
13454627
13455139
13455651
13456163
13456675
13457187
13457699
13458211
13458723
13454116
13454628
13455140
13455652
13456164
13456676
13457188
13457700
13458212
13458724
13454117
13454629
13455141
13455653
13456165
13456677
13457189
13457701
13458213
13458725
13442869
13443381
13443893
13444405
13444917
13445429
13445941
13446453
13446965
13447477
13442870
13443382
13443894
13444406
13444918
13445430
13445942
13446454
13446966
13447478
13442871
13443383
13443895
13444407
13444919
13445431
13445943
13446455
13446967
13447479
13442872
13443384
13443896
13444408
13444920
13445432
13445944
13446456
13446968
13447480
13442873
13443385
13443897
13444409
13444921
13445433
13445945
13446457
13446969
13447481
13442874
13443386
13443898
13444410
13444922
13445434
13445946
13446458
13446970
13447482
13442875
13443387
13443899
13444411
13444923
13445435
13445947
13446459
13446971
13447483
13442876
13443388
13443900
13444412
13444924
13445436
13445948
13446460
13446972
13447484
13442877
13443389
13443901
13444413
13444925
13445437
13445949
13446461
13446973
13447485
13442878
13443390
13443902
13444414
13444926
13445438
13445950
13446462
13446974
13447486
13177620
13178132
13178644
13179156
13179668
13180180
13180692
13181204
13181716
13182228
13177621
13178133
13178645
13179157
13179669
13180181
13180693
13181205
13181717
13182229
13177622
13178134
13178646
13179158
13179670
13180182
13180694
13181206
13181718
13182230
13177623
13178135
13178647
13179159
13179671
13180183
13180695
13181207
13181719
13182231
13177624
13178136
13178648
13179160
13179672
13180184
13180696
13181208
13181720
13182232
13177625
13178137
13178649
13179161
13179673
13180185
13180697
13181209
13181721
13182233
13177626
13178138
13178650
13179162
13179674
13180186
13180698
13181210
13181722
13182234
13177627
13178139
13178651
13179163
13179675
13180187
13180699
13181211
13181723
13182235
13177628
13178140
13178652
13179164
13179676
13180188
13180700
13181212
13181724
13182236
13177629
13178141
13178653
13179165
13179677
13180189
13180701
13181213
13181725
13182237
13436198
13436710
13437222
13437734
13438246
13438758
13439270
13439782
13440294
13440806
13436199
13436711
13437223
13437735
13438247
13438759
13439271
13439783
13440295
13440807
13436200
13436712
13437224
13437736
13438248
13438760
13439272
13439784
13440296
13440808
13436201
13436713
13437225
13437737
13438249
13438761
13439273
13439785
13440297
13440809
13436202
13436714
13437226
13437738
13438250
13438762
13439274
13439786
13440298
13440810
13436203
13436715
13437227
13437739
13438251
13438763
13439275
13439787
13440299
13440811
13436204
13436716
13437228
13437740
13438252
13438764
13439276
13439788
13440300
13440812
13436205
13436717
13437229
13437741
13438253
13438765
13439277
13439789
13440301
13440813
13436206
13436718
13437230
13437742
13438254
13438766
13439278
13439790
13440302
13440814
13436207
13436719
13437231
13437743
13438255
13438767
13439279
13439791
13440303
13440815
11870956
11871468
11871980
11872492
11873004
11873516
11874028
11874540
11875052
11875564
11870957
11871469
11871981
11872493
11873005
11873517
11874029
11874541
11875053
11875565
11870958
11871470
11871982
11872494
11873006
11873518
11874030
11874542
11875054
11875566
11870959
11871471
11871983
11872495
11873007
11873519
11874031
11874543
11875055
11875567
11870960
11871472
11871984
11872496
11873008
11873520
11874032
11874544
11875056
11875568
11870961
11871473
11871985
11872497
11873009
11873521
11874033
11874545
11875057
11875569
11870962
11871474
11871986
11872498
11873010
11873522
11874034
11874546
11875058
11875570
11870963
11871475
11871987
11872499
11873011
11873523
11874035
11874547
11875059
11875571
11870964
11871476
11871988
11872500
11873012
11873524
11874036
11874548
11875060
11875572
11870965
11871477
11871989
11872501
11873013
11873525
11874037
11874549
11875061
11875573
12150547
12151059
12151571
12152083
12152595
12153107
12153619
12154131
12154643
12155155
12150548
12151060
12151572
12152084
12152596
12153108
12153620
12154132
12154644
12155156
12150549
12151061
12151573
12152085
12152597
12153109
12153621
12154133
12154645
12155157
12150550
12151062
12151574
12152086
12152598
12153110
12153622
12154134
12154646
12155158
12150551
12151063
12151575
12152087
12152599
12153111
12153623
12154135
12154647
12155159
12150552
12151064
12151576
12152088
12152600
12153112
12153624
12154136
12154648
12155160
12150553
12151065
12151577
12152089
12152601
12153113
12153625
12154137
12154649
12155161
12150554
12151066
12151578
12152090
12152602
12153114
12153626
12154138
12154650
12155162
12150555
12151067
12151579
12152091
12152603
12153115
12153627
12154139
12154651
12155163
12150556
12151068
12151580
12152092
12152604
12153116
12153628
12154140
12154652
12155164
14532343
14532855
14533367
14533879
14534391
14534903
14535415
14535927
14536439
14536951
14532344
14532856
14533368
14533880
14534392
14534904
14535416
14535928
14536440
14536952
14532345
14532857
14533369
14533881
14534393
14534905
14535417
14535929
14536441
14536953
14532346
14532858
14533370
14533882
14534394
14534906
14535418
14535930
14536442
14536954
14532347
14532859
14533371
14533883
14534395
14534907
14535419
14535931
14536443
14536955
14532348
14532860
14533372
14533884
14534396
14534908
14535420
14535932
14536444
14536956
14532349
14532861
14533373
14533885
14534397
14534909
14535421
14535933
14536445
14536957
14532350
14532862
14533374
14533886
14534398
14534910
14535422
14535934
14536446
14536958
14532351
14532863
14533375
14533887
14534399
14534911
14535423
14535935
14536447
14536959
14532352
14532864
14533376
14533888
14534400
14534912
14535424
14535936
14536448
14536960
14806745
14807257
14807769
14808281
14808793
14809305
14809817
14810329
14810841
14811353
14806746
14807258
14807770
14808282
14808794
14809306
14809818
14810330
14810842
14811354
14806747
14807259
14807771
14808283
14808795
14809307
14809819
14810331
14810843
14811355
14806748
14807260
14807772
14808284
14808796
14809308
14809820
14810332
14810844
14811356
14806749
14807261
14807773
14808285
14808797
14809309
14809821
14810333
14810845
14811357
14806750
14807262
14807774
14808286
14808798
14809310
14809822
14810334
14810846
14811358
14806751
14807263
14807775
14808287
14808799
14809311
14809823
14810335
14810847
14811359
14806752
14807264
14807776
14808288
14808800
14809312
14809824
14810336
14810848
14811360
14806753
14807265
14807777
14808289
14808801
14809313
14809825
14810337
14810849
14811361
14806754
14807266
14807778
14808290
14808802
14809314
14809826
14810338
14810850
14811362
9498870
9499382
9499894
9500406
9500918
9501430
9501942
9502454
9502966
9503478
9498871
9499383
9499895
9500407
9500919
9501431
9501943
9502455
9502967
9503479
9498872
9499384
9499896
9500408
9500920
9501432
9501944
9502456
9502968
9503480
9498873
9499385
9499897
9500409
9500921
9501433
9501945
9502457
9502969
9503481
9498874
9499386
9499898
9500410
9500922
9501434
9501946
9502458
9502970
9503482
9498875
9499387
9499899
9500411
9500923
9501435
9501947
9502459
9502971
9503483
9498876
9499388
9499900
9500412
9500924
9501436
9501948
9502460
9502972
9503484
9498877
9499389
9499901
9500413
9500925
9501437
9501949
9502461
9502973
9503485
9498878
9499390
9499902
9500414
9500926
9501438
9501950
9502462
9502974
9503486
9498879
9499391
9499903
9500415
9500927
9501439
9501951
9502463
9502975
9503487
12157650
12158162
12158674
12159186
12159698
12160210
12160722
12161234
12161746
12162258
12157651
12158163
12158675
12159187
12159699
12160211
12160723
12161235
12161747
12162259
12157652
12158164
12158676
12159188
12159700
12160212
12160724
12161236
12161748
12162260
12157653
12158165
12158677
12159189
12159701
12160213
12160725
12161237
12161749
12162261
12157654
12158166
12158678
12159190
12159702
12160214
12160726
12161238
12161750
12162262
12157655
12158167
12158679
12159191
12159703
12160215
12160727
12161239
12161751
12162263
12157656
12158168
12158680
12159192
12159704
12160216
12160728
12161240
12161752
12162264
12157657
12158169
12158681
12159193
12159705
12160217
12160729
12161241
12161753
12162265
12157658
12158170
12158682
12159194
12159706
12160218
12160730
12161242
12161754
12162266
12157659
12158171
12158683
12159195
12159707
12160219
12160731
12161243
12161755
12162267
10298592
10299104
10299616
10300128
10300640
10301152
10301664
10302176
10302688
10303200
10298593
10299105
10299617
10300129
10300641
10301153
10301665
10302177
10302689
10303201
10298594
10299106
10299618
10300130
10300642
10301154
10301666
10302178
10302690
10303202
10298595
10299107
10299619
10300131
10300643
10301155
10301667
10302179
10302691
10303203
10298596
10299108
10299620
10300132
10300644
10301156
10301668
10302180
10302692
10303204
10298597
10299109
10299621
10300133
10300645
10301157
10301669
10302181
10302693
10303205
10298598
10299110
10299622
10300134
10300646
10301158
10301670
10302182
10302694
10303206
10298599
10299111
10299623
10300135
10300647
10301159
10301671
10302183
10302695
10303207
10298600
10299112
10299624
10300136
10300648
10301160
10301672
10302184
10302696
10303208
10298601
10299113
10299625
10300137
10300649
10301161
10301673
10302185
10302697
10303209
17123036
17123548
17124060
17124572
17125084
17125596
17126108
17126620
17127132
17127644
17123037
17123549
17124061
17124573
17125085
17125597
17126109
17126621
17127133
17127645
17123038
17123550
17124062
17124574
17125086
17125598
17126110
17126622
17127134
17127646
17123039
17123551
17124063
17124575
17125087
17125599
17126111
17126623
17127135
17127647
17123040
17123552
17124064
17124576
17125088
17125600
17126112
17126624
17127136
17127648
17123041
17123553
17124065
17124577
17125089
17125601
17126113
17126625
17127137
17127649
17123042
17123554
17124066
17124578
17125090
17125602
17126114
17126626
17127138
17127650
17123043
17123555
17124067
17124579
17125091
17125603
17126115
17126627
17127139
17127651
17123044
17123556
17124068
17124580
17125092
17125604
17126116
17126628
17127140
17127652
17123045
17123557
17124069
17124581
17125093
17125605
17126117
17126629
17127141
17127653
