2578357
2578869
2579381
2579893
2580405
2580917
2581429
2581941
2582453
2582965
2578358
2578870
2579382
2579894
2580406
2580918
2581430
2581942
2582454
2582966
2578359
2578871
2579383
2579895
2580407
2580919
2581431
2581943
2582455
2582967
2578360
2578872
2579384
2579896
2580408
2580920
2581432
2581944
2582456
2582968
2578361
2578873
2579385
2579897
2580409
2580921
2581433
2581945
2582457
2582969
2578362
2578874
2579386
2579898
2580410
2580922
2581434
2581946
2582458
2582970
2578363
2578875
2579387
2579899
2580411
2580923
2581435
2581947
2582459
2582971
2578364
2578876
2579388
2579900
2580412
2580924
2581436
2581948
2582460
2582972
2578365
2578877
2579389
2579901
2580413
2580925
2581437
2581949
2582461
2582973
2578366
2578878
2579390
2579902
2580414
2580926
2581438
2581950
2582462
2582974
32301960
32302472
32302984
32303496
32304008
32304520
32305032
32305544
32306056
32306568
32301961
32302473
32302985
32303497
32304009
32304521
32305033
32305545
32306057
32306569
32301962
32302474
32302986
32303498
32304010
32304522
32305034
32305546
32306058
32306570
32301963
32302475
32302987
32303499
32304011
32304523
32305035
32305547
32306059
32306571
32301964
32302476
32302988
32303500
32304012
32304524
32305036
32305548
32306060
32306572
32301965
32302477
32302989
32303501
32304013
32304525
32305037
32305549
32306061
32306573
32301966
32302478
32302990
32303502
32304014
32304526
32305038
32305550
32306062
32306574
32301967
32302479
32302991
32303503
32304015
32304527
32305039
32305551
32306063
32306575
32301968
32302480
32302992
32303504
32304016
32304528
32305040
32305552
32306064
32306576
32301969
32302481
32302993
32303505
32304017
32304529
32305041
32305553
32306065
32306577
2373782
2374294
2374806
2375318
2375830
2376342
2376854
2377366
2377878
2378390
2373783
2374295
2374807
2375319
2375831
2376343
2376855
2377367
2377879
2378391
2373784
2374296
2374808
2375320
2375832
2376344
2376856
2377368
2377880
2378392
2373785
2374297
2374809
2375321
2375833
2376345
2376857
2377369
2377881
2378393
2373786
2374298
2374810
2375322
2375834
2376346
2376858
2377370
2377882
2378394
2373787
2374299
2374811
2375323
2375835
2376347
2376859
2377371
2377883
2378395
2373788
2374300
2374812
2375324
2375836
2376348
2376860
2377372
2377884
2378396
2373789
2374301
2374813
2375325
2375837
2376349
2376861
2377373
2377885
2378397
2373790
2374302
2374814
2375326
2375838
2376350
2376862
2377374
2377886
2378398
2373791
2374303
2374815
2375327
2375839
2376351
2376863
2377375
2377887
2378399
13169529
13170041
13170553
13171065
13171577
13172089
13172601
13173113
13173625
13174137
13169530
13170042
13170554
13171066
13171578
13172090
13172602
13173114
13173626
13174138
13169531
13170043
13170555
13171067
13171579
13172091
13172603
13173115
13173627
13174139
13169532
13170044
13170556
13171068
13171580
13172092
13172604
13173116
13173628
13174140
13169533
13170045
13170557
13171069
13171581
13172093
13172605
13173117
13173629
13174141
13169534
13170046
13170558
13171070
13171582
13172094
13172606
13173118
13173630
13174142
13169535
13170047
13170559
13171071
13171583
13172095
13172607
13173119
13173631
13174143
13169536
13170048
13170560
13171072
13171584
13172096
13172608
13173120
13173632
13174144
13169537
13170049
13170561
13171073
13171585
13172097
13172609
13173121
13173633
13174145
13169538
13170050
13170562
13171074
13171586
13172098
13172610
13173122
13173634
13174146
8144956
8145468
8145980
8146492
8147004
8147516
8148028
8148540
8149052
8149564
8144957
8145469
8145981
8146493
8147005
8147517
8148029
8148541
8149053
8149565
8144958
8145470
8145982
8146494
8147006
8147518
8148030
8148542
8149054
8149566
8144959
8145471
8145983
8146495
8147007
8147519
8148031
8148543
8149055
8149567
8144960
8145472
8145984
8146496
8147008
8147520
8148032
8148544
8149056
8149568
8144961
8145473
8145985
8146497
8147009
8147521
8148033
8148545
8149057
8149569
8144962
8145474
8145986
8146498
8147010
8147522
8148034
8148546
8149058
8149570
8144963
8145475
8145987
8146499
8147011
8147523
8148035
8148547
8149059
8149571
8144964
8145476
8145988
8146500
8147012
8147524
8148036
8148548
8149060
8149572
8144965
8145477
8145989
8146501
8147013
8147525
8148037
8148549
8149061
8149573
13328459
13328971
13329483
13329995
13330507
13331019
13331531
13332043
13332555
13333067
13328460
13328972
13329484
13329996
13330508
13331020
13331532
13332044
13332556
13333068
13328461
13328973
13329485
13329997
13330509
13331021
13331533
13332045
13332557
13333069
13328462
13328974
13329486
13329998
13330510
13331022
13331534
13332046
13332558
13333070
13328463
13328975
13329487
13329999
13330511
13331023
13331535
13332047
13332559
13333071
13328464
13328976
13329488
13330000
13330512
13331024
13331536
13332048
13332560
13333072
13328465
13328977
13329489
13330001
13330513
13331025
13331537
13332049
13332561
13333073
13328466
13328978
13329490
13330002
13330514
13331026
13331538
13332050
13332562
13333074
13328467
13328979
13329491
13330003
13330515
13331027
13331539
13332051
13332563
13333075
13328468
13328980
13329492
13330004
13330516
13331028
13331540
13332052
13332564
13333076
27611451
27611963
27612475
27612987
27613499
27614011
27614523
27615035
27615547
27616059
27611452
27611964
27612476
27612988
27613500
27614012
27614524
27615036
27615548
27616060
27611453
27611965
27612477
27612989
27613501
27614013
27614525
27615037
27615549
27616061
27611454
27611966
27612478
27612990
27613502
27614014
27614526
27615038
27615550
27616062
27611455
27611967
27612479
27612991
27613503
27614015
27614527
27615039
27615551
27616063
27611456
27611968
27612480
27612992
27613504
27614016
27614528
27615040
27615552
27616064
27611457
27611969
27612481
27612993
27613505
27614017
27614529
27615041
27615553
27616065
27611458
27611970
27612482
27612994
27613506
27614018
27614530
27615042
27615554
27616066
27611459
27611971
27612483
27612995
27613507
27614019
27614531
27615043
27615555
27616067
27611460
27611972
27612484
27612996
27613508
27614020
27614532
27615044
27615556
27616068
25576351
25576863
25577375
25577887
25578399
25578911
25579423
25579935
25580447
25580959
25576352
25576864
25577376
25577888
25578400
25578912
25579424
25579936
25580448
25580960
25576353
25576865
25577377
25577889
25578401
25578913
25579425
25579937
25580449
25580961
25576354
25576866
25577378
25577890
25578402
25578914
25579426
25579938
25580450
25580962
25576355
25576867
25577379
25577891
25578403
25578915
25579427
25579939
25580451
25580963
25576356
25576868
25577380
25577892
25578404
25578916
25579428
25579940
25580452
25580964
25576357
25576869
25577381
25577893
25578405
25578917
25579429
25579941
25580453
25580965
25576358
25576870
25577382
25577894
25578406
25578918
25579430
25579942
25580454
25580966
25576359
25576871
25577383
25577895
25578407
25578919
25579431
25579943
25580455
25580967
25576360
25576872
25577384
25577896
25578408
25578920
25579432
25579944
25580456
25580968
3222362
3222874
3223386
3223898
3224410
3224922
3225434
3225946
3226458
3226970
3222363
3222875
3223387
3223899
3224411
3224923
3225435
3225947
3226459
3226971
3222364
3222876
3223388
3223900
3224412
3224924
3225436
3225948
3226460
3226972
3222365
3222877
3223389
3223901
3224413
3224925
3225437
3225949
3226461
3226973
3222366
3222878
3223390
3223902
3224414
3224926
3225438
3225950
3226462
3226974
3222367
3222879
3223391
3223903
3224415
3224927
3225439
3225951
3226463
3226975
3222368
3222880
3223392
3223904
3224416
3224928
3225440
3225952
3226464
3226976
3222369
3222881
3223393
3223905
3224417
3224929
3225441
3225953
3226465
3226977
3222370
3222882
3223394
3223906
3224418
3224930
3225442
3225954
3226466
3226978
3222371
3222883
3223395
3223907
3224419
3224931
3225443
3225955
3226467
3226979
7518250
7518762
7519274
7519786
7520298
7520810
7521322
7521834
7522346
7522858
7518251
7518763
7519275
7519787
7520299
7520811
7521323
7521835
7522347
7522859
7518252
7518764
7519276
7519788
7520300
7520812
7521324
7521836
7522348
7522860
7518253
7518765
7519277
7519789
7520301
7520813
7521325
7521837
7522349
7522861
7518254
7518766
7519278
7519790
7520302
7520814
7521326
7521838
7522350
7522862
7518255
7518767
7519279
7519791
7520303
7520815
7521327
7521839
7522351
7522863
7518256
7518768
7519280
7519792
7520304
7520816
7521328
7521840
7522352
7522864
7518257
7518769
7519281
7519793
7520305
7520817
7521329
7521841
7522353
7522865
7518258
7518770
7519282
7519794
7520306
7520818
7521330
7521842
7522354
7522866
7518259
7518771
7519283
7519795
7520307
7520819
7521331
7521843
7522355
7522867
22472518
22473030
22473542
22474054
22474566
22475078
22475590
22476102
22476614
22477126
22472519
22473031
22473543
22474055
22474567
22475079
22475591
22476103
22476615
22477127
22472520
22473032
22473544
22474056
22474568
22475080
22475592
22476104
22476616
22477128
22472521
22473033
22473545
22474057
22474569
22475081
22475593
22476105
22476617
22477129
22472522
22473034
22473546
22474058
22474570
22475082
22475594
22476106
22476618
22477130
22472523
22473035
22473547
22474059
22474571
22475083
22475595
22476107
22476619
22477131
22472524
22473036
22473548
22474060
22474572
22475084
22475596
22476108
22476620
22477132
22472525
22473037
22473549
22474061
22474573
22475085
22475597
22476109
22476621
22477133
22472526
22473038
22473550
22474062
22474574
22475086
22475598
22476110
22476622
22477134
22472527
22473039
22473551
22474063
22474575
22475087
22475599
22476111
22476623
22477135
5142811
5143323
5143835
5144347
5144859
5145371
5145883
5146395
5146907
5147419
5142812
5143324
5143836
5144348
5144860
5145372
5145884
5146396
5146908
5147420
5142813
5143325
5143837
5144349
5144861
5145373
5145885
5146397
5146909
5147421
5142814
5143326
5143838
5144350
5144862
5145374
5145886
5146398
5146910
5147422
5142815
5143327
5143839
5144351
5144863
5145375
5145887
5146399
5146911
5147423
5142816
5143328
5143840
5144352
5144864
5145376
5145888
5146400
5146912
5147424
5142817
5143329
5143841
5144353
5144865
5145377
5145889
5146401
5146913
5147425
5142818
5143330
5143842
5144354
5144866
5145378
5145890
5146402
5146914
5147426
5142819
5143331
5143843
5144355
5144867
5145379
5145891
5146403
5146915
5147427
5142820
5143332
5143844
5144356
5144868
5145380
5145892
5146404
5146916
5147428
5095703
5096215
5096727
5097239
5097751
5098263
5098775
5099287
5099799
5100311
5095704
5096216
5096728
5097240
5097752
5098264
5098776
5099288
5099800
5100312
5095705
5096217
5096729
5097241
5097753
5098265
5098777
5099289
5099801
5100313
5095706
5096218
5096730
5097242
5097754
5098266
5098778
5099290
5099802
5100314
5095707
5096219
5096731
5097243
5097755
5098267
5098779
5099291
5099803
5100315
5095708
5096220
5096732
5097244
5097756
5098268
5098780
5099292
5099804
5100316
5095709
5096221
5096733
5097245
5097757
5098269
5098781
5099293
5099805
5100317
5095710
5096222
5096734
5097246
5097758
5098270
5098782
5099294
5099806
5100318
5095711
5096223
5096735
5097247
5097759
5098271
5098783
5099295
5099807
5100319
5095712
5096224
5096736
5097248
5097760
5098272
5098784
5099296
5099808
5100320
10701258
10701770
10702282
10702794
10703306
10703818
10704330
10704842
10705354
10705866
10701259
10701771
10702283
10702795
10703307
10703819
10704331
10704843
10705355
10705867
10701260
10701772
10702284
10702796
10703308
10703820
10704332
10704844
10705356
10705868
10701261
10701773
10702285
10702797
10703309
10703821
10704333
10704845
10705357
10705869
10701262
10701774
10702286
10702798
10703310
10703822
10704334
10704846
10705358
10705870
10701263
10701775
10702287
10702799
10703311
10703823
10704335
10704847
10705359
10705871
10701264
10701776
10702288
10702800
10703312
10703824
10704336
10704848
10705360
10705872
10701265
10701777
10702289
10702801
10703313
10703825
10704337
10704849
10705361
10705873
10701266
10701778
10702290
10702802
10703314
10703826
10704338
10704850
10705362
10705874
10701267
10701779
10702291
10702803
10703315
10703827
10704339
10704851
10705363
10705875
4398024
4398536
4399048
4399560
4400072
4400584
4401096
4401608
4402120
4402632
4398025
4398537
4399049
4399561
4400073
4400585
4401097
4401609
4402121
4402633
4398026
4398538
4399050
4399562
4400074
4400586
4401098
4401610
4402122
4402634
4398027
4398539
4399051
4399563
4400075
4400587
4401099
4401611
4402123
4402635
4398028
4398540
4399052
4399564
4400076
4400588
4401100
4401612
4402124
4402636
4398029
4398541
4399053
4399565
4400077
4400589
4401101
4401613
4402125
4402637
4398030
4398542
4399054
4399566
4400078
4400590
4401102
4401614
4402126
4402638
4398031
4398543
4399055
4399567
4400079
4400591
4401103
4401615
4402127
4402639
4398032
4398544
4399056
4399568
4400080
4400592
4401104
4401616
4402128
4402640
4398033
4398545
4399057
4399569
4400081
4400593
4401105
4401617
4402129
4402641
29578805
29579317
29579829
29580341
29580853
29581365
29581877
29582389
29582901
29583413
29578806
29579318
29579830
29580342
29580854
29581366
29581878
29582390
29582902
29583414
29578807
29579319
29579831
29580343
29580855
29581367
29581879
29582391
29582903
29583415
29578808
29579320
29579832
29580344
29580856
29581368
29581880
29582392
29582904
29583416
29578809
29579321
29579833
29580345
29580857
29581369
29581881
29582393
29582905
29583417
29578810
29579322
29579834
29580346
29580858
29581370
29581882
29582394
29582906
29583418
29578811
29579323
29579835
29580347
29580859
29581371
29581883
29582395
29582907
29583419
29578812
29579324
29579836
29580348
29580860
29581372
29581884
29582396
29582908
29583420
29578813
29579325
29579837
29580349
29580861
29581373
29581885
29582397
29582909
29583421
29578814
29579326
29579838
29580350
29580862
29581374
29581886
29582398
29582910
29583422
8935983
8936495
8937007
8937519
8938031
8938543
8939055
8939567
8940079
8940591
8935984
8936496
8937008
8937520
8938032
8938544
8939056
8939568
8940080
8940592
8935985
8936497
8937009
8937521
8938033
8938545
8939057
8939569
8940081
8940593
8935986
8936498
8937010
8937522
8938034
8938546
8939058
8939570
8940082
8940594
8935987
8936499
8937011
8937523
8938035
8938547
8939059
8939571
8940083
8940595
8935988
8936500
8937012
8937524
8938036
8938548
8939060
8939572
8940084
8940596
8935989
8936501
8937013
8937525
8938037
8938549
8939061
8939573
8940085
8940597
8935990
8936502
8937014
8937526
8938038
8938550
8939062
8939574
8940086
8940598
8935991
8936503
8937015
8937527
8938039
8938551
8939063
8939575
8940087
8940599
8935992
8936504
8937016
8937528
8938040
8938552
8939064
8939576
8940088
8940600
22973354
22973866
22974378
22974890
22975402
22975914
22976426
22976938
22977450
22977962
22973355
22973867
22974379
22974891
22975403
22975915
22976427
22976939
22977451
22977963
22973356
22973868
22974380
22974892
22975404
22975916
22976428
22976940
22977452
22977964
22973357
22973869
22974381
22974893
22975405
22975917
22976429
22976941
22977453
22977965
22973358
22973870
22974382
22974894
22975406
22975918
22976430
22976942
22977454
22977966
22973359
22973871
22974383
22974895
22975407
22975919
22976431
22976943
22977455
22977967
22973360
22973872
22974384
22974896
22975408
22975920
22976432
22976944
22977456
22977968
22973361
22973873
22974385
22974897
22975409
22975921
22976433
22976945
22977457
22977969
22973362
22973874
22974386
22974898
22975410
22975922
22976434
22976946
22977458
22977970
22973363
22973875
22974387
22974899
22975411
22975923
22976435
22976947
22977459
22977971
24509828
24510340
24510852
24511364
24511876
24512388
24512900
24513412
24513924
24514436
24509829
24510341
24510853
24511365
24511877
24512389
24512901
24513413
24513925
24514437
24509830
24510342
24510854
24511366
24511878
24512390
24512902
24513414
24513926
24514438
24509831
24510343
24510855
24511367
24511879
24512391
24512903
24513415
24513927
24514439
24509832
24510344
24510856
24511368
24511880
24512392
24512904
24513416
24513928
24514440
24509833
24510345
24510857
24511369
24511881
24512393
24512905
24513417
24513929
24514441
24509834
24510346
24510858
24511370
24511882
24512394
24512906
24513418
24513930
24514442
24509835
24510347
24510859
24511371
24511883
24512395
24512907
24513419
24513931
24514443
24509836
24510348
24510860
24511372
24511884
24512396
24512908
24513420
24513932
24514444
24509837
24510349
24510861
24511373
24511885
24512397
24512909
24513421
24513933
24514445
3924022
3924534
3925046
3925558
3926070
3926582
3927094
3927606
3928118
3928630
3924023
3924535
3925047
3925559
3926071
3926583
3927095
3927607
3928119
3928631
3924024
3924536
3925048
3925560
3926072
3926584
3927096
3927608
3928120
3928632
3924025
3924537
3925049
3925561
3926073
3926585
3927097
3927609
3928121
3928633
3924026
3924538
3925050
3925562
3926074
3926586
3927098
3927610
3928122
3928634
3924027
3924539
3925051
3925563
3926075
3926587
3927099
3927611
3928123
3928635
3924028
3924540
3925052
3925564
3926076
3926588
3927100
3927612
3928124
3928636
3924029
3924541
3925053
3925565
3926077
3926589
3927101
3927613
3928125
3928637
3924030
3924542
3925054
3925566
3926078
3926590
3927102
3927614
3928126
3928638
3924031
3924543
3925055
3925567
3926079
3926591
3927103
3927615
3928127
3928639
5189122
5189634
5190146
5190658
5191170
5191682
5192194
5192706
5193218
5193730
5189123
5189635
5190147
5190659
5191171
5191683
5192195
5192707
5193219
5193731
5189124
5189636
5190148
5190660
5191172
5191684
5192196
5192708
5193220
5193732
5189125
5189637
5190149
5190661
5191173
5191685
5192197
5192709
5193221
5193733
5189126
5189638
5190150
5190662
5191174
5191686
5192198
5192710
5193222
5193734
5189127
5189639
5190151
5190663
5191175
5191687
5192199
5192711
5193223
5193735
5189128
5189640
5190152
5190664
5191176
5191688
5192200
5192712
5193224
5193736
5189129
5189641
5190153
5190665
5191177
5191689
5192201
5192713
5193225
5193737
5189130
5189642
5190154
5190666
5191178
5191690
5192202
5192714
5193226
5193738
5189131
5189643
5190155
5190667
5191179
5191691
5192203
5192715
5193227
5193739
25273629
25274141
25274653
25275165
25275677
25276189
25276701
25277213
25277725
25278237
25273630
25274142
25274654
25275166
25275678
25276190
25276702
25277214
25277726
25278238
25273631
25274143
25274655
25275167
25275679
25276191
25276703
25277215
25277727
25278239
25273632
25274144
25274656
25275168
25275680
25276192
25276704
25277216
25277728
25278240
25273633
25274145
25274657
25275169
25275681
25276193
25276705
25277217
25277729
25278241
25273634
25274146
25274658
25275170
25275682
25276194
25276706
25277218
25277730
25278242
25273635
25274147
25274659
25275171
25275683
25276195
25276707
25277219
25277731
25278243
25273636
25274148
25274660
25275172
25275684
25276196
25276708
25277220
25277732
25278244
25273637
25274149
25274661
25275173
25275685
25276197
25276709
25277221
25277733
25278245
25273638
25274150
25274662
25275174
25275686
25276198
25276710
25277222
25277734
25278246
32121380
32121892
32122404
32122916
32123428
32123940
32124452
32124964
32125476
32125988
32121381
32121893
32122405
32122917
32123429
32123941
32124453
32124965
32125477
32125989
32121382
32121894
32122406
32122918
32123430
32123942
32124454
32124966
32125478
32125990
32121383
32121895
32122407
32122919
32123431
32123943
32124455
32124967
32125479
32125991
32121384
32121896
32122408
32122920
32123432
32123944
32124456
32124968
32125480
32125992
32121385
32121897
32122409
32122921
32123433
32123945
32124457
32124969
32125481
32125993
32121386
32121898
32122410
32122922
32123434
32123946
32124458
32124970
32125482
32125994
32121387
32121899
32122411
32122923
32123435
32123947
32124459
32124971
32125483
32125995
32121388
32121900
32122412
32122924
32123436
32123948
32124460
32124972
32125484
32125996
32121389
32121901
32122413
32122925
32123437
32123949
32124461
32124973
32125485
32125997
21436535
21437047
21437559
21438071
21438583
21439095
21439607
21440119
21440631
21441143
21436536
21437048
21437560
21438072
21438584
21439096
21439608
21440120
21440632
21441144
21436537
21437049
21437561
21438073
21438585
21439097
21439609
21440121
21440633
21441145
21436538
21437050
21437562
21438074
21438586
21439098
21439610
21440122
21440634
21441146
21436539
21437051
21437563
21438075
21438587
21439099
21439611
21440123
21440635
21441147
21436540
21437052
21437564
21438076
21438588
21439100
21439612
21440124
21440636
21441148
21436541
21437053
21437565
21438077
21438589
21439101
21439613
21440125
21440637
21441149
21436542
21437054
21437566
21438078
21438590
21439102
21439614
21440126
21440638
21441150
21436543
21437055
21437567
21438079
21438591
21439103
21439615
21440127
21440639
21441151
21436544
21437056
21437568
21438080
21438592
21439104
21439616
21440128
21440640
21441152
12138466
12138978
12139490
12140002
12140514
12141026
12141538
12142050
12142562
12143074
12138467
12138979
12139491
12140003
12140515
12141027
12141539
12142051
12142563
12143075
12138468
12138980
12139492
12140004
12140516
12141028
12141540
12142052
12142564
12143076
12138469
12138981
12139493
12140005
12140517
12141029
12141541
12142053
12142565
12143077
12138470
12138982
12139494
12140006
12140518
12141030
12141542
12142054
12142566
12143078
12138471
12138983
12139495
12140007
12140519
12141031
12141543
12142055
12142567
12143079
12138472
12138984
12139496
12140008
12140520
12141032
12141544
12142056
12142568
12143080
12138473
12138985
12139497
12140009
12140521
12141033
12141545
12142057
12142569
12143081
12138474
12138986
12139498
12140010
12140522
12141034
12141546
12142058
12142570
12143082
12138475
12138987
12139499
12140011
12140523
12141035
12141547
12142059
12142571
12143083
7110920
7111432
7111944
7112456
7112968
7113480
7113992
7114504
7115016
7115528
7110921
7111433
7111945
7112457
7112969
7113481
7113993
7114505
7115017
7115529
7110922
7111434
7111946
7112458
7112970
7113482
7113994
7114506
7115018
7115530
7110923
7111435
7111947
7112459
7112971
7113483
7113995
7114507
7115019
7115531
7110924
7111436
7111948
7112460
7112972
7113484
7113996
7114508
7115020
7115532
7110925
7111437
7111949
7112461
7112973
7113485
7113997
7114509
7115021
7115533
7110926
7111438
7111950
7112462
7112974
7113486
7113998
7114510
7115022
7115534
7110927
7111439
7111951
7112463
7112975
7113487
7113999
7114511
7115023
7115535
7110928
7111440
7111952
7112464
7112976
7113488
7114000
7114512
7115024
7115536
7110929
7111441
7111953
7112465
7112977
7113489
7114001
7114513
7115025
7115537
7117252
7117764
7118276
7118788
7119300
7119812
7120324
7120836
7121348
7121860
7117253
7117765
7118277
7118789
7119301
7119813
7120325
7120837
7121349
7121861
7117254
7117766
7118278
7118790
7119302
7119814
7120326
7120838
7121350
7121862
7117255
7117767
7118279
7118791
7119303
7119815
7120327
7120839
7121351
7121863
7117256
7117768
7118280
7118792
7119304
7119816
7120328
7120840
7121352
7121864
7117257
7117769
7118281
7118793
7119305
7119817
7120329
7120841
7121353
7121865
7117258
7117770
7118282
7118794
7119306
7119818
7120330
7120842
7121354
7121866
7117259
7117771
7118283
7118795
7119307
7119819
7120331
7120843
7121355
7121867
7117260
7117772
7118284
7118796
7119308
7119820
7120332
7120844
7121356
7121868
7117261
7117773
7118285
7118797
7119309
7119821
7120333
7120845
7121357
7121869
6850936
6851448
6851960
6852472
6852984
6853496
6854008
6854520
6855032
6855544
6850937
6851449
6851961
6852473
6852985
6853497
6854009
6854521
6855033
6855545
6850938
6851450
6851962
6852474
6852986
6853498
6854010
6854522
6855034
6855546
6850939
6851451
6851963
6852475
6852987
6853499
6854011
6854523
6855035
6855547
6850940
6851452
6851964
6852476
6852988
6853500
6854012
6854524
6855036
6855548
6850941
6851453
6851965
6852477
6852989
6853501
6854013
6854525
6855037
6855549
6850942
6851454
6851966
6852478
6852990
6853502
6854014
6854526
6855038
6855550
6850943
6851455
6851967
6852479
6852991
6853503
6854015
6854527
6855039
6855551
6850944
6851456
6851968
6852480
6852992
6853504
6854016
6854528
6855040
6855552
6850945
6851457
6851969
6852481
6852993
6853505
6854017
6854529
6855041
6855553
10920291
10920803
10921315
10921827
10922339
10922851
10923363
10923875
10924387
10924899
10920292
10920804
10921316
10921828
10922340
10922852
10923364
10923876
10924388
10924900
10920293
10920805
10921317
10921829
10922341
10922853
10923365
10923877
10924389
10924901
10920294
10920806
10921318
10921830
10922342
10922854
10923366
10923878
10924390
10924902
10920295
10920807
10921319
10921831
10922343
10922855
10923367
10923879
10924391
10924903
10920296
10920808
10921320
10921832
10922344
10922856
10923368
10923880
10924392
10924904
10920297
10920809
10921321
10921833
10922345
10922857
10923369
10923881
10924393
10924905
10920298
10920810
10921322
10921834
10922346
10922858
10923370
10923882
10924394
10924906
10920299
10920811
10921323
10921835
10922347
10922859
10923371
10923883
10924395
10924907
10920300
10920812
10921324
10921836
10922348
10922860
10923372
10923884
10924396
10924908
1074314
1074826
1075338
1075850
1076362
1076874
1077386
1077898
1078410
1078922
1074315
1074827
1075339
1075851
1076363
1076875
1077387
1077899
1078411
1078923
1074316
1074828
1075340
1075852
1076364
1076876
1077388
1077900
1078412
1078924
1074317
1074829
1075341
1075853
1076365
1076877
1077389
1077901
1078413
1078925
1074318
1074830
1075342
1075854
1076366
1076878
1077390
1077902
1078414
1078926
1074319
1074831
1075343
1075855
1076367
1076879
1077391
1077903
1078415
1078927
1074320
1074832
1075344
1075856
1076368
1076880
1077392
1077904
1078416
1078928
1074321
1074833
1075345
1075857
1076369
1076881
1077393
1077905
1078417
1078929
1074322
1074834
1075346
1075858
1076370
1076882
1077394
1077906
1078418
1078930
1074323
1074835
1075347
1075859
1076371
1076883
1077395
1077907
1078419
1078931
