16090305
16090817
16091329
16091841
16092353
16092865
16093377
16093889
16094401
16094913
16090306
16090818
16091330
16091842
16092354
16092866
16093378
16093890
16094402
16094914
16090307
16090819
16091331
16091843
16092355
16092867
16093379
16093891
16094403
16094915
16090308
16090820
16091332
16091844
16092356
16092868
16093380
16093892
16094404
16094916
16090309
16090821
16091333
16091845
16092357
16092869
16093381
16093893
16094405
16094917
16090310
16090822
16091334
16091846
16092358
16092870
16093382
16093894
16094406
16094918
16090311
16090823
16091335
16091847
16092359
16092871
16093383
16093895
16094407
16094919
16090312
16090824
16091336
16091848
16092360
16092872
16093384
16093896
16094408
16094920
16090313
16090825
16091337
16091849
16092361
16092873
16093385
16093897
16094409
16094921
16090314
16090826
16091338
16091850
16092362
16092874
16093386
16093898
16094410
16094922
16135853
16136365
16136877
16137389
16137901
16138413
16138925
16139437
16139949
16140461
16135854
16136366
16136878
16137390
16137902
16138414
16138926
16139438
16139950
16140462
16135855
16136367
16136879
16137391
16137903
16138415
16138927
16139439
16139951
16140463
16135856
16136368
16136880
16137392
16137904
16138416
16138928
16139440
16139952
16140464
16135857
16136369
16136881
16137393
16137905
16138417
16138929
16139441
16139953
16140465
16135858
16136370
16136882
16137394
16137906
16138418
16138930
16139442
16139954
16140466
16135859
16136371
16136883
16137395
16137907
16138419
16138931
16139443
16139955
16140467
16135860
16136372
16136884
16137396
16137908
16138420
16138932
16139444
16139956
16140468
16135861
16136373
16136885
16137397
16137909
16138421
16138933
16139445
16139957
16140469
16135862
16136374
16136886
16137398
16137910
16138422
16138934
16139446
16139958
16140470
14279879
14280391
14280903
14281415
14281927
14282439
14282951
14283463
14283975
14284487
14279880
14280392
14280904
14281416
14281928
14282440
14282952
14283464
14283976
14284488
14279881
14280393
14280905
14281417
14281929
14282441
14282953
14283465
14283977
14284489
14279882
14280394
14280906
14281418
14281930
14282442
14282954
14283466
14283978
14284490
14279883
14280395
14280907
14281419
14281931
14282443
14282955
14283467
14283979
14284491
14279884
14280396
14280908
14281420
14281932
14282444
14282956
14283468
14283980
14284492
14279885
14280397
14280909
14281421
14281933
14282445
14282957
14283469
14283981
14284493
14279886
14280398
14280910
14281422
14281934
14282446
14282958
14283470
14283982
14284494
14279887
14280399
14280911
14281423
14281935
14282447
14282959
14283471
14283983
14284495
14279888
14280400
14280912
14281424
14281936
14282448
14282960
14283472
14283984
14284496
14792928
14793440
14793952
14794464
14794976
14795488
14796000
14796512
14797024
14797536
14792929
14793441
14793953
14794465
14794977
14795489
14796001
14796513
14797025
14797537
14792930
14793442
14793954
14794466
14794978
14795490
14796002
14796514
14797026
14797538
14792931
14793443
14793955
14794467
14794979
14795491
14796003
14796515
14797027
14797539
14792932
14793444
14793956
14794468
14794980
14795492
14796004
14796516
14797028
14797540
14792933
14793445
14793957
14794469
14794981
14795493
14796005
14796517
14797029
14797541
14792934
14793446
14793958
14794470
14794982
14795494
14796006
14796518
14797030
14797542
14792935
14793447
14793959
14794471
14794983
14795495
14796007
14796519
14797031
14797543
14792936
14793448
14793960
14794472
14794984
14795496
14796008
14796520
14797032
14797544
14792937
14793449
14793961
14794473
14794985
14795497
14796009
14796521
14797033
14797545
15589573
15590085
15590597
15591109
15591621
15592133
15592645
15593157
15593669
15594181
15589574
15590086
15590598
15591110
15591622
15592134
15592646
15593158
15593670
15594182
15589575
15590087
15590599
15591111
15591623
15592135
15592647
15593159
15593671
15594183
15589576
15590088
15590600
15591112
15591624
15592136
15592648
15593160
15593672
15594184
15589577
15590089
15590601
15591113
15591625
15592137
15592649
15593161
15593673
15594185
15589578
15590090
15590602
15591114
15591626
15592138
15592650
15593162
15593674
15594186
15589579
15590091
15590603
15591115
15591627
15592139
15592651
15593163
15593675
15594187
15589580
15590092
15590604
15591116
15591628
15592140
15592652
15593164
15593676
15594188
15589581
15590093
15590605
15591117
15591629
15592141
15592653
15593165
15593677
15594189
15589582
15590094
15590606
15591118
15591630
15592142
15592654
15593166
15593678
15594190
9765126
9765638
9766150
9766662
9767174
9767686
9768198
9768710
9769222
9769734
9765127
9765639
9766151
9766663
9767175
9767687
9768199
9768711
9769223
9769735
9765128
9765640
9766152
9766664
9767176
9767688
9768200
9768712
9769224
9769736
9765129
9765641
9766153
9766665
9767177
9767689
9768201
9768713
9769225
9769737
9765130
9765642
9766154
9766666
9767178
9767690
9768202
9768714
9769226
9769738
9765131
9765643
9766155
9766667
9767179
9767691
9768203
9768715
9769227
9769739
9765132
9765644
9766156
9766668
9767180
9767692
9768204
9768716
9769228
9769740
9765133
9765645
9766157
9766669
9767181
9767693
9768205
9768717
9769229
9769741
9765134
9765646
9766158
9766670
9767182
9767694
9768206
9768718
9769230
9769742
9765135
9765647
9766159
9766671
9767183
9767695
9768207
9768719
9769231
9769743
15792363
15792875
15793387
15793899
15794411
15794923
15795435
15795947
15796459
15796971
15792364
15792876
15793388
15793900
15794412
15794924
15795436
15795948
15796460
15796972
15792365
15792877
15793389
15793901
15794413
15794925
15795437
15795949
15796461
15796973
15792366
15792878
15793390
15793902
15794414
15794926
15795438
15795950
15796462
15796974
15792367
15792879
15793391
15793903
15794415
15794927
15795439
15795951
15796463
15796975
15792368
15792880
15793392
15793904
15794416
15794928
15795440
15795952
15796464
15796976
15792369
15792881
15793393
15793905
15794417
15794929
15795441
15795953
15796465
15796977
15792370
15792882
15793394
15793906
15794418
15794930
15795442
15795954
15796466
15796978
15792371
15792883
15793395
15793907
15794419
15794931
15795443
15795955
15796467
15796979
15792372
15792884
15793396
15793908
15794420
15794932
15795444
15795956
15796468
15796980
13726485
13726997
13727509
13728021
13728533
13729045
13729557
13730069
13730581
13731093
13726486
13726998
13727510
13728022
13728534
13729046
13729558
13730070
13730582
13731094
13726487
13726999
13727511
13728023
13728535
13729047
13729559
13730071
13730583
13731095
13726488
13727000
13727512
13728024
13728536
13729048
13729560
13730072
13730584
13731096
13726489
13727001
13727513
13728025
13728537
13729049
13729561
13730073
13730585
13731097
13726490
13727002
13727514
13728026
13728538
13729050
13729562
13730074
13730586
13731098
13726491
13727003
13727515
13728027
13728539
13729051
13729563
13730075
13730587
13731099
13726492
13727004
13727516
13728028
13728540
13729052
13729564
13730076
13730588
13731100
13726493
13727005
13727517
13728029
13728541
13729053
13729565
13730077
13730589
13731101
13726494
13727006
13727518
13728030
13728542
13729054
13729566
13730078
13730590
13731102
13198515
13199027
13199539
13200051
13200563
13201075
13201587
13202099
13202611
13203123
13198516
13199028
13199540
13200052
13200564
13201076
13201588
13202100
13202612
13203124
13198517
13199029
13199541
13200053
13200565
13201077
13201589
13202101
13202613
13203125
13198518
13199030
13199542
13200054
13200566
13201078
13201590
13202102
13202614
13203126
13198519
13199031
13199543
13200055
13200567
13201079
13201591
13202103
13202615
13203127
13198520
13199032
13199544
13200056
13200568
13201080
13201592
13202104
13202616
13203128
13198521
13199033
13199545
13200057
13200569
13201081
13201593
13202105
13202617
13203129
13198522
13199034
13199546
13200058
13200570
13201082
13201594
13202106
13202618
13203130
13198523
13199035
13199547
13200059
13200571
13201083
13201595
13202107
13202619
13203131
13198524
13199036
13199548
13200060
13200572
13201084
13201596
13202108
13202620
13203132
10291432
10291944
10292456
10292968
10293480
10293992
10294504
10295016
10295528
10296040
10291433
10291945
10292457
10292969
10293481
10293993
10294505
10295017
10295529
10296041
10291434
10291946
10292458
10292970
10293482
10293994
10294506
10295018
10295530
10296042
10291435
10291947
10292459
10292971
10293483
10293995
10294507
10295019
10295531
10296043
10291436
10291948
10292460
10292972
10293484
10293996
10294508
10295020
10295532
10296044
10291437
10291949
10292461
10292973
10293485
10293997
10294509
10295021
10295533
10296045
10291438
10291950
10292462
10292974
10293486
10293998
10294510
10295022
10295534
10296046
10291439
10291951
10292463
10292975
10293487
10293999
10294511
10295023
10295535
10296047
10291440
10291952
10292464
10292976
10293488
10294000
10294512
10295024
10295536
10296048
10291441
10291953
10292465
10292977
10293489
10294001
10294513
10295025
10295537
10296049
14505200
14505712
14506224
14506736
14507248
14507760
14508272
14508784
14509296
14509808
14505201
14505713
14506225
14506737
14507249
14507761
14508273
14508785
14509297
14509809
14505202
14505714
14506226
14506738
14507250
14507762
14508274
14508786
14509298
14509810
14505203
14505715
14506227
14506739
14507251
14507763
14508275
14508787
14509299
14509811
14505204
14505716
14506228
14506740
14507252
14507764
14508276
14508788
14509300
14509812
14505205
14505717
14506229
14506741
14507253
14507765
14508277
14508789
14509301
14509813
14505206
14505718
14506230
14506742
14507254
14507766
14508278
14508790
14509302
14509814
14505207
14505719
14506231
14506743
14507255
14507767
14508279
14508791
14509303
14509815
14505208
14505720
14506232
14506744
14507256
14507768
14508280
14508792
14509304
14509816
14505209
14505721
14506233
14506745
14507257
14507769
14508281
14508793
14509305
14509817
12390168
12390680
12391192
12391704
12392216
12392728
12393240
12393752
12394264
12394776
12390169
12390681
12391193
12391705
12392217
12392729
12393241
12393753
12394265
12394777
12390170
12390682
12391194
12391706
12392218
12392730
12393242
12393754
12394266
12394778
12390171
12390683
12391195
12391707
12392219
12392731
12393243
12393755
12394267
12394779
12390172
12390684
12391196
12391708
12392220
12392732
12393244
12393756
12394268
12394780
12390173
12390685
12391197
12391709
12392221
12392733
12393245
12393757
12394269
12394781
12390174
12390686
12391198
12391710
12392222
12392734
12393246
12393758
12394270
12394782
12390175
12390687
12391199
12391711
12392223
12392735
12393247
12393759
12394271
12394783
12390176
12390688
12391200
12391712
12392224
12392736
12393248
12393760
12394272
12394784
12390177
12390689
12391201
12391713
12392225
12392737
12393249
12393761
12394273
12394785
17931992
17932504
17933016
17933528
17934040
17934552
17935064
17935576
17936088
17936600
17931993
17932505
17933017
17933529
17934041
17934553
17935065
17935577
17936089
17936601
17931994
17932506
17933018
17933530
17934042
17934554
17935066
17935578
17936090
17936602
17931995
17932507
17933019
17933531
17934043
17934555
17935067
17935579
17936091
17936603
17931996
17932508
17933020
17933532
17934044
17934556
17935068
17935580
17936092
17936604
17931997
17932509
17933021
17933533
17934045
17934557
17935069
17935581
17936093
17936605
17931998
17932510
17933022
17933534
17934046
17934558
17935070
17935582
17936094
17936606
17931999
17932511
17933023
17933535
17934047
17934559
17935071
17935583
17936095
17936607
17932000
17932512
17933024
17933536
17934048
17934560
17935072
17935584
17936096
17936608
17932001
17932513
17933025
17933537
17934049
17934561
17935073
17935585
17936097
17936609
14027978
14028490
14029002
14029514
14030026
14030538
14031050
14031562
14032074
14032586
14027979
14028491
14029003
14029515
14030027
14030539
14031051
14031563
14032075
14032587
14027980
14028492
14029004
14029516
14030028
14030540
14031052
14031564
14032076
14032588
14027981
14028493
14029005
14029517
14030029
14030541
14031053
14031565
14032077
14032589
14027982
14028494
14029006
14029518
14030030
14030542
14031054
14031566
14032078
14032590
14027983
14028495
14029007
14029519
14030031
14030543
14031055
14031567
14032079
14032591
14027984
14028496
14029008
14029520
14030032
14030544
14031056
14031568
14032080
14032592
14027985
14028497
14029009
14029521
14030033
14030545
14031057
14031569
14032081
14032593
14027986
14028498
14029010
14029522
14030034
14030546
14031058
14031570
14032082
14032594
14027987
14028499
14029011
14029523
14030035
14030547
14031059
14031571
14032083
14032595
16424691
16425203
16425715
16426227
16426739
16427251
16427763
16428275
16428787
16429299
16424692
16425204
16425716
16426228
16426740
16427252
16427764
16428276
16428788
16429300
16424693
16425205
16425717
16426229
16426741
16427253
16427765
16428277
16428789
16429301
16424694
16425206
16425718
16426230
16426742
16427254
16427766
16428278
16428790
16429302
16424695
16425207
16425719
16426231
16426743
16427255
16427767
16428279
16428791
16429303
16424696
16425208
16425720
16426232
16426744
16427256
16427768
16428280
16428792
16429304
16424697
16425209
16425721
16426233
16426745
16427257
16427769
16428281
16428793
16429305
16424698
16425210
16425722
16426234
16426746
16427258
16427770
16428282
16428794
16429306
16424699
16425211
16425723
16426235
16426747
16427259
16427771
16428283
16428795
16429307
16424700
16425212
16425724
16426236
16426748
16427260
16427772
16428284
16428796
16429308
13714111
13714623
13715135
13715647
13716159
13716671
13717183
13717695
13718207
13718719
13714112
13714624
13715136
13715648
13716160
13716672
13717184
13717696
13718208
13718720
13714113
13714625
13715137
13715649
13716161
13716673
13717185
13717697
13718209
13718721
13714114
13714626
13715138
13715650
13716162
13716674
13717186
13717698
13718210
13718722
13714115
13714627
13715139
13715651
13716163
13716675
13717187
13717699
13718211
13718723
13714116
13714628
13715140
13715652
13716164
13716676
13717188
13717700
13718212
13718724
13714117
13714629
13715141
13715653
13716165
13716677
13717189
13717701
13718213
13718725
13714118
13714630
13715142
13715654
13716166
13716678
13717190
13717702
13718214
13718726
13714119
13714631
13715143
13715655
13716167
13716679
13717191
13717703
13718215
13718727
13714120
13714632
13715144
13715656
13716168
13716680
13717192
13717704
13718216
13718728
12662100
12662612
12663124
12663636
12664148
12664660
12665172
12665684
12666196
12666708
12662101
12662613
12663125
12663637
12664149
12664661
12665173
12665685
12666197
12666709
12662102
12662614
12663126
12663638
12664150
12664662
12665174
12665686
12666198
12666710
12662103
12662615
12663127
12663639
12664151
12664663
12665175
12665687
12666199
12666711
12662104
12662616
12663128
12663640
12664152
12664664
12665176
12665688
12666200
12666712
12662105
12662617
12663129
12663641
12664153
12664665
12665177
12665689
12666201
12666713
12662106
12662618
12663130
12663642
12664154
12664666
12665178
12665690
12666202
12666714
12662107
12662619
12663131
12663643
12664155
12664667
12665179
12665691
12666203
12666715
12662108
12662620
12663132
12663644
12664156
12664668
12665180
12665692
12666204
12666716
12662109
12662621
12663133
12663645
12664157
12664669
12665181
12665693
12666205
12666717
13984992
13985504
13986016
13986528
13987040
13987552
13988064
13988576
13989088
13989600
13984993
13985505
13986017
13986529
13987041
13987553
13988065
13988577
13989089
13989601
13984994
13985506
13986018
13986530
13987042
13987554
13988066
13988578
13989090
13989602
13984995
13985507
13986019
13986531
13987043
13987555
13988067
13988579
13989091
13989603
13984996
13985508
13986020
13986532
13987044
13987556
13988068
13988580
13989092
13989604
13984997
13985509
13986021
13986533
13987045
13987557
13988069
13988581
13989093
13989605
13984998
13985510
13986022
13986534
13987046
13987558
13988070
13988582
13989094
13989606
13984999
13985511
13986023
13986535
13987047
13987559
13988071
13988583
13989095
13989607
13985000
13985512
13986024
13986536
13987048
13987560
13988072
13988584
13989096
13989608
13985001
13985513
13986025
13986537
13987049
13987561
13988073
13988585
13989097
13989609
13510311
13510823
13511335
13511847
13512359
13512871
13513383
13513895
13514407
13514919
13510312
13510824
13511336
13511848
13512360
13512872
13513384
13513896
13514408
13514920
13510313
13510825
13511337
13511849
13512361
13512873
13513385
13513897
13514409
13514921
13510314
13510826
13511338
13511850
13512362
13512874
13513386
13513898
13514410
13514922
13510315
13510827
13511339
13511851
13512363
13512875
13513387
13513899
13514411
13514923
13510316
13510828
13511340
13511852
13512364
13512876
13513388
13513900
13514412
13514924
13510317
13510829
13511341
13511853
13512365
13512877
13513389
13513901
13514413
13514925
13510318
13510830
13511342
13511854
13512366
13512878
13513390
13513902
13514414
13514926
13510319
13510831
13511343
13511855
13512367
13512879
13513391
13513903
13514415
13514927
13510320
13510832
13511344
13511856
13512368
13512880
13513392
13513904
13514416
13514928
14045861
14046373
14046885
14047397
14047909
14048421
14048933
14049445
14049957
14050469
14045862
14046374
14046886
14047398
14047910
14048422
14048934
14049446
14049958
14050470
14045863
14046375
14046887
14047399
14047911
14048423
14048935
14049447
14049959
14050471
14045864
14046376
14046888
14047400
14047912
14048424
14048936
14049448
14049960
14050472
14045865
14046377
14046889
14047401
14047913
14048425
14048937
14049449
14049961
14050473
14045866
14046378
14046890
14047402
14047914
14048426
14048938
14049450
14049962
14050474
14045867
14046379
14046891
14047403
14047915
14048427
14048939
14049451
14049963
14050475
14045868
14046380
14046892
14047404
14047916
14048428
14048940
14049452
14049964
14050476
14045869
14046381
14046893
14047405
14047917
14048429
14048941
14049453
14049965
14050477
14045870
14046382
14046894
14047406
14047918
14048430
14048942
14049454
14049966
14050478
15290673
15291185
15291697
15292209
15292721
15293233
15293745
15294257
15294769
15295281
15290674
15291186
15291698
15292210
15292722
15293234
15293746
15294258
15294770
15295282
15290675
15291187
15291699
15292211
15292723
15293235
15293747
15294259
15294771
15295283
15290676
15291188
15291700
15292212
15292724
15293236
15293748
15294260
15294772
15295284
15290677
15291189
15291701
15292213
15292725
15293237
15293749
15294261
15294773
15295285
15290678
15291190
15291702
15292214
15292726
15293238
15293750
15294262
15294774
15295286
15290679
15291191
15291703
15292215
15292727
15293239
15293751
15294263
15294775
15295287
15290680
15291192
15291704
15292216
15292728
15293240
15293752
15294264
15294776
15295288
15290681
15291193
15291705
15292217
15292729
15293241
15293753
15294265
15294777
15295289
15290682
15291194
15291706
15292218
15292730
15293242
15293754
15294266
15294778
15295290
11852557
11853069
11853581
11854093
11854605
11855117
11855629
11856141
11856653
11857165
11852558
11853070
11853582
11854094
11854606
11855118
11855630
11856142
11856654
11857166
11852559
11853071
11853583
11854095
11854607
11855119
11855631
11856143
11856655
11857167
11852560
11853072
11853584
11854096
11854608
11855120
11855632
11856144
11856656
11857168
11852561
11853073
11853585
11854097
11854609
11855121
11855633
11856145
11856657
11857169
11852562
11853074
11853586
11854098
11854610
11855122
11855634
11856146
11856658
11857170
11852563
11853075
11853587
11854099
11854611
11855123
11855635
11856147
11856659
11857171
11852564
11853076
11853588
11854100
11854612
11855124
11855636
11856148
11856660
11857172
11852565
11853077
11853589
11854101
11854613
11855125
11855637
11856149
11856661
11857173
11852566
11853078
11853590
11854102
11854614
11855126
11855638
11856150
11856662
11857174
16867052
16867564
16868076
16868588
16869100
16869612
16870124
16870636
16871148
16871660
16867053
16867565
16868077
16868589
16869101
16869613
16870125
16870637
16871149
16871661
16867054
16867566
16868078
16868590
16869102
16869614
16870126
16870638
16871150
16871662
16867055
16867567
16868079
16868591
16869103
16869615
16870127
16870639
16871151
16871663
16867056
16867568
16868080
16868592
16869104
16869616
16870128
16870640
16871152
16871664
16867057
16867569
16868081
16868593
16869105
16869617
16870129
16870641
16871153
16871665
16867058
16867570
16868082
16868594
16869106
16869618
16870130
16870642
16871154
16871666
16867059
16867571
16868083
16868595
16869107
16869619
16870131
16870643
16871155
16871667
16867060
16867572
16868084
16868596
16869108
16869620
16870132
16870644
16871156
16871668
16867061
16867573
16868085
16868597
16869109
16869621
16870133
16870645
16871157
16871669
16865064
16865576
16866088
16866600
16867112
16867624
16868136
16868648
16869160
16869672
16865065
16865577
16866089
16866601
16867113
16867625
16868137
16868649
16869161
16869673
16865066
16865578
16866090
16866602
16867114
16867626
16868138
16868650
16869162
16869674
16865067
16865579
16866091
16866603
16867115
16867627
16868139
16868651
16869163
16869675
16865068
16865580
16866092
16866604
16867116
16867628
16868140
16868652
16869164
16869676
16865069
16865581
16866093
16866605
16867117
16867629
16868141
16868653
16869165
16869677
16865070
16865582
16866094
16866606
16867118
16867630
16868142
16868654
16869166
16869678
16865071
16865583
16866095
16866607
16867119
16867631
16868143
16868655
16869167
16869679
16865072
16865584
16866096
16866608
16867120
16867632
16868144
16868656
16869168
16869680
16865073
16865585
16866097
16866609
16867121
16867633
16868145
16868657
16869169
16869681
15588065
15588577
15589089
15589601
15590113
15590625
15591137
15591649
15592161
15592673
15588066
15588578
15589090
15589602
15590114
15590626
15591138
15591650
15592162
15592674
15588067
15588579
15589091
15589603
15590115
15590627
15591139
15591651
15592163
15592675
15588068
15588580
15589092
15589604
15590116
15590628
15591140
15591652
15592164
15592676
15588069
15588581
15589093
15589605
15590117
15590629
15591141
15591653
15592165
15592677
15588070
15588582
15589094
15589606
15590118
15590630
15591142
15591654
15592166
15592678
15588071
15588583
15589095
15589607
15590119
15590631
15591143
15591655
15592167
15592679
15588072
15588584
15589096
15589608
15590120
15590632
15591144
15591656
15592168
15592680
15588073
15588585
15589097
15589609
15590121
15590633
15591145
15591657
15592169
15592681
15588074
15588586
15589098
15589610
15590122
15590634
15591146
15591658
15592170
15592682
13204271
13204783
13205295
13205807
13206319
13206831
13207343
13207855
13208367
13208879
13204272
13204784
13205296
13205808
13206320
13206832
13207344
13207856
13208368
13208880
13204273
13204785
13205297
13205809
13206321
13206833
13207345
13207857
13208369
13208881
13204274
13204786
13205298
13205810
13206322
13206834
13207346
13207858
13208370
13208882
13204275
13204787
13205299
13205811
13206323
13206835
13207347
13207859
13208371
13208883
13204276
13204788
13205300
13205812
13206324
13206836
13207348
13207860
13208372
13208884
13204277
13204789
13205301
13205813
13206325
13206837
13207349
13207861
13208373
13208885
13204278
13204790
13205302
13205814
13206326
13206838
13207350
13207862
13208374
13208886
13204279
13204791
13205303
13205815
13206327
13206839
13207351
13207863
13208375
13208887
13204280
13204792
13205304
13205816
13206328
13206840
13207352
13207864
13208376
13208888
16364730
16365242
16365754
16366266
16366778
16367290
16367802
16368314
16368826
16369338
16364731
16365243
16365755
16366267
16366779
16367291
16367803
16368315
16368827
16369339
16364732
16365244
16365756
16366268
16366780
16367292
16367804
16368316
16368828
16369340
16364733
16365245
16365757
16366269
16366781
16367293
16367805
16368317
16368829
16369341
16364734
16365246
16365758
16366270
16366782
16367294
16367806
16368318
16368830
16369342
16364735
16365247
16365759
16366271
16366783
16367295
16367807
16368319
16368831
16369343
16364736
16365248
16365760
16366272
16366784
16367296
16367808
16368320
16368832
16369344
16364737
16365249
16365761
16366273
16366785
16367297
16367809
16368321
16368833
16369345
16364738
16365250
16365762
16366274
16366786
16367298
16367810
16368322
16368834
16369346
16364739
16365251
16365763
16366275
16366787
16367299
16367811
16368323
16368835
16369347
13205274
13205786
13206298
13206810
13207322
13207834
13208346
13208858
13209370
13209882
13205275
13205787
13206299
13206811
13207323
13207835
13208347
13208859
13209371
13209883
13205276
13205788
13206300
13206812
13207324
13207836
13208348
13208860
13209372
13209884
13205277
13205789
13206301
13206813
13207325
13207837
13208349
13208861
13209373
13209885
13205278
13205790
13206302
13206814
13207326
13207838
13208350
13208862
13209374
13209886
13205279
13205791
13206303
13206815
13207327
13207839
13208351
13208863
13209375
13209887
13205280
13205792
13206304
13206816
13207328
13207840
13208352
13208864
13209376
13209888
13205281
13205793
13206305
13206817
13207329
13207841
13208353
13208865
13209377
13209889
13205282
13205794
13206306
13206818
13207330
13207842
13208354
13208866
13209378
13209890
13205283
13205795
13206307
13206819
13207331
13207843
13208355
13208867
13209379
13209891
11067150
11067662
11068174
11068686
11069198
11069710
11070222
11070734
11071246
11071758
11067151
11067663
11068175
11068687
11069199
11069711
11070223
11070735
11071247
11071759
11067152
11067664
11068176
11068688
11069200
11069712
11070224
11070736
11071248
11071760
11067153
11067665
11068177
11068689
11069201
11069713
11070225
11070737
11071249
11071761
11067154
11067666
11068178
11068690
11069202
11069714
11070226
11070738
11071250
11071762
11067155
11067667
11068179
11068691
11069203
11069715
11070227
11070739
11071251
11071763
11067156
11067668
11068180
11068692
11069204
11069716
11070228
11070740
11071252
11071764
11067157
11067669
11068181
11068693
11069205
11069717
11070229
11070741
11071253
11071765
11067158
11067670
11068182
11068694
11069206
11069718
11070230
11070742
11071254
11071766
11067159
11067671
11068183
11068695
11069207
11069719
11070231
11070743
11071255
11071767
15077540
15078052
15078564
15079076
15079588
15080100
15080612
15081124
15081636
15082148
15077541
15078053
15078565
15079077
15079589
15080101
15080613
15081125
15081637
15082149
15077542
15078054
15078566
15079078
15079590
15080102
15080614
15081126
15081638
15082150
15077543
15078055
15078567
15079079
15079591
15080103
15080615
15081127
15081639
15082151
15077544
15078056
15078568
15079080
15079592
15080104
15080616
15081128
15081640
15082152
15077545
15078057
15078569
15079081
15079593
15080105
15080617
15081129
15081641
15082153
15077546
15078058
15078570
15079082
15079594
15080106
15080618
15081130
15081642
15082154
15077547
15078059
15078571
15079083
15079595
15080107
15080619
15081131
15081643
15082155
15077548
15078060
15078572
15079084
15079596
15080108
15080620
15081132
15081644
15082156
15077549
15078061
15078573
15079085
15079597
15080109
15080621
15081133
15081645
15082157
