13161084
13161596
13162108
13162620
13163132
13163644
13164156
13164668
13165180
13165692
13161085
13161597
13162109
13162621
13163133
13163645
13164157
13164669
13165181
13165693
13161086
13161598
13162110
13162622
13163134
13163646
13164158
13164670
13165182
13165694
13161087
13161599
13162111
13162623
13163135
13163647
13164159
13164671
13165183
13165695
13161088
13161600
13162112
13162624
13163136
13163648
13164160
13164672
13165184
13165696
13161089
13161601
13162113
13162625
13163137
13163649
13164161
13164673
13165185
13165697
13161090
13161602
13162114
13162626
13163138
13163650
13164162
13164674
13165186
13165698
13161091
13161603
13162115
13162627
13163139
13163651
13164163
13164675
13165187
13165699
13161092
13161604
13162116
13162628
13163140
13163652
13164164
13164676
13165188
13165700
13161093
13161605
13162117
13162629
13163141
13163653
13164165
13164677
13165189
13165701
17395533
17396045
17396557
17397069
17397581
17398093
17398605
17399117
17399629
17400141
17395534
17396046
17396558
17397070
17397582
17398094
17398606
17399118
17399630
17400142
17395535
17396047
17396559
17397071
17397583
17398095
17398607
17399119
17399631
17400143
17395536
17396048
17396560
17397072
17397584
17398096
17398608
17399120
17399632
17400144
17395537
17396049
17396561
17397073
17397585
17398097
17398609
17399121
17399633
17400145
17395538
17396050
17396562
17397074
17397586
17398098
17398610
17399122
17399634
17400146
17395539
17396051
17396563
17397075
17397587
17398099
17398611
17399123
17399635
17400147
17395540
17396052
17396564
17397076
17397588
17398100
17398612
17399124
17399636
17400148
17395541
17396053
17396565
17397077
17397589
17398101
17398613
17399125
17399637
17400149
17395542
17396054
17396566
17397078
17397590
17398102
17398614
17399126
17399638
17400150
29947278
29947790
29948302
29948814
29949326
29949838
29950350
29950862
29951374
29951886
29947279
29947791
29948303
29948815
29949327
29949839
29950351
29950863
29951375
29951887
29947280
29947792
29948304
29948816
29949328
29949840
29950352
29950864
29951376
29951888
29947281
29947793
29948305
29948817
29949329
29949841
29950353
29950865
29951377
29951889
29947282
29947794
29948306
29948818
29949330
29949842
29950354
29950866
29951378
29951890
29947283
29947795
29948307
29948819
29949331
29949843
29950355
29950867
29951379
29951891
29947284
29947796
29948308
29948820
29949332
29949844
29950356
29950868
29951380
29951892
29947285
29947797
29948309
29948821
29949333
29949845
29950357
29950869
29951381
29951893
29947286
29947798
29948310
29948822
29949334
29949846
29950358
29950870
29951382
29951894
29947287
29947799
29948311
29948823
29949335
29949847
29950359
29950871
29951383
29951895
10578817
10579329
10579841
10580353
10580865
10581377
10581889
10582401
10582913
10583425
10578818
10579330
10579842
10580354
10580866
10581378
10581890
10582402
10582914
10583426
10578819
10579331
10579843
10580355
10580867
10581379
10581891
10582403
10582915
10583427
10578820
10579332
10579844
10580356
10580868
10581380
10581892
10582404
10582916
10583428
10578821
10579333
10579845
10580357
10580869
10581381
10581893
10582405
10582917
10583429
10578822
10579334
10579846
10580358
10580870
10581382
10581894
10582406
10582918
10583430
10578823
10579335
10579847
10580359
10580871
10581383
10581895
10582407
10582919
10583431
10578824
10579336
10579848
10580360
10580872
10581384
10581896
10582408
10582920
10583432
10578825
10579337
10579849
10580361
10580873
10581385
10581897
10582409
10582921
10583433
10578826
10579338
10579850
10580362
10580874
10581386
10581898
10582410
10582922
10583434
10194591
10195103
10195615
10196127
10196639
10197151
10197663
10198175
10198687
10199199
10194592
10195104
10195616
10196128
10196640
10197152
10197664
10198176
10198688
10199200
10194593
10195105
10195617
10196129
10196641
10197153
10197665
10198177
10198689
10199201
10194594
10195106
10195618
10196130
10196642
10197154
10197666
10198178
10198690
10199202
10194595
10195107
10195619
10196131
10196643
10197155
10197667
10198179
10198691
10199203
10194596
10195108
10195620
10196132
10196644
10197156
10197668
10198180
10198692
10199204
10194597
10195109
10195621
10196133
10196645
10197157
10197669
10198181
10198693
10199205
10194598
10195110
10195622
10196134
10196646
10197158
10197670
10198182
10198694
10199206
10194599
10195111
10195623
10196135
10196647
10197159
10197671
10198183
10198695
10199207
10194600
10195112
10195624
10196136
10196648
10197160
10197672
10198184
10198696
10199208
3267388
3267900
3268412
3268924
3269436
3269948
3270460
3270972
3271484
3271996
3267389
3267901
3268413
3268925
3269437
3269949
3270461
3270973
3271485
3271997
3267390
3267902
3268414
3268926
3269438
3269950
3270462
3270974
3271486
3271998
3267391
3267903
3268415
3268927
3269439
3269951
3270463
3270975
3271487
3271999
3267392
3267904
3268416
3268928
3269440
3269952
3270464
3270976
3271488
3272000
3267393
3267905
3268417
3268929
3269441
3269953
3270465
3270977
3271489
3272001
3267394
3267906
3268418
3268930
3269442
3269954
3270466
3270978
3271490
3272002
3267395
3267907
3268419
3268931
3269443
3269955
3270467
3270979
3271491
3272003
3267396
3267908
3268420
3268932
3269444
3269956
3270468
3270980
3271492
3272004
3267397
3267909
3268421
3268933
3269445
3269957
3270469
3270981
3271493
3272005
22412509
22413021
22413533
22414045
22414557
22415069
22415581
22416093
22416605
22417117
22412510
22413022
22413534
22414046
22414558
22415070
22415582
22416094
22416606
22417118
22412511
22413023
22413535
22414047
22414559
22415071
22415583
22416095
22416607
22417119
22412512
22413024
22413536
22414048
22414560
22415072
22415584
22416096
22416608
22417120
22412513
22413025
22413537
22414049
22414561
22415073
22415585
22416097
22416609
22417121
22412514
22413026
22413538
22414050
22414562
22415074
22415586
22416098
22416610
22417122
22412515
22413027
22413539
22414051
22414563
22415075
22415587
22416099
22416611
22417123
22412516
22413028
22413540
22414052
22414564
22415076
22415588
22416100
22416612
22417124
22412517
22413029
22413541
22414053
22414565
22415077
22415589
22416101
22416613
22417125
22412518
22413030
22413542
22414054
22414566
22415078
22415590
22416102
22416614
22417126
11583889
11584401
11584913
11585425
11585937
11586449
11586961
11587473
11587985
11588497
11583890
11584402
11584914
11585426
11585938
11586450
11586962
11587474
11587986
11588498
11583891
11584403
11584915
11585427
11585939
11586451
11586963
11587475
11587987
11588499
11583892
11584404
11584916
11585428
11585940
11586452
11586964
11587476
11587988
11588500
11583893
11584405
11584917
11585429
11585941
11586453
11586965
11587477
11587989
11588501
11583894
11584406
11584918
11585430
11585942
11586454
11586966
11587478
11587990
11588502
11583895
11584407
11584919
11585431
11585943
11586455
11586967
11587479
11587991
11588503
11583896
11584408
11584920
11585432
11585944
11586456
11586968
11587480
11587992
11588504
11583897
11584409
11584921
11585433
11585945
11586457
11586969
11587481
11587993
11588505
11583898
11584410
11584922
11585434
11585946
11586458
11586970
11587482
11587994
11588506
28911423
28911935
28912447
28912959
28913471
28913983
28914495
28915007
28915519
28916031
28911424
28911936
28912448
28912960
28913472
28913984
28914496
28915008
28915520
28916032
28911425
28911937
28912449
28912961
28913473
28913985
28914497
28915009
28915521
28916033
28911426
28911938
28912450
28912962
28913474
28913986
28914498
28915010
28915522
28916034
28911427
28911939
28912451
28912963
28913475
28913987
28914499
28915011
28915523
28916035
28911428
28911940
28912452
28912964
28913476
28913988
28914500
28915012
28915524
28916036
28911429
28911941
28912453
28912965
28913477
28913989
28914501
28915013
28915525
28916037
28911430
28911942
28912454
28912966
28913478
28913990
28914502
28915014
28915526
28916038
28911431
28911943
28912455
28912967
28913479
28913991
28914503
28915015
28915527
28916039
28911432
28911944
28912456
28912968
28913480
28913992
28914504
28915016
28915528
28916040
21202822
21203334
21203846
21204358
21204870
21205382
21205894
21206406
21206918
21207430
21202823
21203335
21203847
21204359
21204871
21205383
21205895
21206407
21206919
21207431
21202824
21203336
21203848
21204360
21204872
21205384
21205896
21206408
21206920
21207432
21202825
21203337
21203849
21204361
21204873
21205385
21205897
21206409
21206921
21207433
21202826
21203338
21203850
21204362
21204874
21205386
21205898
21206410
21206922
21207434
21202827
21203339
21203851
21204363
21204875
21205387
21205899
21206411
21206923
21207435
21202828
21203340
21203852
21204364
21204876
21205388
21205900
21206412
21206924
21207436
21202829
21203341
21203853
21204365
21204877
21205389
21205901
21206413
21206925
21207437
21202830
21203342
21203854
21204366
21204878
21205390
21205902
21206414
21206926
21207438
21202831
21203343
21203855
21204367
21204879
21205391
21205903
21206415
21206927
21207439
24654191
24654703
24655215
24655727
24656239
24656751
24657263
24657775
24658287
24658799
24654192
24654704
24655216
24655728
24656240
24656752
24657264
24657776
24658288
24658800
24654193
24654705
24655217
24655729
24656241
24656753
24657265
24657777
24658289
24658801
24654194
24654706
24655218
24655730
24656242
24656754
24657266
24657778
24658290
24658802
24654195
24654707
24655219
24655731
24656243
24656755
24657267
24657779
24658291
24658803
24654196
24654708
24655220
24655732
24656244
24656756
24657268
24657780
24658292
24658804
24654197
24654709
24655221
24655733
24656245
24656757
24657269
24657781
24658293
24658805
24654198
24654710
24655222
24655734
24656246
24656758
24657270
24657782
24658294
24658806
24654199
24654711
24655223
24655735
24656247
24656759
24657271
24657783
24658295
24658807
24654200
24654712
24655224
24655736
24656248
24656760
24657272
24657784
24658296
24658808
31513519
31514031
31514543
31515055
31515567
31516079
31516591
31517103
31517615
31518127
31513520
31514032
31514544
31515056
31515568
31516080
31516592
31517104
31517616
31518128
31513521
31514033
31514545
31515057
31515569
31516081
31516593
31517105
31517617
31518129
31513522
31514034
31514546
31515058
31515570
31516082
31516594
31517106
31517618
31518130
31513523
31514035
31514547
31515059
31515571
31516083
31516595
31517107
31517619
31518131
31513524
31514036
31514548
31515060
31515572
31516084
31516596
31517108
31517620
31518132
31513525
31514037
31514549
31515061
31515573
31516085
31516597
31517109
31517621
31518133
31513526
31514038
31514550
31515062
31515574
31516086
31516598
31517110
31517622
31518134
31513527
31514039
31514551
31515063
31515575
31516087
31516599
31517111
31517623
31518135
31513528
31514040
31514552
31515064
31515576
31516088
31516600
31517112
31517624
31518136
29546141
29546653
29547165
29547677
29548189
29548701
29549213
29549725
29550237
29550749
29546142
29546654
29547166
29547678
29548190
29548702
29549214
29549726
29550238
29550750
29546143
29546655
29547167
29547679
29548191
29548703
29549215
29549727
29550239
29550751
29546144
29546656
29547168
29547680
29548192
29548704
29549216
29549728
29550240
29550752
29546145
29546657
29547169
29547681
29548193
29548705
29549217
29549729
29550241
29550753
29546146
29546658
29547170
29547682
29548194
29548706
29549218
29549730
29550242
29550754
29546147
29546659
29547171
29547683
29548195
29548707
29549219
29549731
29550243
29550755
29546148
29546660
29547172
29547684
29548196
29548708
29549220
29549732
29550244
29550756
29546149
29546661
29547173
29547685
29548197
29548709
29549221
29549733
29550245
29550757
29546150
29546662
29547174
29547686
29548198
29548710
29549222
29549734
29550246
29550758
24632742
24633254
24633766
24634278
24634790
24635302
24635814
24636326
24636838
24637350
24632743
24633255
24633767
24634279
24634791
24635303
24635815
24636327
24636839
24637351
24632744
24633256
24633768
24634280
24634792
24635304
24635816
24636328
24636840
24637352
24632745
24633257
24633769
24634281
24634793
24635305
24635817
24636329
24636841
24637353
24632746
24633258
24633770
24634282
24634794
24635306
24635818
24636330
24636842
24637354
24632747
24633259
24633771
24634283
24634795
24635307
24635819
24636331
24636843
24637355
24632748
24633260
24633772
24634284
24634796
24635308
24635820
24636332
24636844
24637356
24632749
24633261
24633773
24634285
24634797
24635309
24635821
24636333
24636845
24637357
24632750
24633262
24633774
24634286
24634798
24635310
24635822
24636334
24636846
24637358
24632751
24633263
24633775
24634287
24634799
24635311
24635823
24636335
24636847
24637359
7072734
7073246
7073758
7074270
7074782
7075294
7075806
7076318
7076830
7077342
7072735
7073247
7073759
7074271
7074783
7075295
7075807
7076319
7076831
7077343
7072736
7073248
7073760
7074272
7074784
7075296
7075808
7076320
7076832
7077344
7072737
7073249
7073761
7074273
7074785
7075297
7075809
7076321
7076833
7077345
7072738
7073250
7073762
7074274
7074786
7075298
7075810
7076322
7076834
7077346
7072739
7073251
7073763
7074275
7074787
7075299
7075811
7076323
7076835
7077347
7072740
7073252
7073764
7074276
7074788
7075300
7075812
7076324
7076836
7077348
7072741
7073253
7073765
7074277
7074789
7075301
7075813
7076325
7076837
7077349
7072742
7073254
7073766
7074278
7074790
7075302
7075814
7076326
7076838
7077350
7072743
7073255
7073767
7074279
7074791
7075303
7075815
7076327
7076839
7077351
25607328
25607840
25608352
25608864
25609376
25609888
25610400
25610912
25611424
25611936
25607329
25607841
25608353
25608865
25609377
25609889
25610401
25610913
25611425
25611937
25607330
25607842
25608354
25608866
25609378
25609890
25610402
25610914
25611426
25611938
25607331
25607843
25608355
25608867
25609379
25609891
25610403
25610915
25611427
25611939
25607332
25607844
25608356
25608868
25609380
25609892
25610404
25610916
25611428
25611940
25607333
25607845
25608357
25608869
25609381
25609893
25610405
25610917
25611429
25611941
25607334
25607846
25608358
25608870
25609382
25609894
25610406
25610918
25611430
25611942
25607335
25607847
25608359
25608871
25609383
25609895
25610407
25610919
25611431
25611943
25607336
25607848
25608360
25608872
25609384
25609896
25610408
25610920
25611432
25611944
25607337
25607849
25608361
25608873
25609385
25609897
25610409
25610921
25611433
25611945
15575489
15576001
15576513
15577025
15577537
15578049
15578561
15579073
15579585
15580097
15575490
15576002
15576514
15577026
15577538
15578050
15578562
15579074
15579586
15580098
15575491
15576003
15576515
15577027
15577539
15578051
15578563
15579075
15579587
15580099
15575492
15576004
15576516
15577028
15577540
15578052
15578564
15579076
15579588
15580100
15575493
15576005
15576517
15577029
15577541
15578053
15578565
15579077
15579589
15580101
15575494
15576006
15576518
15577030
15577542
15578054
15578566
15579078
15579590
15580102
15575495
15576007
15576519
15577031
15577543
15578055
15578567
15579079
15579591
15580103
15575496
15576008
15576520
15577032
15577544
15578056
15578568
15579080
15579592
15580104
15575497
15576009
15576521
15577033
15577545
15578057
15578569
15579081
15579593
15580105
15575498
15576010
15576522
15577034
15577546
15578058
15578570
15579082
15579594
15580106
30602999
30603511
30604023
30604535
30605047
30605559
30606071
30606583
30607095
30607607
30603000
30603512
30604024
30604536
30605048
30605560
30606072
30606584
30607096
30607608
30603001
30603513
30604025
30604537
30605049
30605561
30606073
30606585
30607097
30607609
30603002
30603514
30604026
30604538
30605050
30605562
30606074
30606586
30607098
30607610
30603003
30603515
30604027
30604539
30605051
30605563
30606075
30606587
30607099
30607611
30603004
30603516
30604028
30604540
30605052
30605564
30606076
30606588
30607100
30607612
30603005
30603517
30604029
30604541
30605053
30605565
30606077
30606589
30607101
30607613
30603006
30603518
30604030
30604542
30605054
30605566
30606078
30606590
30607102
30607614
30603007
30603519
30604031
30604543
30605055
30605567
30606079
30606591
30607103
30607615
30603008
30603520
30604032
30604544
30605056
30605568
30606080
30606592
30607104
30607616
32472367
32472879
32473391
32473903
32474415
32474927
32475439
32475951
32476463
32476975
32472368
32472880
32473392
32473904
32474416
32474928
32475440
32475952
32476464
32476976
32472369
32472881
32473393
32473905
32474417
32474929
32475441
32475953
32476465
32476977
32472370
32472882
32473394
32473906
32474418
32474930
32475442
32475954
32476466
32476978
32472371
32472883
32473395
32473907
32474419
32474931
32475443
32475955
32476467
32476979
32472372
32472884
32473396
32473908
32474420
32474932
32475444
32475956
32476468
32476980
32472373
32472885
32473397
32473909
32474421
32474933
32475445
32475957
32476469
32476981
32472374
32472886
32473398
32473910
32474422
32474934
32475446
32475958
32476470
32476982
32472375
32472887
32473399
32473911
32474423
32474935
32475447
32475959
32476471
32476983
32472376
32472888
32473400
32473912
32474424
32474936
32475448
32475960
32476472
32476984
11476182
11476694
11477206
11477718
11478230
11478742
11479254
11479766
11480278
11480790
11476183
11476695
11477207
11477719
11478231
11478743
11479255
11479767
11480279
11480791
11476184
11476696
11477208
11477720
11478232
11478744
11479256
11479768
11480280
11480792
11476185
11476697
11477209
11477721
11478233
11478745
11479257
11479769
11480281
11480793
11476186
11476698
11477210
11477722
11478234
11478746
11479258
11479770
11480282
11480794
11476187
11476699
11477211
11477723
11478235
11478747
11479259
11479771
11480283
11480795
11476188
11476700
11477212
11477724
11478236
11478748
11479260
11479772
11480284
11480796
11476189
11476701
11477213
11477725
11478237
11478749
11479261
11479773
11480285
11480797
11476190
11476702
11477214
11477726
11478238
11478750
11479262
11479774
11480286
11480798
11476191
11476703
11477215
11477727
11478239
11478751
11479263
11479775
11480287
11480799
26424126
26424638
26425150
26425662
26426174
26426686
26427198
26427710
26428222
26428734
26424127
26424639
26425151
26425663
26426175
26426687
26427199
26427711
26428223
26428735
26424128
26424640
26425152
26425664
26426176
26426688
26427200
26427712
26428224
26428736
26424129
26424641
26425153
26425665
26426177
26426689
26427201
26427713
26428225
26428737
26424130
26424642
26425154
26425666
26426178
26426690
26427202
26427714
26428226
26428738
26424131
26424643
26425155
26425667
26426179
26426691
26427203
26427715
26428227
26428739
26424132
26424644
26425156
26425668
26426180
26426692
26427204
26427716
26428228
26428740
26424133
26424645
26425157
26425669
26426181
26426693
26427205
26427717
26428229
26428741
26424134
26424646
26425158
26425670
26426182
26426694
26427206
26427718
26428230
26428742
26424135
26424647
26425159
26425671
26426183
26426695
26427207
26427719
26428231
26428743
201836
202348
202860
203372
203884
204396
204908
205420
205932
206444
201837
202349
202861
203373
203885
204397
204909
205421
205933
206445
201838
202350
202862
203374
203886
204398
204910
205422
205934
206446
201839
202351
202863
203375
203887
204399
204911
205423
205935
206447
201840
202352
202864
203376
203888
204400
204912
205424
205936
206448
201841
202353
202865
203377
203889
204401
204913
205425
205937
206449
201842
202354
202866
203378
203890
204402
204914
205426
205938
206450
201843
202355
202867
203379
203891
204403
204915
205427
205939
206451
201844
202356
202868
203380
203892
204404
204916
205428
205940
206452
201845
202357
202869
203381
203893
204405
204917
205429
205941
206453
16468738
16469250
16469762
16470274
16470786
16471298
16471810
16472322
16472834
16473346
16468739
16469251
16469763
16470275
16470787
16471299
16471811
16472323
16472835
16473347
16468740
16469252
16469764
16470276
16470788
16471300
16471812
16472324
16472836
16473348
16468741
16469253
16469765
16470277
16470789
16471301
16471813
16472325
16472837
16473349
16468742
16469254
16469766
16470278
16470790
16471302
16471814
16472326
16472838
16473350
16468743
16469255
16469767
16470279
16470791
16471303
16471815
16472327
16472839
16473351
16468744
16469256
16469768
16470280
16470792
16471304
16471816
16472328
16472840
16473352
16468745
16469257
16469769
16470281
16470793
16471305
16471817
16472329
16472841
16473353
16468746
16469258
16469770
16470282
16470794
16471306
16471818
16472330
16472842
16473354
16468747
16469259
16469771
16470283
16470795
16471307
16471819
16472331
16472843
16473355
20192859
20193371
20193883
20194395
20194907
20195419
20195931
20196443
20196955
20197467
20192860
20193372
20193884
20194396
20194908
20195420
20195932
20196444
20196956
20197468
20192861
20193373
20193885
20194397
20194909
20195421
20195933
20196445
20196957
20197469
20192862
20193374
20193886
20194398
20194910
20195422
20195934
20196446
20196958
20197470
20192863
20193375
20193887
20194399
20194911
20195423
20195935
20196447
20196959
20197471
20192864
20193376
20193888
20194400
20194912
20195424
20195936
20196448
20196960
20197472
20192865
20193377
20193889
20194401
20194913
20195425
20195937
20196449
20196961
20197473
20192866
20193378
20193890
20194402
20194914
20195426
20195938
20196450
20196962
20197474
20192867
20193379
20193891
20194403
20194915
20195427
20195939
20196451
20196963
20197475
20192868
20193380
20193892
20194404
20194916
20195428
20195940
20196452
20196964
20197476
17965920
17966432
17966944
17967456
17967968
17968480
17968992
17969504
17970016
17970528
17965921
17966433
17966945
17967457
17967969
17968481
17968993
17969505
17970017
17970529
17965922
17966434
17966946
17967458
17967970
17968482
17968994
17969506
17970018
17970530
17965923
17966435
17966947
17967459
17967971
17968483
17968995
17969507
17970019
17970531
17965924
17966436
17966948
17967460
17967972
17968484
17968996
17969508
17970020
17970532
17965925
17966437
17966949
17967461
17967973
17968485
17968997
17969509
17970021
17970533
17965926
17966438
17966950
17967462
17967974
17968486
17968998
17969510
17970022
17970534
17965927
17966439
17966951
17967463
17967975
17968487
17968999
17969511
17970023
17970535
17965928
17966440
17966952
17967464
17967976
17968488
17969000
17969512
17970024
17970536
17965929
17966441
17966953
17967465
17967977
17968489
17969001
17969513
17970025
17970537
717887
718399
718911
719423
719935
720447
720959
721471
721983
722495
717888
718400
718912
719424
719936
720448
720960
721472
721984
722496
717889
718401
718913
719425
719937
720449
720961
721473
721985
722497
717890
718402
718914
719426
719938
720450
720962
721474
721986
722498
717891
718403
718915
719427
719939
720451
720963
721475
721987
722499
717892
718404
718916
719428
719940
720452
720964
721476
721988
722500
717893
718405
718917
719429
719941
720453
720965
721477
721989
722501
717894
718406
718918
719430
719942
720454
720966
721478
721990
722502
717895
718407
718919
719431
719943
720455
720967
721479
721991
722503
717896
718408
718920
719432
719944
720456
720968
721480
721992
722504
10406150
10406662
10407174
10407686
10408198
10408710
10409222
10409734
10410246
10410758
10406151
10406663
10407175
10407687
10408199
10408711
10409223
10409735
10410247
10410759
10406152
10406664
10407176
10407688
10408200
10408712
10409224
10409736
10410248
10410760
10406153
10406665
10407177
10407689
10408201
10408713
10409225
10409737
10410249
10410761
10406154
10406666
10407178
10407690
10408202
10408714
10409226
10409738
10410250
10410762
10406155
10406667
10407179
10407691
10408203
10408715
10409227
10409739
10410251
10410763
10406156
10406668
10407180
10407692
10408204
10408716
10409228
10409740
10410252
10410764
10406157
10406669
10407181
10407693
10408205
10408717
10409229
10409741
10410253
10410765
10406158
10406670
10407182
10407694
10408206
10408718
10409230
10409742
10410254
10410766
10406159
10406671
10407183
10407695
10408207
10408719
10409231
10409743
10410255
10410767
22758441
22758953
22759465
22759977
22760489
22761001
22761513
22762025
22762537
22763049
22758442
22758954
22759466
22759978
22760490
22761002
22761514
22762026
22762538
22763050
22758443
22758955
22759467
22759979
22760491
22761003
22761515
22762027
22762539
22763051
22758444
22758956
22759468
22759980
22760492
22761004
22761516
22762028
22762540
22763052
22758445
22758957
22759469
22759981
22760493
22761005
22761517
22762029
22762541
22763053
22758446
22758958
22759470
22759982
22760494
22761006
22761518
22762030
22762542
22763054
22758447
22758959
22759471
22759983
22760495
22761007
22761519
22762031
22762543
22763055
22758448
22758960
22759472
22759984
22760496
22761008
22761520
22762032
22762544
22763056
22758449
22758961
22759473
22759985
22760497
22761009
22761521
22762033
22762545
22763057
22758450
22758962
22759474
22759986
22760498
22761010
22761522
22762034
22762546
22763058
27613392
27613904
27614416
27614928
27615440
27615952
27616464
27616976
27617488
27618000
27613393
27613905
27614417
27614929
27615441
27615953
27616465
27616977
27617489
27618001
27613394
27613906
27614418
27614930
27615442
27615954
27616466
27616978
27617490
27618002
27613395
27613907
27614419
27614931
27615443
27615955
27616467
27616979
27617491
27618003
27613396
27613908
27614420
27614932
27615444
27615956
27616468
27616980
27617492
27618004
27613397
27613909
27614421
27614933
27615445
27615957
27616469
27616981
27617493
27618005
27613398
27613910
27614422
27614934
27615446
27615958
27616470
27616982
27617494
27618006
27613399
27613911
27614423
27614935
27615447
27615959
27616471
27616983
27617495
27618007
27613400
27613912
27614424
27614936
27615448
27615960
27616472
27616984
27617496
27618008
27613401
27613913
27614425
27614937
27615449
27615961
27616473
27616985
27617497
27618009
23014679
23015191
23015703
23016215
23016727
23017239
23017751
23018263
23018775
23019287
23014680
23015192
23015704
23016216
23016728
23017240
23017752
23018264
23018776
23019288
23014681
23015193
23015705
23016217
23016729
23017241
23017753
23018265
23018777
23019289
23014682
23015194
23015706
23016218
23016730
23017242
23017754
23018266
23018778
23019290
23014683
23015195
23015707
23016219
23016731
23017243
23017755
23018267
23018779
23019291
23014684
23015196
23015708
23016220
23016732
23017244
23017756
23018268
23018780
23019292
23014685
23015197
23015709
23016221
23016733
23017245
23017757
23018269
23018781
23019293
23014686
23015198
23015710
23016222
23016734
23017246
23017758
23018270
23018782
23019294
23014687
23015199
23015711
23016223
23016735
23017247
23017759
23018271
23018783
23019295
23014688
23015200
23015712
23016224
23016736
23017248
23017760
23018272
23018784
23019296
