23162567
23163079
23163591
23164103
23164615
23165127
23165639
23166151
23166663
23167175
23162568
23163080
23163592
23164104
23164616
23165128
23165640
23166152
23166664
23167176
23162569
23163081
23163593
23164105
23164617
23165129
23165641
23166153
23166665
23167177
23162570
23163082
23163594
23164106
23164618
23165130
23165642
23166154
23166666
23167178
23162571
23163083
23163595
23164107
23164619
23165131
23165643
23166155
23166667
23167179
23162572
23163084
23163596
23164108
23164620
23165132
23165644
23166156
23166668
23167180
23162573
23163085
23163597
23164109
23164621
23165133
23165645
23166157
23166669
23167181
23162574
23163086
23163598
23164110
23164622
23165134
23165646
23166158
23166670
23167182
23162575
23163087
23163599
23164111
23164623
23165135
23165647
23166159
23166671
23167183
23162576
23163088
23163600
23164112
23164624
23165136
23165648
23166160
23166672
23167184
17841493
17842005
17842517
17843029
17843541
17844053
17844565
17845077
17845589
17846101
17841494
17842006
17842518
17843030
17843542
17844054
17844566
17845078
17845590
17846102
17841495
17842007
17842519
17843031
17843543
17844055
17844567
17845079
17845591
17846103
17841496
17842008
17842520
17843032
17843544
17844056
17844568
17845080
17845592
17846104
17841497
17842009
17842521
17843033
17843545
17844057
17844569
17845081
17845593
17846105
17841498
17842010
17842522
17843034
17843546
17844058
17844570
17845082
17845594
17846106
17841499
17842011
17842523
17843035
17843547
17844059
17844571
17845083
17845595
17846107
17841500
17842012
17842524
17843036
17843548
17844060
17844572
17845084
17845596
17846108
17841501
17842013
17842525
17843037
17843549
17844061
17844573
17845085
17845597
17846109
17841502
17842014
17842526
17843038
17843550
17844062
17844574
17845086
17845598
17846110
31969468
31969980
31970492
31971004
31971516
31972028
31972540
31973052
31973564
31974076
31969469
31969981
31970493
31971005
31971517
31972029
31972541
31973053
31973565
31974077
31969470
31969982
31970494
31971006
31971518
31972030
31972542
31973054
31973566
31974078
31969471
31969983
31970495
31971007
31971519
31972031
31972543
31973055
31973567
31974079
31969472
31969984
31970496
31971008
31971520
31972032
31972544
31973056
31973568
31974080
31969473
31969985
31970497
31971009
31971521
31972033
31972545
31973057
31973569
31974081
31969474
31969986
31970498
31971010
31971522
31972034
31972546
31973058
31973570
31974082
31969475
31969987
31970499
31971011
31971523
31972035
31972547
31973059
31973571
31974083
31969476
31969988
31970500
31971012
31971524
31972036
31972548
31973060
31973572
31974084
31969477
31969989
31970501
31971013
31971525
31972037
31972549
31973061
31973573
31974085
20102879
20103391
20103903
20104415
20104927
20105439
20105951
20106463
20106975
20107487
20102880
20103392
20103904
20104416
20104928
20105440
20105952
20106464
20106976
20107488
20102881
20103393
20103905
20104417
20104929
20105441
20105953
20106465
20106977
20107489
20102882
20103394
20103906
20104418
20104930
20105442
20105954
20106466
20106978
20107490
20102883
20103395
20103907
20104419
20104931
20105443
20105955
20106467
20106979
20107491
20102884
20103396
20103908
20104420
20104932
20105444
20105956
20106468
20106980
20107492
20102885
20103397
20103909
20104421
20104933
20105445
20105957
20106469
20106981
20107493
20102886
20103398
20103910
20104422
20104934
20105446
20105958
20106470
20106982
20107494
20102887
20103399
20103911
20104423
20104935
20105447
20105959
20106471
20106983
20107495
20102888
20103400
20103912
20104424
20104936
20105448
20105960
20106472
20106984
20107496
25287806
25288318
25288830
25289342
25289854
25290366
25290878
25291390
25291902
25292414
25287807
25288319
25288831
25289343
25289855
25290367
25290879
25291391
25291903
25292415
25287808
25288320
25288832
25289344
25289856
25290368
25290880
25291392
25291904
25292416
25287809
25288321
25288833
25289345
25289857
25290369
25290881
25291393
25291905
25292417
25287810
25288322
25288834
25289346
25289858
25290370
25290882
25291394
25291906
25292418
25287811
25288323
25288835
25289347
25289859
25290371
25290883
25291395
25291907
25292419
25287812
25288324
25288836
25289348
25289860
25290372
25290884
25291396
25291908
25292420
25287813
25288325
25288837
25289349
25289861
25290373
25290885
25291397
25291909
25292421
25287814
25288326
25288838
25289350
25289862
25290374
25290886
25291398
25291910
25292422
25287815
25288327
25288839
25289351
25289863
25290375
25290887
25291399
25291911
25292423
6281951
6282463
6282975
6283487
6283999
6284511
6285023
6285535
6286047
6286559
6281952
6282464
6282976
6283488
6284000
6284512
6285024
6285536
6286048
6286560
6281953
6282465
6282977
6283489
6284001
6284513
6285025
6285537
6286049
6286561
6281954
6282466
6282978
6283490
6284002
6284514
6285026
6285538
6286050
6286562
6281955
6282467
6282979
6283491
6284003
6284515
6285027
6285539
6286051
6286563
6281956
6282468
6282980
6283492
6284004
6284516
6285028
6285540
6286052
6286564
6281957
6282469
6282981
6283493
6284005
6284517
6285029
6285541
6286053
6286565
6281958
6282470
6282982
6283494
6284006
6284518
6285030
6285542
6286054
6286566
6281959
6282471
6282983
6283495
6284007
6284519
6285031
6285543
6286055
6286567
6281960
6282472
6282984
6283496
6284008
6284520
6285032
6285544
6286056
6286568
18555052
18555564
18556076
18556588
18557100
18557612
18558124
18558636
18559148
18559660
18555053
18555565
18556077
18556589
18557101
18557613
18558125
18558637
18559149
18559661
18555054
18555566
18556078
18556590
18557102
18557614
18558126
18558638
18559150
18559662
18555055
18555567
18556079
18556591
18557103
18557615
18558127
18558639
18559151
18559663
18555056
18555568
18556080
18556592
18557104
18557616
18558128
18558640
18559152
18559664
18555057
18555569
18556081
18556593
18557105
18557617
18558129
18558641
18559153
18559665
18555058
18555570
18556082
18556594
18557106
18557618
18558130
18558642
18559154
18559666
18555059
18555571
18556083
18556595
18557107
18557619
18558131
18558643
18559155
18559667
18555060
18555572
18556084
18556596
18557108
18557620
18558132
18558644
18559156
18559668
18555061
18555573
18556085
18556597
18557109
18557621
18558133
18558645
18559157
18559669
3225267
3225779
3226291
3226803
3227315
3227827
3228339
3228851
3229363
3229875
3225268
3225780
3226292
3226804
3227316
3227828
3228340
3228852
3229364
3229876
3225269
3225781
3226293
3226805
3227317
3227829
3228341
3228853
3229365
3229877
3225270
3225782
3226294
3226806
3227318
3227830
3228342
3228854
3229366
3229878
3225271
3225783
3226295
3226807
3227319
3227831
3228343
3228855
3229367
3229879
3225272
3225784
3226296
3226808
3227320
3227832
3228344
3228856
3229368
3229880
3225273
3225785
3226297
3226809
3227321
3227833
3228345
3228857
3229369
3229881
3225274
3225786
3226298
3226810
3227322
3227834
3228346
3228858
3229370
3229882
3225275
3225787
3226299
3226811
3227323
3227835
3228347
3228859
3229371
3229883
3225276
3225788
3226300
3226812
3227324
3227836
3228348
3228860
3229372
3229884
23395794
23396306
23396818
23397330
23397842
23398354
23398866
23399378
23399890
23400402
23395795
23396307
23396819
23397331
23397843
23398355
23398867
23399379
23399891
23400403
23395796
23396308
23396820
23397332
23397844
23398356
23398868
23399380
23399892
23400404
23395797
23396309
23396821
23397333
23397845
23398357
23398869
23399381
23399893
23400405
23395798
23396310
23396822
23397334
23397846
23398358
23398870
23399382
23399894
23400406
23395799
23396311
23396823
23397335
23397847
23398359
23398871
23399383
23399895
23400407
23395800
23396312
23396824
23397336
23397848
23398360
23398872
23399384
23399896
23400408
23395801
23396313
23396825
23397337
23397849
23398361
23398873
23399385
23399897
23400409
23395802
23396314
23396826
23397338
23397850
23398362
23398874
23399386
23399898
23400410
23395803
23396315
23396827
23397339
23397851
23398363
23398875
23399387
23399899
23400411
26729368
26729880
26730392
26730904
26731416
26731928
26732440
26732952
26733464
26733976
26729369
26729881
26730393
26730905
26731417
26731929
26732441
26732953
26733465
26733977
26729370
26729882
26730394
26730906
26731418
26731930
26732442
26732954
26733466
26733978
26729371
26729883
26730395
26730907
26731419
26731931
26732443
26732955
26733467
26733979
26729372
26729884
26730396
26730908
26731420
26731932
26732444
26732956
26733468
26733980
26729373
26729885
26730397
26730909
26731421
26731933
26732445
26732957
26733469
26733981
26729374
26729886
26730398
26730910
26731422
26731934
26732446
26732958
26733470
26733982
26729375
26729887
26730399
26730911
26731423
26731935
26732447
26732959
26733471
26733983
26729376
26729888
26730400
26730912
26731424
26731936
26732448
26732960
26733472
26733984
26729377
26729889
26730401
26730913
26731425
26731937
26732449
26732961
26733473
26733985
17640891
17641403
17641915
17642427
17642939
17643451
17643963
17644475
17644987
17645499
17640892
17641404
17641916
17642428
17642940
17643452
17643964
17644476
17644988
17645500
17640893
17641405
17641917
17642429
17642941
17643453
17643965
17644477
17644989
17645501
17640894
17641406
17641918
17642430
17642942
17643454
17643966
17644478
17644990
17645502
17640895
17641407
17641919
17642431
17642943
17643455
17643967
17644479
17644991
17645503
17640896
17641408
17641920
17642432
17642944
17643456
17643968
17644480
17644992
17645504
17640897
17641409
17641921
17642433
17642945
17643457
17643969
17644481
17644993
17645505
17640898
17641410
17641922
17642434
17642946
17643458
17643970
17644482
17644994
17645506
17640899
17641411
17641923
17642435
17642947
17643459
17643971
17644483
17644995
17645507
17640900
17641412
17641924
17642436
17642948
17643460
17643972
17644484
17644996
17645508
24583146
24583658
24584170
24584682
24585194
24585706
24586218
24586730
24587242
24587754
24583147
24583659
24584171
24584683
24585195
24585707
24586219
24586731
24587243
24587755
24583148
24583660
24584172
24584684
24585196
24585708
24586220
24586732
24587244
24587756
24583149
24583661
24584173
24584685
24585197
24585709
24586221
24586733
24587245
24587757
24583150
24583662
24584174
24584686
24585198
24585710
24586222
24586734
24587246
24587758
24583151
24583663
24584175
24584687
24585199
24585711
24586223
24586735
24587247
24587759
24583152
24583664
24584176
24584688
24585200
24585712
24586224
24586736
24587248
24587760
24583153
24583665
24584177
24584689
24585201
24585713
24586225
24586737
24587249
24587761
24583154
24583666
24584178
24584690
24585202
24585714
24586226
24586738
24587250
24587762
24583155
24583667
24584179
24584691
24585203
24585715
24586227
24586739
24587251
24587763
32479587
32480099
32480611
32481123
32481635
32482147
32482659
32483171
32483683
32484195
32479588
32480100
32480612
32481124
32481636
32482148
32482660
32483172
32483684
32484196
32479589
32480101
32480613
32481125
32481637
32482149
32482661
32483173
32483685
32484197
32479590
32480102
32480614
32481126
32481638
32482150
32482662
32483174
32483686
32484198
32479591
32480103
32480615
32481127
32481639
32482151
32482663
32483175
32483687
32484199
32479592
32480104
32480616
32481128
32481640
32482152
32482664
32483176
32483688
32484200
32479593
32480105
32480617
32481129
32481641
32482153
32482665
32483177
32483689
32484201
32479594
32480106
32480618
32481130
32481642
32482154
32482666
32483178
32483690
32484202
32479595
32480107
32480619
32481131
32481643
32482155
32482667
32483179
32483691
32484203
32479596
32480108
32480620
32481132
32481644
32482156
32482668
32483180
32483692
32484204
12099749
12100261
12100773
12101285
12101797
12102309
12102821
12103333
12103845
12104357
12099750
12100262
12100774
12101286
12101798
12102310
12102822
12103334
12103846
12104358
12099751
12100263
12100775
12101287
12101799
12102311
12102823
12103335
12103847
12104359
12099752
12100264
12100776
12101288
12101800
12102312
12102824
12103336
12103848
12104360
12099753
12100265
12100777
12101289
12101801
12102313
12102825
12103337
12103849
12104361
12099754
12100266
12100778
12101290
12101802
12102314
12102826
12103338
12103850
12104362
12099755
12100267
12100779
12101291
12101803
12102315
12102827
12103339
12103851
12104363
12099756
12100268
12100780
12101292
12101804
12102316
12102828
12103340
12103852
12104364
12099757
12100269
12100781
12101293
12101805
12102317
12102829
12103341
12103853
12104365
12099758
12100270
12100782
12101294
12101806
12102318
12102830
12103342
12103854
12104366
12046038
12046550
12047062
12047574
12048086
12048598
12049110
12049622
12050134
12050646
12046039
12046551
12047063
12047575
12048087
12048599
12049111
12049623
12050135
12050647
12046040
12046552
12047064
12047576
12048088
12048600
12049112
12049624
12050136
12050648
12046041
12046553
12047065
12047577
12048089
12048601
12049113
12049625
12050137
12050649
12046042
12046554
12047066
12047578
12048090
12048602
12049114
12049626
12050138
12050650
12046043
12046555
12047067
12047579
12048091
12048603
12049115
12049627
12050139
12050651
12046044
12046556
12047068
12047580
12048092
12048604
12049116
12049628
12050140
12050652
12046045
12046557
12047069
12047581
12048093
12048605
12049117
12049629
12050141
12050653
12046046
12046558
12047070
12047582
12048094
12048606
12049118
12049630
12050142
12050654
12046047
12046559
12047071
12047583
12048095
12048607
12049119
12049631
12050143
12050655
11327287
11327799
11328311
11328823
11329335
11329847
11330359
11330871
11331383
11331895
11327288
11327800
11328312
11328824
11329336
11329848
11330360
11330872
11331384
11331896
11327289
11327801
11328313
11328825
11329337
11329849
11330361
11330873
11331385
11331897
11327290
11327802
11328314
11328826
11329338
11329850
11330362
11330874
11331386
11331898
11327291
11327803
11328315
11328827
11329339
11329851
11330363
11330875
11331387
11331899
11327292
11327804
11328316
11328828
11329340
11329852
11330364
11330876
11331388
11331900
11327293
11327805
11328317
11328829
11329341
11329853
11330365
11330877
11331389
11331901
11327294
11327806
11328318
11328830
11329342
11329854
11330366
11330878
11331390
11331902
11327295
11327807
11328319
11328831
11329343
11329855
11330367
11330879
11331391
11331903
11327296
11327808
11328320
11328832
11329344
11329856
11330368
11330880
11331392
11331904
905905
906417
906929
907441
907953
908465
908977
909489
910001
910513
905906
906418
906930
907442
907954
908466
908978
909490
910002
910514
905907
906419
906931
907443
907955
908467
908979
909491
910003
910515
905908
906420
906932
907444
907956
908468
908980
909492
910004
910516
905909
906421
906933
907445
907957
908469
908981
909493
910005
910517
905910
906422
906934
907446
907958
908470
908982
909494
910006
910518
905911
906423
906935
907447
907959
908471
908983
909495
910007
910519
905912
906424
906936
907448
907960
908472
908984
909496
910008
910520
905913
906425
906937
907449
907961
908473
908985
909497
910009
910521
905914
906426
906938
907450
907962
908474
908986
909498
910010
910522
20317784
20318296
20318808
20319320
20319832
20320344
20320856
20321368
20321880
20322392
20317785
20318297
20318809
20319321
20319833
20320345
20320857
20321369
20321881
20322393
20317786
20318298
20318810
20319322
20319834
20320346
20320858
20321370
20321882
20322394
20317787
20318299
20318811
20319323
20319835
20320347
20320859
20321371
20321883
20322395
20317788
20318300
20318812
20319324
20319836
20320348
20320860
20321372
20321884
20322396
20317789
20318301
20318813
20319325
20319837
20320349
20320861
20321373
20321885
20322397
20317790
20318302
20318814
20319326
20319838
20320350
20320862
20321374
20321886
20322398
20317791
20318303
20318815
20319327
20319839
20320351
20320863
20321375
20321887
20322399
20317792
20318304
20318816
20319328
20319840
20320352
20320864
20321376
20321888
20322400
20317793
20318305
20318817
20319329
20319841
20320353
20320865
20321377
20321889
20322401
31557938
31558450
31558962
31559474
31559986
31560498
31561010
31561522
31562034
31562546
31557939
31558451
31558963
31559475
31559987
31560499
31561011
31561523
31562035
31562547
31557940
31558452
31558964
31559476
31559988
31560500
31561012
31561524
31562036
31562548
31557941
31558453
31558965
31559477
31559989
31560501
31561013
31561525
31562037
31562549
31557942
31558454
31558966
31559478
31559990
31560502
31561014
31561526
31562038
31562550
31557943
31558455
31558967
31559479
31559991
31560503
31561015
31561527
31562039
31562551
31557944
31558456
31558968
31559480
31559992
31560504
31561016
31561528
31562040
31562552
31557945
31558457
31558969
31559481
31559993
31560505
31561017
31561529
31562041
31562553
31557946
31558458
31558970
31559482
31559994
31560506
31561018
31561530
31562042
31562554
31557947
31558459
31558971
31559483
31559995
31560507
31561019
31561531
31562043
31562555
7293241
7293753
7294265
7294777
7295289
7295801
7296313
7296825
7297337
7297849
7293242
7293754
7294266
7294778
7295290
7295802
7296314
7296826
7297338
7297850
7293243
7293755
7294267
7294779
7295291
7295803
7296315
7296827
7297339
7297851
7293244
7293756
7294268
7294780
7295292
7295804
7296316
7296828
7297340
7297852
7293245
7293757
7294269
7294781
7295293
7295805
7296317
7296829
7297341
7297853
7293246
7293758
7294270
7294782
7295294
7295806
7296318
7296830
7297342
7297854
7293247
7293759
7294271
7294783
7295295
7295807
7296319
7296831
7297343
7297855
7293248
7293760
7294272
7294784
7295296
7295808
7296320
7296832
7297344
7297856
7293249
7293761
7294273
7294785
7295297
7295809
7296321
7296833
7297345
7297857
7293250
7293762
7294274
7294786
7295298
7295810
7296322
7296834
7297346
7297858
21753245
21753757
21754269
21754781
21755293
21755805
21756317
21756829
21757341
21757853
21753246
21753758
21754270
21754782
21755294
21755806
21756318
21756830
21757342
21757854
21753247
21753759
21754271
21754783
21755295
21755807
21756319
21756831
21757343
21757855
21753248
21753760
21754272
21754784
21755296
21755808
21756320
21756832
21757344
21757856
21753249
21753761
21754273
21754785
21755297
21755809
21756321
21756833
21757345
21757857
21753250
21753762
21754274
21754786
21755298
21755810
21756322
21756834
21757346
21757858
21753251
21753763
21754275
21754787
21755299
21755811
21756323
21756835
21757347
21757859
21753252
21753764
21754276
21754788
21755300
21755812
21756324
21756836
21757348
21757860
21753253
21753765
21754277
21754789
21755301
21755813
21756325
21756837
21757349
21757861
21753254
21753766
21754278
21754790
21755302
21755814
21756326
21756838
21757350
21757862
8000306
8000818
8001330
8001842
8002354
8002866
8003378
8003890
8004402
8004914
8000307
8000819
8001331
8001843
8002355
8002867
8003379
8003891
8004403
8004915
8000308
8000820
8001332
8001844
8002356
8002868
8003380
8003892
8004404
8004916
8000309
8000821
8001333
8001845
8002357
8002869
8003381
8003893
8004405
8004917
8000310
8000822
8001334
8001846
8002358
8002870
8003382
8003894
8004406
8004918
8000311
8000823
8001335
8001847
8002359
8002871
8003383
8003895
8004407
8004919
8000312
8000824
8001336
8001848
8002360
8002872
8003384
8003896
8004408
8004920
8000313
8000825
8001337
8001849
8002361
8002873
8003385
8003897
8004409
8004921
8000314
8000826
8001338
8001850
8002362
8002874
8003386
8003898
8004410
8004922
8000315
8000827
8001339
8001851
8002363
8002875
8003387
8003899
8004411
8004923
32133732
32134244
32134756
32135268
32135780
32136292
32136804
32137316
32137828
32138340
32133733
32134245
32134757
32135269
32135781
32136293
32136805
32137317
32137829
32138341
32133734
32134246
32134758
32135270
32135782
32136294
32136806
32137318
32137830
32138342
32133735
32134247
32134759
32135271
32135783
32136295
32136807
32137319
32137831
32138343
32133736
32134248
32134760
32135272
32135784
32136296
32136808
32137320
32137832
32138344
32133737
32134249
32134761
32135273
32135785
32136297
32136809
32137321
32137833
32138345
32133738
32134250
32134762
32135274
32135786
32136298
32136810
32137322
32137834
32138346
32133739
32134251
32134763
32135275
32135787
32136299
32136811
32137323
32137835
32138347
32133740
32134252
32134764
32135276
32135788
32136300
32136812
32137324
32137836
32138348
32133741
32134253
32134765
32135277
32135789
32136301
32136813
32137325
32137837
32138349
18603801
18604313
18604825
18605337
18605849
18606361
18606873
18607385
18607897
18608409
18603802
18604314
18604826
18605338
18605850
18606362
18606874
18607386
18607898
18608410
18603803
18604315
18604827
18605339
18605851
18606363
18606875
18607387
18607899
18608411
18603804
18604316
18604828
18605340
18605852
18606364
18606876
18607388
18607900
18608412
18603805
18604317
18604829
18605341
18605853
18606365
18606877
18607389
18607901
18608413
18603806
18604318
18604830
18605342
18605854
18606366
18606878
18607390
18607902
18608414
18603807
18604319
18604831
18605343
18605855
18606367
18606879
18607391
18607903
18608415
18603808
18604320
18604832
18605344
18605856
18606368
18606880
18607392
18607904
18608416
18603809
18604321
18604833
18605345
18605857
18606369
18606881
18607393
18607905
18608417
18603810
18604322
18604834
18605346
18605858
18606370
18606882
18607394
18607906
18608418
21112027
21112539
21113051
21113563
21114075
21114587
21115099
21115611
21116123
21116635
21112028
21112540
21113052
21113564
21114076
21114588
21115100
21115612
21116124
21116636
21112029
21112541
21113053
21113565
21114077
21114589
21115101
21115613
21116125
21116637
21112030
21112542
21113054
21113566
21114078
21114590
21115102
21115614
21116126
21116638
21112031
21112543
21113055
21113567
21114079
21114591
21115103
21115615
21116127
21116639
21112032
21112544
21113056
21113568
21114080
21114592
21115104
21115616
21116128
21116640
21112033
21112545
21113057
21113569
21114081
21114593
21115105
21115617
21116129
21116641
21112034
21112546
21113058
21113570
21114082
21114594
21115106
21115618
21116130
21116642
21112035
21112547
21113059
21113571
21114083
21114595
21115107
21115619
21116131
21116643
21112036
21112548
21113060
21113572
21114084
21114596
21115108
21115620
21116132
21116644
26660819
26661331
26661843
26662355
26662867
26663379
26663891
26664403
26664915
26665427
26660820
26661332
26661844
26662356
26662868
26663380
26663892
26664404
26664916
26665428
26660821
26661333
26661845
26662357
26662869
26663381
26663893
26664405
26664917
26665429
26660822
26661334
26661846
26662358
26662870
26663382
26663894
26664406
26664918
26665430
26660823
26661335
26661847
26662359
26662871
26663383
26663895
26664407
26664919
26665431
26660824
26661336
26661848
26662360
26662872
26663384
26663896
26664408
26664920
26665432
26660825
26661337
26661849
26662361
26662873
26663385
26663897
26664409
26664921
26665433
26660826
26661338
26661850
26662362
26662874
26663386
26663898
26664410
26664922
26665434
26660827
26661339
26661851
26662363
26662875
26663387
26663899
26664411
26664923
26665435
26660828
26661340
26661852
26662364
26662876
26663388
26663900
26664412
26664924
26665436
5981153
5981665
5982177
5982689
5983201
5983713
5984225
5984737
5985249
5985761
5981154
5981666
5982178
5982690
5983202
5983714
5984226
5984738
5985250
5985762
5981155
5981667
5982179
5982691
5983203
5983715
5984227
5984739
5985251
5985763
5981156
5981668
5982180
5982692
5983204
5983716
5984228
5984740
5985252
5985764
5981157
5981669
5982181
5982693
5983205
5983717
5984229
5984741
5985253
5985765
5981158
5981670
5982182
5982694
5983206
5983718
5984230
5984742
5985254
5985766
5981159
5981671
5982183
5982695
5983207
5983719
5984231
5984743
5985255
5985767
5981160
5981672
5982184
5982696
5983208
5983720
5984232
5984744
5985256
5985768
5981161
5981673
5982185
5982697
5983209
5983721
5984233
5984745
5985257
5985769
5981162
5981674
5982186
5982698
5983210
5983722
5984234
5984746
5985258
5985770
32033382
32033894
32034406
32034918
32035430
32035942
32036454
32036966
32037478
32037990
32033383
32033895
32034407
32034919
32035431
32035943
32036455
32036967
32037479
32037991
32033384
32033896
32034408
32034920
32035432
32035944
32036456
32036968
32037480
32037992
32033385
32033897
32034409
32034921
32035433
32035945
32036457
32036969
32037481
32037993
32033386
32033898
32034410
32034922
32035434
32035946
32036458
32036970
32037482
32037994
32033387
32033899
32034411
32034923
32035435
32035947
32036459
32036971
32037483
32037995
32033388
32033900
32034412
32034924
32035436
32035948
32036460
32036972
32037484
32037996
32033389
32033901
32034413
32034925
32035437
32035949
32036461
32036973
32037485
32037997
32033390
32033902
32034414
32034926
32035438
32035950
32036462
32036974
32037486
32037998
32033391
32033903
32034415
32034927
32035439
32035951
32036463
32036975
32037487
32037999
15669409
15669921
15670433
15670945
15671457
15671969
15672481
15672993
15673505
15674017
15669410
15669922
15670434
15670946
15671458
15671970
15672482
15672994
15673506
15674018
15669411
15669923
15670435
15670947
15671459
15671971
15672483
15672995
15673507
15674019
15669412
15669924
15670436
15670948
15671460
15671972
15672484
15672996
15673508
15674020
15669413
15669925
15670437
15670949
15671461
15671973
15672485
15672997
15673509
15674021
15669414
15669926
15670438
15670950
15671462
15671974
15672486
15672998
15673510
15674022
15669415
15669927
15670439
15670951
15671463
15671975
15672487
15672999
15673511
15674023
15669416
15669928
15670440
15670952
15671464
15671976
15672488
15673000
15673512
15674024
15669417
15669929
15670441
15670953
15671465
15671977
15672489
15673001
15673513
15674025
15669418
15669930
15670442
15670954
15671466
15671978
15672490
15673002
15673514
15674026
26460698
26461210
26461722
26462234
26462746
26463258
26463770
26464282
26464794
26465306
26460699
26461211
26461723
26462235
26462747
26463259
26463771
26464283
26464795
26465307
26460700
26461212
26461724
26462236
26462748
26463260
26463772
26464284
26464796
26465308
26460701
26461213
26461725
26462237
26462749
26463261
26463773
26464285
26464797
26465309
26460702
26461214
26461726
26462238
26462750
26463262
26463774
26464286
26464798
26465310
26460703
26461215
26461727
26462239
26462751
26463263
26463775
26464287
26464799
26465311
26460704
26461216
26461728
26462240
26462752
26463264
26463776
26464288
26464800
26465312
26460705
26461217
26461729
26462241
26462753
26463265
26463777
26464289
26464801
26465313
26460706
26461218
26461730
26462242
26462754
26463266
26463778
26464290
26464802
26465314
26460707
26461219
26461731
26462243
26462755
26463267
26463779
26464291
26464803
26465315
