9739838
9740350
9740862
9741374
9741886
9742398
9742910
9743422
9743934
9744446
9739839
9740351
9740863
9741375
9741887
9742399
9742911
9743423
9743935
9744447
9739840
9740352
9740864
9741376
9741888
9742400
9742912
9743424
9743936
9744448
9739841
9740353
9740865
9741377
9741889
9742401
9742913
9743425
9743937
9744449
9739842
9740354
9740866
9741378
9741890
9742402
9742914
9743426
9743938
9744450
9739843
9740355
9740867
9741379
9741891
9742403
9742915
9743427
9743939
9744451
9739844
9740356
9740868
9741380
9741892
9742404
9742916
9743428
9743940
9744452
9739845
9740357
9740869
9741381
9741893
9742405
9742917
9743429
9743941
9744453
9739846
9740358
9740870
9741382
9741894
9742406
9742918
9743430
9743942
9744454
9739847
9740359
9740871
9741383
9741895
9742407
9742919
9743431
9743943
9744455
11774422
11774934
11775446
11775958
11776470
11776982
11777494
11778006
11778518
11779030
11774423
11774935
11775447
11775959
11776471
11776983
11777495
11778007
11778519
11779031
11774424
11774936
11775448
11775960
11776472
11776984
11777496
11778008
11778520
11779032
11774425
11774937
11775449
11775961
11776473
11776985
11777497
11778009
11778521
11779033
11774426
11774938
11775450
11775962
11776474
11776986
11777498
11778010
11778522
11779034
11774427
11774939
11775451
11775963
11776475
11776987
11777499
11778011
11778523
11779035
11774428
11774940
11775452
11775964
11776476
11776988
11777500
11778012
11778524
11779036
11774429
11774941
11775453
11775965
11776477
11776989
11777501
11778013
11778525
11779037
11774430
11774942
11775454
11775966
11776478
11776990
11777502
11778014
11778526
11779038
11774431
11774943
11775455
11775967
11776479
11776991
11777503
11778015
11778527
11779039
14806829
14807341
14807853
14808365
14808877
14809389
14809901
14810413
14810925
14811437
14806830
14807342
14807854
14808366
14808878
14809390
14809902
14810414
14810926
14811438
14806831
14807343
14807855
14808367
14808879
14809391
14809903
14810415
14810927
14811439
14806832
14807344
14807856
14808368
14808880
14809392
14809904
14810416
14810928
14811440
14806833
14807345
14807857
14808369
14808881
14809393
14809905
14810417
14810929
14811441
14806834
14807346
14807858
14808370
14808882
14809394
14809906
14810418
14810930
14811442
14806835
14807347
14807859
14808371
14808883
14809395
14809907
14810419
14810931
14811443
14806836
14807348
14807860
14808372
14808884
14809396
14809908
14810420
14810932
14811444
14806837
14807349
14807861
14808373
14808885
14809397
14809909
14810421
14810933
14811445
14806838
14807350
14807862
14808374
14808886
14809398
14809910
14810422
14810934
14811446
2384830
2385342
2385854
2386366
2386878
2387390
2387902
2388414
2388926
2389438
2384831
2385343
2385855
2386367
2386879
2387391
2387903
2388415
2388927
2389439
2384832
2385344
2385856
2386368
2386880
2387392
2387904
2388416
2388928
2389440
2384833
2385345
2385857
2386369
2386881
2387393
2387905
2388417
2388929
2389441
2384834
2385346
2385858
2386370
2386882
2387394
2387906
2388418
2388930
2389442
2384835
2385347
2385859
2386371
2386883
2387395
2387907
2388419
2388931
2389443
2384836
2385348
2385860
2386372
2386884
2387396
2387908
2388420
2388932
2389444
2384837
2385349
2385861
2386373
2386885
2387397
2387909
2388421
2388933
2389445
2384838
2385350
2385862
2386374
2386886
2387398
2387910
2388422
2388934
2389446
2384839
2385351
2385863
2386375
2386887
2387399
2387911
2388423
2388935
2389447
11038077
11038589
11039101
11039613
11040125
11040637
11041149
11041661
11042173
11042685
11038078
11038590
11039102
11039614
11040126
11040638
11041150
11041662
11042174
11042686
11038079
11038591
11039103
11039615
11040127
11040639
11041151
11041663
11042175
11042687
11038080
11038592
11039104
11039616
11040128
11040640
11041152
11041664
11042176
11042688
11038081
11038593
11039105
11039617
11040129
11040641
11041153
11041665
11042177
11042689
11038082
11038594
11039106
11039618
11040130
11040642
11041154
11041666
11042178
11042690
11038083
11038595
11039107
11039619
11040131
11040643
11041155
11041667
11042179
11042691
11038084
11038596
11039108
11039620
11040132
11040644
11041156
11041668
11042180
11042692
11038085
11038597
11039109
11039621
11040133
11040645
11041157
11041669
11042181
11042693
11038086
11038598
11039110
11039622
11040134
11040646
11041158
11041670
11042182
11042694
17035
17547
18059
18571
19083
19595
20107
20619
21131
21643
17036
17548
18060
18572
19084
19596
20108
20620
21132
21644
17037
17549
18061
18573
19085
19597
20109
20621
21133
21645
17038
17550
18062
18574
19086
19598
20110
20622
21134
21646
17039
17551
18063
18575
19087
19599
20111
20623
21135
21647
17040
17552
18064
18576
19088
19600
20112
20624
21136
21648
17041
17553
18065
18577
19089
19601
20113
20625
21137
21649
17042
17554
18066
18578
19090
19602
20114
20626
21138
21650
17043
17555
18067
18579
19091
19603
20115
20627
21139
21651
17044
17556
18068
18580
19092
19604
20116
20628
21140
21652
12741341
12741853
12742365
12742877
12743389
12743901
12744413
12744925
12745437
12745949
12741342
12741854
12742366
12742878
12743390
12743902
12744414
12744926
12745438
12745950
12741343
12741855
12742367
12742879
12743391
12743903
12744415
12744927
12745439
12745951
12741344
12741856
12742368
12742880
12743392
12743904
12744416
12744928
12745440
12745952
12741345
12741857
12742369
12742881
12743393
12743905
12744417
12744929
12745441
12745953
12741346
12741858
12742370
12742882
12743394
12743906
12744418
12744930
12745442
12745954
12741347
12741859
12742371
12742883
12743395
12743907
12744419
12744931
12745443
12745955
12741348
12741860
12742372
12742884
12743396
12743908
12744420
12744932
12745444
12745956
12741349
12741861
12742373
12742885
12743397
12743909
12744421
12744933
12745445
12745957
12741350
12741862
12742374
12742886
12743398
12743910
12744422
12744934
12745446
12745958
17960659
17961171
17961683
17962195
17962707
17963219
17963731
17964243
17964755
17965267
17960660
17961172
17961684
17962196
17962708
17963220
17963732
17964244
17964756
17965268
17960661
17961173
17961685
17962197
17962709
17963221
17963733
17964245
17964757
17965269
17960662
17961174
17961686
17962198
17962710
17963222
17963734
17964246
17964758
17965270
17960663
17961175
17961687
17962199
17962711
17963223
17963735
17964247
17964759
17965271
17960664
17961176
17961688
17962200
17962712
17963224
17963736
17964248
17964760
17965272
17960665
17961177
17961689
17962201
17962713
17963225
17963737
17964249
17964761
17965273
17960666
17961178
17961690
17962202
17962714
17963226
17963738
17964250
17964762
17965274
17960667
17961179
17961691
17962203
17962715
17963227
17963739
17964251
17964763
17965275
17960668
17961180
17961692
17962204
17962716
17963228
17963740
17964252
17964764
17965276
2667259
2667771
2668283
2668795
2669307
2669819
2670331
2670843
2671355
2671867
2667260
2667772
2668284
2668796
2669308
2669820
2670332
2670844
2671356
2671868
2667261
2667773
2668285
2668797
2669309
2669821
2670333
2670845
2671357
2671869
2667262
2667774
2668286
2668798
2669310
2669822
2670334
2670846
2671358
2671870
2667263
2667775
2668287
2668799
2669311
2669823
2670335
2670847
2671359
2671871
2667264
2667776
2668288
2668800
2669312
2669824
2670336
2670848
2671360
2671872
2667265
2667777
2668289
2668801
2669313
2669825
2670337
2670849
2671361
2671873
2667266
2667778
2668290
2668802
2669314
2669826
2670338
2670850
2671362
2671874
2667267
2667779
2668291
2668803
2669315
2669827
2670339
2670851
2671363
2671875
2667268
2667780
2668292
2668804
2669316
2669828
2670340
2670852
2671364
2671876
21583225
21583737
21584249
21584761
21585273
21585785
21586297
21586809
21587321
21587833
21583226
21583738
21584250
21584762
21585274
21585786
21586298
21586810
21587322
21587834
21583227
21583739
21584251
21584763
21585275
21585787
21586299
21586811
21587323
21587835
21583228
21583740
21584252
21584764
21585276
21585788
21586300
21586812
21587324
21587836
21583229
21583741
21584253
21584765
21585277
21585789
21586301
21586813
21587325
21587837
21583230
21583742
21584254
21584766
21585278
21585790
21586302
21586814
21587326
21587838
21583231
21583743
21584255
21584767
21585279
21585791
21586303
21586815
21587327
21587839
21583232
21583744
21584256
21584768
21585280
21585792
21586304
21586816
21587328
21587840
21583233
21583745
21584257
21584769
21585281
21585793
21586305
21586817
21587329
21587841
21583234
21583746
21584258
21584770
21585282
21585794
21586306
21586818
21587330
21587842
24043140
24043652
24044164
24044676
24045188
24045700
24046212
24046724
24047236
24047748
24043141
24043653
24044165
24044677
24045189
24045701
24046213
24046725
24047237
24047749
24043142
24043654
24044166
24044678
24045190
24045702
24046214
24046726
24047238
24047750
24043143
24043655
24044167
24044679
24045191
24045703
24046215
24046727
24047239
24047751
24043144
24043656
24044168
24044680
24045192
24045704
24046216
24046728
24047240
24047752
24043145
24043657
24044169
24044681
24045193
24045705
24046217
24046729
24047241
24047753
24043146
24043658
24044170
24044682
24045194
24045706
24046218
24046730
24047242
24047754
24043147
24043659
24044171
24044683
24045195
24045707
24046219
24046731
24047243
24047755
24043148
24043660
24044172
24044684
24045196
24045708
24046220
24046732
24047244
24047756
24043149
24043661
24044173
24044685
24045197
24045709
24046221
24046733
24047245
24047757
14607551
14608063
14608575
14609087
14609599
14610111
14610623
14611135
14611647
14612159
14607552
14608064
14608576
14609088
14609600
14610112
14610624
14611136
14611648
14612160
14607553
14608065
14608577
14609089
14609601
14610113
14610625
14611137
14611649
14612161
14607554
14608066
14608578
14609090
14609602
14610114
14610626
14611138
14611650
14612162
14607555
14608067
14608579
14609091
14609603
14610115
14610627
14611139
14611651
14612163
14607556
14608068
14608580
14609092
14609604
14610116
14610628
14611140
14611652
14612164
14607557
14608069
14608581
14609093
14609605
14610117
14610629
14611141
14611653
14612165
14607558
14608070
14608582
14609094
14609606
14610118
14610630
14611142
14611654
14612166
14607559
14608071
14608583
14609095
14609607
14610119
14610631
14611143
14611655
14612167
14607560
14608072
14608584
14609096
14609608
14610120
14610632
14611144
14611656
14612168
28620517
28621029
28621541
28622053
28622565
28623077
28623589
28624101
28624613
28625125
28620518
28621030
28621542
28622054
28622566
28623078
28623590
28624102
28624614
28625126
28620519
28621031
28621543
28622055
28622567
28623079
28623591
28624103
28624615
28625127
28620520
28621032
28621544
28622056
28622568
28623080
28623592
28624104
28624616
28625128
28620521
28621033
28621545
28622057
28622569
28623081
28623593
28624105
28624617
28625129
28620522
28621034
28621546
28622058
28622570
28623082
28623594
28624106
28624618
28625130
28620523
28621035
28621547
28622059
28622571
28623083
28623595
28624107
28624619
28625131
28620524
28621036
28621548
28622060
28622572
28623084
28623596
28624108
28624620
28625132
28620525
28621037
28621549
28622061
28622573
28623085
28623597
28624109
28624621
28625133
28620526
28621038
28621550
28622062
28622574
28623086
28623598
28624110
28624622
28625134
3989955
3990467
3990979
3991491
3992003
3992515
3993027
3993539
3994051
3994563
3989956
3990468
3990980
3991492
3992004
3992516
3993028
3993540
3994052
3994564
3989957
3990469
3990981
3991493
3992005
3992517
3993029
3993541
3994053
3994565
3989958
3990470
3990982
3991494
3992006
3992518
3993030
3993542
3994054
3994566
3989959
3990471
3990983
3991495
3992007
3992519
3993031
3993543
3994055
3994567
3989960
3990472
3990984
3991496
3992008
3992520
3993032
3993544
3994056
3994568
3989961
3990473
3990985
3991497
3992009
3992521
3993033
3993545
3994057
3994569
3989962
3990474
3990986
3991498
3992010
3992522
3993034
3993546
3994058
3994570
3989963
3990475
3990987
3991499
3992011
3992523
3993035
3993547
3994059
3994571
3989964
3990476
3990988
3991500
3992012
3992524
3993036
3993548
3994060
3994572
19928256
19928768
19929280
19929792
19930304
19930816
19931328
19931840
19932352
19932864
19928257
19928769
19929281
19929793
19930305
19930817
19931329
19931841
19932353
19932865
19928258
19928770
19929282
19929794
19930306
19930818
19931330
19931842
19932354
19932866
19928259
19928771
19929283
19929795
19930307
19930819
19931331
19931843
19932355
19932867
19928260
19928772
19929284
19929796
19930308
19930820
19931332
19931844
19932356
19932868
19928261
19928773
19929285
19929797
19930309
19930821
19931333
19931845
19932357
19932869
19928262
19928774
19929286
19929798
19930310
19930822
19931334
19931846
19932358
19932870
19928263
19928775
19929287
19929799
19930311
19930823
19931335
19931847
19932359
19932871
19928264
19928776
19929288
19929800
19930312
19930824
19931336
19931848
19932360
19932872
19928265
19928777
19929289
19929801
19930313
19930825
19931337
19931849
19932361
19932873
8568622
8569134
8569646
8570158
8570670
8571182
8571694
8572206
8572718
8573230
8568623
8569135
8569647
8570159
8570671
8571183
8571695
8572207
8572719
8573231
8568624
8569136
8569648
8570160
8570672
8571184
8571696
8572208
8572720
8573232
8568625
8569137
8569649
8570161
8570673
8571185
8571697
8572209
8572721
8573233
8568626
8569138
8569650
8570162
8570674
8571186
8571698
8572210
8572722
8573234
8568627
8569139
8569651
8570163
8570675
8571187
8571699
8572211
8572723
8573235
8568628
8569140
8569652
8570164
8570676
8571188
8571700
8572212
8572724
8573236
8568629
8569141
8569653
8570165
8570677
8571189
8571701
8572213
8572725
8573237
8568630
8569142
8569654
8570166
8570678
8571190
8571702
8572214
8572726
8573238
8568631
8569143
8569655
8570167
8570679
8571191
8571703
8572215
8572727
8573239
20963875
20964387
20964899
20965411
20965923
20966435
20966947
20967459
20967971
20968483
20963876
20964388
20964900
20965412
20965924
20966436
20966948
20967460
20967972
20968484
20963877
20964389
20964901
20965413
20965925
20966437
20966949
20967461
20967973
20968485
20963878
20964390
20964902
20965414
20965926
20966438
20966950
20967462
20967974
20968486
20963879
20964391
20964903
20965415
20965927
20966439
20966951
20967463
20967975
20968487
20963880
20964392
20964904
20965416
20965928
20966440
20966952
20967464
20967976
20968488
20963881
20964393
20964905
20965417
20965929
20966441
20966953
20967465
20967977
20968489
20963882
20964394
20964906
20965418
20965930
20966442
20966954
20967466
20967978
20968490
20963883
20964395
20964907
20965419
20965931
20966443
20966955
20967467
20967979
20968491
20963884
20964396
20964908
20965420
20965932
20966444
20966956
20967468
20967980
20968492
30713126
30713638
30714150
30714662
30715174
30715686
30716198
30716710
30717222
30717734
30713127
30713639
30714151
30714663
30715175
30715687
30716199
30716711
30717223
30717735
30713128
30713640
30714152
30714664
30715176
30715688
30716200
30716712
30717224
30717736
30713129
30713641
30714153
30714665
30715177
30715689
30716201
30716713
30717225
30717737
30713130
30713642
30714154
30714666
30715178
30715690
30716202
30716714
30717226
30717738
30713131
30713643
30714155
30714667
30715179
30715691
30716203
30716715
30717227
30717739
30713132
30713644
30714156
30714668
30715180
30715692
30716204
30716716
30717228
30717740
30713133
30713645
30714157
30714669
30715181
30715693
30716205
30716717
30717229
30717741
30713134
30713646
30714158
30714670
30715182
30715694
30716206
30716718
30717230
30717742
30713135
30713647
30714159
30714671
30715183
30715695
30716207
30716719
30717231
30717743
9977713
9978225
9978737
9979249
9979761
9980273
9980785
9981297
9981809
9982321
9977714
9978226
9978738
9979250
9979762
9980274
9980786
9981298
9981810
9982322
9977715
9978227
9978739
9979251
9979763
9980275
9980787
9981299
9981811
9982323
9977716
9978228
9978740
9979252
9979764
9980276
9980788
9981300
9981812
9982324
9977717
9978229
9978741
9979253
9979765
9980277
9980789
9981301
9981813
9982325
9977718
9978230
9978742
9979254
9979766
9980278
9980790
9981302
9981814
9982326
9977719
9978231
9978743
9979255
9979767
9980279
9980791
9981303
9981815
9982327
9977720
9978232
9978744
9979256
9979768
9980280
9980792
9981304
9981816
9982328
9977721
9978233
9978745
9979257
9979769
9980281
9980793
9981305
9981817
9982329
9977722
9978234
9978746
9979258
9979770
9980282
9980794
9981306
9981818
9982330
25910875
25911387
25911899
25912411
25912923
25913435
25913947
25914459
25914971
25915483
25910876
25911388
25911900
25912412
25912924
25913436
25913948
25914460
25914972
25915484
25910877
25911389
25911901
25912413
25912925
25913437
25913949
25914461
25914973
25915485
25910878
25911390
25911902
25912414
25912926
25913438
25913950
25914462
25914974
25915486
25910879
25911391
25911903
25912415
25912927
25913439
25913951
25914463
25914975
25915487
25910880
25911392
25911904
25912416
25912928
25913440
25913952
25914464
25914976
25915488
25910881
25911393
25911905
25912417
25912929
25913441
25913953
25914465
25914977
25915489
25910882
25911394
25911906
25912418
25912930
25913442
25913954
25914466
25914978
25915490
25910883
25911395
25911907
25912419
25912931
25913443
25913955
25914467
25914979
25915491
25910884
25911396
25911908
25912420
25912932
25913444
25913956
25914468
25914980
25915492
8899444
8899956
8900468
8900980
8901492
8902004
8902516
8903028
8903540
8904052
8899445
8899957
8900469
8900981
8901493
8902005
8902517
8903029
8903541
8904053
8899446
8899958
8900470
8900982
8901494
8902006
8902518
8903030
8903542
8904054
8899447
8899959
8900471
8900983
8901495
8902007
8902519
8903031
8903543
8904055
8899448
8899960
8900472
8900984
8901496
8902008
8902520
8903032
8903544
8904056
8899449
8899961
8900473
8900985
8901497
8902009
8902521
8903033
8903545
8904057
8899450
8899962
8900474
8900986
8901498
8902010
8902522
8903034
8903546
8904058
8899451
8899963
8900475
8900987
8901499
8902011
8902523
8903035
8903547
8904059
8899452
8899964
8900476
8900988
8901500
8902012
8902524
8903036
8903548
8904060
8899453
8899965
8900477
8900989
8901501
8902013
8902525
8903037
8903549
8904061
26523065
26523577
26524089
26524601
26525113
26525625
26526137
26526649
26527161
26527673
26523066
26523578
26524090
26524602
26525114
26525626
26526138
26526650
26527162
26527674
26523067
26523579
26524091
26524603
26525115
26525627
26526139
26526651
26527163
26527675
26523068
26523580
26524092
26524604
26525116
26525628
26526140
26526652
26527164
26527676
26523069
26523581
26524093
26524605
26525117
26525629
26526141
26526653
26527165
26527677
26523070
26523582
26524094
26524606
26525118
26525630
26526142
26526654
26527166
26527678
26523071
26523583
26524095
26524607
26525119
26525631
26526143
26526655
26527167
26527679
26523072
26523584
26524096
26524608
26525120
26525632
26526144
26526656
26527168
26527680
26523073
26523585
26524097
26524609
26525121
26525633
26526145
26526657
26527169
26527681
26523074
26523586
26524098
26524610
26525122
26525634
26526146
26526658
26527170
26527682
6975561
6976073
6976585
6977097
6977609
6978121
6978633
6979145
6979657
6980169
6975562
6976074
6976586
6977098
6977610
6978122
6978634
6979146
6979658
6980170
6975563
6976075
6976587
6977099
6977611
6978123
6978635
6979147
6979659
6980171
6975564
6976076
6976588
6977100
6977612
6978124
6978636
6979148
6979660
6980172
6975565
6976077
6976589
6977101
6977613
6978125
6978637
6979149
6979661
6980173
6975566
6976078
6976590
6977102
6977614
6978126
6978638
6979150
6979662
6980174
6975567
6976079
6976591
6977103
6977615
6978127
6978639
6979151
6979663
6980175
6975568
6976080
6976592
6977104
6977616
6978128
6978640
6979152
6979664
6980176
6975569
6976081
6976593
6977105
6977617
6978129
6978641
6979153
6979665
6980177
6975570
6976082
6976594
6977106
6977618
6978130
6978642
6979154
6979666
6980178
17194627
17195139
17195651
17196163
17196675
17197187
17197699
17198211
17198723
17199235
17194628
17195140
17195652
17196164
17196676
17197188
17197700
17198212
17198724
17199236
17194629
17195141
17195653
17196165
17196677
17197189
17197701
17198213
17198725
17199237
17194630
17195142
17195654
17196166
17196678
17197190
17197702
17198214
17198726
17199238
17194631
17195143
17195655
17196167
17196679
17197191
17197703
17198215
17198727
17199239
17194632
17195144
17195656
17196168
17196680
17197192
17197704
17198216
17198728
17199240
17194633
17195145
17195657
17196169
17196681
17197193
17197705
17198217
17198729
17199241
17194634
17195146
17195658
17196170
17196682
17197194
17197706
17198218
17198730
17199242
17194635
17195147
17195659
17196171
17196683
17197195
17197707
17198219
17198731
17199243
17194636
17195148
17195660
17196172
17196684
17197196
17197708
17198220
17198732
17199244
11011081
11011593
11012105
11012617
11013129
11013641
11014153
11014665
11015177
11015689
11011082
11011594
11012106
11012618
11013130
11013642
11014154
11014666
11015178
11015690
11011083
11011595
11012107
11012619
11013131
11013643
11014155
11014667
11015179
11015691
11011084
11011596
11012108
11012620
11013132
11013644
11014156
11014668
11015180
11015692
11011085
11011597
11012109
11012621
11013133
11013645
11014157
11014669
11015181
11015693
11011086
11011598
11012110
11012622
11013134
11013646
11014158
11014670
11015182
11015694
11011087
11011599
11012111
11012623
11013135
11013647
11014159
11014671
11015183
11015695
11011088
11011600
11012112
11012624
11013136
11013648
11014160
11014672
11015184
11015696
11011089
11011601
11012113
11012625
11013137
11013649
11014161
11014673
11015185
11015697
11011090
11011602
11012114
11012626
11013138
11013650
11014162
11014674
11015186
11015698
20774694
20775206
20775718
20776230
20776742
20777254
20777766
20778278
20778790
20779302
20774695
20775207
20775719
20776231
20776743
20777255
20777767
20778279
20778791
20779303
20774696
20775208
20775720
20776232
20776744
20777256
20777768
20778280
20778792
20779304
20774697
20775209
20775721
20776233
20776745
20777257
20777769
20778281
20778793
20779305
20774698
20775210
20775722
20776234
20776746
20777258
20777770
20778282
20778794
20779306
20774699
20775211
20775723
20776235
20776747
20777259
20777771
20778283
20778795
20779307
20774700
20775212
20775724
20776236
20776748
20777260
20777772
20778284
20778796
20779308
20774701
20775213
20775725
20776237
20776749
20777261
20777773
20778285
20778797
20779309
20774702
20775214
20775726
20776238
20776750
20777262
20777774
20778286
20778798
20779310
20774703
20775215
20775727
20776239
20776751
20777263
20777775
20778287
20778799
20779311
1838432
1838944
1839456
1839968
1840480
1840992
1841504
1842016
1842528
1843040
1838433
1838945
1839457
1839969
1840481
1840993
1841505
1842017
1842529
1843041
1838434
1838946
1839458
1839970
1840482
1840994
1841506
1842018
1842530
1843042
1838435
1838947
1839459
1839971
1840483
1840995
1841507
1842019
1842531
1843043
1838436
1838948
1839460
1839972
1840484
1840996
1841508
1842020
1842532
1843044
1838437
1838949
1839461
1839973
1840485
1840997
1841509
1842021
1842533
1843045
1838438
1838950
1839462
1839974
1840486
1840998
1841510
1842022
1842534
1843046
1838439
1838951
1839463
1839975
1840487
1840999
1841511
1842023
1842535
1843047
1838440
1838952
1839464
1839976
1840488
1841000
1841512
1842024
1842536
1843048
1838441
1838953
1839465
1839977
1840489
1841001
1841513
1842025
1842537
1843049
23762659
23763171
23763683
23764195
23764707
23765219
23765731
23766243
23766755
23767267
23762660
23763172
23763684
23764196
23764708
23765220
23765732
23766244
23766756
23767268
23762661
23763173
23763685
23764197
23764709
23765221
23765733
23766245
23766757
23767269
23762662
23763174
23763686
23764198
23764710
23765222
23765734
23766246
23766758
23767270
23762663
23763175
23763687
23764199
23764711
23765223
23765735
23766247
23766759
23767271
23762664
23763176
23763688
23764200
23764712
23765224
23765736
23766248
23766760
23767272
23762665
23763177
23763689
23764201
23764713
23765225
23765737
23766249
23766761
23767273
23762666
23763178
23763690
23764202
23764714
23765226
23765738
23766250
23766762
23767274
23762667
23763179
23763691
23764203
23764715
23765227
23765739
23766251
23766763
23767275
23762668
23763180
23763692
23764204
23764716
23765228
23765740
23766252
23766764
23767276
17837121
17837633
17838145
17838657
17839169
17839681
17840193
17840705
17841217
17841729
17837122
17837634
17838146
17838658
17839170
17839682
17840194
17840706
17841218
17841730
17837123
17837635
17838147
17838659
17839171
17839683
17840195
17840707
17841219
17841731
17837124
17837636
17838148
17838660
17839172
17839684
17840196
17840708
17841220
17841732
17837125
17837637
17838149
17838661
17839173
17839685
17840197
17840709
17841221
17841733
17837126
17837638
17838150
17838662
17839174
17839686
17840198
17840710
17841222
17841734
17837127
17837639
17838151
17838663
17839175
17839687
17840199
17840711
17841223
17841735
17837128
17837640
17838152
17838664
17839176
17839688
17840200
17840712
17841224
17841736
17837129
17837641
17838153
17838665
17839177
17839689
17840201
17840713
17841225
17841737
17837130
17837642
17838154
17838666
17839178
17839690
17840202
17840714
17841226
17841738
742165
742677
743189
743701
744213
744725
745237
745749
746261
746773
742166
742678
743190
743702
744214
744726
745238
745750
746262
746774
742167
742679
743191
743703
744215
744727
745239
745751
746263
746775
742168
742680
743192
743704
744216
744728
745240
745752
746264
746776
742169
742681
743193
743705
744217
744729
745241
745753
746265
746777
742170
742682
743194
743706
744218
744730
745242
745754
746266
746778
742171
742683
743195
743707
744219
744731
745243
745755
746267
746779
742172
742684
743196
743708
744220
744732
745244
745756
746268
746780
742173
742685
743197
743709
744221
744733
745245
745757
746269
746781
742174
742686
743198
743710
744222
744734
745246
745758
746270
746782
