15327972
15328484
15328996
15329508
15330020
15330532
15331044
15331556
15332068
15332580
15327973
15328485
15328997
15329509
15330021
15330533
15331045
15331557
15332069
15332581
15327974
15328486
15328998
15329510
15330022
15330534
15331046
15331558
15332070
15332582
15327975
15328487
15328999
15329511
15330023
15330535
15331047
15331559
15332071
15332583
15327976
15328488
15329000
15329512
15330024
15330536
15331048
15331560
15332072
15332584
15327977
15328489
15329001
15329513
15330025
15330537
15331049
15331561
15332073
15332585
15327978
15328490
15329002
15329514
15330026
15330538
15331050
15331562
15332074
15332586
15327979
15328491
15329003
15329515
15330027
15330539
15331051
15331563
15332075
15332587
15327980
15328492
15329004
15329516
15330028
15330540
15331052
15331564
15332076
15332588
15327981
15328493
15329005
15329517
15330029
15330541
15331053
15331565
15332077
15332589
14267188
14267700
14268212
14268724
14269236
14269748
14270260
14270772
14271284
14271796
14267189
14267701
14268213
14268725
14269237
14269749
14270261
14270773
14271285
14271797
14267190
14267702
14268214
14268726
14269238
14269750
14270262
14270774
14271286
14271798
14267191
14267703
14268215
14268727
14269239
14269751
14270263
14270775
14271287
14271799
14267192
14267704
14268216
14268728
14269240
14269752
14270264
14270776
14271288
14271800
14267193
14267705
14268217
14268729
14269241
14269753
14270265
14270777
14271289
14271801
14267194
14267706
14268218
14268730
14269242
14269754
14270266
14270778
14271290
14271802
14267195
14267707
14268219
14268731
14269243
14269755
14270267
14270779
14271291
14271803
14267196
14267708
14268220
14268732
14269244
14269756
14270268
14270780
14271292
14271804
14267197
14267709
14268221
14268733
14269245
14269757
14270269
14270781
14271293
14271805
15330488
15331000
15331512
15332024
15332536
15333048
15333560
15334072
15334584
15335096
15330489
15331001
15331513
15332025
15332537
15333049
15333561
15334073
15334585
15335097
15330490
15331002
15331514
15332026
15332538
15333050
15333562
15334074
15334586
15335098
15330491
15331003
15331515
15332027
15332539
15333051
15333563
15334075
15334587
15335099
15330492
15331004
15331516
15332028
15332540
15333052
15333564
15334076
15334588
15335100
15330493
15331005
15331517
15332029
15332541
15333053
15333565
15334077
15334589
15335101
15330494
15331006
15331518
15332030
15332542
15333054
15333566
15334078
15334590
15335102
15330495
15331007
15331519
15332031
15332543
15333055
15333567
15334079
15334591
15335103
15330496
15331008
15331520
15332032
15332544
15333056
15333568
15334080
15334592
15335104
15330497
15331009
15331521
15332033
15332545
15333057
15333569
15334081
15334593
15335105
13767359
13767871
13768383
13768895
13769407
13769919
13770431
13770943
13771455
13771967
13767360
13767872
13768384
13768896
13769408
13769920
13770432
13770944
13771456
13771968
13767361
13767873
13768385
13768897
13769409
13769921
13770433
13770945
13771457
13771969
13767362
13767874
13768386
13768898
13769410
13769922
13770434
13770946
13771458
13771970
13767363
13767875
13768387
13768899
13769411
13769923
13770435
13770947
13771459
13771971
13767364
13767876
13768388
13768900
13769412
13769924
13770436
13770948
13771460
13771972
13767365
13767877
13768389
13768901
13769413
13769925
13770437
13770949
13771461
13771973
13767366
13767878
13768390
13768902
13769414
13769926
13770438
13770950
13771462
13771974
13767367
13767879
13768391
13768903
13769415
13769927
13770439
13770951
13771463
13771975
13767368
13767880
13768392
13768904
13769416
13769928
13770440
13770952
13771464
13771976
16914146
16914658
16915170
16915682
16916194
16916706
16917218
16917730
16918242
16918754
16914147
16914659
16915171
16915683
16916195
16916707
16917219
16917731
16918243
16918755
16914148
16914660
16915172
16915684
16916196
16916708
16917220
16917732
16918244
16918756
16914149
16914661
16915173
16915685
16916197
16916709
16917221
16917733
16918245
16918757
16914150
16914662
16915174
16915686
16916198
16916710
16917222
16917734
16918246
16918758
16914151
16914663
16915175
16915687
16916199
16916711
16917223
16917735
16918247
16918759
16914152
16914664
16915176
16915688
16916200
16916712
16917224
16917736
16918248
16918760
16914153
16914665
16915177
16915689
16916201
16916713
16917225
16917737
16918249
16918761
16914154
16914666
16915178
16915690
16916202
16916714
16917226
16917738
16918250
16918762
16914155
16914667
16915179
16915691
16916203
16916715
16917227
16917739
16918251
16918763
15374506
15375018
15375530
15376042
15376554
15377066
15377578
15378090
15378602
15379114
15374507
15375019
15375531
15376043
15376555
15377067
15377579
15378091
15378603
15379115
15374508
15375020
15375532
15376044
15376556
15377068
15377580
15378092
15378604
15379116
15374509
15375021
15375533
15376045
15376557
15377069
15377581
15378093
15378605
15379117
15374510
15375022
15375534
15376046
15376558
15377070
15377582
15378094
15378606
15379118
15374511
15375023
15375535
15376047
15376559
15377071
15377583
15378095
15378607
15379119
15374512
15375024
15375536
15376048
15376560
15377072
15377584
15378096
15378608
15379120
15374513
15375025
15375537
15376049
15376561
15377073
15377585
15378097
15378609
15379121
15374514
15375026
15375538
15376050
15376562
15377074
15377586
15378098
15378610
15379122
15374515
15375027
15375539
15376051
15376563
15377075
15377587
15378099
15378611
15379123
14786745
14787257
14787769
14788281
14788793
14789305
14789817
14790329
14790841
14791353
14786746
14787258
14787770
14788282
14788794
14789306
14789818
14790330
14790842
14791354
14786747
14787259
14787771
14788283
14788795
14789307
14789819
14790331
14790843
14791355
14786748
14787260
14787772
14788284
14788796
14789308
14789820
14790332
14790844
14791356
14786749
14787261
14787773
14788285
14788797
14789309
14789821
14790333
14790845
14791357
14786750
14787262
14787774
14788286
14788798
14789310
14789822
14790334
14790846
14791358
14786751
14787263
14787775
14788287
14788799
14789311
14789823
14790335
14790847
14791359
14786752
14787264
14787776
14788288
14788800
14789312
14789824
14790336
14790848
14791360
14786753
14787265
14787777
14788289
14788801
14789313
14789825
14790337
14790849
14791361
14786754
14787266
14787778
14788290
14788802
14789314
14789826
14790338
14790850
14791362
13689107
13689619
13690131
13690643
13691155
13691667
13692179
13692691
13693203
13693715
13689108
13689620
13690132
13690644
13691156
13691668
13692180
13692692
13693204
13693716
13689109
13689621
13690133
13690645
13691157
13691669
13692181
13692693
13693205
13693717
13689110
13689622
13690134
13690646
13691158
13691670
13692182
13692694
13693206
13693718
13689111
13689623
13690135
13690647
13691159
13691671
13692183
13692695
13693207
13693719
13689112
13689624
13690136
13690648
13691160
13691672
13692184
13692696
13693208
13693720
13689113
13689625
13690137
13690649
13691161
13691673
13692185
13692697
13693209
13693721
13689114
13689626
13690138
13690650
13691162
13691674
13692186
13692698
13693210
13693722
13689115
13689627
13690139
13690651
13691163
13691675
13692187
13692699
13693211
13693723
13689116
13689628
13690140
13690652
13691164
13691676
13692188
13692700
13693212
13693724
14259009
14259521
14260033
14260545
14261057
14261569
14262081
14262593
14263105
14263617
14259010
14259522
14260034
14260546
14261058
14261570
14262082
14262594
14263106
14263618
14259011
14259523
14260035
14260547
14261059
14261571
14262083
14262595
14263107
14263619
14259012
14259524
14260036
14260548
14261060
14261572
14262084
14262596
14263108
14263620
14259013
14259525
14260037
14260549
14261061
14261573
14262085
14262597
14263109
14263621
14259014
14259526
14260038
14260550
14261062
14261574
14262086
14262598
14263110
14263622
14259015
14259527
14260039
14260551
14261063
14261575
14262087
14262599
14263111
14263623
14259016
14259528
14260040
14260552
14261064
14261576
14262088
14262600
14263112
14263624
14259017
14259529
14260041
14260553
14261065
14261577
14262089
14262601
14263113
14263625
14259018
14259530
14260042
14260554
14261066
14261578
14262090
14262602
14263114
14263626
12158159
12158671
12159183
12159695
12160207
12160719
12161231
12161743
12162255
12162767
12158160
12158672
12159184
12159696
12160208
12160720
12161232
12161744
12162256
12162768
12158161
12158673
12159185
12159697
12160209
12160721
12161233
12161745
12162257
12162769
12158162
12158674
12159186
12159698
12160210
12160722
12161234
12161746
12162258
12162770
12158163
12158675
12159187
12159699
12160211
12160723
12161235
12161747
12162259
12162771
12158164
12158676
12159188
12159700
12160212
12160724
12161236
12161748
12162260
12162772
12158165
12158677
12159189
12159701
12160213
12160725
12161237
12161749
12162261
12162773
12158166
12158678
12159190
12159702
12160214
12160726
12161238
12161750
12162262
12162774
12158167
12158679
12159191
12159703
12160215
12160727
12161239
12161751
12162263
12162775
12158168
12158680
12159192
12159704
12160216
12160728
12161240
12161752
12162264
12162776
15880360
15880872
15881384
15881896
15882408
15882920
15883432
15883944
15884456
15884968
15880361
15880873
15881385
15881897
15882409
15882921
15883433
15883945
15884457
15884969
15880362
15880874
15881386
15881898
15882410
15882922
15883434
15883946
15884458
15884970
15880363
15880875
15881387
15881899
15882411
15882923
15883435
15883947
15884459
15884971
15880364
15880876
15881388
15881900
15882412
15882924
15883436
15883948
15884460
15884972
15880365
15880877
15881389
15881901
15882413
15882925
15883437
15883949
15884461
15884973
15880366
15880878
15881390
15881902
15882414
15882926
15883438
15883950
15884462
15884974
15880367
15880879
15881391
15881903
15882415
15882927
15883439
15883951
15884463
15884975
15880368
15880880
15881392
15881904
15882416
15882928
15883440
15883952
15884464
15884976
15880369
15880881
15881393
15881905
15882417
15882929
15883441
15883953
15884465
15884977
17174763
17175275
17175787
17176299
17176811
17177323
17177835
17178347
17178859
17179371
17174764
17175276
17175788
17176300
17176812
17177324
17177836
17178348
17178860
17179372
17174765
17175277
17175789
17176301
17176813
17177325
17177837
17178349
17178861
17179373
17174766
17175278
17175790
17176302
17176814
17177326
17177838
17178350
17178862
17179374
17174767
17175279
17175791
17176303
17176815
17177327
17177839
17178351
17178863
17179375
17174768
17175280
17175792
17176304
17176816
17177328
17177840
17178352
17178864
17179376
17174769
17175281
17175793
17176305
17176817
17177329
17177841
17178353
17178865
17179377
17174770
17175282
17175794
17176306
17176818
17177330
17177842
17178354
17178866
17179378
17174771
17175283
17175795
17176307
17176819
17177331
17177843
17178355
17178867
17179379
17174772
17175284
17175796
17176308
17176820
17177332
17177844
17178356
17178868
17179380
12636960
12637472
12637984
12638496
12639008
12639520
12640032
12640544
12641056
12641568
12636961
12637473
12637985
12638497
12639009
12639521
12640033
12640545
12641057
12641569
12636962
12637474
12637986
12638498
12639010
12639522
12640034
12640546
12641058
12641570
12636963
12637475
12637987
12638499
12639011
12639523
12640035
12640547
12641059
12641571
12636964
12637476
12637988
12638500
12639012
12639524
12640036
12640548
12641060
12641572
12636965
12637477
12637989
12638501
12639013
12639525
12640037
12640549
12641061
12641573
12636966
12637478
12637990
12638502
12639014
12639526
12640038
12640550
12641062
12641574
12636967
12637479
12637991
12638503
12639015
12639527
12640039
12640551
12641063
12641575
12636968
12637480
12637992
12638504
12639016
12639528
12640040
12640552
12641064
12641576
12636969
12637481
12637993
12638505
12639017
12639529
12640041
12640553
12641065
12641577
13946145
13946657
13947169
13947681
13948193
13948705
13949217
13949729
13950241
13950753
13946146
13946658
13947170
13947682
13948194
13948706
13949218
13949730
13950242
13950754
13946147
13946659
13947171
13947683
13948195
13948707
13949219
13949731
13950243
13950755
13946148
13946660
13947172
13947684
13948196
13948708
13949220
13949732
13950244
13950756
13946149
13946661
13947173
13947685
13948197
13948709
13949221
13949733
13950245
13950757
13946150
13946662
13947174
13947686
13948198
13948710
13949222
13949734
13950246
13950758
13946151
13946663
13947175
13947687
13948199
13948711
13949223
13949735
13950247
13950759
13946152
13946664
13947176
13947688
13948200
13948712
13949224
13949736
13950248
13950760
13946153
13946665
13947177
13947689
13948201
13948713
13949225
13949737
13950249
13950761
13946154
13946666
13947178
13947690
13948202
13948714
13949226
13949738
13950250
13950762
11615437
11615949
11616461
11616973
11617485
11617997
11618509
11619021
11619533
11620045
11615438
11615950
11616462
11616974
11617486
11617998
11618510
11619022
11619534
11620046
11615439
11615951
11616463
11616975
11617487
11617999
11618511
11619023
11619535
11620047
11615440
11615952
11616464
11616976
11617488
11618000
11618512
11619024
11619536
11620048
11615441
11615953
11616465
11616977
11617489
11618001
11618513
11619025
11619537
11620049
11615442
11615954
11616466
11616978
11617490
11618002
11618514
11619026
11619538
11620050
11615443
11615955
11616467
11616979
11617491
11618003
11618515
11619027
11619539
11620051
11615444
11615956
11616468
11616980
11617492
11618004
11618516
11619028
11619540
11620052
11615445
11615957
11616469
11616981
11617493
11618005
11618517
11619029
11619541
11620053
11615446
11615958
11616470
11616982
11617494
11618006
11618518
11619030
11619542
11620054
17119948
17120460
17120972
17121484
17121996
17122508
17123020
17123532
17124044
17124556
17119949
17120461
17120973
17121485
17121997
17122509
17123021
17123533
17124045
17124557
17119950
17120462
17120974
17121486
17121998
17122510
17123022
17123534
17124046
17124558
17119951
17120463
17120975
17121487
17121999
17122511
17123023
17123535
17124047
17124559
17119952
17120464
17120976
17121488
17122000
17122512
17123024
17123536
17124048
17124560
17119953
17120465
17120977
17121489
17122001
17122513
17123025
17123537
17124049
17124561
17119954
17120466
17120978
17121490
17122002
17122514
17123026
17123538
17124050
17124562
17119955
17120467
17120979
17121491
17122003
17122515
17123027
17123539
17124051
17124563
17119956
17120468
17120980
17121492
17122004
17122516
17123028
17123540
17124052
17124564
17119957
17120469
17120981
17121493
17122005
17122517
17123029
17123541
17124053
17124565
15029052
15029564
15030076
15030588
15031100
15031612
15032124
15032636
15033148
15033660
15029053
15029565
15030077
15030589
15031101
15031613
15032125
15032637
15033149
15033661
15029054
15029566
15030078
15030590
15031102
15031614
15032126
15032638
15033150
15033662
15029055
15029567
15030079
15030591
15031103
15031615
15032127
15032639
15033151
15033663
15029056
15029568
15030080
15030592
15031104
15031616
15032128
15032640
15033152
15033664
15029057
15029569
15030081
15030593
15031105
15031617
15032129
15032641
15033153
15033665
15029058
15029570
15030082
15030594
15031106
15031618
15032130
15032642
15033154
15033666
15029059
15029571
15030083
15030595
15031107
15031619
15032131
15032643
15033155
15033667
15029060
15029572
15030084
15030596
15031108
15031620
15032132
15032644
15033156
15033668
15029061
15029573
15030085
15030597
15031109
15031621
15032133
15032645
15033157
15033669
14767965
14768477
14768989
14769501
14770013
14770525
14771037
14771549
14772061
14772573
14767966
14768478
14768990
14769502
14770014
14770526
14771038
14771550
14772062
14772574
14767967
14768479
14768991
14769503
14770015
14770527
14771039
14771551
14772063
14772575
14767968
14768480
14768992
14769504
14770016
14770528
14771040
14771552
14772064
14772576
14767969
14768481
14768993
14769505
14770017
14770529
14771041
14771553
14772065
14772577
14767970
14768482
14768994
14769506
14770018
14770530
14771042
14771554
14772066
14772578
14767971
14768483
14768995
14769507
14770019
14770531
14771043
14771555
14772067
14772579
14767972
14768484
14768996
14769508
14770020
14770532
14771044
14771556
14772068
14772580
14767973
14768485
14768997
14769509
14770021
14770533
14771045
14771557
14772069
14772581
14767974
14768486
14768998
14769510
14770022
14770534
14771046
14771558
14772070
14772582
13702942
13703454
13703966
13704478
13704990
13705502
13706014
13706526
13707038
13707550
13702943
13703455
13703967
13704479
13704991
13705503
13706015
13706527
13707039
13707551
13702944
13703456
13703968
13704480
13704992
13705504
13706016
13706528
13707040
13707552
13702945
13703457
13703969
13704481
13704993
13705505
13706017
13706529
13707041
13707553
13702946
13703458
13703970
13704482
13704994
13705506
13706018
13706530
13707042
13707554
13702947
13703459
13703971
13704483
13704995
13705507
13706019
13706531
13707043
13707555
13702948
13703460
13703972
13704484
13704996
13705508
13706020
13706532
13707044
13707556
13702949
13703461
13703973
13704485
13704997
13705509
13706021
13706533
13707045
13707557
13702950
13703462
13703974
13704486
13704998
13705510
13706022
13706534
13707046
13707558
13702951
13703463
13703975
13704487
13704999
13705511
13706023
13706535
13707047
13707559
14747905
14748417
14748929
14749441
14749953
14750465
14750977
14751489
14752001
14752513
14747906
14748418
14748930
14749442
14749954
14750466
14750978
14751490
14752002
14752514
14747907
14748419
14748931
14749443
14749955
14750467
14750979
14751491
14752003
14752515
14747908
14748420
14748932
14749444
14749956
14750468
14750980
14751492
14752004
14752516
14747909
14748421
14748933
14749445
14749957
14750469
14750981
14751493
14752005
14752517
14747910
14748422
14748934
14749446
14749958
14750470
14750982
14751494
14752006
14752518
14747911
14748423
14748935
14749447
14749959
14750471
14750983
14751495
14752007
14752519
14747912
14748424
14748936
14749448
14749960
14750472
14750984
14751496
14752008
14752520
14747913
14748425
14748937
14749449
14749961
14750473
14750985
14751497
14752009
14752521
14747914
14748426
14748938
14749450
14749962
14750474
14750986
14751498
14752010
14752522
16877343
16877855
16878367
16878879
16879391
16879903
16880415
16880927
16881439
16881951
16877344
16877856
16878368
16878880
16879392
16879904
16880416
16880928
16881440
16881952
16877345
16877857
16878369
16878881
16879393
16879905
16880417
16880929
16881441
16881953
16877346
16877858
16878370
16878882
16879394
16879906
16880418
16880930
16881442
16881954
16877347
16877859
16878371
16878883
16879395
16879907
16880419
16880931
16881443
16881955
16877348
16877860
16878372
16878884
16879396
16879908
16880420
16880932
16881444
16881956
16877349
16877861
16878373
16878885
16879397
16879909
16880421
16880933
16881445
16881957
16877350
16877862
16878374
16878886
16879398
16879910
16880422
16880934
16881446
16881958
16877351
16877863
16878375
16878887
16879399
16879911
16880423
16880935
16881447
16881959
16877352
16877864
16878376
16878888
16879400
16879912
16880424
16880936
16881448
16881960
16394912
16395424
16395936
16396448
16396960
16397472
16397984
16398496
16399008
16399520
16394913
16395425
16395937
16396449
16396961
16397473
16397985
16398497
16399009
16399521
16394914
16395426
16395938
16396450
16396962
16397474
16397986
16398498
16399010
16399522
16394915
16395427
16395939
16396451
16396963
16397475
16397987
16398499
16399011
16399523
16394916
16395428
16395940
16396452
16396964
16397476
16397988
16398500
16399012
16399524
16394917
16395429
16395941
16396453
16396965
16397477
16397989
16398501
16399013
16399525
16394918
16395430
16395942
16396454
16396966
16397478
16397990
16398502
16399014
16399526
16394919
16395431
16395943
16396455
16396967
16397479
16397991
16398503
16399015
16399527
16394920
16395432
16395944
16396456
16396968
16397480
16397992
16398504
16399016
16399528
16394921
16395433
16395945
16396457
16396969
16397481
16397993
16398505
16399017
16399529
14528800
14529312
14529824
14530336
14530848
14531360
14531872
14532384
14532896
14533408
14528801
14529313
14529825
14530337
14530849
14531361
14531873
14532385
14532897
14533409
14528802
14529314
14529826
14530338
14530850
14531362
14531874
14532386
14532898
14533410
14528803
14529315
14529827
14530339
14530851
14531363
14531875
14532387
14532899
14533411
14528804
14529316
14529828
14530340
14530852
14531364
14531876
14532388
14532900
14533412
14528805
14529317
14529829
14530341
14530853
14531365
14531877
14532389
14532901
14533413
14528806
14529318
14529830
14530342
14530854
14531366
14531878
14532390
14532902
14533414
14528807
14529319
14529831
14530343
14530855
14531367
14531879
14532391
14532903
14533415
14528808
14529320
14529832
14530344
14530856
14531368
14531880
14532392
14532904
14533416
14528809
14529321
14529833
14530345
14530857
14531369
14531881
14532393
14532905
14533417
14512341
14512853
14513365
14513877
14514389
14514901
14515413
14515925
14516437
14516949
14512342
14512854
14513366
14513878
14514390
14514902
14515414
14515926
14516438
14516950
14512343
14512855
14513367
14513879
14514391
14514903
14515415
14515927
14516439
14516951
14512344
14512856
14513368
14513880
14514392
14514904
14515416
14515928
14516440
14516952
14512345
14512857
14513369
14513881
14514393
14514905
14515417
14515929
14516441
14516953
14512346
14512858
14513370
14513882
14514394
14514906
14515418
14515930
14516442
14516954
14512347
14512859
14513371
14513883
14514395
14514907
14515419
14515931
14516443
14516955
14512348
14512860
14513372
14513884
14514396
14514908
14515420
14515932
14516444
14516956
14512349
14512861
14513373
14513885
14514397
14514909
14515421
14515933
14516445
14516957
14512350
14512862
14513374
14513886
14514398
14514910
14515422
14515934
14516446
14516958
12138803
12139315
12139827
12140339
12140851
12141363
12141875
12142387
12142899
12143411
12138804
12139316
12139828
12140340
12140852
12141364
12141876
12142388
12142900
12143412
12138805
12139317
12139829
12140341
12140853
12141365
12141877
12142389
12142901
12143413
12138806
12139318
12139830
12140342
12140854
12141366
12141878
12142390
12142902
12143414
12138807
12139319
12139831
12140343
12140855
12141367
12141879
12142391
12142903
12143415
12138808
12139320
12139832
12140344
12140856
12141368
12141880
12142392
12142904
12143416
12138809
12139321
12139833
12140345
12140857
12141369
12141881
12142393
12142905
12143417
12138810
12139322
12139834
12140346
12140858
12141370
12141882
12142394
12142906
12143418
12138811
12139323
12139835
12140347
12140859
12141371
12141883
12142395
12142907
12143419
12138812
12139324
12139836
12140348
12140860
12141372
12141884
12142396
12142908
12143420
16361157
16361669
16362181
16362693
16363205
16363717
16364229
16364741
16365253
16365765
16361158
16361670
16362182
16362694
16363206
16363718
16364230
16364742
16365254
16365766
16361159
16361671
16362183
16362695
16363207
16363719
16364231
16364743
16365255
16365767
16361160
16361672
16362184
16362696
16363208
16363720
16364232
16364744
16365256
16365768
16361161
16361673
16362185
16362697
16363209
16363721
16364233
16364745
16365257
16365769
16361162
16361674
16362186
16362698
16363210
16363722
16364234
16364746
16365258
16365770
16361163
16361675
16362187
16362699
16363211
16363723
16364235
16364747
16365259
16365771
16361164
16361676
16362188
16362700
16363212
16363724
16364236
16364748
16365260
16365772
16361165
16361677
16362189
16362701
16363213
16363725
16364237
16364749
16365261
16365773
16361166
16361678
16362190
16362702
16363214
16363726
16364238
16364750
16365262
16365774
14743797
14744309
14744821
14745333
14745845
14746357
14746869
14747381
14747893
14748405
14743798
14744310
14744822
14745334
14745846
14746358
14746870
14747382
14747894
14748406
14743799
14744311
14744823
14745335
14745847
14746359
14746871
14747383
14747895
14748407
14743800
14744312
14744824
14745336
14745848
14746360
14746872
14747384
14747896
14748408
14743801
14744313
14744825
14745337
14745849
14746361
14746873
14747385
14747897
14748409
14743802
14744314
14744826
14745338
14745850
14746362
14746874
14747386
14747898
14748410
14743803
14744315
14744827
14745339
14745851
14746363
14746875
14747387
14747899
14748411
14743804
14744316
14744828
14745340
14745852
14746364
14746876
14747388
14747900
14748412
14743805
14744317
14744829
14745341
14745853
14746365
14746877
14747389
14747901
14748413
14743806
14744318
14744830
14745342
14745854
14746366
14746878
14747390
14747902
14748414
15299257
15299769
15300281
15300793
15301305
15301817
15302329
15302841
15303353
15303865
15299258
15299770
15300282
15300794
15301306
15301818
15302330
15302842
15303354
15303866
15299259
15299771
15300283
15300795
15301307
15301819
15302331
15302843
15303355
15303867
15299260
15299772
15300284
15300796
15301308
15301820
15302332
15302844
15303356
15303868
15299261
15299773
15300285
15300797
15301309
15301821
15302333
15302845
15303357
15303869
15299262
15299774
15300286
15300798
15301310
15301822
15302334
15302846
15303358
15303870
15299263
15299775
15300287
15300799
15301311
15301823
15302335
15302847
15303359
15303871
15299264
15299776
15300288
15300800
15301312
15301824
15302336
15302848
15303360
15303872
15299265
15299777
15300289
15300801
15301313
15301825
15302337
15302849
15303361
15303873
15299266
15299778
15300290
15300802
15301314
15301826
15302338
15302850
15303362
15303874
15028420
15028932
15029444
15029956
15030468
15030980
15031492
15032004
15032516
15033028
15028421
15028933
15029445
15029957
15030469
15030981
15031493
15032005
15032517
15033029
15028422
15028934
15029446
15029958
15030470
15030982
15031494
15032006
15032518
15033030
15028423
15028935
15029447
15029959
15030471
15030983
15031495
15032007
15032519
15033031
15028424
15028936
15029448
15029960
15030472
15030984
15031496
15032008
15032520
15033032
15028425
15028937
15029449
15029961
15030473
15030985
15031497
15032009
15032521
15033033
15028426
15028938
15029450
15029962
15030474
15030986
15031498
15032010
15032522
15033034
15028427
15028939
15029451
15029963
15030475
15030987
15031499
15032011
15032523
15033035
15028428
15028940
15029452
15029964
15030476
15030988
15031500
15032012
15032524
15033036
15028429
15028941
15029453
15029965
15030477
15030989
15031501
15032013
15032525
15033037
15349442
15349954
15350466
15350978
15351490
15352002
15352514
15353026
15353538
15354050
15349443
15349955
15350467
15350979
15351491
15352003
15352515
15353027
15353539
15354051
15349444
15349956
15350468
15350980
15351492
15352004
15352516
15353028
15353540
15354052
15349445
15349957
15350469
15350981
15351493
15352005
15352517
15353029
15353541
15354053
15349446
15349958
15350470
15350982
15351494
15352006
15352518
15353030
15353542
15354054
15349447
15349959
15350471
15350983
15351495
15352007
15352519
15353031
15353543
15354055
15349448
15349960
15350472
15350984
15351496
15352008
15352520
15353032
15353544
15354056
15349449
15349961
15350473
15350985
15351497
15352009
15352521
15353033
15353545
15354057
15349450
15349962
15350474
15350986
15351498
15352010
15352522
15353034
15353546
15354058
15349451
15349963
15350475
15350987
15351499
15352011
15352523
15353035
15353547
15354059
