13690071
13690583
13691095
13691607
13692119
13692631
13693143
13693655
13694167
13694679
13690072
13690584
13691096
13691608
13692120
13692632
13693144
13693656
13694168
13694680
13690073
13690585
13691097
13691609
13692121
13692633
13693145
13693657
13694169
13694681
13690074
13690586
13691098
13691610
13692122
13692634
13693146
13693658
13694170
13694682
13690075
13690587
13691099
13691611
13692123
13692635
13693147
13693659
13694171
13694683
13690076
13690588
13691100
13691612
13692124
13692636
13693148
13693660
13694172
13694684
13690077
13690589
13691101
13691613
13692125
13692637
13693149
13693661
13694173
13694685
13690078
13690590
13691102
13691614
13692126
13692638
13693150
13693662
13694174
13694686
13690079
13690591
13691103
13691615
13692127
13692639
13693151
13693663
13694175
13694687
13690080
13690592
13691104
13691616
13692128
13692640
13693152
13693664
13694176
13694688
13428467
13428979
13429491
13430003
13430515
13431027
13431539
13432051
13432563
13433075
13428468
13428980
13429492
13430004
13430516
13431028
13431540
13432052
13432564
13433076
13428469
13428981
13429493
13430005
13430517
13431029
13431541
13432053
13432565
13433077
13428470
13428982
13429494
13430006
13430518
13431030
13431542
13432054
13432566
13433078
13428471
13428983
13429495
13430007
13430519
13431031
13431543
13432055
13432567
13433079
13428472
13428984
13429496
13430008
13430520
13431032
13431544
13432056
13432568
13433080
13428473
13428985
13429497
13430009
13430521
13431033
13431545
13432057
13432569
13433081
13428474
13428986
13429498
13430010
13430522
13431034
13431546
13432058
13432570
13433082
13428475
13428987
13429499
13430011
13430523
13431035
13431547
13432059
13432571
13433083
13428476
13428988
13429500
13430012
13430524
13431036
13431548
13432060
13432572
13433084
14768849
14769361
14769873
14770385
14770897
14771409
14771921
14772433
14772945
14773457
14768850
14769362
14769874
14770386
14770898
14771410
14771922
14772434
14772946
14773458
14768851
14769363
14769875
14770387
14770899
14771411
14771923
14772435
14772947
14773459
14768852
14769364
14769876
14770388
14770900
14771412
14771924
14772436
14772948
14773460
14768853
14769365
14769877
14770389
14770901
14771413
14771925
14772437
14772949
14773461
14768854
14769366
14769878
14770390
14770902
14771414
14771926
14772438
14772950
14773462
14768855
14769367
14769879
14770391
14770903
14771415
14771927
14772439
14772951
14773463
14768856
14769368
14769880
14770392
14770904
14771416
14771928
14772440
14772952
14773464
14768857
14769369
14769881
14770393
14770905
14771417
14771929
14772441
14772953
14773465
14768858
14769370
14769882
14770394
14770906
14771418
14771930
14772442
14772954
14773466
13475597
13476109
13476621
13477133
13477645
13478157
13478669
13479181
13479693
13480205
13475598
13476110
13476622
13477134
13477646
13478158
13478670
13479182
13479694
13480206
13475599
13476111
13476623
13477135
13477647
13478159
13478671
13479183
13479695
13480207
13475600
13476112
13476624
13477136
13477648
13478160
13478672
13479184
13479696
13480208
13475601
13476113
13476625
13477137
13477649
13478161
13478673
13479185
13479697
13480209
13475602
13476114
13476626
13477138
13477650
13478162
13478674
13479186
13479698
13480210
13475603
13476115
13476627
13477139
13477651
13478163
13478675
13479187
13479699
13480211
13475604
13476116
13476628
13477140
13477652
13478164
13478676
13479188
13479700
13480212
13475605
13476117
13476629
13477141
13477653
13478165
13478677
13479189
13479701
13480213
13475606
13476118
13476630
13477142
13477654
13478166
13478678
13479190
13479702
13480214
11086096
11086608
11087120
11087632
11088144
11088656
11089168
11089680
11090192
11090704
11086097
11086609
11087121
11087633
11088145
11088657
11089169
11089681
11090193
11090705
11086098
11086610
11087122
11087634
11088146
11088658
11089170
11089682
11090194
11090706
11086099
11086611
11087123
11087635
11088147
11088659
11089171
11089683
11090195
11090707
11086100
11086612
11087124
11087636
11088148
11088660
11089172
11089684
11090196
11090708
11086101
11086613
11087125
11087637
11088149
11088661
11089173
11089685
11090197
11090709
11086102
11086614
11087126
11087638
11088150
11088662
11089174
11089686
11090198
11090710
11086103
11086615
11087127
11087639
11088151
11088663
11089175
11089687
11090199
11090711
11086104
11086616
11087128
11087640
11088152
11088664
11089176
11089688
11090200
11090712
11086105
11086617
11087129
11087641
11088153
11088665
11089177
11089689
11090201
11090713
13198119
13198631
13199143
13199655
13200167
13200679
13201191
13201703
13202215
13202727
13198120
13198632
13199144
13199656
13200168
13200680
13201192
13201704
13202216
13202728
13198121
13198633
13199145
13199657
13200169
13200681
13201193
13201705
13202217
13202729
13198122
13198634
13199146
13199658
13200170
13200682
13201194
13201706
13202218
13202730
13198123
13198635
13199147
13199659
13200171
13200683
13201195
13201707
13202219
13202731
13198124
13198636
13199148
13199660
13200172
13200684
13201196
13201708
13202220
13202732
13198125
13198637
13199149
13199661
13200173
13200685
13201197
13201709
13202221
13202733
13198126
13198638
13199150
13199662
13200174
13200686
13201198
13201710
13202222
13202734
13198127
13198639
13199151
13199663
13200175
13200687
13201199
13201711
13202223
13202735
13198128
13198640
13199152
13199664
13200176
13200688
13201200
13201712
13202224
13202736
14782765
14783277
14783789
14784301
14784813
14785325
14785837
14786349
14786861
14787373
14782766
14783278
14783790
14784302
14784814
14785326
14785838
14786350
14786862
14787374
14782767
14783279
14783791
14784303
14784815
14785327
14785839
14786351
14786863
14787375
14782768
14783280
14783792
14784304
14784816
14785328
14785840
14786352
14786864
14787376
14782769
14783281
14783793
14784305
14784817
14785329
14785841
14786353
14786865
14787377
14782770
14783282
14783794
14784306
14784818
14785330
14785842
14786354
14786866
14787378
14782771
14783283
14783795
14784307
14784819
14785331
14785843
14786355
14786867
14787379
14782772
14783284
14783796
14784308
14784820
14785332
14785844
14786356
14786868
14787380
14782773
14783285
14783797
14784309
14784821
14785333
14785845
14786357
14786869
14787381
14782774
14783286
14783798
14784310
14784822
14785334
14785846
14786358
14786870
14787382
11360515
11361027
11361539
11362051
11362563
11363075
11363587
11364099
11364611
11365123
11360516
11361028
11361540
11362052
11362564
11363076
11363588
11364100
11364612
11365124
11360517
11361029
11361541
11362053
11362565
11363077
11363589
11364101
11364613
11365125
11360518
11361030
11361542
11362054
11362566
11363078
11363590
11364102
11364614
11365126
11360519
11361031
11361543
11362055
11362567
11363079
11363591
11364103
11364615
11365127
11360520
11361032
11361544
11362056
11362568
11363080
11363592
11364104
11364616
11365128
11360521
11361033
11361545
11362057
11362569
11363081
11363593
11364105
11364617
11365129
11360522
11361034
11361546
11362058
11362570
11363082
11363594
11364106
11364618
11365130
11360523
11361035
11361547
11362059
11362571
11363083
11363595
11364107
11364619
11365131
11360524
11361036
11361548
11362060
11362572
11363084
11363596
11364108
11364620
11365132
16925414
16925926
16926438
16926950
16927462
16927974
16928486
16928998
16929510
16930022
16925415
16925927
16926439
16926951
16927463
16927975
16928487
16928999
16929511
16930023
16925416
16925928
16926440
16926952
16927464
16927976
16928488
16929000
16929512
16930024
16925417
16925929
16926441
16926953
16927465
16927977
16928489
16929001
16929513
16930025
16925418
16925930
16926442
16926954
16927466
16927978
16928490
16929002
16929514
16930026
16925419
16925931
16926443
16926955
16927467
16927979
16928491
16929003
16929515
16930027
16925420
16925932
16926444
16926956
16927468
16927980
16928492
16929004
16929516
16930028
16925421
16925933
16926445
16926957
16927469
16927981
16928493
16929005
16929517
16930029
16925422
16925934
16926446
16926958
16927470
16927982
16928494
16929006
16929518
16930030
16925423
16925935
16926447
16926959
16927471
16927983
16928495
16929007
16929519
16930031
14760666
14761178
14761690
14762202
14762714
14763226
14763738
14764250
14764762
14765274
14760667
14761179
14761691
14762203
14762715
14763227
14763739
14764251
14764763
14765275
14760668
14761180
14761692
14762204
14762716
14763228
14763740
14764252
14764764
14765276
14760669
14761181
14761693
14762205
14762717
14763229
14763741
14764253
14764765
14765277
14760670
14761182
14761694
14762206
14762718
14763230
14763742
14764254
14764766
14765278
14760671
14761183
14761695
14762207
14762719
14763231
14763743
14764255
14764767
14765279
14760672
14761184
14761696
14762208
14762720
14763232
14763744
14764256
14764768
14765280
14760673
14761185
14761697
14762209
14762721
14763233
14763745
14764257
14764769
14765281
14760674
14761186
14761698
14762210
14762722
14763234
14763746
14764258
14764770
14765282
14760675
14761187
14761699
14762211
14762723
14763235
14763747
14764259
14764771
14765283
13424419
13424931
13425443
13425955
13426467
13426979
13427491
13428003
13428515
13429027
13424420
13424932
13425444
13425956
13426468
13426980
13427492
13428004
13428516
13429028
13424421
13424933
13425445
13425957
13426469
13426981
13427493
13428005
13428517
13429029
13424422
13424934
13425446
13425958
13426470
13426982
13427494
13428006
13428518
13429030
13424423
13424935
13425447
13425959
13426471
13426983
13427495
13428007
13428519
13429031
13424424
13424936
13425448
13425960
13426472
13426984
13427496
13428008
13428520
13429032
13424425
13424937
13425449
13425961
13426473
13426985
13427497
13428009
13428521
13429033
13424426
13424938
13425450
13425962
13426474
13426986
13427498
13428010
13428522
13429034
13424427
13424939
13425451
13425963
13426475
13426987
13427499
13428011
13428523
13429035
13424428
13424940
13425452
13425964
13426476
13426988
13427500
13428012
13428524
13429036
11612907
11613419
11613931
11614443
11614955
11615467
11615979
11616491
11617003
11617515
11612908
11613420
11613932
11614444
11614956
11615468
11615980
11616492
11617004
11617516
11612909
11613421
11613933
11614445
11614957
11615469
11615981
11616493
11617005
11617517
11612910
11613422
11613934
11614446
11614958
11615470
11615982
11616494
11617006
11617518
11612911
11613423
11613935
11614447
11614959
11615471
11615983
11616495
11617007
11617519
11612912
11613424
11613936
11614448
11614960
11615472
11615984
11616496
11617008
11617520
11612913
11613425
11613937
11614449
11614961
11615473
11615985
11616497
11617009
11617521
11612914
11613426
11613938
11614450
11614962
11615474
11615986
11616498
11617010
11617522
11612915
11613427
11613939
11614451
11614963
11615475
11615987
11616499
11617011
11617523
11612916
11613428
11613940
11614452
11614964
11615476
11615988
11616500
11617012
11617524
12659906
12660418
12660930
12661442
12661954
12662466
12662978
12663490
12664002
12664514
12659907
12660419
12660931
12661443
12661955
12662467
12662979
12663491
12664003
12664515
12659908
12660420
12660932
12661444
12661956
12662468
12662980
12663492
12664004
12664516
12659909
12660421
12660933
12661445
12661957
12662469
12662981
12663493
12664005
12664517
12659910
12660422
12660934
12661446
12661958
12662470
12662982
12663494
12664006
12664518
12659911
12660423
12660935
12661447
12661959
12662471
12662983
12663495
12664007
12664519
12659912
12660424
12660936
12661448
12661960
12662472
12662984
12663496
12664008
12664520
12659913
12660425
12660937
12661449
12661961
12662473
12662985
12663497
12664009
12664521
12659914
12660426
12660938
12661450
12661962
12662474
12662986
12663498
12664010
12664522
12659915
12660427
12660939
12661451
12661963
12662475
12662987
12663499
12664011
12664523
13692184
13692696
13693208
13693720
13694232
13694744
13695256
13695768
13696280
13696792
13692185
13692697
13693209
13693721
13694233
13694745
13695257
13695769
13696281
13696793
13692186
13692698
13693210
13693722
13694234
13694746
13695258
13695770
13696282
13696794
13692187
13692699
13693211
13693723
13694235
13694747
13695259
13695771
13696283
13696795
13692188
13692700
13693212
13693724
13694236
13694748
13695260
13695772
13696284
13696796
13692189
13692701
13693213
13693725
13694237
13694749
13695261
13695773
13696285
13696797
13692190
13692702
13693214
13693726
13694238
13694750
13695262
13695774
13696286
13696798
13692191
13692703
13693215
13693727
13694239
13694751
13695263
13695775
13696287
13696799
13692192
13692704
13693216
13693728
13694240
13694752
13695264
13695776
13696288
13696800
13692193
13692705
13693217
13693729
13694241
13694753
13695265
13695777
13696289
13696801
15528717
15529229
15529741
15530253
15530765
15531277
15531789
15532301
15532813
15533325
15528718
15529230
15529742
15530254
15530766
15531278
15531790
15532302
15532814
15533326
15528719
15529231
15529743
15530255
15530767
15531279
15531791
15532303
15532815
15533327
15528720
15529232
15529744
15530256
15530768
15531280
15531792
15532304
15532816
15533328
15528721
15529233
15529745
15530257
15530769
15531281
15531793
15532305
15532817
15533329
15528722
15529234
15529746
15530258
15530770
15531282
15531794
15532306
15532818
15533330
15528723
15529235
15529747
15530259
15530771
15531283
15531795
15532307
15532819
15533331
15528724
15529236
15529748
15530260
15530772
15531284
15531796
15532308
15532820
15533332
15528725
15529237
15529749
15530261
15530773
15531285
15531797
15532309
15532821
15533333
15528726
15529238
15529750
15530262
15530774
15531286
15531798
15532310
15532822
15533334
16131816
16132328
16132840
16133352
16133864
16134376
16134888
16135400
16135912
16136424
16131817
16132329
16132841
16133353
16133865
16134377
16134889
16135401
16135913
16136425
16131818
16132330
16132842
16133354
16133866
16134378
16134890
16135402
16135914
16136426
16131819
16132331
16132843
16133355
16133867
16134379
16134891
16135403
16135915
16136427
16131820
16132332
16132844
16133356
16133868
16134380
16134892
16135404
16135916
16136428
16131821
16132333
16132845
16133357
16133869
16134381
16134893
16135405
16135917
16136429
16131822
16132334
16132846
16133358
16133870
16134382
16134894
16135406
16135918
16136430
16131823
16132335
16132847
16133359
16133871
16134383
16134895
16135407
16135919
16136431
16131824
16132336
16132848
16133360
16133872
16134384
16134896
16135408
16135920
16136432
16131825
16132337
16132849
16133361
16133873
16134385
16134897
16135409
16135921
16136433
13973292
13973804
13974316
13974828
13975340
13975852
13976364
13976876
13977388
13977900
13973293
13973805
13974317
13974829
13975341
13975853
13976365
13976877
13977389
13977901
13973294
13973806
13974318
13974830
13975342
13975854
13976366
13976878
13977390
13977902
13973295
13973807
13974319
13974831
13975343
13975855
13976367
13976879
13977391
13977903
13973296
13973808
13974320
13974832
13975344
13975856
13976368
13976880
13977392
13977904
13973297
13973809
13974321
13974833
13975345
13975857
13976369
13976881
13977393
13977905
13973298
13973810
13974322
13974834
13975346
13975858
13976370
13976882
13977394
13977906
13973299
13973811
13974323
13974835
13975347
13975859
13976371
13976883
13977395
13977907
13973300
13973812
13974324
13974836
13975348
13975860
13976372
13976884
13977396
13977908
13973301
13973813
13974325
13974837
13975349
13975861
13976373
13976885
13977397
13977909
14765278
14765790
14766302
14766814
14767326
14767838
14768350
14768862
14769374
14769886
14765279
14765791
14766303
14766815
14767327
14767839
14768351
14768863
14769375
14769887
14765280
14765792
14766304
14766816
14767328
14767840
14768352
14768864
14769376
14769888
14765281
14765793
14766305
14766817
14767329
14767841
14768353
14768865
14769377
14769889
14765282
14765794
14766306
14766818
14767330
14767842
14768354
14768866
14769378
14769890
14765283
14765795
14766307
14766819
14767331
14767843
14768355
14768867
14769379
14769891
14765284
14765796
14766308
14766820
14767332
14767844
14768356
14768868
14769380
14769892
14765285
14765797
14766309
14766821
14767333
14767845
14768357
14768869
14769381
14769893
14765286
14765798
14766310
14766822
14767334
14767846
14768358
14768870
14769382
14769894
14765287
14765799
14766311
14766823
14767335
14767847
14768359
14768871
14769383
14769895
13193909
13194421
13194933
13195445
13195957
13196469
13196981
13197493
13198005
13198517
13193910
13194422
13194934
13195446
13195958
13196470
13196982
13197494
13198006
13198518
13193911
13194423
13194935
13195447
13195959
13196471
13196983
13197495
13198007
13198519
13193912
13194424
13194936
13195448
13195960
13196472
13196984
13197496
13198008
13198520
13193913
13194425
13194937
13195449
13195961
13196473
13196985
13197497
13198009
13198521
13193914
13194426
13194938
13195450
13195962
13196474
13196986
13197498
13198010
13198522
13193915
13194427
13194939
13195451
13195963
13196475
13196987
13197499
13198011
13198523
13193916
13194428
13194940
13195452
13195964
13196476
13196988
13197500
13198012
13198524
13193917
13194429
13194941
13195453
13195965
13196477
13196989
13197501
13198013
13198525
13193918
13194430
13194942
13195454
13195966
13196478
13196990
13197502
13198014
13198526
11629845
11630357
11630869
11631381
11631893
11632405
11632917
11633429
11633941
11634453
11629846
11630358
11630870
11631382
11631894
11632406
11632918
11633430
11633942
11634454
11629847
11630359
11630871
11631383
11631895
11632407
11632919
11633431
11633943
11634455
11629848
11630360
11630872
11631384
11631896
11632408
11632920
11633432
11633944
11634456
11629849
11630361
11630873
11631385
11631897
11632409
11632921
11633433
11633945
11634457
11629850
11630362
11630874
11631386
11631898
11632410
11632922
11633434
11633946
11634458
11629851
11630363
11630875
11631387
11631899
11632411
11632923
11633435
11633947
11634459
11629852
11630364
11630876
11631388
11631900
11632412
11632924
11633436
11633948
11634460
11629853
11630365
11630877
11631389
11631901
11632413
11632925
11633437
11633949
11634461
11629854
11630366
11630878
11631390
11631902
11632414
11632926
11633438
11633950
11634462
13683970
13684482
13684994
13685506
13686018
13686530
13687042
13687554
13688066
13688578
13683971
13684483
13684995
13685507
13686019
13686531
13687043
13687555
13688067
13688579
13683972
13684484
13684996
13685508
13686020
13686532
13687044
13687556
13688068
13688580
13683973
13684485
13684997
13685509
13686021
13686533
13687045
13687557
13688069
13688581
13683974
13684486
13684998
13685510
13686022
13686534
13687046
13687558
13688070
13688582
13683975
13684487
13684999
13685511
13686023
13686535
13687047
13687559
13688071
13688583
13683976
13684488
13685000
13685512
13686024
13686536
13687048
13687560
13688072
13688584
13683977
13684489
13685001
13685513
13686025
13686537
13687049
13687561
13688073
13688585
13683978
13684490
13685002
13685514
13686026
13686538
13687050
13687562
13688074
13688586
13683979
13684491
13685003
13685515
13686027
13686539
13687051
13687563
13688075
13688587
16131816
16132328
16132840
16133352
16133864
16134376
16134888
16135400
16135912
16136424
16131817
16132329
16132841
16133353
16133865
16134377
16134889
16135401
16135913
16136425
16131818
16132330
16132842
16133354
16133866
16134378
16134890
16135402
16135914
16136426
16131819
16132331
16132843
16133355
16133867
16134379
16134891
16135403
16135915
16136427
16131820
16132332
16132844
16133356
16133868
16134380
16134892
16135404
16135916
16136428
16131821
16132333
16132845
16133357
16133869
16134381
16134893
16135405
16135917
16136429
16131822
16132334
16132846
16133358
16133870
16134382
16134894
16135406
16135918
16136430
16131823
16132335
16132847
16133359
16133871
16134383
16134895
16135407
16135919
16136431
16131824
16132336
16132848
16133360
16133872
16134384
16134896
16135408
16135920
16136432
16131825
16132337
16132849
16133361
16133873
16134385
16134897
16135409
16135921
16136433
16919222
16919734
16920246
16920758
16921270
16921782
16922294
16922806
16923318
16923830
16919223
16919735
16920247
16920759
16921271
16921783
16922295
16922807
16923319
16923831
16919224
16919736
16920248
16920760
16921272
16921784
16922296
16922808
16923320
16923832
16919225
16919737
16920249
16920761
16921273
16921785
16922297
16922809
16923321
16923833
16919226
16919738
16920250
16920762
16921274
16921786
16922298
16922810
16923322
16923834
16919227
16919739
16920251
16920763
16921275
16921787
16922299
16922811
16923323
16923835
16919228
16919740
16920252
16920764
16921276
16921788
16922300
16922812
16923324
16923836
16919229
16919741
16920253
16920765
16921277
16921789
16922301
16922813
16923325
16923837
16919230
16919742
16920254
16920766
16921278
16921790
16922302
16922814
16923326
16923838
16919231
16919743
16920255
16920767
16921279
16921791
16922303
16922815
16923327
16923839
9505000
9505512
9506024
9506536
9507048
9507560
9508072
9508584
9509096
9509608
9505001
9505513
9506025
9506537
9507049
9507561
9508073
9508585
9509097
9509609
9505002
9505514
9506026
9506538
9507050
9507562
9508074
9508586
9509098
9509610
9505003
9505515
9506027
9506539
9507051
9507563
9508075
9508587
9509099
9509611
9505004
9505516
9506028
9506540
9507052
9507564
9508076
9508588
9509100
9509612
9505005
9505517
9506029
9506541
9507053
9507565
9508077
9508589
9509101
9509613
9505006
9505518
9506030
9506542
9507054
9507566
9508078
9508590
9509102
9509614
9505007
9505519
9506031
9506543
9507055
9507567
9508079
9508591
9509103
9509615
9505008
9505520
9506032
9506544
9507056
9507568
9508080
9508592
9509104
9509616
9505009
9505521
9506033
9506545
9507057
9507569
9508081
9508593
9509105
9509617
11102910
11103422
11103934
11104446
11104958
11105470
11105982
11106494
11107006
11107518
11102911
11103423
11103935
11104447
11104959
11105471
11105983
11106495
11107007
11107519
11102912
11103424
11103936
11104448
11104960
11105472
11105984
11106496
11107008
11107520
11102913
11103425
11103937
11104449
11104961
11105473
11105985
11106497
11107009
11107521
11102914
11103426
11103938
11104450
11104962
11105474
11105986
11106498
11107010
11107522
11102915
11103427
11103939
11104451
11104963
11105475
11105987
11106499
11107011
11107523
11102916
11103428
11103940
11104452
11104964
11105476
11105988
11106500
11107012
11107524
11102917
11103429
11103941
11104453
11104965
11105477
11105989
11106501
11107013
11107525
11102918
11103430
11103942
11104454
11104966
11105478
11105990
11106502
11107014
11107526
11102919
11103431
11103943
11104455
11104967
11105479
11105991
11106503
11107015
11107527
15303498
15304010
15304522
15305034
15305546
15306058
15306570
15307082
15307594
15308106
15303499
15304011
15304523
15305035
15305547
15306059
15306571
15307083
15307595
15308107
15303500
15304012
15304524
15305036
15305548
15306060
15306572
15307084
15307596
15308108
15303501
15304013
15304525
15305037
15305549
15306061
15306573
15307085
15307597
15308109
15303502
15304014
15304526
15305038
15305550
15306062
15306574
15307086
15307598
15308110
15303503
15304015
15304527
15305039
15305551
15306063
15306575
15307087
15307599
15308111
15303504
15304016
15304528
15305040
15305552
15306064
15306576
15307088
15307600
15308112
15303505
15304017
15304529
15305041
15305553
15306065
15306577
15307089
15307601
15308113
15303506
15304018
15304530
15305042
15305554
15306066
15306578
15307090
15307602
15308114
15303507
15304019
15304531
15305043
15305555
15306067
15306579
15307091
15307603
15308115
16143530
16144042
16144554
16145066
16145578
16146090
16146602
16147114
16147626
16148138
16143531
16144043
16144555
16145067
16145579
16146091
16146603
16147115
16147627
16148139
16143532
16144044
16144556
16145068
16145580
16146092
16146604
16147116
16147628
16148140
16143533
16144045
16144557
16145069
16145581
16146093
16146605
16147117
16147629
16148141
16143534
16144046
16144558
16145070
16145582
16146094
16146606
16147118
16147630
16148142
16143535
16144047
16144559
16145071
16145583
16146095
16146607
16147119
16147631
16148143
16143536
16144048
16144560
16145072
16145584
16146096
16146608
16147120
16147632
16148144
16143537
16144049
16144561
16145073
16145585
16146097
16146609
16147121
16147633
16148145
16143538
16144050
16144562
16145074
16145586
16146098
16146610
16147122
16147634
16148146
16143539
16144051
16144563
16145075
16145587
16146099
16146611
16147123
16147635
16148147
15813438
15813950
15814462
15814974
15815486
15815998
15816510
15817022
15817534
15818046
15813439
15813951
15814463
15814975
15815487
15815999
15816511
15817023
15817535
15818047
15813440
15813952
15814464
15814976
15815488
15816000
15816512
15817024
15817536
15818048
15813441
15813953
15814465
15814977
15815489
15816001
15816513
15817025
15817537
15818049
15813442
15813954
15814466
15814978
15815490
15816002
15816514
15817026
15817538
15818050
15813443
15813955
15814467
15814979
15815491
15816003
15816515
15817027
15817539
15818051
15813444
15813956
15814468
15814980
15815492
15816004
15816516
15817028
15817540
15818052
15813445
15813957
15814469
15814981
15815493
15816005
15816517
15817029
15817541
15818053
15813446
15813958
15814470
15814982
15815494
15816006
15816518
15817030
15817542
15818054
15813447
15813959
15814471
15814983
15815495
15816007
15816519
15817031
15817543
15818055
16595668
16596180
16596692
16597204
16597716
16598228
16598740
16599252
16599764
16600276
16595669
16596181
16596693
16597205
16597717
16598229
16598741
16599253
16599765
16600277
16595670
16596182
16596694
16597206
16597718
16598230
16598742
16599254
16599766
16600278
16595671
16596183
16596695
16597207
16597719
16598231
16598743
16599255
16599767
16600279
16595672
16596184
16596696
16597208
16597720
16598232
16598744
16599256
16599768
16600280
16595673
16596185
16596697
16597209
16597721
16598233
16598745
16599257
16599769
16600281
16595674
16596186
16596698
16597210
16597722
16598234
16598746
16599258
16599770
16600282
16595675
16596187
16596699
16597211
16597723
16598235
16598747
16599259
16599771
16600283
16595676
16596188
16596700
16597212
16597724
16598236
16598748
16599260
16599772
16600284
16595677
16596189
16596701
16597213
16597725
16598237
16598749
16599261
16599773
16600285
14487262
14487774
14488286
14488798
14489310
14489822
14490334
14490846
14491358
14491870
14487263
14487775
14488287
14488799
14489311
14489823
14490335
14490847
14491359
14491871
14487264
14487776
14488288
14488800
14489312
14489824
14490336
14490848
14491360
14491872
14487265
14487777
14488289
14488801
14489313
14489825
14490337
14490849
14491361
14491873
14487266
14487778
14488290
14488802
14489314
14489826
14490338
14490850
14491362
14491874
14487267
14487779
14488291
14488803
14489315
14489827
14490339
14490851
14491363
14491875
14487268
14487780
14488292
14488804
14489316
14489828
14490340
14490852
14491364
14491876
14487269
14487781
14488293
14488805
14489317
14489829
14490341
14490853
14491365
14491877
14487270
14487782
14488294
14488806
14489318
14489830
14490342
14490854
14491366
14491878
14487271
14487783
14488295
14488807
14489319
14489831
14490343
14490855
14491367
14491879
