7011844
7012356
7012868
7013380
7013892
7014404
7014916
7015428
7015940
7016452
7011845
7012357
7012869
7013381
7013893
7014405
7014917
7015429
7015941
7016453
7011846
7012358
7012870
7013382
7013894
7014406
7014918
7015430
7015942
7016454
7011847
7012359
7012871
7013383
7013895
7014407
7014919
7015431
7015943
7016455
7011848
7012360
7012872
7013384
7013896
7014408
7014920
7015432
7015944
7016456
7011849
7012361
7012873
7013385
7013897
7014409
7014921
7015433
7015945
7016457
7011850
7012362
7012874
7013386
7013898
7014410
7014922
7015434
7015946
7016458
7011851
7012363
7012875
7013387
7013899
7014411
7014923
7015435
7015947
7016459
7011852
7012364
7012876
7013388
7013900
7014412
7014924
7015436
7015948
7016460
7011853
7012365
7012877
7013389
7013901
7014413
7014925
7015437
7015949
7016461
24111998
24112510
24113022
24113534
24114046
24114558
24115070
24115582
24116094
24116606
24111999
24112511
24113023
24113535
24114047
24114559
24115071
24115583
24116095
24116607
24112000
24112512
24113024
24113536
24114048
24114560
24115072
24115584
24116096
24116608
24112001
24112513
24113025
24113537
24114049
24114561
24115073
24115585
24116097
24116609
24112002
24112514
24113026
24113538
24114050
24114562
24115074
24115586
24116098
24116610
24112003
24112515
24113027
24113539
24114051
24114563
24115075
24115587
24116099
24116611
24112004
24112516
24113028
24113540
24114052
24114564
24115076
24115588
24116100
24116612
24112005
24112517
24113029
24113541
24114053
24114565
24115077
24115589
24116101
24116613
24112006
24112518
24113030
24113542
24114054
24114566
24115078
24115590
24116102
24116614
24112007
24112519
24113031
24113543
24114055
24114567
24115079
24115591
24116103
24116615
11721853
11722365
11722877
11723389
11723901
11724413
11724925
11725437
11725949
11726461
11721854
11722366
11722878
11723390
11723902
11724414
11724926
11725438
11725950
11726462
11721855
11722367
11722879
11723391
11723903
11724415
11724927
11725439
11725951
11726463
11721856
11722368
11722880
11723392
11723904
11724416
11724928
11725440
11725952
11726464
11721857
11722369
11722881
11723393
11723905
11724417
11724929
11725441
11725953
11726465
11721858
11722370
11722882
11723394
11723906
11724418
11724930
11725442
11725954
11726466
11721859
11722371
11722883
11723395
11723907
11724419
11724931
11725443
11725955
11726467
11721860
11722372
11722884
11723396
11723908
11724420
11724932
11725444
11725956
11726468
11721861
11722373
11722885
11723397
11723909
11724421
11724933
11725445
11725957
11726469
11721862
11722374
11722886
11723398
11723910
11724422
11724934
11725446
11725958
11726470
23622453
23622965
23623477
23623989
23624501
23625013
23625525
23626037
23626549
23627061
23622454
23622966
23623478
23623990
23624502
23625014
23625526
23626038
23626550
23627062
23622455
23622967
23623479
23623991
23624503
23625015
23625527
23626039
23626551
23627063
23622456
23622968
23623480
23623992
23624504
23625016
23625528
23626040
23626552
23627064
23622457
23622969
23623481
23623993
23624505
23625017
23625529
23626041
23626553
23627065
23622458
23622970
23623482
23623994
23624506
23625018
23625530
23626042
23626554
23627066
23622459
23622971
23623483
23623995
23624507
23625019
23625531
23626043
23626555
23627067
23622460
23622972
23623484
23623996
23624508
23625020
23625532
23626044
23626556
23627068
23622461
23622973
23623485
23623997
23624509
23625021
23625533
23626045
23626557
23627069
23622462
23622974
23623486
23623998
23624510
23625022
23625534
23626046
23626558
23627070
4914910
4915422
4915934
4916446
4916958
4917470
4917982
4918494
4919006
4919518
4914911
4915423
4915935
4916447
4916959
4917471
4917983
4918495
4919007
4919519
4914912
4915424
4915936
4916448
4916960
4917472
4917984
4918496
4919008
4919520
4914913
4915425
4915937
4916449
4916961
4917473
4917985
4918497
4919009
4919521
4914914
4915426
4915938
4916450
4916962
4917474
4917986
4918498
4919010
4919522
4914915
4915427
4915939
4916451
4916963
4917475
4917987
4918499
4919011
4919523
4914916
4915428
4915940
4916452
4916964
4917476
4917988
4918500
4919012
4919524
4914917
4915429
4915941
4916453
4916965
4917477
4917989
4918501
4919013
4919525
4914918
4915430
4915942
4916454
4916966
4917478
4917990
4918502
4919014
4919526
4914919
4915431
4915943
4916455
4916967
4917479
4917991
4918503
4919015
4919527
13485838
13486350
13486862
13487374
13487886
13488398
13488910
13489422
13489934
13490446
13485839
13486351
13486863
13487375
13487887
13488399
13488911
13489423
13489935
13490447
13485840
13486352
13486864
13487376
13487888
13488400
13488912
13489424
13489936
13490448
13485841
13486353
13486865
13487377
13487889
13488401
13488913
13489425
13489937
13490449
13485842
13486354
13486866
13487378
13487890
13488402
13488914
13489426
13489938
13490450
13485843
13486355
13486867
13487379
13487891
13488403
13488915
13489427
13489939
13490451
13485844
13486356
13486868
13487380
13487892
13488404
13488916
13489428
13489940
13490452
13485845
13486357
13486869
13487381
13487893
13488405
13488917
13489429
13489941
13490453
13485846
13486358
13486870
13487382
13487894
13488406
13488918
13489430
13489942
13490454
13485847
13486359
13486871
13487383
13487895
13488407
13488919
13489431
13489943
13490455
6436224
6436736
6437248
6437760
6438272
6438784
6439296
6439808
6440320
6440832
6436225
6436737
6437249
6437761
6438273
6438785
6439297
6439809
6440321
6440833
6436226
6436738
6437250
6437762
6438274
6438786
6439298
6439810
6440322
6440834
6436227
6436739
6437251
6437763
6438275
6438787
6439299
6439811
6440323
6440835
6436228
6436740
6437252
6437764
6438276
6438788
6439300
6439812
6440324
6440836
6436229
6436741
6437253
6437765
6438277
6438789
6439301
6439813
6440325
6440837
6436230
6436742
6437254
6437766
6438278
6438790
6439302
6439814
6440326
6440838
6436231
6436743
6437255
6437767
6438279
6438791
6439303
6439815
6440327
6440839
6436232
6436744
6437256
6437768
6438280
6438792
6439304
6439816
6440328
6440840
6436233
6436745
6437257
6437769
6438281
6438793
6439305
6439817
6440329
6440841
17446404
17446916
17447428
17447940
17448452
17448964
17449476
17449988
17450500
17451012
17446405
17446917
17447429
17447941
17448453
17448965
17449477
17449989
17450501
17451013
17446406
17446918
17447430
17447942
17448454
17448966
17449478
17449990
17450502
17451014
17446407
17446919
17447431
17447943
17448455
17448967
17449479
17449991
17450503
17451015
17446408
17446920
17447432
17447944
17448456
17448968
17449480
17449992
17450504
17451016
17446409
17446921
17447433
17447945
17448457
17448969
17449481
17449993
17450505
17451017
17446410
17446922
17447434
17447946
17448458
17448970
17449482
17449994
17450506
17451018
17446411
17446923
17447435
17447947
17448459
17448971
17449483
17449995
17450507
17451019
17446412
17446924
17447436
17447948
17448460
17448972
17449484
17449996
17450508
17451020
17446413
17446925
17447437
17447949
17448461
17448973
17449485
17449997
17450509
17451021
9535692
9536204
9536716
9537228
9537740
9538252
9538764
9539276
9539788
9540300
9535693
9536205
9536717
9537229
9537741
9538253
9538765
9539277
9539789
9540301
9535694
9536206
9536718
9537230
9537742
9538254
9538766
9539278
9539790
9540302
9535695
9536207
9536719
9537231
9537743
9538255
9538767
9539279
9539791
9540303
9535696
9536208
9536720
9537232
9537744
9538256
9538768
9539280
9539792
9540304
9535697
9536209
9536721
9537233
9537745
9538257
9538769
9539281
9539793
9540305
9535698
9536210
9536722
9537234
9537746
9538258
9538770
9539282
9539794
9540306
9535699
9536211
9536723
9537235
9537747
9538259
9538771
9539283
9539795
9540307
9535700
9536212
9536724
9537236
9537748
9538260
9538772
9539284
9539796
9540308
9535701
9536213
9536725
9537237
9537749
9538261
9538773
9539285
9539797
9540309
26825438
26825950
26826462
26826974
26827486
26827998
26828510
26829022
26829534
26830046
26825439
26825951
26826463
26826975
26827487
26827999
26828511
26829023
26829535
26830047
26825440
26825952
26826464
26826976
26827488
26828000
26828512
26829024
26829536
26830048
26825441
26825953
26826465
26826977
26827489
26828001
26828513
26829025
26829537
26830049
26825442
26825954
26826466
26826978
26827490
26828002
26828514
26829026
26829538
26830050
26825443
26825955
26826467
26826979
26827491
26828003
26828515
26829027
26829539
26830051
26825444
26825956
26826468
26826980
26827492
26828004
26828516
26829028
26829540
26830052
26825445
26825957
26826469
26826981
26827493
26828005
26828517
26829029
26829541
26830053
26825446
26825958
26826470
26826982
26827494
26828006
26828518
26829030
26829542
26830054
26825447
26825959
26826471
26826983
26827495
26828007
26828519
26829031
26829543
26830055
17331227
17331739
17332251
17332763
17333275
17333787
17334299
17334811
17335323
17335835
17331228
17331740
17332252
17332764
17333276
17333788
17334300
17334812
17335324
17335836
17331229
17331741
17332253
17332765
17333277
17333789
17334301
17334813
17335325
17335837
17331230
17331742
17332254
17332766
17333278
17333790
17334302
17334814
17335326
17335838
17331231
17331743
17332255
17332767
17333279
17333791
17334303
17334815
17335327
17335839
17331232
17331744
17332256
17332768
17333280
17333792
17334304
17334816
17335328
17335840
17331233
17331745
17332257
17332769
17333281
17333793
17334305
17334817
17335329
17335841
17331234
17331746
17332258
17332770
17333282
17333794
17334306
17334818
17335330
17335842
17331235
17331747
17332259
17332771
17333283
17333795
17334307
17334819
17335331
17335843
17331236
17331748
17332260
17332772
17333284
17333796
17334308
17334820
17335332
17335844
32123430
32123942
32124454
32124966
32125478
32125990
32126502
32127014
32127526
32128038
32123431
32123943
32124455
32124967
32125479
32125991
32126503
32127015
32127527
32128039
32123432
32123944
32124456
32124968
32125480
32125992
32126504
32127016
32127528
32128040
32123433
32123945
32124457
32124969
32125481
32125993
32126505
32127017
32127529
32128041
32123434
32123946
32124458
32124970
32125482
32125994
32126506
32127018
32127530
32128042
32123435
32123947
32124459
32124971
32125483
32125995
32126507
32127019
32127531
32128043
32123436
32123948
32124460
32124972
32125484
32125996
32126508
32127020
32127532
32128044
32123437
32123949
32124461
32124973
32125485
32125997
32126509
32127021
32127533
32128045
32123438
32123950
32124462
32124974
32125486
32125998
32126510
32127022
32127534
32128046
32123439
32123951
32124463
32124975
32125487
32125999
32126511
32127023
32127535
32128047
7643767
7644279
7644791
7645303
7645815
7646327
7646839
7647351
7647863
7648375
7643768
7644280
7644792
7645304
7645816
7646328
7646840
7647352
7647864
7648376
7643769
7644281
7644793
7645305
7645817
7646329
7646841
7647353
7647865
7648377
7643770
7644282
7644794
7645306
7645818
7646330
7646842
7647354
7647866
7648378
7643771
7644283
7644795
7645307
7645819
7646331
7646843
7647355
7647867
7648379
7643772
7644284
7644796
7645308
7645820
7646332
7646844
7647356
7647868
7648380
7643773
7644285
7644797
7645309
7645821
7646333
7646845
7647357
7647869
7648381
7643774
7644286
7644798
7645310
7645822
7646334
7646846
7647358
7647870
7648382
7643775
7644287
7644799
7645311
7645823
7646335
7646847
7647359
7647871
7648383
7643776
7644288
7644800
7645312
7645824
7646336
7646848
7647360
7647872
7648384
16704258
16704770
16705282
16705794
16706306
16706818
16707330
16707842
16708354
16708866
16704259
16704771
16705283
16705795
16706307
16706819
16707331
16707843
16708355
16708867
16704260
16704772
16705284
16705796
16706308
16706820
16707332
16707844
16708356
16708868
16704261
16704773
16705285
16705797
16706309
16706821
16707333
16707845
16708357
16708869
16704262
16704774
16705286
16705798
16706310
16706822
16707334
16707846
16708358
16708870
16704263
16704775
16705287
16705799
16706311
16706823
16707335
16707847
16708359
16708871
16704264
16704776
16705288
16705800
16706312
16706824
16707336
16707848
16708360
16708872
16704265
16704777
16705289
16705801
16706313
16706825
16707337
16707849
16708361
16708873
16704266
16704778
16705290
16705802
16706314
16706826
16707338
16707850
16708362
16708874
16704267
16704779
16705291
16705803
16706315
16706827
16707339
16707851
16708363
16708875
6219511
6220023
6220535
6221047
6221559
6222071
6222583
6223095
6223607
6224119
6219512
6220024
6220536
6221048
6221560
6222072
6222584
6223096
6223608
6224120
6219513
6220025
6220537
6221049
6221561
6222073
6222585
6223097
6223609
6224121
6219514
6220026
6220538
6221050
6221562
6222074
6222586
6223098
6223610
6224122
6219515
6220027
6220539
6221051
6221563
6222075
6222587
6223099
6223611
6224123
6219516
6220028
6220540
6221052
6221564
6222076
6222588
6223100
6223612
6224124
6219517
6220029
6220541
6221053
6221565
6222077
6222589
6223101
6223613
6224125
6219518
6220030
6220542
6221054
6221566
6222078
6222590
6223102
6223614
6224126
6219519
6220031
6220543
6221055
6221567
6222079
6222591
6223103
6223615
6224127
6219520
6220032
6220544
6221056
6221568
6222080
6222592
6223104
6223616
6224128
21795442
21795954
21796466
21796978
21797490
21798002
21798514
21799026
21799538
21800050
21795443
21795955
21796467
21796979
21797491
21798003
21798515
21799027
21799539
21800051
21795444
21795956
21796468
21796980
21797492
21798004
21798516
21799028
21799540
21800052
21795445
21795957
21796469
21796981
21797493
21798005
21798517
21799029
21799541
21800053
21795446
21795958
21796470
21796982
21797494
21798006
21798518
21799030
21799542
21800054
21795447
21795959
21796471
21796983
21797495
21798007
21798519
21799031
21799543
21800055
21795448
21795960
21796472
21796984
21797496
21798008
21798520
21799032
21799544
21800056
21795449
21795961
21796473
21796985
21797497
21798009
21798521
21799033
21799545
21800057
21795450
21795962
21796474
21796986
21797498
21798010
21798522
21799034
21799546
21800058
21795451
21795963
21796475
21796987
21797499
21798011
21798523
21799035
21799547
21800059
226820
227332
227844
228356
228868
229380
229892
230404
230916
231428
226821
227333
227845
228357
228869
229381
229893
230405
230917
231429
226822
227334
227846
228358
228870
229382
229894
230406
230918
231430
226823
227335
227847
228359
228871
229383
229895
230407
230919
231431
226824
227336
227848
228360
228872
229384
229896
230408
230920
231432
226825
227337
227849
228361
228873
229385
229897
230409
230921
231433
226826
227338
227850
228362
228874
229386
229898
230410
230922
231434
226827
227339
227851
228363
228875
229387
229899
230411
230923
231435
226828
227340
227852
228364
228876
229388
229900
230412
230924
231436
226829
227341
227853
228365
228877
229389
229901
230413
230925
231437
8407126
8407638
8408150
8408662
8409174
8409686
8410198
8410710
8411222
8411734
8407127
8407639
8408151
8408663
8409175
8409687
8410199
8410711
8411223
8411735
8407128
8407640
8408152
8408664
8409176
8409688
8410200
8410712
8411224
8411736
8407129
8407641
8408153
8408665
8409177
8409689
8410201
8410713
8411225
8411737
8407130
8407642
8408154
8408666
8409178
8409690
8410202
8410714
8411226
8411738
8407131
8407643
8408155
8408667
8409179
8409691
8410203
8410715
8411227
8411739
8407132
8407644
8408156
8408668
8409180
8409692
8410204
8410716
8411228
8411740
8407133
8407645
8408157
8408669
8409181
8409693
8410205
8410717
8411229
8411741
8407134
8407646
8408158
8408670
8409182
8409694
8410206
8410718
8411230
8411742
8407135
8407647
8408159
8408671
8409183
8409695
8410207
8410719
8411231
8411743
7807313
7807825
7808337
7808849
7809361
7809873
7810385
7810897
7811409
7811921
7807314
7807826
7808338
7808850
7809362
7809874
7810386
7810898
7811410
7811922
7807315
7807827
7808339
7808851
7809363
7809875
7810387
7810899
7811411
7811923
7807316
7807828
7808340
7808852
7809364
7809876
7810388
7810900
7811412
7811924
7807317
7807829
7808341
7808853
7809365
7809877
7810389
7810901
7811413
7811925
7807318
7807830
7808342
7808854
7809366
7809878
7810390
7810902
7811414
7811926
7807319
7807831
7808343
7808855
7809367
7809879
7810391
7810903
7811415
7811927
7807320
7807832
7808344
7808856
7809368
7809880
7810392
7810904
7811416
7811928
7807321
7807833
7808345
7808857
7809369
7809881
7810393
7810905
7811417
7811929
7807322
7807834
7808346
7808858
7809370
7809882
7810394
7810906
7811418
7811930
24601280
24601792
24602304
24602816
24603328
24603840
24604352
24604864
24605376
24605888
24601281
24601793
24602305
24602817
24603329
24603841
24604353
24604865
24605377
24605889
24601282
24601794
24602306
24602818
24603330
24603842
24604354
24604866
24605378
24605890
24601283
24601795
24602307
24602819
24603331
24603843
24604355
24604867
24605379
24605891
24601284
24601796
24602308
24602820
24603332
24603844
24604356
24604868
24605380
24605892
24601285
24601797
24602309
24602821
24603333
24603845
24604357
24604869
24605381
24605893
24601286
24601798
24602310
24602822
24603334
24603846
24604358
24604870
24605382
24605894
24601287
24601799
24602311
24602823
24603335
24603847
24604359
24604871
24605383
24605895
24601288
24601800
24602312
24602824
24603336
24603848
24604360
24604872
24605384
24605896
24601289
24601801
24602313
24602825
24603337
24603849
24604361
24604873
24605385
24605897
9688918
9689430
9689942
9690454
9690966
9691478
9691990
9692502
9693014
9693526
9688919
9689431
9689943
9690455
9690967
9691479
9691991
9692503
9693015
9693527
9688920
9689432
9689944
9690456
9690968
9691480
9691992
9692504
9693016
9693528
9688921
9689433
9689945
9690457
9690969
9691481
9691993
9692505
9693017
9693529
9688922
9689434
9689946
9690458
9690970
9691482
9691994
9692506
9693018
9693530
9688923
9689435
9689947
9690459
9690971
9691483
9691995
9692507
9693019
9693531
9688924
9689436
9689948
9690460
9690972
9691484
9691996
9692508
9693020
9693532
9688925
9689437
9689949
9690461
9690973
9691485
9691997
9692509
9693021
9693533
9688926
9689438
9689950
9690462
9690974
9691486
9691998
9692510
9693022
9693534
9688927
9689439
9689951
9690463
9690975
9691487
9691999
9692511
9693023
9693535
31132975
31133487
31133999
31134511
31135023
31135535
31136047
31136559
31137071
31137583
31132976
31133488
31134000
31134512
31135024
31135536
31136048
31136560
31137072
31137584
31132977
31133489
31134001
31134513
31135025
31135537
31136049
31136561
31137073
31137585
31132978
31133490
31134002
31134514
31135026
31135538
31136050
31136562
31137074
31137586
31132979
31133491
31134003
31134515
31135027
31135539
31136051
31136563
31137075
31137587
31132980
31133492
31134004
31134516
31135028
31135540
31136052
31136564
31137076
31137588
31132981
31133493
31134005
31134517
31135029
31135541
31136053
31136565
31137077
31137589
31132982
31133494
31134006
31134518
31135030
31135542
31136054
31136566
31137078
31137590
31132983
31133495
31134007
31134519
31135031
31135543
31136055
31136567
31137079
31137591
31132984
31133496
31134008
31134520
31135032
31135544
31136056
31136568
31137080
31137592
3440459
3440971
3441483
3441995
3442507
3443019
3443531
3444043
3444555
3445067
3440460
3440972
3441484
3441996
3442508
3443020
3443532
3444044
3444556
3445068
3440461
3440973
3441485
3441997
3442509
3443021
3443533
3444045
3444557
3445069
3440462
3440974
3441486
3441998
3442510
3443022
3443534
3444046
3444558
3445070
3440463
3440975
3441487
3441999
3442511
3443023
3443535
3444047
3444559
3445071
3440464
3440976
3441488
3442000
3442512
3443024
3443536
3444048
3444560
3445072
3440465
3440977
3441489
3442001
3442513
3443025
3443537
3444049
3444561
3445073
3440466
3440978
3441490
3442002
3442514
3443026
3443538
3444050
3444562
3445074
3440467
3440979
3441491
3442003
3442515
3443027
3443539
3444051
3444563
3445075
3440468
3440980
3441492
3442004
3442516
3443028
3443540
3444052
3444564
3445076
16265309
16265821
16266333
16266845
16267357
16267869
16268381
16268893
16269405
16269917
16265310
16265822
16266334
16266846
16267358
16267870
16268382
16268894
16269406
16269918
16265311
16265823
16266335
16266847
16267359
16267871
16268383
16268895
16269407
16269919
16265312
16265824
16266336
16266848
16267360
16267872
16268384
16268896
16269408
16269920
16265313
16265825
16266337
16266849
16267361
16267873
16268385
16268897
16269409
16269921
16265314
16265826
16266338
16266850
16267362
16267874
16268386
16268898
16269410
16269922
16265315
16265827
16266339
16266851
16267363
16267875
16268387
16268899
16269411
16269923
16265316
16265828
16266340
16266852
16267364
16267876
16268388
16268900
16269412
16269924
16265317
16265829
16266341
16266853
16267365
16267877
16268389
16268901
16269413
16269925
16265318
16265830
16266342
16266854
16267366
16267878
16268390
16268902
16269414
16269926
18830597
18831109
18831621
18832133
18832645
18833157
18833669
18834181
18834693
18835205
18830598
18831110
18831622
18832134
18832646
18833158
18833670
18834182
18834694
18835206
18830599
18831111
18831623
18832135
18832647
18833159
18833671
18834183
18834695
18835207
18830600
18831112
18831624
18832136
18832648
18833160
18833672
18834184
18834696
18835208
18830601
18831113
18831625
18832137
18832649
18833161
18833673
18834185
18834697
18835209
18830602
18831114
18831626
18832138
18832650
18833162
18833674
18834186
18834698
18835210
18830603
18831115
18831627
18832139
18832651
18833163
18833675
18834187
18834699
18835211
18830604
18831116
18831628
18832140
18832652
18833164
18833676
18834188
18834700
18835212
18830605
18831117
18831629
18832141
18832653
18833165
18833677
18834189
18834701
18835213
18830606
18831118
18831630
18832142
18832654
18833166
18833678
18834190
18834702
18835214
123124
123636
124148
124660
125172
125684
126196
126708
127220
127732
123125
123637
124149
124661
125173
125685
126197
126709
127221
127733
123126
123638
124150
124662
125174
125686
126198
126710
127222
127734
123127
123639
124151
124663
125175
125687
126199
126711
127223
127735
123128
123640
124152
124664
125176
125688
126200
126712
127224
127736
123129
123641
124153
124665
125177
125689
126201
126713
127225
127737
123130
123642
124154
124666
125178
125690
126202
126714
127226
127738
123131
123643
124155
124667
125179
125691
126203
126715
127227
127739
123132
123644
124156
124668
125180
125692
126204
126716
127228
127740
123133
123645
124157
124669
125181
125693
126205
126717
127229
127741
17250896
17251408
17251920
17252432
17252944
17253456
17253968
17254480
17254992
17255504
17250897
17251409
17251921
17252433
17252945
17253457
17253969
17254481
17254993
17255505
17250898
17251410
17251922
17252434
17252946
17253458
17253970
17254482
17254994
17255506
17250899
17251411
17251923
17252435
17252947
17253459
17253971
17254483
17254995
17255507
17250900
17251412
17251924
17252436
17252948
17253460
17253972
17254484
17254996
17255508
17250901
17251413
17251925
17252437
17252949
17253461
17253973
17254485
17254997
17255509
17250902
17251414
17251926
17252438
17252950
17253462
17253974
17254486
17254998
17255510
17250903
17251415
17251927
17252439
17252951
17253463
17253975
17254487
17254999
17255511
17250904
17251416
17251928
17252440
17252952
17253464
17253976
17254488
17255000
17255512
17250905
17251417
17251929
17252441
17252953
17253465
17253977
17254489
17255001
17255513
16308568
16309080
16309592
16310104
16310616
16311128
16311640
16312152
16312664
16313176
16308569
16309081
16309593
16310105
16310617
16311129
16311641
16312153
16312665
16313177
16308570
16309082
16309594
16310106
16310618
16311130
16311642
16312154
16312666
16313178
16308571
16309083
16309595
16310107
16310619
16311131
16311643
16312155
16312667
16313179
16308572
16309084
16309596
16310108
16310620
16311132
16311644
16312156
16312668
16313180
16308573
16309085
16309597
16310109
16310621
16311133
16311645
16312157
16312669
16313181
16308574
16309086
16309598
16310110
16310622
16311134
16311646
16312158
16312670
16313182
16308575
16309087
16309599
16310111
16310623
16311135
16311647
16312159
16312671
16313183
16308576
16309088
16309600
16310112
16310624
16311136
16311648
16312160
16312672
16313184
16308577
16309089
16309601
16310113
16310625
16311137
16311649
16312161
16312673
16313185
21174063
21174575
21175087
21175599
21176111
21176623
21177135
21177647
21178159
21178671
21174064
21174576
21175088
21175600
21176112
21176624
21177136
21177648
21178160
21178672
21174065
21174577
21175089
21175601
21176113
21176625
21177137
21177649
21178161
21178673
21174066
21174578
21175090
21175602
21176114
21176626
21177138
21177650
21178162
21178674
21174067
21174579
21175091
21175603
21176115
21176627
21177139
21177651
21178163
21178675
21174068
21174580
21175092
21175604
21176116
21176628
21177140
21177652
21178164
21178676
21174069
21174581
21175093
21175605
21176117
21176629
21177141
21177653
21178165
21178677
21174070
21174582
21175094
21175606
21176118
21176630
21177142
21177654
21178166
21178678
21174071
21174583
21175095
21175607
21176119
21176631
21177143
21177655
21178167
21178679
21174072
21174584
21175096
21175608
21176120
21176632
21177144
21177656
21178168
21178680
30622866
30623378
30623890
30624402
30624914
30625426
30625938
30626450
30626962
30627474
30622867
30623379
30623891
30624403
30624915
30625427
30625939
30626451
30626963
30627475
30622868
30623380
30623892
30624404
30624916
30625428
30625940
30626452
30626964
30627476
30622869
30623381
30623893
30624405
30624917
30625429
30625941
30626453
30626965
30627477
30622870
30623382
30623894
30624406
30624918
30625430
30625942
30626454
30626966
30627478
30622871
30623383
30623895
30624407
30624919
30625431
30625943
30626455
30626967
30627479
30622872
30623384
30623896
30624408
30624920
30625432
30625944
30626456
30626968
30627480
30622873
30623385
30623897
30624409
30624921
30625433
30625945
30626457
30626969
30627481
30622874
30623386
30623898
30624410
30624922
30625434
30625946
30626458
30626970
30627482
30622875
30623387
30623899
30624411
30624923
30625435
30625947
30626459
30626971
30627483
