14308022
14308534
14309046
14309558
14310070
14310582
14311094
14311606
14312118
14312630
14308023
14308535
14309047
14309559
14310071
14310583
14311095
14311607
14312119
14312631
14308024
14308536
14309048
14309560
14310072
14310584
14311096
14311608
14312120
14312632
14308025
14308537
14309049
14309561
14310073
14310585
14311097
14311609
14312121
14312633
14308026
14308538
14309050
14309562
14310074
14310586
14311098
14311610
14312122
14312634
14308027
14308539
14309051
14309563
14310075
14310587
14311099
14311611
14312123
14312635
14308028
14308540
14309052
14309564
14310076
14310588
14311100
14311612
14312124
14312636
14308029
14308541
14309053
14309565
14310077
14310589
14311101
14311613
14312125
14312637
14308030
14308542
14309054
14309566
14310078
14310590
14311102
14311614
14312126
14312638
14308031
14308543
14309055
14309567
14310079
14310591
14311103
14311615
14312127
14312639
15052538
15053050
15053562
15054074
15054586
15055098
15055610
15056122
15056634
15057146
15052539
15053051
15053563
15054075
15054587
15055099
15055611
15056123
15056635
15057147
15052540
15053052
15053564
15054076
15054588
15055100
15055612
15056124
15056636
15057148
15052541
15053053
15053565
15054077
15054589
15055101
15055613
15056125
15056637
15057149
15052542
15053054
15053566
15054078
15054590
15055102
15055614
15056126
15056638
15057150
15052543
15053055
15053567
15054079
15054591
15055103
15055615
15056127
15056639
15057151
15052544
15053056
15053568
15054080
15054592
15055104
15055616
15056128
15056640
15057152
15052545
15053057
15053569
15054081
15054593
15055105
15055617
15056129
15056641
15057153
15052546
15053058
15053570
15054082
15054594
15055106
15055618
15056130
15056642
15057154
15052547
15053059
15053571
15054083
15054595
15055107
15055619
15056131
15056643
15057155
15788287
15788799
15789311
15789823
15790335
15790847
15791359
15791871
15792383
15792895
15788288
15788800
15789312
15789824
15790336
15790848
15791360
15791872
15792384
15792896
15788289
15788801
15789313
15789825
15790337
15790849
15791361
15791873
15792385
15792897
15788290
15788802
15789314
15789826
15790338
15790850
15791362
15791874
15792386
15792898
15788291
15788803
15789315
15789827
15790339
15790851
15791363
15791875
15792387
15792899
15788292
15788804
15789316
15789828
15790340
15790852
15791364
15791876
15792388
15792900
15788293
15788805
15789317
15789829
15790341
15790853
15791365
15791877
15792389
15792901
15788294
15788806
15789318
15789830
15790342
15790854
15791366
15791878
15792390
15792902
15788295
15788807
15789319
15789831
15790343
15790855
15791367
15791879
15792391
15792903
15788296
15788808
15789320
15789832
15790344
15790856
15791368
15791880
15792392
15792904
16138436
16138948
16139460
16139972
16140484
16140996
16141508
16142020
16142532
16143044
16138437
16138949
16139461
16139973
16140485
16140997
16141509
16142021
16142533
16143045
16138438
16138950
16139462
16139974
16140486
16140998
16141510
16142022
16142534
16143046
16138439
16138951
16139463
16139975
16140487
16140999
16141511
16142023
16142535
16143047
16138440
16138952
16139464
16139976
16140488
16141000
16141512
16142024
16142536
16143048
16138441
16138953
16139465
16139977
16140489
16141001
16141513
16142025
16142537
16143049
16138442
16138954
16139466
16139978
16140490
16141002
16141514
16142026
16142538
16143050
16138443
16138955
16139467
16139979
16140491
16141003
16141515
16142027
16142539
16143051
16138444
16138956
16139468
16139980
16140492
16141004
16141516
16142028
16142540
16143052
16138445
16138957
16139469
16139981
16140493
16141005
16141517
16142029
16142541
16143053
14258338
14258850
14259362
14259874
14260386
14260898
14261410
14261922
14262434
14262946
14258339
14258851
14259363
14259875
14260387
14260899
14261411
14261923
14262435
14262947
14258340
14258852
14259364
14259876
14260388
14260900
14261412
14261924
14262436
14262948
14258341
14258853
14259365
14259877
14260389
14260901
14261413
14261925
14262437
14262949
14258342
14258854
14259366
14259878
14260390
14260902
14261414
14261926
14262438
14262950
14258343
14258855
14259367
14259879
14260391
14260903
14261415
14261927
14262439
14262951
14258344
14258856
14259368
14259880
14260392
14260904
14261416
14261928
14262440
14262952
14258345
14258857
14259369
14259881
14260393
14260905
14261417
14261929
14262441
14262953
14258346
14258858
14259370
14259882
14260394
14260906
14261418
14261930
14262442
14262954
14258347
14258859
14259371
14259883
14260395
14260907
14261419
14261931
14262443
14262955
12926187
12926699
12927211
12927723
12928235
12928747
12929259
12929771
12930283
12930795
12926188
12926700
12927212
12927724
12928236
12928748
12929260
12929772
12930284
12930796
12926189
12926701
12927213
12927725
12928237
12928749
12929261
12929773
12930285
12930797
12926190
12926702
12927214
12927726
12928238
12928750
12929262
12929774
12930286
12930798
12926191
12926703
12927215
12927727
12928239
12928751
12929263
12929775
12930287
12930799
12926192
12926704
12927216
12927728
12928240
12928752
12929264
12929776
12930288
12930800
12926193
12926705
12927217
12927729
12928241
12928753
12929265
12929777
12930289
12930801
12926194
12926706
12927218
12927730
12928242
12928754
12929266
12929778
12930290
12930802
12926195
12926707
12927219
12927731
12928243
12928755
12929267
12929779
12930291
12930803
12926196
12926708
12927220
12927732
12928244
12928756
12929268
12929780
12930292
12930804
15801058
15801570
15802082
15802594
15803106
15803618
15804130
15804642
15805154
15805666
15801059
15801571
15802083
15802595
15803107
15803619
15804131
15804643
15805155
15805667
15801060
15801572
15802084
15802596
15803108
15803620
15804132
15804644
15805156
15805668
15801061
15801573
15802085
15802597
15803109
15803621
15804133
15804645
15805157
15805669
15801062
15801574
15802086
15802598
15803110
15803622
15804134
15804646
15805158
15805670
15801063
15801575
15802087
15802599
15803111
15803623
15804135
15804647
15805159
15805671
15801064
15801576
15802088
15802600
15803112
15803624
15804136
15804648
15805160
15805672
15801065
15801577
15802089
15802601
15803113
15803625
15804137
15804649
15805161
15805673
15801066
15801578
15802090
15802602
15803114
15803626
15804138
15804650
15805162
15805674
15801067
15801579
15802091
15802603
15803115
15803627
15804139
15804651
15805163
15805675
17176783
17177295
17177807
17178319
17178831
17179343
17179855
17180367
17180879
17181391
17176784
17177296
17177808
17178320
17178832
17179344
17179856
17180368
17180880
17181392
17176785
17177297
17177809
17178321
17178833
17179345
17179857
17180369
17180881
17181393
17176786
17177298
17177810
17178322
17178834
17179346
17179858
17180370
17180882
17181394
17176787
17177299
17177811
17178323
17178835
17179347
17179859
17180371
17180883
17181395
17176788
17177300
17177812
17178324
17178836
17179348
17179860
17180372
17180884
17181396
17176789
17177301
17177813
17178325
17178837
17179349
17179861
17180373
17180885
17181397
17176790
17177302
17177814
17178326
17178838
17179350
17179862
17180374
17180886
17181398
17176791
17177303
17177815
17178327
17178839
17179351
17179863
17180375
17180887
17181399
17176792
17177304
17177816
17178328
17178840
17179352
17179864
17180376
17180888
17181400
13177666
13178178
13178690
13179202
13179714
13180226
13180738
13181250
13181762
13182274
13177667
13178179
13178691
13179203
13179715
13180227
13180739
13181251
13181763
13182275
13177668
13178180
13178692
13179204
13179716
13180228
13180740
13181252
13181764
13182276
13177669
13178181
13178693
13179205
13179717
13180229
13180741
13181253
13181765
13182277
13177670
13178182
13178694
13179206
13179718
13180230
13180742
13181254
13181766
13182278
13177671
13178183
13178695
13179207
13179719
13180231
13180743
13181255
13181767
13182279
13177672
13178184
13178696
13179208
13179720
13180232
13180744
13181256
13181768
13182280
13177673
13178185
13178697
13179209
13179721
13180233
13180745
13181257
13181769
13182281
13177674
13178186
13178698
13179210
13179722
13180234
13180746
13181258
13181770
13182282
13177675
13178187
13178699
13179211
13179723
13180235
13180747
13181259
13181771
13182283
14772572
14773084
14773596
14774108
14774620
14775132
14775644
14776156
14776668
14777180
14772573
14773085
14773597
14774109
14774621
14775133
14775645
14776157
14776669
14777181
14772574
14773086
14773598
14774110
14774622
14775134
14775646
14776158
14776670
14777182
14772575
14773087
14773599
14774111
14774623
14775135
14775647
14776159
14776671
14777183
14772576
14773088
14773600
14774112
14774624
14775136
14775648
14776160
14776672
14777184
14772577
14773089
14773601
14774113
14774625
14775137
14775649
14776161
14776673
14777185
14772578
14773090
14773602
14774114
14774626
14775138
14775650
14776162
14776674
14777186
14772579
14773091
14773603
14774115
14774627
14775139
14775651
14776163
14776675
14777187
14772580
14773092
14773604
14774116
14774628
14775140
14775652
14776164
14776676
14777188
14772581
14773093
14773605
14774117
14774629
14775141
14775653
14776165
14776677
14777189
15820098
15820610
15821122
15821634
15822146
15822658
15823170
15823682
15824194
15824706
15820099
15820611
15821123
15821635
15822147
15822659
15823171
15823683
15824195
15824707
15820100
15820612
15821124
15821636
15822148
15822660
15823172
15823684
15824196
15824708
15820101
15820613
15821125
15821637
15822149
15822661
15823173
15823685
15824197
15824709
15820102
15820614
15821126
15821638
15822150
15822662
15823174
15823686
15824198
15824710
15820103
15820615
15821127
15821639
15822151
15822663
15823175
15823687
15824199
15824711
15820104
15820616
15821128
15821640
15822152
15822664
15823176
15823688
15824200
15824712
15820105
15820617
15821129
15821641
15822153
15822665
15823177
15823689
15824201
15824713
15820106
15820618
15821130
15821642
15822154
15822666
15823178
15823690
15824202
15824714
15820107
15820619
15821131
15821643
15822155
15822667
15823179
15823691
15824203
15824715
17129705
17130217
17130729
17131241
17131753
17132265
17132777
17133289
17133801
17134313
17129706
17130218
17130730
17131242
17131754
17132266
17132778
17133290
17133802
17134314
17129707
17130219
17130731
17131243
17131755
17132267
17132779
17133291
17133803
17134315
17129708
17130220
17130732
17131244
17131756
17132268
17132780
17133292
17133804
17134316
17129709
17130221
17130733
17131245
17131757
17132269
17132781
17133293
17133805
17134317
17129710
17130222
17130734
17131246
17131758
17132270
17132782
17133294
17133806
17134318
17129711
17130223
17130735
17131247
17131759
17132271
17132783
17133295
17133807
17134319
17129712
17130224
17130736
17131248
17131760
17132272
17132784
17133296
17133808
17134320
17129713
17130225
17130737
17131249
17131761
17132273
17132785
17133297
17133809
17134321
17129714
17130226
17130738
17131250
17131762
17132274
17132786
17133298
17133810
17134322
16052972
16053484
16053996
16054508
16055020
16055532
16056044
16056556
16057068
16057580
16052973
16053485
16053997
16054509
16055021
16055533
16056045
16056557
16057069
16057581
16052974
16053486
16053998
16054510
16055022
16055534
16056046
16056558
16057070
16057582
16052975
16053487
16053999
16054511
16055023
16055535
16056047
16056559
16057071
16057583
16052976
16053488
16054000
16054512
16055024
16055536
16056048
16056560
16057072
16057584
16052977
16053489
16054001
16054513
16055025
16055537
16056049
16056561
16057073
16057585
16052978
16053490
16054002
16054514
16055026
16055538
16056050
16056562
16057074
16057586
16052979
16053491
16054003
16054515
16055027
16055539
16056051
16056563
16057075
16057587
16052980
16053492
16054004
16054516
16055028
16055540
16056052
16056564
16057076
16057588
16052981
16053493
16054005
16054517
16055029
16055541
16056053
16056565
16057077
16057589
11334950
11335462
11335974
11336486
11336998
11337510
11338022
11338534
11339046
11339558
11334951
11335463
11335975
11336487
11336999
11337511
11338023
11338535
11339047
11339559
11334952
11335464
11335976
11336488
11337000
11337512
11338024
11338536
11339048
11339560
11334953
11335465
11335977
11336489
11337001
11337513
11338025
11338537
11339049
11339561
11334954
11335466
11335978
11336490
11337002
11337514
11338026
11338538
11339050
11339562
11334955
11335467
11335979
11336491
11337003
11337515
11338027
11338539
11339051
11339563
11334956
11335468
11335980
11336492
11337004
11337516
11338028
11338540
11339052
11339564
11334957
11335469
11335981
11336493
11337005
11337517
11338029
11338541
11339053
11339565
11334958
11335470
11335982
11336494
11337006
11337518
11338030
11338542
11339054
11339566
11334959
11335471
11335983
11336495
11337007
11337519
11338031
11338543
11339055
11339567
14488877
14489389
14489901
14490413
14490925
14491437
14491949
14492461
14492973
14493485
14488878
14489390
14489902
14490414
14490926
14491438
14491950
14492462
14492974
14493486
14488879
14489391
14489903
14490415
14490927
14491439
14491951
14492463
14492975
14493487
14488880
14489392
14489904
14490416
14490928
14491440
14491952
14492464
14492976
14493488
14488881
14489393
14489905
14490417
14490929
14491441
14491953
14492465
14492977
14493489
14488882
14489394
14489906
14490418
14490930
14491442
14491954
14492466
14492978
14493490
14488883
14489395
14489907
14490419
14490931
14491443
14491955
14492467
14492979
14493491
14488884
14489396
14489908
14490420
14490932
14491444
14491956
14492468
14492980
14493492
14488885
14489397
14489909
14490421
14490933
14491445
14491957
14492469
14492981
14493493
14488886
14489398
14489910
14490422
14490934
14491446
14491958
14492470
14492982
14493494
11354917
11355429
11355941
11356453
11356965
11357477
11357989
11358501
11359013
11359525
11354918
11355430
11355942
11356454
11356966
11357478
11357990
11358502
11359014
11359526
11354919
11355431
11355943
11356455
11356967
11357479
11357991
11358503
11359015
11359527
11354920
11355432
11355944
11356456
11356968
11357480
11357992
11358504
11359016
11359528
11354921
11355433
11355945
11356457
11356969
11357481
11357993
11358505
11359017
11359529
11354922
11355434
11355946
11356458
11356970
11357482
11357994
11358506
11359018
11359530
11354923
11355435
11355947
11356459
11356971
11357483
11357995
11358507
11359019
11359531
11354924
11355436
11355948
11356460
11356972
11357484
11357996
11358508
11359020
11359532
11354925
11355437
11355949
11356461
11356973
11357485
11357997
11358509
11359021
11359533
11354926
11355438
11355950
11356462
11356974
11357486
11357998
11358510
11359022
11359534
11878658
11879170
11879682
11880194
11880706
11881218
11881730
11882242
11882754
11883266
11878659
11879171
11879683
11880195
11880707
11881219
11881731
11882243
11882755
11883267
11878660
11879172
11879684
11880196
11880708
11881220
11881732
11882244
11882756
11883268
11878661
11879173
11879685
11880197
11880709
11881221
11881733
11882245
11882757
11883269
11878662
11879174
11879686
11880198
11880710
11881222
11881734
11882246
11882758
11883270
11878663
11879175
11879687
11880199
11880711
11881223
11881735
11882247
11882759
11883271
11878664
11879176
11879688
11880200
11880712
11881224
11881736
11882248
11882760
11883272
11878665
11879177
11879689
11880201
11880713
11881225
11881737
11882249
11882761
11883273
11878666
11879178
11879690
11880202
11880714
11881226
11881738
11882250
11882762
11883274
11878667
11879179
11879691
11880203
11880715
11881227
11881739
11882251
11882763
11883275
11327740
11328252
11328764
11329276
11329788
11330300
11330812
11331324
11331836
11332348
11327741
11328253
11328765
11329277
11329789
11330301
11330813
11331325
11331837
11332349
11327742
11328254
11328766
11329278
11329790
11330302
11330814
11331326
11331838
11332350
11327743
11328255
11328767
11329279
11329791
11330303
11330815
11331327
11331839
11332351
11327744
11328256
11328768
11329280
11329792
11330304
11330816
11331328
11331840
11332352
11327745
11328257
11328769
11329281
11329793
11330305
11330817
11331329
11331841
11332353
11327746
11328258
11328770
11329282
11329794
11330306
11330818
11331330
11331842
11332354
11327747
11328259
11328771
11329283
11329795
11330307
11330819
11331331
11331843
11332355
11327748
11328260
11328772
11329284
11329796
11330308
11330820
11331332
11331844
11332356
11327749
11328261
11328773
11329285
11329797
11330309
11330821
11331333
11331845
11332357
16075996
16076508
16077020
16077532
16078044
16078556
16079068
16079580
16080092
16080604
16075997
16076509
16077021
16077533
16078045
16078557
16079069
16079581
16080093
16080605
16075998
16076510
16077022
16077534
16078046
16078558
16079070
16079582
16080094
16080606
16075999
16076511
16077023
16077535
16078047
16078559
16079071
16079583
16080095
16080607
16076000
16076512
16077024
16077536
16078048
16078560
16079072
16079584
16080096
16080608
16076001
16076513
16077025
16077537
16078049
16078561
16079073
16079585
16080097
16080609
16076002
16076514
16077026
16077538
16078050
16078562
16079074
16079586
16080098
16080610
16076003
16076515
16077027
16077539
16078051
16078563
16079075
16079587
16080099
16080611
16076004
16076516
16077028
16077540
16078052
16078564
16079076
16079588
16080100
16080612
16076005
16076517
16077029
16077541
16078053
16078565
16079077
16079589
16080101
16080613
14766918
14767430
14767942
14768454
14768966
14769478
14769990
14770502
14771014
14771526
14766919
14767431
14767943
14768455
14768967
14769479
14769991
14770503
14771015
14771527
14766920
14767432
14767944
14768456
14768968
14769480
14769992
14770504
14771016
14771528
14766921
14767433
14767945
14768457
14768969
14769481
14769993
14770505
14771017
14771529
14766922
14767434
14767946
14768458
14768970
14769482
14769994
14770506
14771018
14771530
14766923
14767435
14767947
14768459
14768971
14769483
14769995
14770507
14771019
14771531
14766924
14767436
14767948
14768460
14768972
14769484
14769996
14770508
14771020
14771532
14766925
14767437
14767949
14768461
14768973
14769485
14769997
14770509
14771021
14771533
14766926
14767438
14767950
14768462
14768974
14769486
14769998
14770510
14771022
14771534
14766927
14767439
14767951
14768463
14768975
14769487
14769999
14770511
14771023
14771535
14788779
14789291
14789803
14790315
14790827
14791339
14791851
14792363
14792875
14793387
14788780
14789292
14789804
14790316
14790828
14791340
14791852
14792364
14792876
14793388
14788781
14789293
14789805
14790317
14790829
14791341
14791853
14792365
14792877
14793389
14788782
14789294
14789806
14790318
14790830
14791342
14791854
14792366
14792878
14793390
14788783
14789295
14789807
14790319
14790831
14791343
14791855
14792367
14792879
14793391
14788784
14789296
14789808
14790320
14790832
14791344
14791856
14792368
14792880
14793392
14788785
14789297
14789809
14790321
14790833
14791345
14791857
14792369
14792881
14793393
14788786
14789298
14789810
14790322
14790834
14791346
14791858
14792370
14792882
14793394
14788787
14789299
14789811
14790323
14790835
14791347
14791859
14792371
14792883
14793395
14788788
14789300
14789812
14790324
14790836
14791348
14791860
14792372
14792884
14793396
16659692
16660204
16660716
16661228
16661740
16662252
16662764
16663276
16663788
16664300
16659693
16660205
16660717
16661229
16661741
16662253
16662765
16663277
16663789
16664301
16659694
16660206
16660718
16661230
16661742
16662254
16662766
16663278
16663790
16664302
16659695
16660207
16660719
16661231
16661743
16662255
16662767
16663279
16663791
16664303
16659696
16660208
16660720
16661232
16661744
16662256
16662768
16663280
16663792
16664304
16659697
16660209
16660721
16661233
16661745
16662257
16662769
16663281
16663793
16664305
16659698
16660210
16660722
16661234
16661746
16662258
16662770
16663282
16663794
16664306
16659699
16660211
16660723
16661235
16661747
16662259
16662771
16663283
16663795
16664307
16659700
16660212
16660724
16661236
16661748
16662260
16662772
16663284
16663796
16664308
16659701
16660213
16660725
16661237
16661749
16662261
16662773
16663285
16663797
16664309
13441794
13442306
13442818
13443330
13443842
13444354
13444866
13445378
13445890
13446402
13441795
13442307
13442819
13443331
13443843
13444355
13444867
13445379
13445891
13446403
13441796
13442308
13442820
13443332
13443844
13444356
13444868
13445380
13445892
13446404
13441797
13442309
13442821
13443333
13443845
13444357
13444869
13445381
13445893
13446405
13441798
13442310
13442822
13443334
13443846
13444358
13444870
13445382
13445894
13446406
13441799
13442311
13442823
13443335
13443847
13444359
13444871
13445383
13445895
13446407
13441800
13442312
13442824
13443336
13443848
13444360
13444872
13445384
13445896
13446408
13441801
13442313
13442825
13443337
13443849
13444361
13444873
13445385
13445897
13446409
13441802
13442314
13442826
13443338
13443850
13444362
13444874
13445386
13445898
13446410
13441803
13442315
13442827
13443339
13443851
13444363
13444875
13445387
13445899
13446411
16591044
16591556
16592068
16592580
16593092
16593604
16594116
16594628
16595140
16595652
16591045
16591557
16592069
16592581
16593093
16593605
16594117
16594629
16595141
16595653
16591046
16591558
16592070
16592582
16593094
16593606
16594118
16594630
16595142
16595654
16591047
16591559
16592071
16592583
16593095
16593607
16594119
16594631
16595143
16595655
16591048
16591560
16592072
16592584
16593096
16593608
16594120
16594632
16595144
16595656
16591049
16591561
16592073
16592585
16593097
16593609
16594121
16594633
16595145
16595657
16591050
16591562
16592074
16592586
16593098
16593610
16594122
16594634
16595146
16595658
16591051
16591563
16592075
16592587
16593099
16593611
16594123
16594635
16595147
16595659
16591052
16591564
16592076
16592588
16593100
16593612
16594124
16594636
16595148
16595660
16591053
16591565
16592077
16592589
16593101
16593613
16594125
16594637
16595149
16595661
12926807
12927319
12927831
12928343
12928855
12929367
12929879
12930391
12930903
12931415
12926808
12927320
12927832
12928344
12928856
12929368
12929880
12930392
12930904
12931416
12926809
12927321
12927833
12928345
12928857
12929369
12929881
12930393
12930905
12931417
12926810
12927322
12927834
12928346
12928858
12929370
12929882
12930394
12930906
12931418
12926811
12927323
12927835
12928347
12928859
12929371
12929883
12930395
12930907
12931419
12926812
12927324
12927836
12928348
12928860
12929372
12929884
12930396
12930908
12931420
12926813
12927325
12927837
12928349
12928861
12929373
12929885
12930397
12930909
12931421
12926814
12927326
12927838
12928350
12928862
12929374
12929886
12930398
12930910
12931422
12926815
12927327
12927839
12928351
12928863
12929375
12929887
12930399
12930911
12931423
12926816
12927328
12927840
12928352
12928864
12929376
12929888
12930400
12930912
12931424
14025896
14026408
14026920
14027432
14027944
14028456
14028968
14029480
14029992
14030504
14025897
14026409
14026921
14027433
14027945
14028457
14028969
14029481
14029993
14030505
14025898
14026410
14026922
14027434
14027946
14028458
14028970
14029482
14029994
14030506
14025899
14026411
14026923
14027435
14027947
14028459
14028971
14029483
14029995
14030507
14025900
14026412
14026924
14027436
14027948
14028460
14028972
14029484
14029996
14030508
14025901
14026413
14026925
14027437
14027949
14028461
14028973
14029485
14029997
14030509
14025902
14026414
14026926
14027438
14027950
14028462
14028974
14029486
14029998
14030510
14025903
14026415
14026927
14027439
14027951
14028463
14028975
14029487
14029999
14030511
14025904
14026416
14026928
14027440
14027952
14028464
14028976
14029488
14030000
14030512
14025905
14026417
14026929
14027441
14027953
14028465
14028977
14029489
14030001
14030513
15531752
15532264
15532776
15533288
15533800
15534312
15534824
15535336
15535848
15536360
15531753
15532265
15532777
15533289
15533801
15534313
15534825
15535337
15535849
15536361
15531754
15532266
15532778
15533290
15533802
15534314
15534826
15535338
15535850
15536362
15531755
15532267
15532779
15533291
15533803
15534315
15534827
15535339
15535851
15536363
15531756
15532268
15532780
15533292
15533804
15534316
15534828
15535340
15535852
15536364
15531757
15532269
15532781
15533293
15533805
15534317
15534829
15535341
15535853
15536365
15531758
15532270
15532782
15533294
15533806
15534318
15534830
15535342
15535854
15536366
15531759
15532271
15532783
15533295
15533807
15534319
15534831
15535343
15535855
15536367
15531760
15532272
15532784
15533296
15533808
15534320
15534832
15535344
15535856
15536368
15531761
15532273
15532785
15533297
15533809
15534321
15534833
15535345
15535857
15536369
16345859
16346371
16346883
16347395
16347907
16348419
16348931
16349443
16349955
16350467
16345860
16346372
16346884
16347396
16347908
16348420
16348932
16349444
16349956
16350468
16345861
16346373
16346885
16347397
16347909
16348421
16348933
16349445
16349957
16350469
16345862
16346374
16346886
16347398
16347910
16348422
16348934
16349446
16349958
16350470
16345863
16346375
16346887
16347399
16347911
16348423
16348935
16349447
16349959
16350471
16345864
16346376
16346888
16347400
16347912
16348424
16348936
16349448
16349960
16350472
16345865
16346377
16346889
16347401
16347913
16348425
16348937
16349449
16349961
16350473
16345866
16346378
16346890
16347402
16347914
16348426
16348938
16349450
16349962
16350474
16345867
16346379
16346891
16347403
16347915
16348427
16348939
16349451
16349963
16350475
16345868
16346380
16346892
16347404
16347916
16348428
16348940
16349452
16349964
16350476
15030497
15031009
15031521
15032033
15032545
15033057
15033569
15034081
15034593
15035105
15030498
15031010
15031522
15032034
15032546
15033058
15033570
15034082
15034594
15035106
15030499
15031011
15031523
15032035
15032547
15033059
15033571
15034083
15034595
15035107
15030500
15031012
15031524
15032036
15032548
15033060
15033572
15034084
15034596
15035108
15030501
15031013
15031525
15032037
15032549
15033061
15033573
15034085
15034597
15035109
15030502
15031014
15031526
15032038
15032550
15033062
15033574
15034086
15034598
15035110
15030503
15031015
15031527
15032039
15032551
15033063
15033575
15034087
15034599
15035111
15030504
15031016
15031528
15032040
15032552
15033064
15033576
15034088
15034600
15035112
15030505
15031017
15031529
15032041
15032553
15033065
15033577
15034089
15034601
15035113
15030506
15031018
15031530
15032042
15032554
15033066
15033578
15034090
15034602
15035114
16387260
16387772
16388284
16388796
16389308
16389820
16390332
16390844
16391356
16391868
16387261
16387773
16388285
16388797
16389309
16389821
16390333
16390845
16391357
16391869
16387262
16387774
16388286
16388798
16389310
16389822
16390334
16390846
16391358
16391870
16387263
16387775
16388287
16388799
16389311
16389823
16390335
16390847
16391359
16391871
16387264
16387776
16388288
16388800
16389312
16389824
16390336
16390848
16391360
16391872
16387265
16387777
16388289
16388801
16389313
16389825
16390337
16390849
16391361
16391873
16387266
16387778
16388290
16388802
16389314
16389826
16390338
16390850
16391362
16391874
16387267
16387779
16388291
16388803
16389315
16389827
16390339
16390851
16391363
16391875
16387268
16387780
16388292
16388804
16389316
16389828
16390340
16390852
16391364
16391876
16387269
16387781
16388293
16388805
16389317
16389829
16390341
16390853
16391365
16391877
