15004821
15005333
15005845
15006357
15006869
15007381
15007893
15008405
15008917
15009429
15004822
15005334
15005846
15006358
15006870
15007382
15007894
15008406
15008918
15009430
15004823
15005335
15005847
15006359
15006871
15007383
15007895
15008407
15008919
15009431
15004824
15005336
15005848
15006360
15006872
15007384
15007896
15008408
15008920
15009432
15004825
15005337
15005849
15006361
15006873
15007385
15007897
15008409
15008921
15009433
15004826
15005338
15005850
15006362
15006874
15007386
15007898
15008410
15008922
15009434
15004827
15005339
15005851
15006363
15006875
15007387
15007899
15008411
15008923
15009435
15004828
15005340
15005852
15006364
15006876
15007388
15007900
15008412
15008924
15009436
15004829
15005341
15005853
15006365
15006877
15007389
15007901
15008413
15008925
15009437
15004830
15005342
15005854
15006366
15006878
15007390
15007902
15008414
15008926
15009438
6693831
6694343
6694855
6695367
6695879
6696391
6696903
6697415
6697927
6698439
6693832
6694344
6694856
6695368
6695880
6696392
6696904
6697416
6697928
6698440
6693833
6694345
6694857
6695369
6695881
6696393
6696905
6697417
6697929
6698441
6693834
6694346
6694858
6695370
6695882
6696394
6696906
6697418
6697930
6698442
6693835
6694347
6694859
6695371
6695883
6696395
6696907
6697419
6697931
6698443
6693836
6694348
6694860
6695372
6695884
6696396
6696908
6697420
6697932
6698444
6693837
6694349
6694861
6695373
6695885
6696397
6696909
6697421
6697933
6698445
6693838
6694350
6694862
6695374
6695886
6696398
6696910
6697422
6697934
6698446
6693839
6694351
6694863
6695375
6695887
6696399
6696911
6697423
6697935
6698447
6693840
6694352
6694864
6695376
6695888
6696400
6696912
6697424
6697936
6698448
933324
933836
934348
934860
935372
935884
936396
936908
937420
937932
933325
933837
934349
934861
935373
935885
936397
936909
937421
937933
933326
933838
934350
934862
935374
935886
936398
936910
937422
937934
933327
933839
934351
934863
935375
935887
936399
936911
937423
937935
933328
933840
934352
934864
935376
935888
936400
936912
937424
937936
933329
933841
934353
934865
935377
935889
936401
936913
937425
937937
933330
933842
934354
934866
935378
935890
936402
936914
937426
937938
933331
933843
934355
934867
935379
935891
936403
936915
937427
937939
933332
933844
934356
934868
935380
935892
936404
936916
937428
937940
933333
933845
934357
934869
935381
935893
936405
936917
937429
937941
17096879
17097391
17097903
17098415
17098927
17099439
17099951
17100463
17100975
17101487
17096880
17097392
17097904
17098416
17098928
17099440
17099952
17100464
17100976
17101488
17096881
17097393
17097905
17098417
17098929
17099441
17099953
17100465
17100977
17101489
17096882
17097394
17097906
17098418
17098930
17099442
17099954
17100466
17100978
17101490
17096883
17097395
17097907
17098419
17098931
17099443
17099955
17100467
17100979
17101491
17096884
17097396
17097908
17098420
17098932
17099444
17099956
17100468
17100980
17101492
17096885
17097397
17097909
17098421
17098933
17099445
17099957
17100469
17100981
17101493
17096886
17097398
17097910
17098422
17098934
17099446
17099958
17100470
17100982
17101494
17096887
17097399
17097911
17098423
17098935
17099447
17099959
17100471
17100983
17101495
17096888
17097400
17097912
17098424
17098936
17099448
17099960
17100472
17100984
17101496
13938280
13938792
13939304
13939816
13940328
13940840
13941352
13941864
13942376
13942888
13938281
13938793
13939305
13939817
13940329
13940841
13941353
13941865
13942377
13942889
13938282
13938794
13939306
13939818
13940330
13940842
13941354
13941866
13942378
13942890
13938283
13938795
13939307
13939819
13940331
13940843
13941355
13941867
13942379
13942891
13938284
13938796
13939308
13939820
13940332
13940844
13941356
13941868
13942380
13942892
13938285
13938797
13939309
13939821
13940333
13940845
13941357
13941869
13942381
13942893
13938286
13938798
13939310
13939822
13940334
13940846
13941358
13941870
13942382
13942894
13938287
13938799
13939311
13939823
13940335
13940847
13941359
13941871
13942383
13942895
13938288
13938800
13939312
13939824
13940336
13940848
13941360
13941872
13942384
13942896
13938289
13938801
13939313
13939825
13940337
13940849
13941361
13941873
13942385
13942897
7372591
7373103
7373615
7374127
7374639
7375151
7375663
7376175
7376687
7377199
7372592
7373104
7373616
7374128
7374640
7375152
7375664
7376176
7376688
7377200
7372593
7373105
7373617
7374129
7374641
7375153
7375665
7376177
7376689
7377201
7372594
7373106
7373618
7374130
7374642
7375154
7375666
7376178
7376690
7377202
7372595
7373107
7373619
7374131
7374643
7375155
7375667
7376179
7376691
7377203
7372596
7373108
7373620
7374132
7374644
7375156
7375668
7376180
7376692
7377204
7372597
7373109
7373621
7374133
7374645
7375157
7375669
7376181
7376693
7377205
7372598
7373110
7373622
7374134
7374646
7375158
7375670
7376182
7376694
7377206
7372599
7373111
7373623
7374135
7374647
7375159
7375671
7376183
7376695
7377207
7372600
7373112
7373624
7374136
7374648
7375160
7375672
7376184
7376696
7377208
20494213
20494725
20495237
20495749
20496261
20496773
20497285
20497797
20498309
20498821
20494214
20494726
20495238
20495750
20496262
20496774
20497286
20497798
20498310
20498822
20494215
20494727
20495239
20495751
20496263
20496775
20497287
20497799
20498311
20498823
20494216
20494728
20495240
20495752
20496264
20496776
20497288
20497800
20498312
20498824
20494217
20494729
20495241
20495753
20496265
20496777
20497289
20497801
20498313
20498825
20494218
20494730
20495242
20495754
20496266
20496778
20497290
20497802
20498314
20498826
20494219
20494731
20495243
20495755
20496267
20496779
20497291
20497803
20498315
20498827
20494220
20494732
20495244
20495756
20496268
20496780
20497292
20497804
20498316
20498828
20494221
20494733
20495245
20495757
20496269
20496781
20497293
20497805
20498317
20498829
20494222
20494734
20495246
20495758
20496270
20496782
20497294
20497806
20498318
20498830
24771226
24771738
24772250
24772762
24773274
24773786
24774298
24774810
24775322
24775834
24771227
24771739
24772251
24772763
24773275
24773787
24774299
24774811
24775323
24775835
24771228
24771740
24772252
24772764
24773276
24773788
24774300
24774812
24775324
24775836
24771229
24771741
24772253
24772765
24773277
24773789
24774301
24774813
24775325
24775837
24771230
24771742
24772254
24772766
24773278
24773790
24774302
24774814
24775326
24775838
24771231
24771743
24772255
24772767
24773279
24773791
24774303
24774815
24775327
24775839
24771232
24771744
24772256
24772768
24773280
24773792
24774304
24774816
24775328
24775840
24771233
24771745
24772257
24772769
24773281
24773793
24774305
24774817
24775329
24775841
24771234
24771746
24772258
24772770
24773282
24773794
24774306
24774818
24775330
24775842
24771235
24771747
24772259
24772771
24773283
24773795
24774307
24774819
24775331
24775843
6411104
6411616
6412128
6412640
6413152
6413664
6414176
6414688
6415200
6415712
6411105
6411617
6412129
6412641
6413153
6413665
6414177
6414689
6415201
6415713
6411106
6411618
6412130
6412642
6413154
6413666
6414178
6414690
6415202
6415714
6411107
6411619
6412131
6412643
6413155
6413667
6414179
6414691
6415203
6415715
6411108
6411620
6412132
6412644
6413156
6413668
6414180
6414692
6415204
6415716
6411109
6411621
6412133
6412645
6413157
6413669
6414181
6414693
6415205
6415717
6411110
6411622
6412134
6412646
6413158
6413670
6414182
6414694
6415206
6415718
6411111
6411623
6412135
6412647
6413159
6413671
6414183
6414695
6415207
6415719
6411112
6411624
6412136
6412648
6413160
6413672
6414184
6414696
6415208
6415720
6411113
6411625
6412137
6412649
6413161
6413673
6414185
6414697
6415209
6415721
10756290
10756802
10757314
10757826
10758338
10758850
10759362
10759874
10760386
10760898
10756291
10756803
10757315
10757827
10758339
10758851
10759363
10759875
10760387
10760899
10756292
10756804
10757316
10757828
10758340
10758852
10759364
10759876
10760388
10760900
10756293
10756805
10757317
10757829
10758341
10758853
10759365
10759877
10760389
10760901
10756294
10756806
10757318
10757830
10758342
10758854
10759366
10759878
10760390
10760902
10756295
10756807
10757319
10757831
10758343
10758855
10759367
10759879
10760391
10760903
10756296
10756808
10757320
10757832
10758344
10758856
10759368
10759880
10760392
10760904
10756297
10756809
10757321
10757833
10758345
10758857
10759369
10759881
10760393
10760905
10756298
10756810
10757322
10757834
10758346
10758858
10759370
10759882
10760394
10760906
10756299
10756811
10757323
10757835
10758347
10758859
10759371
10759883
10760395
10760907
19505973
19506485
19506997
19507509
19508021
19508533
19509045
19509557
19510069
19510581
19505974
19506486
19506998
19507510
19508022
19508534
19509046
19509558
19510070
19510582
19505975
19506487
19506999
19507511
19508023
19508535
19509047
19509559
19510071
19510583
19505976
19506488
19507000
19507512
19508024
19508536
19509048
19509560
19510072
19510584
19505977
19506489
19507001
19507513
19508025
19508537
19509049
19509561
19510073
19510585
19505978
19506490
19507002
19507514
19508026
19508538
19509050
19509562
19510074
19510586
19505979
19506491
19507003
19507515
19508027
19508539
19509051
19509563
19510075
19510587
19505980
19506492
19507004
19507516
19508028
19508540
19509052
19509564
19510076
19510588
19505981
19506493
19507005
19507517
19508029
19508541
19509053
19509565
19510077
19510589
19505982
19506494
19507006
19507518
19508030
19508542
19509054
19509566
19510078
19510590
10344986
10345498
10346010
10346522
10347034
10347546
10348058
10348570
10349082
10349594
10344987
10345499
10346011
10346523
10347035
10347547
10348059
10348571
10349083
10349595
10344988
10345500
10346012
10346524
10347036
10347548
10348060
10348572
10349084
10349596
10344989
10345501
10346013
10346525
10347037
10347549
10348061
10348573
10349085
10349597
10344990
10345502
10346014
10346526
10347038
10347550
10348062
10348574
10349086
10349598
10344991
10345503
10346015
10346527
10347039
10347551
10348063
10348575
10349087
10349599
10344992
10345504
10346016
10346528
10347040
10347552
10348064
10348576
10349088
10349600
10344993
10345505
10346017
10346529
10347041
10347553
10348065
10348577
10349089
10349601
10344994
10345506
10346018
10346530
10347042
10347554
10348066
10348578
10349090
10349602
10344995
10345507
10346019
10346531
10347043
10347555
10348067
10348579
10349091
10349603
28743102
28743614
28744126
28744638
28745150
28745662
28746174
28746686
28747198
28747710
28743103
28743615
28744127
28744639
28745151
28745663
28746175
28746687
28747199
28747711
28743104
28743616
28744128
28744640
28745152
28745664
28746176
28746688
28747200
28747712
28743105
28743617
28744129
28744641
28745153
28745665
28746177
28746689
28747201
28747713
28743106
28743618
28744130
28744642
28745154
28745666
28746178
28746690
28747202
28747714
28743107
28743619
28744131
28744643
28745155
28745667
28746179
28746691
28747203
28747715
28743108
28743620
28744132
28744644
28745156
28745668
28746180
28746692
28747204
28747716
28743109
28743621
28744133
28744645
28745157
28745669
28746181
28746693
28747205
28747717
28743110
28743622
28744134
28744646
28745158
28745670
28746182
28746694
28747206
28747718
28743111
28743623
28744135
28744647
28745159
28745671
28746183
28746695
28747207
28747719
13668022
13668534
13669046
13669558
13670070
13670582
13671094
13671606
13672118
13672630
13668023
13668535
13669047
13669559
13670071
13670583
13671095
13671607
13672119
13672631
13668024
13668536
13669048
13669560
13670072
13670584
13671096
13671608
13672120
13672632
13668025
13668537
13669049
13669561
13670073
13670585
13671097
13671609
13672121
13672633
13668026
13668538
13669050
13669562
13670074
13670586
13671098
13671610
13672122
13672634
13668027
13668539
13669051
13669563
13670075
13670587
13671099
13671611
13672123
13672635
13668028
13668540
13669052
13669564
13670076
13670588
13671100
13671612
13672124
13672636
13668029
13668541
13669053
13669565
13670077
13670589
13671101
13671613
13672125
13672637
13668030
13668542
13669054
13669566
13670078
13670590
13671102
13671614
13672126
13672638
13668031
13668543
13669055
13669567
13670079
13670591
13671103
13671615
13672127
13672639
2542170
2542682
2543194
2543706
2544218
2544730
2545242
2545754
2546266
2546778
2542171
2542683
2543195
2543707
2544219
2544731
2545243
2545755
2546267
2546779
2542172
2542684
2543196
2543708
2544220
2544732
2545244
2545756
2546268
2546780
2542173
2542685
2543197
2543709
2544221
2544733
2545245
2545757
2546269
2546781
2542174
2542686
2543198
2543710
2544222
2544734
2545246
2545758
2546270
2546782
2542175
2542687
2543199
2543711
2544223
2544735
2545247
2545759
2546271
2546783
2542176
2542688
2543200
2543712
2544224
2544736
2545248
2545760
2546272
2546784
2542177
2542689
2543201
2543713
2544225
2544737
2545249
2545761
2546273
2546785
2542178
2542690
2543202
2543714
2544226
2544738
2545250
2545762
2546274
2546786
2542179
2542691
2543203
2543715
2544227
2544739
2545251
2545763
2546275
2546787
63782
64294
64806
65318
65830
66342
66854
67366
67878
68390
63783
64295
64807
65319
65831
66343
66855
67367
67879
68391
63784
64296
64808
65320
65832
66344
66856
67368
67880
68392
63785
64297
64809
65321
65833
66345
66857
67369
67881
68393
63786
64298
64810
65322
65834
66346
66858
67370
67882
68394
63787
64299
64811
65323
65835
66347
66859
67371
67883
68395
63788
64300
64812
65324
65836
66348
66860
67372
67884
68396
63789
64301
64813
65325
65837
66349
66861
67373
67885
68397
63790
64302
64814
65326
65838
66350
66862
67374
67886
68398
63791
64303
64815
65327
65839
66351
66863
67375
67887
68399
4255674
4256186
4256698
4257210
4257722
4258234
4258746
4259258
4259770
4260282
4255675
4256187
4256699
4257211
4257723
4258235
4258747
4259259
4259771
4260283
4255676
4256188
4256700
4257212
4257724
4258236
4258748
4259260
4259772
4260284
4255677
4256189
4256701
4257213
4257725
4258237
4258749
4259261
4259773
4260285
4255678
4256190
4256702
4257214
4257726
4258238
4258750
4259262
4259774
4260286
4255679
4256191
4256703
4257215
4257727
4258239
4258751
4259263
4259775
4260287
4255680
4256192
4256704
4257216
4257728
4258240
4258752
4259264
4259776
4260288
4255681
4256193
4256705
4257217
4257729
4258241
4258753
4259265
4259777
4260289
4255682
4256194
4256706
4257218
4257730
4258242
4258754
4259266
4259778
4260290
4255683
4256195
4256707
4257219
4257731
4258243
4258755
4259267
4259779
4260291
18284899
18285411
18285923
18286435
18286947
18287459
18287971
18288483
18288995
18289507
18284900
18285412
18285924
18286436
18286948
18287460
18287972
18288484
18288996
18289508
18284901
18285413
18285925
18286437
18286949
18287461
18287973
18288485
18288997
18289509
18284902
18285414
18285926
18286438
18286950
18287462
18287974
18288486
18288998
18289510
18284903
18285415
18285927
18286439
18286951
18287463
18287975
18288487
18288999
18289511
18284904
18285416
18285928
18286440
18286952
18287464
18287976
18288488
18289000
18289512
18284905
18285417
18285929
18286441
18286953
18287465
18287977
18288489
18289001
18289513
18284906
18285418
18285930
18286442
18286954
18287466
18287978
18288490
18289002
18289514
18284907
18285419
18285931
18286443
18286955
18287467
18287979
18288491
18289003
18289515
18284908
18285420
18285932
18286444
18286956
18287468
18287980
18288492
18289004
18289516
1333138
1333650
1334162
1334674
1335186
1335698
1336210
1336722
1337234
1337746
1333139
1333651
1334163
1334675
1335187
1335699
1336211
1336723
1337235
1337747
1333140
1333652
1334164
1334676
1335188
1335700
1336212
1336724
1337236
1337748
1333141
1333653
1334165
1334677
1335189
1335701
1336213
1336725
1337237
1337749
1333142
1333654
1334166
1334678
1335190
1335702
1336214
1336726
1337238
1337750
1333143
1333655
1334167
1334679
1335191
1335703
1336215
1336727
1337239
1337751
1333144
1333656
1334168
1334680
1335192
1335704
1336216
1336728
1337240
1337752
1333145
1333657
1334169
1334681
1335193
1335705
1336217
1336729
1337241
1337753
1333146
1333658
1334170
1334682
1335194
1335706
1336218
1336730
1337242
1337754
1333147
1333659
1334171
1334683
1335195
1335707
1336219
1336731
1337243
1337755
28132828
28133340
28133852
28134364
28134876
28135388
28135900
28136412
28136924
28137436
28132829
28133341
28133853
28134365
28134877
28135389
28135901
28136413
28136925
28137437
28132830
28133342
28133854
28134366
28134878
28135390
28135902
28136414
28136926
28137438
28132831
28133343
28133855
28134367
28134879
28135391
28135903
28136415
28136927
28137439
28132832
28133344
28133856
28134368
28134880
28135392
28135904
28136416
28136928
28137440
28132833
28133345
28133857
28134369
28134881
28135393
28135905
28136417
28136929
28137441
28132834
28133346
28133858
28134370
28134882
28135394
28135906
28136418
28136930
28137442
28132835
28133347
28133859
28134371
28134883
28135395
28135907
28136419
28136931
28137443
28132836
28133348
28133860
28134372
28134884
28135396
28135908
28136420
28136932
28137444
28132837
28133349
28133861
28134373
28134885
28135397
28135909
28136421
28136933
28137445
17162512
17163024
17163536
17164048
17164560
17165072
17165584
17166096
17166608
17167120
17162513
17163025
17163537
17164049
17164561
17165073
17165585
17166097
17166609
17167121
17162514
17163026
17163538
17164050
17164562
17165074
17165586
17166098
17166610
17167122
17162515
17163027
17163539
17164051
17164563
17165075
17165587
17166099
17166611
17167123
17162516
17163028
17163540
17164052
17164564
17165076
17165588
17166100
17166612
17167124
17162517
17163029
17163541
17164053
17164565
17165077
17165589
17166101
17166613
17167125
17162518
17163030
17163542
17164054
17164566
17165078
17165590
17166102
17166614
17167126
17162519
17163031
17163543
17164055
17164567
17165079
17165591
17166103
17166615
17167127
17162520
17163032
17163544
17164056
17164568
17165080
17165592
17166104
17166616
17167128
17162521
17163033
17163545
17164057
17164569
17165081
17165593
17166105
17166617
17167129
15864587
15865099
15865611
15866123
15866635
15867147
15867659
15868171
15868683
15869195
15864588
15865100
15865612
15866124
15866636
15867148
15867660
15868172
15868684
15869196
15864589
15865101
15865613
15866125
15866637
15867149
15867661
15868173
15868685
15869197
15864590
15865102
15865614
15866126
15866638
15867150
15867662
15868174
15868686
15869198
15864591
15865103
15865615
15866127
15866639
15867151
15867663
15868175
15868687
15869199
15864592
15865104
15865616
15866128
15866640
15867152
15867664
15868176
15868688
15869200
15864593
15865105
15865617
15866129
15866641
15867153
15867665
15868177
15868689
15869201
15864594
15865106
15865618
15866130
15866642
15867154
15867666
15868178
15868690
15869202
15864595
15865107
15865619
15866131
15866643
15867155
15867667
15868179
15868691
15869203
15864596
15865108
15865620
15866132
15866644
15867156
15867668
15868180
15868692
15869204
20652618
20653130
20653642
20654154
20654666
20655178
20655690
20656202
20656714
20657226
20652619
20653131
20653643
20654155
20654667
20655179
20655691
20656203
20656715
20657227
20652620
20653132
20653644
20654156
20654668
20655180
20655692
20656204
20656716
20657228
20652621
20653133
20653645
20654157
20654669
20655181
20655693
20656205
20656717
20657229
20652622
20653134
20653646
20654158
20654670
20655182
20655694
20656206
20656718
20657230
20652623
20653135
20653647
20654159
20654671
20655183
20655695
20656207
20656719
20657231
20652624
20653136
20653648
20654160
20654672
20655184
20655696
20656208
20656720
20657232
20652625
20653137
20653649
20654161
20654673
20655185
20655697
20656209
20656721
20657233
20652626
20653138
20653650
20654162
20654674
20655186
20655698
20656210
20656722
20657234
20652627
20653139
20653651
20654163
20654675
20655187
20655699
20656211
20656723
20657235
25685066
25685578
25686090
25686602
25687114
25687626
25688138
25688650
25689162
25689674
25685067
25685579
25686091
25686603
25687115
25687627
25688139
25688651
25689163
25689675
25685068
25685580
25686092
25686604
25687116
25687628
25688140
25688652
25689164
25689676
25685069
25685581
25686093
25686605
25687117
25687629
25688141
25688653
25689165
25689677
25685070
25685582
25686094
25686606
25687118
25687630
25688142
25688654
25689166
25689678
25685071
25685583
25686095
25686607
25687119
25687631
25688143
25688655
25689167
25689679
25685072
25685584
25686096
25686608
25687120
25687632
25688144
25688656
25689168
25689680
25685073
25685585
25686097
25686609
25687121
25687633
25688145
25688657
25689169
25689681
25685074
25685586
25686098
25686610
25687122
25687634
25688146
25688658
25689170
25689682
25685075
25685587
25686099
25686611
25687123
25687635
25688147
25688659
25689171
25689683
2895826
2896338
2896850
2897362
2897874
2898386
2898898
2899410
2899922
2900434
2895827
2896339
2896851
2897363
2897875
2898387
2898899
2899411
2899923
2900435
2895828
2896340
2896852
2897364
2897876
2898388
2898900
2899412
2899924
2900436
2895829
2896341
2896853
2897365
2897877
2898389
2898901
2899413
2899925
2900437
2895830
2896342
2896854
2897366
2897878
2898390
2898902
2899414
2899926
2900438
2895831
2896343
2896855
2897367
2897879
2898391
2898903
2899415
2899927
2900439
2895832
2896344
2896856
2897368
2897880
2898392
2898904
2899416
2899928
2900440
2895833
2896345
2896857
2897369
2897881
2898393
2898905
2899417
2899929
2900441
2895834
2896346
2896858
2897370
2897882
2898394
2898906
2899418
2899930
2900442
2895835
2896347
2896859
2897371
2897883
2898395
2898907
2899419
2899931
2900443
7983688
7984200
7984712
7985224
7985736
7986248
7986760
7987272
7987784
7988296
7983689
7984201
7984713
7985225
7985737
7986249
7986761
7987273
7987785
7988297
7983690
7984202
7984714
7985226
7985738
7986250
7986762
7987274
7987786
7988298
7983691
7984203
7984715
7985227
7985739
7986251
7986763
7987275
7987787
7988299
7983692
7984204
7984716
7985228
7985740
7986252
7986764
7987276
7987788
7988300
7983693
7984205
7984717
7985229
7985741
7986253
7986765
7987277
7987789
7988301
7983694
7984206
7984718
7985230
7985742
7986254
7986766
7987278
7987790
7988302
7983695
7984207
7984719
7985231
7985743
7986255
7986767
7987279
7987791
7988303
7983696
7984208
7984720
7985232
7985744
7986256
7986768
7987280
7987792
7988304
7983697
7984209
7984721
7985233
7985745
7986257
7986769
7987281
7987793
7988305
19503340
19503852
19504364
19504876
19505388
19505900
19506412
19506924
19507436
19507948
19503341
19503853
19504365
19504877
19505389
19505901
19506413
19506925
19507437
19507949
19503342
19503854
19504366
19504878
19505390
19505902
19506414
19506926
19507438
19507950
19503343
19503855
19504367
19504879
19505391
19505903
19506415
19506927
19507439
19507951
19503344
19503856
19504368
19504880
19505392
19505904
19506416
19506928
19507440
19507952
19503345
19503857
19504369
19504881
19505393
19505905
19506417
19506929
19507441
19507953
19503346
19503858
19504370
19504882
19505394
19505906
19506418
19506930
19507442
19507954
19503347
19503859
19504371
19504883
19505395
19505907
19506419
19506931
19507443
19507955
19503348
19503860
19504372
19504884
19505396
19505908
19506420
19506932
19507444
19507956
19503349
19503861
19504373
19504885
19505397
19505909
19506421
19506933
19507445
19507957
24643120
24643632
24644144
24644656
24645168
24645680
24646192
24646704
24647216
24647728
24643121
24643633
24644145
24644657
24645169
24645681
24646193
24646705
24647217
24647729
24643122
24643634
24644146
24644658
24645170
24645682
24646194
24646706
24647218
24647730
24643123
24643635
24644147
24644659
24645171
24645683
24646195
24646707
24647219
24647731
24643124
24643636
24644148
24644660
24645172
24645684
24646196
24646708
24647220
24647732
24643125
24643637
24644149
24644661
24645173
24645685
24646197
24646709
24647221
24647733
24643126
24643638
24644150
24644662
24645174
24645686
24646198
24646710
24647222
24647734
24643127
24643639
24644151
24644663
24645175
24645687
24646199
24646711
24647223
24647735
24643128
24643640
24644152
24644664
24645176
24645688
24646200
24646712
24647224
24647736
24643129
24643641
24644153
24644665
24645177
24645689
24646201
24646713
24647225
24647737
12253863
12254375
12254887
12255399
12255911
12256423
12256935
12257447
12257959
12258471
12253864
12254376
12254888
12255400
12255912
12256424
12256936
12257448
12257960
12258472
12253865
12254377
12254889
12255401
12255913
12256425
12256937
12257449
12257961
12258473
12253866
12254378
12254890
12255402
12255914
12256426
12256938
12257450
12257962
12258474
12253867
12254379
12254891
12255403
12255915
12256427
12256939
12257451
12257963
12258475
12253868
12254380
12254892
12255404
12255916
12256428
12256940
12257452
12257964
12258476
12253869
12254381
12254893
12255405
12255917
12256429
12256941
12257453
12257965
12258477
12253870
12254382
12254894
12255406
12255918
12256430
12256942
12257454
12257966
12258478
12253871
12254383
12254895
12255407
12255919
12256431
12256943
12257455
12257967
12258479
12253872
12254384
12254896
12255408
12255920
12256432
12256944
12257456
12257968
12258480
5670511
5671023
5671535
5672047
5672559
5673071
5673583
5674095
5674607
5675119
5670512
5671024
5671536
5672048
5672560
5673072
5673584
5674096
5674608
5675120
5670513
5671025
5671537
5672049
5672561
5673073
5673585
5674097
5674609
5675121
5670514
5671026
5671538
5672050
5672562
5673074
5673586
5674098
5674610
5675122
5670515
5671027
5671539
5672051
5672563
5673075
5673587
5674099
5674611
5675123
5670516
5671028
5671540
5672052
5672564
5673076
5673588
5674100
5674612
5675124
5670517
5671029
5671541
5672053
5672565
5673077
5673589
5674101
5674613
5675125
5670518
5671030
5671542
5672054
5672566
5673078
5673590
5674102
5674614
5675126
5670519
5671031
5671543
5672055
5672567
5673079
5673591
5674103
5674615
5675127
5670520
5671032
5671544
5672056
5672568
5673080
5673592
5674104
5674616
5675128
