13171509
13172021
13172533
13173045
13173557
13174069
13174581
13175093
13175605
13176117
13171510
13172022
13172534
13173046
13173558
13174070
13174582
13175094
13175606
13176118
13171511
13172023
13172535
13173047
13173559
13174071
13174583
13175095
13175607
13176119
13171512
13172024
13172536
13173048
13173560
13174072
13174584
13175096
13175608
13176120
13171513
13172025
13172537
13173049
13173561
13174073
13174585
13175097
13175609
13176121
13171514
13172026
13172538
13173050
13173562
13174074
13174586
13175098
13175610
13176122
13171515
13172027
13172539
13173051
13173563
13174075
13174587
13175099
13175611
13176123
13171516
13172028
13172540
13173052
13173564
13174076
13174588
13175100
13175612
13176124
13171517
13172029
13172541
13173053
13173565
13174077
13174589
13175101
13175613
13176125
13171518
13172030
13172542
13173054
13173566
13174078
13174590
13175102
13175614
13176126
16071918
16072430
16072942
16073454
16073966
16074478
16074990
16075502
16076014
16076526
16071919
16072431
16072943
16073455
16073967
16074479
16074991
16075503
16076015
16076527
16071920
16072432
16072944
16073456
16073968
16074480
16074992
16075504
16076016
16076528
16071921
16072433
16072945
16073457
16073969
16074481
16074993
16075505
16076017
16076529
16071922
16072434
16072946
16073458
16073970
16074482
16074994
16075506
16076018
16076530
16071923
16072435
16072947
16073459
16073971
16074483
16074995
16075507
16076019
16076531
16071924
16072436
16072948
16073460
16073972
16074484
16074996
16075508
16076020
16076532
16071925
16072437
16072949
16073461
16073973
16074485
16074997
16075509
16076021
16076533
16071926
16072438
16072950
16073462
16073974
16074486
16074998
16075510
16076022
16076534
16071927
16072439
16072951
16073463
16073975
16074487
16074999
16075511
16076023
16076535
14487300
14487812
14488324
14488836
14489348
14489860
14490372
14490884
14491396
14491908
14487301
14487813
14488325
14488837
14489349
14489861
14490373
14490885
14491397
14491909
14487302
14487814
14488326
14488838
14489350
14489862
14490374
14490886
14491398
14491910
14487303
14487815
14488327
14488839
14489351
14489863
14490375
14490887
14491399
14491911
14487304
14487816
14488328
14488840
14489352
14489864
14490376
14490888
14491400
14491912
14487305
14487817
14488329
14488841
14489353
14489865
14490377
14490889
14491401
14491913
14487306
14487818
14488330
14488842
14489354
14489866
14490378
14490890
14491402
14491914
14487307
14487819
14488331
14488843
14489355
14489867
14490379
14490891
14491403
14491915
14487308
14487820
14488332
14488844
14489356
14489868
14490380
14490892
14491404
14491916
14487309
14487821
14488333
14488845
14489357
14489869
14490381
14490893
14491405
14491917
15548132
15548644
15549156
15549668
15550180
15550692
15551204
15551716
15552228
15552740
15548133
15548645
15549157
15549669
15550181
15550693
15551205
15551717
15552229
15552741
15548134
15548646
15549158
15549670
15550182
15550694
15551206
15551718
15552230
15552742
15548135
15548647
15549159
15549671
15550183
15550695
15551207
15551719
15552231
15552743
15548136
15548648
15549160
15549672
15550184
15550696
15551208
15551720
15552232
15552744
15548137
15548649
15549161
15549673
15550185
15550697
15551209
15551721
15552233
15552745
15548138
15548650
15549162
15549674
15550186
15550698
15551210
15551722
15552234
15552746
15548139
15548651
15549163
15549675
15550187
15550699
15551211
15551723
15552235
15552747
15548140
15548652
15549164
15549676
15550188
15550700
15551212
15551724
15552236
15552748
15548141
15548653
15549165
15549677
15550189
15550701
15551213
15551725
15552237
15552749
16398018
16398530
16399042
16399554
16400066
16400578
16401090
16401602
16402114
16402626
16398019
16398531
16399043
16399555
16400067
16400579
16401091
16401603
16402115
16402627
16398020
16398532
16399044
16399556
16400068
16400580
16401092
16401604
16402116
16402628
16398021
16398533
16399045
16399557
16400069
16400581
16401093
16401605
16402117
16402629
16398022
16398534
16399046
16399558
16400070
16400582
16401094
16401606
16402118
16402630
16398023
16398535
16399047
16399559
16400071
16400583
16401095
16401607
16402119
16402631
16398024
16398536
16399048
16399560
16400072
16400584
16401096
16401608
16402120
16402632
16398025
16398537
16399049
16399561
16400073
16400585
16401097
16401609
16402121
16402633
16398026
16398538
16399050
16399562
16400074
16400586
16401098
16401610
16402122
16402634
16398027
16398539
16399051
16399563
16400075
16400587
16401099
16401611
16402123
16402635
15357652
15358164
15358676
15359188
15359700
15360212
15360724
15361236
15361748
15362260
15357653
15358165
15358677
15359189
15359701
15360213
15360725
15361237
15361749
15362261
15357654
15358166
15358678
15359190
15359702
15360214
15360726
15361238
15361750
15362262
15357655
15358167
15358679
15359191
15359703
15360215
15360727
15361239
15361751
15362263
15357656
15358168
15358680
15359192
15359704
15360216
15360728
15361240
15361752
15362264
15357657
15358169
15358681
15359193
15359705
15360217
15360729
15361241
15361753
15362265
15357658
15358170
15358682
15359194
15359706
15360218
15360730
15361242
15361754
15362266
15357659
15358171
15358683
15359195
15359707
15360219
15360731
15361243
15361755
15362267
15357660
15358172
15358684
15359196
15359708
15360220
15360732
15361244
15361756
15362268
15357661
15358173
15358685
15359197
15359709
15360221
15360733
15361245
15361757
15362269
12683961
12684473
12684985
12685497
12686009
12686521
12687033
12687545
12688057
12688569
12683962
12684474
12684986
12685498
12686010
12686522
12687034
12687546
12688058
12688570
12683963
12684475
12684987
12685499
12686011
12686523
12687035
12687547
12688059
12688571
12683964
12684476
12684988
12685500
12686012
12686524
12687036
12687548
12688060
12688572
12683965
12684477
12684989
12685501
12686013
12686525
12687037
12687549
12688061
12688573
12683966
12684478
12684990
12685502
12686014
12686526
12687038
12687550
12688062
12688574
12683967
12684479
12684991
12685503
12686015
12686527
12687039
12687551
12688063
12688575
12683968
12684480
12684992
12685504
12686016
12686528
12687040
12687552
12688064
12688576
12683969
12684481
12684993
12685505
12686017
12686529
12687041
12687553
12688065
12688577
12683970
12684482
12684994
12685506
12686018
12686530
12687042
12687554
12688066
12688578
13202699
13203211
13203723
13204235
13204747
13205259
13205771
13206283
13206795
13207307
13202700
13203212
13203724
13204236
13204748
13205260
13205772
13206284
13206796
13207308
13202701
13203213
13203725
13204237
13204749
13205261
13205773
13206285
13206797
13207309
13202702
13203214
13203726
13204238
13204750
13205262
13205774
13206286
13206798
13207310
13202703
13203215
13203727
13204239
13204751
13205263
13205775
13206287
13206799
13207311
13202704
13203216
13203728
13204240
13204752
13205264
13205776
13206288
13206800
13207312
13202705
13203217
13203729
13204241
13204753
13205265
13205777
13206289
13206801
13207313
13202706
13203218
13203730
13204242
13204754
13205266
13205778
13206290
13206802
13207314
13202707
13203219
13203731
13204243
13204755
13205267
13205779
13206291
13206803
13207315
13202708
13203220
13203732
13204244
13204756
13205268
13205780
13206292
13206804
13207316
12940042
12940554
12941066
12941578
12942090
12942602
12943114
12943626
12944138
12944650
12940043
12940555
12941067
12941579
12942091
12942603
12943115
12943627
12944139
12944651
12940044
12940556
12941068
12941580
12942092
12942604
12943116
12943628
12944140
12944652
12940045
12940557
12941069
12941581
12942093
12942605
12943117
12943629
12944141
12944653
12940046
12940558
12941070
12941582
12942094
12942606
12943118
12943630
12944142
12944654
12940047
12940559
12941071
12941583
12942095
12942607
12943119
12943631
12944143
12944655
12940048
12940560
12941072
12941584
12942096
12942608
12943120
12943632
12944144
12944656
12940049
12940561
12941073
12941585
12942097
12942609
12943121
12943633
12944145
12944657
12940050
12940562
12941074
12941586
12942098
12942610
12943122
12943634
12944146
12944658
12940051
12940563
12941075
12941587
12942099
12942611
12943123
12943635
12944147
12944659
11860264
11860776
11861288
11861800
11862312
11862824
11863336
11863848
11864360
11864872
11860265
11860777
11861289
11861801
11862313
11862825
11863337
11863849
11864361
11864873
11860266
11860778
11861290
11861802
11862314
11862826
11863338
11863850
11864362
11864874
11860267
11860779
11861291
11861803
11862315
11862827
11863339
11863851
11864363
11864875
11860268
11860780
11861292
11861804
11862316
11862828
11863340
11863852
11864364
11864876
11860269
11860781
11861293
11861805
11862317
11862829
11863341
11863853
11864365
11864877
11860270
11860782
11861294
11861806
11862318
11862830
11863342
11863854
11864366
11864878
11860271
11860783
11861295
11861807
11862319
11862831
11863343
11863855
11864367
11864879
11860272
11860784
11861296
11861808
11862320
11862832
11863344
11863856
11864368
11864880
11860273
11860785
11861297
11861809
11862321
11862833
11863345
11863857
11864369
11864881
12653873
12654385
12654897
12655409
12655921
12656433
12656945
12657457
12657969
12658481
12653874
12654386
12654898
12655410
12655922
12656434
12656946
12657458
12657970
12658482
12653875
12654387
12654899
12655411
12655923
12656435
12656947
12657459
12657971
12658483
12653876
12654388
12654900
12655412
12655924
12656436
12656948
12657460
12657972
12658484
12653877
12654389
12654901
12655413
12655925
12656437
12656949
12657461
12657973
12658485
12653878
12654390
12654902
12655414
12655926
12656438
12656950
12657462
12657974
12658486
12653879
12654391
12654903
12655415
12655927
12656439
12656951
12657463
12657975
12658487
12653880
12654392
12654904
12655416
12655928
12656440
12656952
12657464
12657976
12658488
12653881
12654393
12654905
12655417
12655929
12656441
12656953
12657465
12657977
12658489
12653882
12654394
12654906
12655418
12655930
12656442
12656954
12657466
12657978
12658490
12936434
12936946
12937458
12937970
12938482
12938994
12939506
12940018
12940530
12941042
12936435
12936947
12937459
12937971
12938483
12938995
12939507
12940019
12940531
12941043
12936436
12936948
12937460
12937972
12938484
12938996
12939508
12940020
12940532
12941044
12936437
12936949
12937461
12937973
12938485
12938997
12939509
12940021
12940533
12941045
12936438
12936950
12937462
12937974
12938486
12938998
12939510
12940022
12940534
12941046
12936439
12936951
12937463
12937975
12938487
12938999
12939511
12940023
12940535
12941047
12936440
12936952
12937464
12937976
12938488
12939000
12939512
12940024
12940536
12941048
12936441
12936953
12937465
12937977
12938489
12939001
12939513
12940025
12940537
12941049
12936442
12936954
12937466
12937978
12938490
12939002
12939514
12940026
12940538
12941050
12936443
12936955
12937467
12937979
12938491
12939003
12939515
12940027
12940539
12941051
13761215
13761727
13762239
13762751
13763263
13763775
13764287
13764799
13765311
13765823
13761216
13761728
13762240
13762752
13763264
13763776
13764288
13764800
13765312
13765824
13761217
13761729
13762241
13762753
13763265
13763777
13764289
13764801
13765313
13765825
13761218
13761730
13762242
13762754
13763266
13763778
13764290
13764802
13765314
13765826
13761219
13761731
13762243
13762755
13763267
13763779
13764291
13764803
13765315
13765827
13761220
13761732
13762244
13762756
13763268
13763780
13764292
13764804
13765316
13765828
13761221
13761733
13762245
13762757
13763269
13763781
13764293
13764805
13765317
13765829
13761222
13761734
13762246
13762758
13763270
13763782
13764294
13764806
13765318
13765830
13761223
13761735
13762247
13762759
13763271
13763783
13764295
13764807
13765319
13765831
13761224
13761736
13762248
13762760
13763272
13763784
13764296
13764808
13765320
13765832
15366325
15366837
15367349
15367861
15368373
15368885
15369397
15369909
15370421
15370933
15366326
15366838
15367350
15367862
15368374
15368886
15369398
15369910
15370422
15370934
15366327
15366839
15367351
15367863
15368375
15368887
15369399
15369911
15370423
15370935
15366328
15366840
15367352
15367864
15368376
15368888
15369400
15369912
15370424
15370936
15366329
15366841
15367353
15367865
15368377
15368889
15369401
15369913
15370425
15370937
15366330
15366842
15367354
15367866
15368378
15368890
15369402
15369914
15370426
15370938
15366331
15366843
15367355
15367867
15368379
15368891
15369403
15369915
15370427
15370939
15366332
15366844
15367356
15367868
15368380
15368892
15369404
15369916
15370428
15370940
15366333
15366845
15367357
15367869
15368381
15368893
15369405
15369917
15370429
15370941
15366334
15366846
15367358
15367870
15368382
15368894
15369406
15369918
15370430
15370942
16632999
16633511
16634023
16634535
16635047
16635559
16636071
16636583
16637095
16637607
16633000
16633512
16634024
16634536
16635048
16635560
16636072
16636584
16637096
16637608
16633001
16633513
16634025
16634537
16635049
16635561
16636073
16636585
16637097
16637609
16633002
16633514
16634026
16634538
16635050
16635562
16636074
16636586
16637098
16637610
16633003
16633515
16634027
16634539
16635051
16635563
16636075
16636587
16637099
16637611
16633004
16633516
16634028
16634540
16635052
16635564
16636076
16636588
16637100
16637612
16633005
16633517
16634029
16634541
16635053
16635565
16636077
16636589
16637101
16637613
16633006
16633518
16634030
16634542
16635054
16635566
16636078
16636590
16637102
16637614
16633007
16633519
16634031
16634543
16635055
16635567
16636079
16636591
16637103
16637615
16633008
16633520
16634032
16634544
16635056
16635568
16636080
16636592
16637104
16637616
12984488
12985000
12985512
12986024
12986536
12987048
12987560
12988072
12988584
12989096
12984489
12985001
12985513
12986025
12986537
12987049
12987561
12988073
12988585
12989097
12984490
12985002
12985514
12986026
12986538
12987050
12987562
12988074
12988586
12989098
12984491
12985003
12985515
12986027
12986539
12987051
12987563
12988075
12988587
12989099
12984492
12985004
12985516
12986028
12986540
12987052
12987564
12988076
12988588
12989100
12984493
12985005
12985517
12986029
12986541
12987053
12987565
12988077
12988589
12989101
12984494
12985006
12985518
12986030
12986542
12987054
12987566
12988078
12988590
12989102
12984495
12985007
12985519
12986031
12986543
12987055
12987567
12988079
12988591
12989103
12984496
12985008
12985520
12986032
12986544
12987056
12987568
12988080
12988592
12989104
12984497
12985009
12985521
12986033
12986545
12987057
12987569
12988081
12988593
12989105
13448490
13449002
13449514
13450026
13450538
13451050
13451562
13452074
13452586
13453098
13448491
13449003
13449515
13450027
13450539
13451051
13451563
13452075
13452587
13453099
13448492
13449004
13449516
13450028
13450540
13451052
13451564
13452076
13452588
13453100
13448493
13449005
13449517
13450029
13450541
13451053
13451565
13452077
13452589
13453101
13448494
13449006
13449518
13450030
13450542
13451054
13451566
13452078
13452590
13453102
13448495
13449007
13449519
13450031
13450543
13451055
13451567
13452079
13452591
13453103
13448496
13449008
13449520
13450032
13450544
13451056
13451568
13452080
13452592
13453104
13448497
13449009
13449521
13450033
13450545
13451057
13451569
13452081
13452593
13453105
13448498
13449010
13449522
13450034
13450546
13451058
13451570
13452082
13452594
13453106
13448499
13449011
13449523
13450035
13450547
13451059
13451571
13452083
13452595
13453107
15086246
15086758
15087270
15087782
15088294
15088806
15089318
15089830
15090342
15090854
15086247
15086759
15087271
15087783
15088295
15088807
15089319
15089831
15090343
15090855
15086248
15086760
15087272
15087784
15088296
15088808
15089320
15089832
15090344
15090856
15086249
15086761
15087273
15087785
15088297
15088809
15089321
15089833
15090345
15090857
15086250
15086762
15087274
15087786
15088298
15088810
15089322
15089834
15090346
15090858
15086251
15086763
15087275
15087787
15088299
15088811
15089323
15089835
15090347
15090859
15086252
15086764
15087276
15087788
15088300
15088812
15089324
15089836
15090348
15090860
15086253
15086765
15087277
15087789
15088301
15088813
15089325
15089837
15090349
15090861
15086254
15086766
15087278
15087790
15088302
15088814
15089326
15089838
15090350
15090862
15086255
15086767
15087279
15087791
15088303
15088815
15089327
15089839
15090351
15090863
9507059
9507571
9508083
9508595
9509107
9509619
9510131
9510643
9511155
9511667
9507060
9507572
9508084
9508596
9509108
9509620
9510132
9510644
9511156
9511668
9507061
9507573
9508085
9508597
9509109
9509621
9510133
9510645
9511157
9511669
9507062
9507574
9508086
9508598
9509110
9509622
9510134
9510646
9511158
9511670
9507063
9507575
9508087
9508599
9509111
9509623
9510135
9510647
9511159
9511671
9507064
9507576
9508088
9508600
9509112
9509624
9510136
9510648
9511160
9511672
9507065
9507577
9508089
9508601
9509113
9509625
9510137
9510649
9511161
9511673
9507066
9507578
9508090
9508602
9509114
9509626
9510138
9510650
9511162
9511674
9507067
9507579
9508091
9508603
9509115
9509627
9510139
9510651
9511163
9511675
9507068
9507580
9508092
9508604
9509116
9509628
9510140
9510652
9511164
9511676
16084658
16085170
16085682
16086194
16086706
16087218
16087730
16088242
16088754
16089266
16084659
16085171
16085683
16086195
16086707
16087219
16087731
16088243
16088755
16089267
16084660
16085172
16085684
16086196
16086708
16087220
16087732
16088244
16088756
16089268
16084661
16085173
16085685
16086197
16086709
16087221
16087733
16088245
16088757
16089269
16084662
16085174
16085686
16086198
16086710
16087222
16087734
16088246
16088758
16089270
16084663
16085175
16085687
16086199
16086711
16087223
16087735
16088247
16088759
16089271
16084664
16085176
16085688
16086200
16086712
16087224
16087736
16088248
16088760
16089272
16084665
16085177
16085689
16086201
16086713
16087225
16087737
16088249
16088761
16089273
16084666
16085178
16085690
16086202
16086714
16087226
16087738
16088250
16088762
16089274
16084667
16085179
16085691
16086203
16086715
16087227
16087739
16088251
16088763
16089275
15827200
15827712
15828224
15828736
15829248
15829760
15830272
15830784
15831296
15831808
15827201
15827713
15828225
15828737
15829249
15829761
15830273
15830785
15831297
15831809
15827202
15827714
15828226
15828738
15829250
15829762
15830274
15830786
15831298
15831810
15827203
15827715
15828227
15828739
15829251
15829763
15830275
15830787
15831299
15831811
15827204
15827716
15828228
15828740
15829252
15829764
15830276
15830788
15831300
15831812
15827205
15827717
15828229
15828741
15829253
15829765
15830277
15830789
15831301
15831813
15827206
15827718
15828230
15828742
15829254
15829766
15830278
15830790
15831302
15831814
15827207
15827719
15828231
15828743
15829255
15829767
15830279
15830791
15831303
15831815
15827208
15827720
15828232
15828744
15829256
15829768
15830280
15830792
15831304
15831816
15827209
15827721
15828233
15828745
15829257
15829769
15830281
15830793
15831305
15831817
11620594
11621106
11621618
11622130
11622642
11623154
11623666
11624178
11624690
11625202
11620595
11621107
11621619
11622131
11622643
11623155
11623667
11624179
11624691
11625203
11620596
11621108
11621620
11622132
11622644
11623156
11623668
11624180
11624692
11625204
11620597
11621109
11621621
11622133
11622645
11623157
11623669
11624181
11624693
11625205
11620598
11621110
11621622
11622134
11622646
11623158
11623670
11624182
11624694
11625206
11620599
11621111
11621623
11622135
11622647
11623159
11623671
11624183
11624695
11625207
11620600
11621112
11621624
11622136
11622648
11623160
11623672
11624184
11624696
11625208
11620601
11621113
11621625
11622137
11622649
11623161
11623673
11624185
11624697
11625209
11620602
11621114
11621626
11622138
11622650
11623162
11623674
11624186
11624698
11625210
11620603
11621115
11621627
11622139
11622651
11623163
11623675
11624187
11624699
11625211
15332560
15333072
15333584
15334096
15334608
15335120
15335632
15336144
15336656
15337168
15332561
15333073
15333585
15334097
15334609
15335121
15335633
15336145
15336657
15337169
15332562
15333074
15333586
15334098
15334610
15335122
15335634
15336146
15336658
15337170
15332563
15333075
15333587
15334099
15334611
15335123
15335635
15336147
15336659
15337171
15332564
15333076
15333588
15334100
15334612
15335124
15335636
15336148
15336660
15337172
15332565
15333077
15333589
15334101
15334613
15335125
15335637
15336149
15336661
15337173
15332566
15333078
15333590
15334102
15334614
15335126
15335638
15336150
15336662
15337174
15332567
15333079
15333591
15334103
15334615
15335127
15335639
15336151
15336663
15337175
15332568
15333080
15333592
15334104
15334616
15335128
15335640
15336152
15336664
15337176
15332569
15333081
15333593
15334105
15334617
15335129
15335641
15336153
15336665
15337177
16377598
16378110
16378622
16379134
16379646
16380158
16380670
16381182
16381694
16382206
16377599
16378111
16378623
16379135
16379647
16380159
16380671
16381183
16381695
16382207
16377600
16378112
16378624
16379136
16379648
16380160
16380672
16381184
16381696
16382208
16377601
16378113
16378625
16379137
16379649
16380161
16380673
16381185
16381697
16382209
16377602
16378114
16378626
16379138
16379650
16380162
16380674
16381186
16381698
16382210
16377603
16378115
16378627
16379139
16379651
16380163
16380675
16381187
16381699
16382211
16377604
16378116
16378628
16379140
16379652
16380164
16380676
16381188
16381700
16382212
16377605
16378117
16378629
16379141
16379653
16380165
16380677
16381189
16381701
16382213
16377606
16378118
16378630
16379142
16379654
16380166
16380678
16381190
16381702
16382214
16377607
16378119
16378631
16379143
16379655
16380167
16380679
16381191
16381703
16382215
15559932
15560444
15560956
15561468
15561980
15562492
15563004
15563516
15564028
15564540
15559933
15560445
15560957
15561469
15561981
15562493
15563005
15563517
15564029
15564541
15559934
15560446
15560958
15561470
15561982
15562494
15563006
15563518
15564030
15564542
15559935
15560447
15560959
15561471
15561983
15562495
15563007
15563519
15564031
15564543
15559936
15560448
15560960
15561472
15561984
15562496
15563008
15563520
15564032
15564544
15559937
15560449
15560961
15561473
15561985
15562497
15563009
15563521
15564033
15564545
15559938
15560450
15560962
15561474
15561986
15562498
15563010
15563522
15564034
15564546
15559939
15560451
15560963
15561475
15561987
15562499
15563011
15563523
15564035
15564547
15559940
15560452
15560964
15561476
15561988
15562500
15563012
15563524
15564036
15564548
15559941
15560453
15560965
15561477
15561989
15562501
15563013
15563525
15564037
15564549
13697748
13698260
13698772
13699284
13699796
13700308
13700820
13701332
13701844
13702356
13697749
13698261
13698773
13699285
13699797
13700309
13700821
13701333
13701845
13702357
13697750
13698262
13698774
13699286
13699798
13700310
13700822
13701334
13701846
13702358
13697751
13698263
13698775
13699287
13699799
13700311
13700823
13701335
13701847
13702359
13697752
13698264
13698776
13699288
13699800
13700312
13700824
13701336
13701848
13702360
13697753
13698265
13698777
13699289
13699801
13700313
13700825
13701337
13701849
13702361
13697754
13698266
13698778
13699290
13699802
13700314
13700826
13701338
13701850
13702362
13697755
13698267
13698779
13699291
13699803
13700315
13700827
13701339
13701851
13702363
13697756
13698268
13698780
13699292
13699804
13700316
13700828
13701340
13701852
13702364
13697757
13698269
13698781
13699293
13699805
13700317
13700829
13701341
13701853
13702365
15292189
15292701
15293213
15293725
15294237
15294749
15295261
15295773
15296285
15296797
15292190
15292702
15293214
15293726
15294238
15294750
15295262
15295774
15296286
15296798
15292191
15292703
15293215
15293727
15294239
15294751
15295263
15295775
15296287
15296799
15292192
15292704
15293216
15293728
15294240
15294752
15295264
15295776
15296288
15296800
15292193
15292705
15293217
15293729
15294241
15294753
15295265
15295777
15296289
15296801
15292194
15292706
15293218
15293730
15294242
15294754
15295266
15295778
15296290
15296802
15292195
15292707
15293219
15293731
15294243
15294755
15295267
15295779
15296291
15296803
15292196
15292708
15293220
15293732
15294244
15294756
15295268
15295780
15296292
15296804
15292197
15292709
15293221
15293733
15294245
15294757
15295269
15295781
15296293
15296805
15292198
15292710
15293222
15293734
15294246
15294758
15295270
15295782
15296294
15296806
17164497
17165009
17165521
17166033
17166545
17167057
17167569
17168081
17168593
17169105
17164498
17165010
17165522
17166034
17166546
17167058
17167570
17168082
17168594
17169106
17164499
17165011
17165523
17166035
17166547
17167059
17167571
17168083
17168595
17169107
17164500
17165012
17165524
17166036
17166548
17167060
17167572
17168084
17168596
17169108
17164501
17165013
17165525
17166037
17166549
17167061
17167573
17168085
17168597
17169109
17164502
17165014
17165526
17166038
17166550
17167062
17167574
17168086
17168598
17169110
17164503
17165015
17165527
17166039
17166551
17167063
17167575
17168087
17168599
17169111
17164504
17165016
17165528
17166040
17166552
17167064
17167576
17168088
17168600
17169112
17164505
17165017
17165529
17166041
17166553
17167065
17167577
17168089
17168601
17169113
17164506
17165018
17165530
17166042
17166554
17167066
17167578
17168090
17168602
17169114
16351954
16352466
16352978
16353490
16354002
16354514
16355026
16355538
16356050
16356562
16351955
16352467
16352979
16353491
16354003
16354515
16355027
16355539
16356051
16356563
16351956
16352468
16352980
16353492
16354004
16354516
16355028
16355540
16356052
16356564
16351957
16352469
16352981
16353493
16354005
16354517
16355029
16355541
16356053
16356565
16351958
16352470
16352982
16353494
16354006
16354518
16355030
16355542
16356054
16356566
16351959
16352471
16352983
16353495
16354007
16354519
16355031
16355543
16356055
16356567
16351960
16352472
16352984
16353496
16354008
16354520
16355032
16355544
16356056
16356568
16351961
16352473
16352985
16353497
16354009
16354521
16355033
16355545
16356057
16356569
16351962
16352474
16352986
16353498
16354010
16354522
16355034
16355546
16356058
16356570
16351963
16352475
16352987
16353499
16354011
16354523
16355035
16355547
16356059
16356571
15077608
15078120
15078632
15079144
15079656
15080168
15080680
15081192
15081704
15082216
15077609
15078121
15078633
15079145
15079657
15080169
15080681
15081193
15081705
15082217
15077610
15078122
15078634
15079146
15079658
15080170
15080682
15081194
15081706
15082218
15077611
15078123
15078635
15079147
15079659
15080171
15080683
15081195
15081707
15082219
15077612
15078124
15078636
15079148
15079660
15080172
15080684
15081196
15081708
15082220
15077613
15078125
15078637
15079149
15079661
15080173
15080685
15081197
15081709
15082221
15077614
15078126
15078638
15079150
15079662
15080174
15080686
15081198
15081710
15082222
15077615
15078127
15078639
15079151
15079663
15080175
15080687
15081199
15081711
15082223
15077616
15078128
15078640
15079152
15079664
15080176
15080688
15081200
15081712
15082224
15077617
15078129
15078641
15079153
15079665
15080177
15080689
15081201
15081713
15082225
