5200337
5200849
5201361
5201873
5202385
5202897
5203409
5203921
5204433
5204945
5200338
5200850
5201362
5201874
5202386
5202898
5203410
5203922
5204434
5204946
5200339
5200851
5201363
5201875
5202387
5202899
5203411
5203923
5204435
5204947
5200340
5200852
5201364
5201876
5202388
5202900
5203412
5203924
5204436
5204948
5200341
5200853
5201365
5201877
5202389
5202901
5203413
5203925
5204437
5204949
5200342
5200854
5201366
5201878
5202390
5202902
5203414
5203926
5204438
5204950
5200343
5200855
5201367
5201879
5202391
5202903
5203415
5203927
5204439
5204951
5200344
5200856
5201368
5201880
5202392
5202904
5203416
5203928
5204440
5204952
5200345
5200857
5201369
5201881
5202393
5202905
5203417
5203929
5204441
5204953
5200346
5200858
5201370
5201882
5202394
5202906
5203418
5203930
5204442
5204954
2061278
2061790
2062302
2062814
2063326
2063838
2064350
2064862
2065374
2065886
2061279
2061791
2062303
2062815
2063327
2063839
2064351
2064863
2065375
2065887
2061280
2061792
2062304
2062816
2063328
2063840
2064352
2064864
2065376
2065888
2061281
2061793
2062305
2062817
2063329
2063841
2064353
2064865
2065377
2065889
2061282
2061794
2062306
2062818
2063330
2063842
2064354
2064866
2065378
2065890
2061283
2061795
2062307
2062819
2063331
2063843
2064355
2064867
2065379
2065891
2061284
2061796
2062308
2062820
2063332
2063844
2064356
2064868
2065380
2065892
2061285
2061797
2062309
2062821
2063333
2063845
2064357
2064869
2065381
2065893
2061286
2061798
2062310
2062822
2063334
2063846
2064358
2064870
2065382
2065894
2061287
2061799
2062311
2062823
2063335
2063847
2064359
2064871
2065383
2065895
7402724
7403236
7403748
7404260
7404772
7405284
7405796
7406308
7406820
7407332
7402725
7403237
7403749
7404261
7404773
7405285
7405797
7406309
7406821
7407333
7402726
7403238
7403750
7404262
7404774
7405286
7405798
7406310
7406822
7407334
7402727
7403239
7403751
7404263
7404775
7405287
7405799
7406311
7406823
7407335
7402728
7403240
7403752
7404264
7404776
7405288
7405800
7406312
7406824
7407336
7402729
7403241
7403753
7404265
7404777
7405289
7405801
7406313
7406825
7407337
7402730
7403242
7403754
7404266
7404778
7405290
7405802
7406314
7406826
7407338
7402731
7403243
7403755
7404267
7404779
7405291
7405803
7406315
7406827
7407339
7402732
7403244
7403756
7404268
7404780
7405292
7405804
7406316
7406828
7407340
7402733
7403245
7403757
7404269
7404781
7405293
7405805
7406317
7406829
7407341
16056929
16057441
16057953
16058465
16058977
16059489
16060001
16060513
16061025
16061537
16056930
16057442
16057954
16058466
16058978
16059490
16060002
16060514
16061026
16061538
16056931
16057443
16057955
16058467
16058979
16059491
16060003
16060515
16061027
16061539
16056932
16057444
16057956
16058468
16058980
16059492
16060004
16060516
16061028
16061540
16056933
16057445
16057957
16058469
16058981
16059493
16060005
16060517
16061029
16061541
16056934
16057446
16057958
16058470
16058982
16059494
16060006
16060518
16061030
16061542
16056935
16057447
16057959
16058471
16058983
16059495
16060007
16060519
16061031
16061543
16056936
16057448
16057960
16058472
16058984
16059496
16060008
16060520
16061032
16061544
16056937
16057449
16057961
16058473
16058985
16059497
16060009
16060521
16061033
16061545
16056938
16057450
16057962
16058474
16058986
16059498
16060010
16060522
16061034
16061546
30245670
30246182
30246694
30247206
30247718
30248230
30248742
30249254
30249766
30250278
30245671
30246183
30246695
30247207
30247719
30248231
30248743
30249255
30249767
30250279
30245672
30246184
30246696
30247208
30247720
30248232
30248744
30249256
30249768
30250280
30245673
30246185
30246697
30247209
30247721
30248233
30248745
30249257
30249769
30250281
30245674
30246186
30246698
30247210
30247722
30248234
30248746
30249258
30249770
30250282
30245675
30246187
30246699
30247211
30247723
30248235
30248747
30249259
30249771
30250283
30245676
30246188
30246700
30247212
30247724
30248236
30248748
30249260
30249772
30250284
30245677
30246189
30246701
30247213
30247725
30248237
30248749
30249261
30249773
30250285
30245678
30246190
30246702
30247214
30247726
30248238
30248750
30249262
30249774
30250286
30245679
30246191
30246703
30247215
30247727
30248239
30248751
30249263
30249775
30250287
3881281
3881793
3882305
3882817
3883329
3883841
3884353
3884865
3885377
3885889
3881282
3881794
3882306
3882818
3883330
3883842
3884354
3884866
3885378
3885890
3881283
3881795
3882307
3882819
3883331
3883843
3884355
3884867
3885379
3885891
3881284
3881796
3882308
3882820
3883332
3883844
3884356
3884868
3885380
3885892
3881285
3881797
3882309
3882821
3883333
3883845
3884357
3884869
3885381
3885893
3881286
3881798
3882310
3882822
3883334
3883846
3884358
3884870
3885382
3885894
3881287
3881799
3882311
3882823
3883335
3883847
3884359
3884871
3885383
3885895
3881288
3881800
3882312
3882824
3883336
3883848
3884360
3884872
3885384
3885896
3881289
3881801
3882313
3882825
3883337
3883849
3884361
3884873
3885385
3885897
3881290
3881802
3882314
3882826
3883338
3883850
3884362
3884874
3885386
3885898
3018221
3018733
3019245
3019757
3020269
3020781
3021293
3021805
3022317
3022829
3018222
3018734
3019246
3019758
3020270
3020782
3021294
3021806
3022318
3022830
3018223
3018735
3019247
3019759
3020271
3020783
3021295
3021807
3022319
3022831
3018224
3018736
3019248
3019760
3020272
3020784
3021296
3021808
3022320
3022832
3018225
3018737
3019249
3019761
3020273
3020785
3021297
3021809
3022321
3022833
3018226
3018738
3019250
3019762
3020274
3020786
3021298
3021810
3022322
3022834
3018227
3018739
3019251
3019763
3020275
3020787
3021299
3021811
3022323
3022835
3018228
3018740
3019252
3019764
3020276
3020788
3021300
3021812
3022324
3022836
3018229
3018741
3019253
3019765
3020277
3020789
3021301
3021813
3022325
3022837
3018230
3018742
3019254
3019766
3020278
3020790
3021302
3021814
3022326
3022838
31590287
31590799
31591311
31591823
31592335
31592847
31593359
31593871
31594383
31594895
31590288
31590800
31591312
31591824
31592336
31592848
31593360
31593872
31594384
31594896
31590289
31590801
31591313
31591825
31592337
31592849
31593361
31593873
31594385
31594897
31590290
31590802
31591314
31591826
31592338
31592850
31593362
31593874
31594386
31594898
31590291
31590803
31591315
31591827
31592339
31592851
31593363
31593875
31594387
31594899
31590292
31590804
31591316
31591828
31592340
31592852
31593364
31593876
31594388
31594900
31590293
31590805
31591317
31591829
31592341
31592853
31593365
31593877
31594389
31594901
31590294
31590806
31591318
31591830
31592342
31592854
31593366
31593878
31594390
31594902
31590295
31590807
31591319
31591831
31592343
31592855
31593367
31593879
31594391
31594903
31590296
31590808
31591320
31591832
31592344
31592856
31593368
31593880
31594392
31594904
9615474
9615986
9616498
9617010
9617522
9618034
9618546
9619058
9619570
9620082
9615475
9615987
9616499
9617011
9617523
9618035
9618547
9619059
9619571
9620083
9615476
9615988
9616500
9617012
9617524
9618036
9618548
9619060
9619572
9620084
9615477
9615989
9616501
9617013
9617525
9618037
9618549
9619061
9619573
9620085
9615478
9615990
9616502
9617014
9617526
9618038
9618550
9619062
9619574
9620086
9615479
9615991
9616503
9617015
9617527
9618039
9618551
9619063
9619575
9620087
9615480
9615992
9616504
9617016
9617528
9618040
9618552
9619064
9619576
9620088
9615481
9615993
9616505
9617017
9617529
9618041
9618553
9619065
9619577
9620089
9615482
9615994
9616506
9617018
9617530
9618042
9618554
9619066
9619578
9620090
9615483
9615995
9616507
9617019
9617531
9618043
9618555
9619067
9619579
9620091
7113861
7114373
7114885
7115397
7115909
7116421
7116933
7117445
7117957
7118469
7113862
7114374
7114886
7115398
7115910
7116422
7116934
7117446
7117958
7118470
7113863
7114375
7114887
7115399
7115911
7116423
7116935
7117447
7117959
7118471
7113864
7114376
7114888
7115400
7115912
7116424
7116936
7117448
7117960
7118472
7113865
7114377
7114889
7115401
7115913
7116425
7116937
7117449
7117961
7118473
7113866
7114378
7114890
7115402
7115914
7116426
7116938
7117450
7117962
7118474
7113867
7114379
7114891
7115403
7115915
7116427
7116939
7117451
7117963
7118475
7113868
7114380
7114892
7115404
7115916
7116428
7116940
7117452
7117964
7118476
7113869
7114381
7114893
7115405
7115917
7116429
7116941
7117453
7117965
7118477
7113870
7114382
7114894
7115406
7115918
7116430
7116942
7117454
7117966
7118478
15699335
15699847
15700359
15700871
15701383
15701895
15702407
15702919
15703431
15703943
15699336
15699848
15700360
15700872
15701384
15701896
15702408
15702920
15703432
15703944
15699337
15699849
15700361
15700873
15701385
15701897
15702409
15702921
15703433
15703945
15699338
15699850
15700362
15700874
15701386
15701898
15702410
15702922
15703434
15703946
15699339
15699851
15700363
15700875
15701387
15701899
15702411
15702923
15703435
15703947
15699340
15699852
15700364
15700876
15701388
15701900
15702412
15702924
15703436
15703948
15699341
15699853
15700365
15700877
15701389
15701901
15702413
15702925
15703437
15703949
15699342
15699854
15700366
15700878
15701390
15701902
15702414
15702926
15703438
15703950
15699343
15699855
15700367
15700879
15701391
15701903
15702415
15702927
15703439
15703951
15699344
15699856
15700368
15700880
15701392
15701904
15702416
15702928
15703440
15703952
16656781
16657293
16657805
16658317
16658829
16659341
16659853
16660365
16660877
16661389
16656782
16657294
16657806
16658318
16658830
16659342
16659854
16660366
16660878
16661390
16656783
16657295
16657807
16658319
16658831
16659343
16659855
16660367
16660879
16661391
16656784
16657296
16657808
16658320
16658832
16659344
16659856
16660368
16660880
16661392
16656785
16657297
16657809
16658321
16658833
16659345
16659857
16660369
16660881
16661393
16656786
16657298
16657810
16658322
16658834
16659346
16659858
16660370
16660882
16661394
16656787
16657299
16657811
16658323
16658835
16659347
16659859
16660371
16660883
16661395
16656788
16657300
16657812
16658324
16658836
16659348
16659860
16660372
16660884
16661396
16656789
16657301
16657813
16658325
16658837
16659349
16659861
16660373
16660885
16661397
16656790
16657302
16657814
16658326
16658838
16659350
16659862
16660374
16660886
16661398
26458874
26459386
26459898
26460410
26460922
26461434
26461946
26462458
26462970
26463482
26458875
26459387
26459899
26460411
26460923
26461435
26461947
26462459
26462971
26463483
26458876
26459388
26459900
26460412
26460924
26461436
26461948
26462460
26462972
26463484
26458877
26459389
26459901
26460413
26460925
26461437
26461949
26462461
26462973
26463485
26458878
26459390
26459902
26460414
26460926
26461438
26461950
26462462
26462974
26463486
26458879
26459391
26459903
26460415
26460927
26461439
26461951
26462463
26462975
26463487
26458880
26459392
26459904
26460416
26460928
26461440
26461952
26462464
26462976
26463488
26458881
26459393
26459905
26460417
26460929
26461441
26461953
26462465
26462977
26463489
26458882
26459394
26459906
26460418
26460930
26461442
26461954
26462466
26462978
26463490
26458883
26459395
26459907
26460419
26460931
26461443
26461955
26462467
26462979
26463491
5718403
5718915
5719427
5719939
5720451
5720963
5721475
5721987
5722499
5723011
5718404
5718916
5719428
5719940
5720452
5720964
5721476
5721988
5722500
5723012
5718405
5718917
5719429
5719941
5720453
5720965
5721477
5721989
5722501
5723013
5718406
5718918
5719430
5719942
5720454
5720966
5721478
5721990
5722502
5723014
5718407
5718919
5719431
5719943
5720455
5720967
5721479
5721991
5722503
5723015
5718408
5718920
5719432
5719944
5720456
5720968
5721480
5721992
5722504
5723016
5718409
5718921
5719433
5719945
5720457
5720969
5721481
5721993
5722505
5723017
5718410
5718922
5719434
5719946
5720458
5720970
5721482
5721994
5722506
5723018
5718411
5718923
5719435
5719947
5720459
5720971
5721483
5721995
5722507
5723019
5718412
5718924
5719436
5719948
5720460
5720972
5721484
5721996
5722508
5723020
15350377
15350889
15351401
15351913
15352425
15352937
15353449
15353961
15354473
15354985
15350378
15350890
15351402
15351914
15352426
15352938
15353450
15353962
15354474
15354986
15350379
15350891
15351403
15351915
15352427
15352939
15353451
15353963
15354475
15354987
15350380
15350892
15351404
15351916
15352428
15352940
15353452
15353964
15354476
15354988
15350381
15350893
15351405
15351917
15352429
15352941
15353453
15353965
15354477
15354989
15350382
15350894
15351406
15351918
15352430
15352942
15353454
15353966
15354478
15354990
15350383
15350895
15351407
15351919
15352431
15352943
15353455
15353967
15354479
15354991
15350384
15350896
15351408
15351920
15352432
15352944
15353456
15353968
15354480
15354992
15350385
15350897
15351409
15351921
15352433
15352945
15353457
15353969
15354481
15354993
15350386
15350898
15351410
15351922
15352434
15352946
15353458
15353970
15354482
15354994
22073240
22073752
22074264
22074776
22075288
22075800
22076312
22076824
22077336
22077848
22073241
22073753
22074265
22074777
22075289
22075801
22076313
22076825
22077337
22077849
22073242
22073754
22074266
22074778
22075290
22075802
22076314
22076826
22077338
22077850
22073243
22073755
22074267
22074779
22075291
22075803
22076315
22076827
22077339
22077851
22073244
22073756
22074268
22074780
22075292
22075804
22076316
22076828
22077340
22077852
22073245
22073757
22074269
22074781
22075293
22075805
22076317
22076829
22077341
22077853
22073246
22073758
22074270
22074782
22075294
22075806
22076318
22076830
22077342
22077854
22073247
22073759
22074271
22074783
22075295
22075807
22076319
22076831
22077343
22077855
22073248
22073760
22074272
22074784
22075296
22075808
22076320
22076832
22077344
22077856
22073249
22073761
22074273
22074785
22075297
22075809
22076321
22076833
22077345
22077857
16033020
16033532
16034044
16034556
16035068
16035580
16036092
16036604
16037116
16037628
16033021
16033533
16034045
16034557
16035069
16035581
16036093
16036605
16037117
16037629
16033022
16033534
16034046
16034558
16035070
16035582
16036094
16036606
16037118
16037630
16033023
16033535
16034047
16034559
16035071
16035583
16036095
16036607
16037119
16037631
16033024
16033536
16034048
16034560
16035072
16035584
16036096
16036608
16037120
16037632
16033025
16033537
16034049
16034561
16035073
16035585
16036097
16036609
16037121
16037633
16033026
16033538
16034050
16034562
16035074
16035586
16036098
16036610
16037122
16037634
16033027
16033539
16034051
16034563
16035075
16035587
16036099
16036611
16037123
16037635
16033028
16033540
16034052
16034564
16035076
16035588
16036100
16036612
16037124
16037636
16033029
16033541
16034053
16034565
16035077
16035589
16036101
16036613
16037125
16037637
24587137
24587649
24588161
24588673
24589185
24589697
24590209
24590721
24591233
24591745
24587138
24587650
24588162
24588674
24589186
24589698
24590210
24590722
24591234
24591746
24587139
24587651
24588163
24588675
24589187
24589699
24590211
24590723
24591235
24591747
24587140
24587652
24588164
24588676
24589188
24589700
24590212
24590724
24591236
24591748
24587141
24587653
24588165
24588677
24589189
24589701
24590213
24590725
24591237
24591749
24587142
24587654
24588166
24588678
24589190
24589702
24590214
24590726
24591238
24591750
24587143
24587655
24588167
24588679
24589191
24589703
24590215
24590727
24591239
24591751
24587144
24587656
24588168
24588680
24589192
24589704
24590216
24590728
24591240
24591752
24587145
24587657
24588169
24588681
24589193
24589705
24590217
24590729
24591241
24591753
24587146
24587658
24588170
24588682
24589194
24589706
24590218
24590730
24591242
24591754
8155987
8156499
8157011
8157523
8158035
8158547
8159059
8159571
8160083
8160595
8155988
8156500
8157012
8157524
8158036
8158548
8159060
8159572
8160084
8160596
8155989
8156501
8157013
8157525
8158037
8158549
8159061
8159573
8160085
8160597
8155990
8156502
8157014
8157526
8158038
8158550
8159062
8159574
8160086
8160598
8155991
8156503
8157015
8157527
8158039
8158551
8159063
8159575
8160087
8160599
8155992
8156504
8157016
8157528
8158040
8158552
8159064
8159576
8160088
8160600
8155993
8156505
8157017
8157529
8158041
8158553
8159065
8159577
8160089
8160601
8155994
8156506
8157018
8157530
8158042
8158554
8159066
8159578
8160090
8160602
8155995
8156507
8157019
8157531
8158043
8158555
8159067
8159579
8160091
8160603
8155996
8156508
8157020
8157532
8158044
8158556
8159068
8159580
8160092
8160604
2693130
2693642
2694154
2694666
2695178
2695690
2696202
2696714
2697226
2697738
2693131
2693643
2694155
2694667
2695179
2695691
2696203
2696715
2697227
2697739
2693132
2693644
2694156
2694668
2695180
2695692
2696204
2696716
2697228
2697740
2693133
2693645
2694157
2694669
2695181
2695693
2696205
2696717
2697229
2697741
2693134
2693646
2694158
2694670
2695182
2695694
2696206
2696718
2697230
2697742
2693135
2693647
2694159
2694671
2695183
2695695
2696207
2696719
2697231
2697743
2693136
2693648
2694160
2694672
2695184
2695696
2696208
2696720
2697232
2697744
2693137
2693649
2694161
2694673
2695185
2695697
2696209
2696721
2697233
2697745
2693138
2693650
2694162
2694674
2695186
2695698
2696210
2696722
2697234
2697746
2693139
2693651
2694163
2694675
2695187
2695699
2696211
2696723
2697235
2697747
32385778
32386290
32386802
32387314
32387826
32388338
32388850
32389362
32389874
32390386
32385779
32386291
32386803
32387315
32387827
32388339
32388851
32389363
32389875
32390387
32385780
32386292
32386804
32387316
32387828
32388340
32388852
32389364
32389876
32390388
32385781
32386293
32386805
32387317
32387829
32388341
32388853
32389365
32389877
32390389
32385782
32386294
32386806
32387318
32387830
32388342
32388854
32389366
32389878
32390390
32385783
32386295
32386807
32387319
32387831
32388343
32388855
32389367
32389879
32390391
32385784
32386296
32386808
32387320
32387832
32388344
32388856
32389368
32389880
32390392
32385785
32386297
32386809
32387321
32387833
32388345
32388857
32389369
32389881
32390393
32385786
32386298
32386810
32387322
32387834
32388346
32388858
32389370
32389882
32390394
32385787
32386299
32386811
32387323
32387835
32388347
32388859
32389371
32389883
32390395
17262055
17262567
17263079
17263591
17264103
17264615
17265127
17265639
17266151
17266663
17262056
17262568
17263080
17263592
17264104
17264616
17265128
17265640
17266152
17266664
17262057
17262569
17263081
17263593
17264105
17264617
17265129
17265641
17266153
17266665
17262058
17262570
17263082
17263594
17264106
17264618
17265130
17265642
17266154
17266666
17262059
17262571
17263083
17263595
17264107
17264619
17265131
17265643
17266155
17266667
17262060
17262572
17263084
17263596
17264108
17264620
17265132
17265644
17266156
17266668
17262061
17262573
17263085
17263597
17264109
17264621
17265133
17265645
17266157
17266669
17262062
17262574
17263086
17263598
17264110
17264622
17265134
17265646
17266158
17266670
17262063
17262575
17263087
17263599
17264111
17264623
17265135
17265647
17266159
17266671
17262064
17262576
17263088
17263600
17264112
17264624
17265136
17265648
17266160
17266672
6604517
6605029
6605541
6606053
6606565
6607077
6607589
6608101
6608613
6609125
6604518
6605030
6605542
6606054
6606566
6607078
6607590
6608102
6608614
6609126
6604519
6605031
6605543
6606055
6606567
6607079
6607591
6608103
6608615
6609127
6604520
6605032
6605544
6606056
6606568
6607080
6607592
6608104
6608616
6609128
6604521
6605033
6605545
6606057
6606569
6607081
6607593
6608105
6608617
6609129
6604522
6605034
6605546
6606058
6606570
6607082
6607594
6608106
6608618
6609130
6604523
6605035
6605547
6606059
6606571
6607083
6607595
6608107
6608619
6609131
6604524
6605036
6605548
6606060
6606572
6607084
6607596
6608108
6608620
6609132
6604525
6605037
6605549
6606061
6606573
6607085
6607597
6608109
6608621
6609133
6604526
6605038
6605550
6606062
6606574
6607086
6607598
6608110
6608622
6609134
16213520
16214032
16214544
16215056
16215568
16216080
16216592
16217104
16217616
16218128
16213521
16214033
16214545
16215057
16215569
16216081
16216593
16217105
16217617
16218129
16213522
16214034
16214546
16215058
16215570
16216082
16216594
16217106
16217618
16218130
16213523
16214035
16214547
16215059
16215571
16216083
16216595
16217107
16217619
16218131
16213524
16214036
16214548
16215060
16215572
16216084
16216596
16217108
16217620
16218132
16213525
16214037
16214549
16215061
16215573
16216085
16216597
16217109
16217621
16218133
16213526
16214038
16214550
16215062
16215574
16216086
16216598
16217110
16217622
16218134
16213527
16214039
16214551
16215063
16215575
16216087
16216599
16217111
16217623
16218135
16213528
16214040
16214552
16215064
16215576
16216088
16216600
16217112
16217624
16218136
16213529
16214041
16214553
16215065
16215577
16216089
16216601
16217113
16217625
16218137
14131556
14132068
14132580
14133092
14133604
14134116
14134628
14135140
14135652
14136164
14131557
14132069
14132581
14133093
14133605
14134117
14134629
14135141
14135653
14136165
14131558
14132070
14132582
14133094
14133606
14134118
14134630
14135142
14135654
14136166
14131559
14132071
14132583
14133095
14133607
14134119
14134631
14135143
14135655
14136167
14131560
14132072
14132584
14133096
14133608
14134120
14134632
14135144
14135656
14136168
14131561
14132073
14132585
14133097
14133609
14134121
14134633
14135145
14135657
14136169
14131562
14132074
14132586
14133098
14133610
14134122
14134634
14135146
14135658
14136170
14131563
14132075
14132587
14133099
14133611
14134123
14134635
14135147
14135659
14136171
14131564
14132076
14132588
14133100
14133612
14134124
14134636
14135148
14135660
14136172
14131565
14132077
14132589
14133101
14133613
14134125
14134637
14135149
14135661
14136173
28174102
28174614
28175126
28175638
28176150
28176662
28177174
28177686
28178198
28178710
28174103
28174615
28175127
28175639
28176151
28176663
28177175
28177687
28178199
28178711
28174104
28174616
28175128
28175640
28176152
28176664
28177176
28177688
28178200
28178712
28174105
28174617
28175129
28175641
28176153
28176665
28177177
28177689
28178201
28178713
28174106
28174618
28175130
28175642
28176154
28176666
28177178
28177690
28178202
28178714
28174107
28174619
28175131
28175643
28176155
28176667
28177179
28177691
28178203
28178715
28174108
28174620
28175132
28175644
28176156
28176668
28177180
28177692
28178204
28178716
28174109
28174621
28175133
28175645
28176157
28176669
28177181
28177693
28178205
28178717
28174110
28174622
28175134
28175646
28176158
28176670
28177182
28177694
28178206
28178718
28174111
28174623
28175135
28175647
28176159
28176671
28177183
28177695
28178207
28178719
27339878
27340390
27340902
27341414
27341926
27342438
27342950
27343462
27343974
27344486
27339879
27340391
27340903
27341415
27341927
27342439
27342951
27343463
27343975
27344487
27339880
27340392
27340904
27341416
27341928
27342440
27342952
27343464
27343976
27344488
27339881
27340393
27340905
27341417
27341929
27342441
27342953
27343465
27343977
27344489
27339882
27340394
27340906
27341418
27341930
27342442
27342954
27343466
27343978
27344490
27339883
27340395
27340907
27341419
27341931
27342443
27342955
27343467
27343979
27344491
27339884
27340396
27340908
27341420
27341932
27342444
27342956
27343468
27343980
27344492
27339885
27340397
27340909
27341421
27341933
27342445
27342957
27343469
27343981
27344493
27339886
27340398
27340910
27341422
27341934
27342446
27342958
27343470
27343982
27344494
27339887
27340399
27340911
27341423
27341935
27342447
27342959
27343471
27343983
27344495
12129422
12129934
12130446
12130958
12131470
12131982
12132494
12133006
12133518
12134030
12129423
12129935
12130447
12130959
12131471
12131983
12132495
12133007
12133519
12134031
12129424
12129936
12130448
12130960
12131472
12131984
12132496
12133008
12133520
12134032
12129425
12129937
12130449
12130961
12131473
12131985
12132497
12133009
12133521
12134033
12129426
12129938
12130450
12130962
12131474
12131986
12132498
12133010
12133522
12134034
12129427
12129939
12130451
12130963
12131475
12131987
12132499
12133011
12133523
12134035
12129428
12129940
12130452
12130964
12131476
12131988
12132500
12133012
12133524
12134036
12129429
12129941
12130453
12130965
12131477
12131989
12132501
12133013
12133525
12134037
12129430
12129942
12130454
12130966
12131478
12131990
12132502
12133014
12133526
12134038
12129431
12129943
12130455
12130967
12131479
12131991
12132503
12133015
12133527
12134039
12045801
12046313
12046825
12047337
12047849
12048361
12048873
12049385
12049897
12050409
12045802
12046314
12046826
12047338
12047850
12048362
12048874
12049386
12049898
12050410
12045803
12046315
12046827
12047339
12047851
12048363
12048875
12049387
12049899
12050411
12045804
12046316
12046828
12047340
12047852
12048364
12048876
12049388
12049900
12050412
12045805
12046317
12046829
12047341
12047853
12048365
12048877
12049389
12049901
12050413
12045806
12046318
12046830
12047342
12047854
12048366
12048878
12049390
12049902
12050414
12045807
12046319
12046831
12047343
12047855
12048367
12048879
12049391
12049903
12050415
12045808
12046320
12046832
12047344
12047856
12048368
12048880
12049392
12049904
12050416
12045809
12046321
12046833
12047345
12047857
12048369
12048881
12049393
12049905
12050417
12045810
12046322
12046834
12047346
12047858
12048370
12048882
12049394
12049906
12050418
13828948
13829460
13829972
13830484
13830996
13831508
13832020
13832532
13833044
13833556
13828949
13829461
13829973
13830485
13830997
13831509
13832021
13832533
13833045
13833557
13828950
13829462
13829974
13830486
13830998
13831510
13832022
13832534
13833046
13833558
13828951
13829463
13829975
13830487
13830999
13831511
13832023
13832535
13833047
13833559
13828952
13829464
13829976
13830488
13831000
13831512
13832024
13832536
13833048
13833560
13828953
13829465
13829977
13830489
13831001
13831513
13832025
13832537
13833049
13833561
13828954
13829466
13829978
13830490
13831002
13831514
13832026
13832538
13833050
13833562
13828955
13829467
13829979
13830491
13831003
13831515
13832027
13832539
13833051
13833563
13828956
13829468
13829980
13830492
13831004
13831516
13832028
13832540
13833052
13833564
13828957
13829469
13829981
13830493
13831005
13831517
13832029
13832541
13833053
13833565
