28235637
28236149
28236661
28237173
28237685
28238197
28238709
28239221
28239733
28240245
28235638
28236150
28236662
28237174
28237686
28238198
28238710
28239222
28239734
28240246
28235639
28236151
28236663
28237175
28237687
28238199
28238711
28239223
28239735
28240247
28235640
28236152
28236664
28237176
28237688
28238200
28238712
28239224
28239736
28240248
28235641
28236153
28236665
28237177
28237689
28238201
28238713
28239225
28239737
28240249
28235642
28236154
28236666
28237178
28237690
28238202
28238714
28239226
28239738
28240250
28235643
28236155
28236667
28237179
28237691
28238203
28238715
28239227
28239739
28240251
28235644
28236156
28236668
28237180
28237692
28238204
28238716
28239228
28239740
28240252
28235645
28236157
28236669
28237181
28237693
28238205
28238717
28239229
28239741
28240253
28235646
28236158
28236670
28237182
28237694
28238206
28238718
28239230
28239742
28240254
38852736
38853248
38853760
38854272
38854784
38855296
38855808
38856320
38856832
38857344
38852737
38853249
38853761
38854273
38854785
38855297
38855809
38856321
38856833
38857345
38852738
38853250
38853762
38854274
38854786
38855298
38855810
38856322
38856834
38857346
38852739
38853251
38853763
38854275
38854787
38855299
38855811
38856323
38856835
38857347
38852740
38853252
38853764
38854276
38854788
38855300
38855812
38856324
38856836
38857348
38852741
38853253
38853765
38854277
38854789
38855301
38855813
38856325
38856837
38857349
38852742
38853254
38853766
38854278
38854790
38855302
38855814
38856326
38856838
38857350
38852743
38853255
38853767
38854279
38854791
38855303
38855815
38856327
38856839
38857351
38852744
38853256
38853768
38854280
38854792
38855304
38855816
38856328
38856840
38857352
38852745
38853257
38853769
38854281
38854793
38855305
38855817
38856329
38856841
38857353
20113206
20113718
20114230
20114742
20115254
20115766
20116278
20116790
20117302
20117814
20113207
20113719
20114231
20114743
20115255
20115767
20116279
20116791
20117303
20117815
20113208
20113720
20114232
20114744
20115256
20115768
20116280
20116792
20117304
20117816
20113209
20113721
20114233
20114745
20115257
20115769
20116281
20116793
20117305
20117817
20113210
20113722
20114234
20114746
20115258
20115770
20116282
20116794
20117306
20117818
20113211
20113723
20114235
20114747
20115259
20115771
20116283
20116795
20117307
20117819
20113212
20113724
20114236
20114748
20115260
20115772
20116284
20116796
20117308
20117820
20113213
20113725
20114237
20114749
20115261
20115773
20116285
20116797
20117309
20117821
20113214
20113726
20114238
20114750
20115262
20115774
20116286
20116798
20117310
20117822
20113215
20113727
20114239
20114751
20115263
20115775
20116287
20116799
20117311
20117823
14119945
14120457
14120969
14121481
14121993
14122505
14123017
14123529
14124041
14124553
14119946
14120458
14120970
14121482
14121994
14122506
14123018
14123530
14124042
14124554
14119947
14120459
14120971
14121483
14121995
14122507
14123019
14123531
14124043
14124555
14119948
14120460
14120972
14121484
14121996
14122508
14123020
14123532
14124044
14124556
14119949
14120461
14120973
14121485
14121997
14122509
14123021
14123533
14124045
14124557
14119950
14120462
14120974
14121486
14121998
14122510
14123022
14123534
14124046
14124558
14119951
14120463
14120975
14121487
14121999
14122511
14123023
14123535
14124047
14124559
14119952
14120464
14120976
14121488
14122000
14122512
14123024
14123536
14124048
14124560
14119953
14120465
14120977
14121489
14122001
14122513
14123025
14123537
14124049
14124561
14119954
14120466
14120978
14121490
14122002
14122514
14123026
14123538
14124050
14124562
44275448
44275960
44276472
44276984
44277496
44278008
44278520
44279032
44279544
44280056
44275449
44275961
44276473
44276985
44277497
44278009
44278521
44279033
44279545
44280057
44275450
44275962
44276474
44276986
44277498
44278010
44278522
44279034
44279546
44280058
44275451
44275963
44276475
44276987
44277499
44278011
44278523
44279035
44279547
44280059
44275452
44275964
44276476
44276988
44277500
44278012
44278524
44279036
44279548
44280060
44275453
44275965
44276477
44276989
44277501
44278013
44278525
44279037
44279549
44280061
44275454
44275966
44276478
44276990
44277502
44278014
44278526
44279038
44279550
44280062
44275455
44275967
44276479
44276991
44277503
44278015
44278527
44279039
44279551
44280063
44275456
44275968
44276480
44276992
44277504
44278016
44278528
44279040
44279552
44280064
44275457
44275969
44276481
44276993
44277505
44278017
44278529
44279041
44279553
44280065
33748055
33748567
33749079
33749591
33750103
33750615
33751127
33751639
33752151
33752663
33748056
33748568
33749080
33749592
33750104
33750616
33751128
33751640
33752152
33752664
33748057
33748569
33749081
33749593
33750105
33750617
33751129
33751641
33752153
33752665
33748058
33748570
33749082
33749594
33750106
33750618
33751130
33751642
33752154
33752666
33748059
33748571
33749083
33749595
33750107
33750619
33751131
33751643
33752155
33752667
33748060
33748572
33749084
33749596
33750108
33750620
33751132
33751644
33752156
33752668
33748061
33748573
33749085
33749597
33750109
33750621
33751133
33751645
33752157
33752669
33748062
33748574
33749086
33749598
33750110
33750622
33751134
33751646
33752158
33752670
33748063
33748575
33749087
33749599
33750111
33750623
33751135
33751647
33752159
33752671
33748064
33748576
33749088
33749600
33750112
33750624
33751136
33751648
33752160
33752672
518390
518902
519414
519926
520438
520950
521462
521974
522486
522998
518391
518903
519415
519927
520439
520951
521463
521975
522487
522999
518392
518904
519416
519928
520440
520952
521464
521976
522488
523000
518393
518905
519417
519929
520441
520953
521465
521977
522489
523001
518394
518906
519418
519930
520442
520954
521466
521978
522490
523002
518395
518907
519419
519931
520443
520955
521467
521979
522491
523003
518396
518908
519420
519932
520444
520956
521468
521980
522492
523004
518397
518909
519421
519933
520445
520957
521469
521981
522493
523005
518398
518910
519422
519934
520446
520958
521470
521982
522494
523006
518399
518911
519423
519935
520447
520959
521471
521983
522495
523007
30673882
30674394
30674906
30675418
30675930
30676442
30676954
30677466
30677978
30678490
30673883
30674395
30674907
30675419
30675931
30676443
30676955
30677467
30677979
30678491
30673884
30674396
30674908
30675420
30675932
30676444
30676956
30677468
30677980
30678492
30673885
30674397
30674909
30675421
30675933
30676445
30676957
30677469
30677981
30678493
30673886
30674398
30674910
30675422
30675934
30676446
30676958
30677470
30677982
30678494
30673887
30674399
30674911
30675423
30675935
30676447
30676959
30677471
30677983
30678495
30673888
30674400
30674912
30675424
30675936
30676448
30676960
30677472
30677984
30678496
30673889
30674401
30674913
30675425
30675937
30676449
30676961
30677473
30677985
30678497
30673890
30674402
30674914
30675426
30675938
30676450
30676962
30677474
30677986
30678498
30673891
30674403
30674915
30675427
30675939
30676451
30676963
30677475
30677987
30678499
16889625
16890137
16890649
16891161
16891673
16892185
16892697
16893209
16893721
16894233
16889626
16890138
16890650
16891162
16891674
16892186
16892698
16893210
16893722
16894234
16889627
16890139
16890651
16891163
16891675
16892187
16892699
16893211
16893723
16894235
16889628
16890140
16890652
16891164
16891676
16892188
16892700
16893212
16893724
16894236
16889629
16890141
16890653
16891165
16891677
16892189
16892701
16893213
16893725
16894237
16889630
16890142
16890654
16891166
16891678
16892190
16892702
16893214
16893726
16894238
16889631
16890143
16890655
16891167
16891679
16892191
16892703
16893215
16893727
16894239
16889632
16890144
16890656
16891168
16891680
16892192
16892704
16893216
16893728
16894240
16889633
16890145
16890657
16891169
16891681
16892193
16892705
16893217
16893729
16894241
16889634
16890146
16890658
16891170
16891682
16892194
16892706
16893218
16893730
16894242
10899048
10899560
10900072
10900584
10901096
10901608
10902120
10902632
10903144
10903656
10899049
10899561
10900073
10900585
10901097
10901609
10902121
10902633
10903145
10903657
10899050
10899562
10900074
10900586
10901098
10901610
10902122
10902634
10903146
10903658
10899051
10899563
10900075
10900587
10901099
10901611
10902123
10902635
10903147
10903659
10899052
10899564
10900076
10900588
10901100
10901612
10902124
10902636
10903148
10903660
10899053
10899565
10900077
10900589
10901101
10901613
10902125
10902637
10903149
10903661
10899054
10899566
10900078
10900590
10901102
10901614
10902126
10902638
10903150
10903662
10899055
10899567
10900079
10900591
10901103
10901615
10902127
10902639
10903151
10903663
10899056
10899568
10900080
10900592
10901104
10901616
10902128
10902640
10903152
10903664
10899057
10899569
10900081
10900593
10901105
10901617
10902129
10902641
10903153
10903665
41211134
41211646
41212158
41212670
41213182
41213694
41214206
41214718
41215230
41215742
41211135
41211647
41212159
41212671
41213183
41213695
41214207
41214719
41215231
41215743
41211136
41211648
41212160
41212672
41213184
41213696
41214208
41214720
41215232
41215744
41211137
41211649
41212161
41212673
41213185
41213697
41214209
41214721
41215233
41215745
41211138
41211650
41212162
41212674
41213186
41213698
41214210
41214722
41215234
41215746
41211139
41211651
41212163
41212675
41213187
41213699
41214211
41214723
41215235
41215747
41211140
41211652
41212164
41212676
41213188
41213700
41214212
41214724
41215236
41215748
41211141
41211653
41212165
41212677
41213189
41213701
41214213
41214725
41215237
41215749
41211142
41211654
41212166
41212678
41213190
41213702
41214214
41214726
41215238
41215750
41211143
41211655
41212167
41212679
41213191
41213703
41214215
41214727
41215239
41215751
13119392
13119904
13120416
13120928
13121440
13121952
13122464
13122976
13123488
13124000
13119393
13119905
13120417
13120929
13121441
13121953
13122465
13122977
13123489
13124001
13119394
13119906
13120418
13120930
13121442
13121954
13122466
13122978
13123490
13124002
13119395
13119907
13120419
13120931
13121443
13121955
13122467
13122979
13123491
13124003
13119396
13119908
13120420
13120932
13121444
13121956
13122468
13122980
13123492
13124004
13119397
13119909
13120421
13120933
13121445
13121957
13122469
13122981
13123493
13124005
13119398
13119910
13120422
13120934
13121446
13121958
13122470
13122982
13123494
13124006
13119399
13119911
13120423
13120935
13121447
13121959
13122471
13122983
13123495
13124007
13119400
13119912
13120424
13120936
13121448
13121960
13122472
13122984
13123496
13124008
13119401
13119913
13120425
13120937
13121449
13121961
13122473
13122985
13123497
13124009
32612718
32613230
32613742
32614254
32614766
32615278
32615790
32616302
32616814
32617326
32612719
32613231
32613743
32614255
32614767
32615279
32615791
32616303
32616815
32617327
32612720
32613232
32613744
32614256
32614768
32615280
32615792
32616304
32616816
32617328
32612721
32613233
32613745
32614257
32614769
32615281
32615793
32616305
32616817
32617329
32612722
32613234
32613746
32614258
32614770
32615282
32615794
32616306
32616818
32617330
32612723
32613235
32613747
32614259
32614771
32615283
32615795
32616307
32616819
32617331
32612724
32613236
32613748
32614260
32614772
32615284
32615796
32616308
32616820
32617332
32612725
32613237
32613749
32614261
32614773
32615285
32615797
32616309
32616821
32617333
32612726
32613238
32613750
32614262
32614774
32615286
32615798
32616310
32616822
32617334
32612727
32613239
32613751
32614263
32614775
32615287
32615799
32616311
32616823
32617335
40126216
40126728
40127240
40127752
40128264
40128776
40129288
40129800
40130312
40130824
40126217
40126729
40127241
40127753
40128265
40128777
40129289
40129801
40130313
40130825
40126218
40126730
40127242
40127754
40128266
40128778
40129290
40129802
40130314
40130826
40126219
40126731
40127243
40127755
40128267
40128779
40129291
40129803
40130315
40130827
40126220
40126732
40127244
40127756
40128268
40128780
40129292
40129804
40130316
40130828
40126221
40126733
40127245
40127757
40128269
40128781
40129293
40129805
40130317
40130829
40126222
40126734
40127246
40127758
40128270
40128782
40129294
40129806
40130318
40130830
40126223
40126735
40127247
40127759
40128271
40128783
40129295
40129807
40130319
40130831
40126224
40126736
40127248
40127760
40128272
40128784
40129296
40129808
40130320
40130832
40126225
40126737
40127249
40127761
40128273
40128785
40129297
40129809
40130321
40130833
39662435
39662947
39663459
39663971
39664483
39664995
39665507
39666019
39666531
39667043
39662436
39662948
39663460
39663972
39664484
39664996
39665508
39666020
39666532
39667044
39662437
39662949
39663461
39663973
39664485
39664997
39665509
39666021
39666533
39667045
39662438
39662950
39663462
39663974
39664486
39664998
39665510
39666022
39666534
39667046
39662439
39662951
39663463
39663975
39664487
39664999
39665511
39666023
39666535
39667047
39662440
39662952
39663464
39663976
39664488
39665000
39665512
39666024
39666536
39667048
39662441
39662953
39663465
39663977
39664489
39665001
39665513
39666025
39666537
39667049
39662442
39662954
39663466
39663978
39664490
39665002
39665514
39666026
39666538
39667050
39662443
39662955
39663467
39663979
39664491
39665003
39665515
39666027
39666539
39667051
39662444
39662956
39663468
39663980
39664492
39665004
39665516
39666028
39666540
39667052
28756257
28756769
28757281
28757793
28758305
28758817
28759329
28759841
28760353
28760865
28756258
28756770
28757282
28757794
28758306
28758818
28759330
28759842
28760354
28760866
28756259
28756771
28757283
28757795
28758307
28758819
28759331
28759843
28760355
28760867
28756260
28756772
28757284
28757796
28758308
28758820
28759332
28759844
28760356
28760868
28756261
28756773
28757285
28757797
28758309
28758821
28759333
28759845
28760357
28760869
28756262
28756774
28757286
28757798
28758310
28758822
28759334
28759846
28760358
28760870
28756263
28756775
28757287
28757799
28758311
28758823
28759335
28759847
28760359
28760871
28756264
28756776
28757288
28757800
28758312
28758824
28759336
28759848
28760360
28760872
28756265
28756777
28757289
28757801
28758313
28758825
28759337
28759849
28760361
28760873
28756266
28756778
28757290
28757802
28758314
28758826
28759338
28759850
28760362
28760874
28710848
28711360
28711872
28712384
28712896
28713408
28713920
28714432
28714944
28715456
28710849
28711361
28711873
28712385
28712897
28713409
28713921
28714433
28714945
28715457
28710850
28711362
28711874
28712386
28712898
28713410
28713922
28714434
28714946
28715458
28710851
28711363
28711875
28712387
28712899
28713411
28713923
28714435
28714947
28715459
28710852
28711364
28711876
28712388
28712900
28713412
28713924
28714436
28714948
28715460
28710853
28711365
28711877
28712389
28712901
28713413
28713925
28714437
28714949
28715461
28710854
28711366
28711878
28712390
28712902
28713414
28713926
28714438
28714950
28715462
28710855
28711367
28711879
28712391
28712903
28713415
28713927
28714439
28714951
28715463
28710856
28711368
28711880
28712392
28712904
28713416
28713928
28714440
28714952
28715464
28710857
28711369
28711881
28712393
28712905
28713417
28713929
28714441
28714953
28715465
33187045
33187557
33188069
33188581
33189093
33189605
33190117
33190629
33191141
33191653
33187046
33187558
33188070
33188582
33189094
33189606
33190118
33190630
33191142
33191654
33187047
33187559
33188071
33188583
33189095
33189607
33190119
33190631
33191143
33191655
33187048
33187560
33188072
33188584
33189096
33189608
33190120
33190632
33191144
33191656
33187049
33187561
33188073
33188585
33189097
33189609
33190121
33190633
33191145
33191657
33187050
33187562
33188074
33188586
33189098
33189610
33190122
33190634
33191146
33191658
33187051
33187563
33188075
33188587
33189099
33189611
33190123
33190635
33191147
33191659
33187052
33187564
33188076
33188588
33189100
33189612
33190124
33190636
33191148
33191660
33187053
33187565
33188077
33188589
33189101
33189613
33190125
33190637
33191149
33191661
33187054
33187566
33188078
33188590
33189102
33189614
33190126
33190638
33191150
33191662
12607051
12607563
12608075
12608587
12609099
12609611
12610123
12610635
12611147
12611659
12607052
12607564
12608076
12608588
12609100
12609612
12610124
12610636
12611148
12611660
12607053
12607565
12608077
12608589
12609101
12609613
12610125
12610637
12611149
12611661
12607054
12607566
12608078
12608590
12609102
12609614
12610126
12610638
12611150
12611662
12607055
12607567
12608079
12608591
12609103
12609615
12610127
12610639
12611151
12611663
12607056
12607568
12608080
12608592
12609104
12609616
12610128
12610640
12611152
12611664
12607057
12607569
12608081
12608593
12609105
12609617
12610129
12610641
12611153
12611665
12607058
12607570
12608082
12608594
12609106
12609618
12610130
12610642
12611154
12611666
12607059
12607571
12608083
12608595
12609107
12609619
12610131
12610643
12611155
12611667
12607060
12607572
12608084
12608596
12609108
12609620
12610132
12610644
12611156
12611668
19290043
19290555
19291067
19291579
19292091
19292603
19293115
19293627
19294139
19294651
19290044
19290556
19291068
19291580
19292092
19292604
19293116
19293628
19294140
19294652
19290045
19290557
19291069
19291581
19292093
19292605
19293117
19293629
19294141
19294653
19290046
19290558
19291070
19291582
19292094
19292606
19293118
19293630
19294142
19294654
19290047
19290559
19291071
19291583
19292095
19292607
19293119
19293631
19294143
19294655
19290048
19290560
19291072
19291584
19292096
19292608
19293120
19293632
19294144
19294656
19290049
19290561
19291073
19291585
19292097
19292609
19293121
19293633
19294145
19294657
19290050
19290562
19291074
19291586
19292098
19292610
19293122
19293634
19294146
19294658
19290051
19290563
19291075
19291587
19292099
19292611
19293123
19293635
19294147
19294659
19290052
19290564
19291076
19291588
19292100
19292612
19293124
19293636
19294148
19294660
4342349
4342861
4343373
4343885
4344397
4344909
4345421
4345933
4346445
4346957
4342350
4342862
4343374
4343886
4344398
4344910
4345422
4345934
4346446
4346958
4342351
4342863
4343375
4343887
4344399
4344911
4345423
4345935
4346447
4346959
4342352
4342864
4343376
4343888
4344400
4344912
4345424
4345936
4346448
4346960
4342353
4342865
4343377
4343889
4344401
4344913
4345425
4345937
4346449
4346961
4342354
4342866
4343378
4343890
4344402
4344914
4345426
4345938
4346450
4346962
4342355
4342867
4343379
4343891
4344403
4344915
4345427
4345939
4346451
4346963
4342356
4342868
4343380
4343892
4344404
4344916
4345428
4345940
4346452
4346964
4342357
4342869
4343381
4343893
4344405
4344917
4345429
4345941
4346453
4346965
4342358
4342870
4343382
4343894
4344406
4344918
4345430
4345942
4346454
4346966
10379812
10380324
10380836
10381348
10381860
10382372
10382884
10383396
10383908
10384420
10379813
10380325
10380837
10381349
10381861
10382373
10382885
10383397
10383909
10384421
10379814
10380326
10380838
10381350
10381862
10382374
10382886
10383398
10383910
10384422
10379815
10380327
10380839
10381351
10381863
10382375
10382887
10383399
10383911
10384423
10379816
10380328
10380840
10381352
10381864
10382376
10382888
10383400
10383912
10384424
10379817
10380329
10380841
10381353
10381865
10382377
10382889
10383401
10383913
10384425
10379818
10380330
10380842
10381354
10381866
10382378
10382890
10383402
10383914
10384426
10379819
10380331
10380843
10381355
10381867
10382379
10382891
10383403
10383915
10384427
10379820
10380332
10380844
10381356
10381868
10382380
10382892
10383404
10383916
10384428
10379821
10380333
10380845
10381357
10381869
10382381
10382893
10383405
10383917
10384429
40282906
40283418
40283930
40284442
40284954
40285466
40285978
40286490
40287002
40287514
40282907
40283419
40283931
40284443
40284955
40285467
40285979
40286491
40287003
40287515
40282908
40283420
40283932
40284444
40284956
40285468
40285980
40286492
40287004
40287516
40282909
40283421
40283933
40284445
40284957
40285469
40285981
40286493
40287005
40287517
40282910
40283422
40283934
40284446
40284958
40285470
40285982
40286494
40287006
40287518
40282911
40283423
40283935
40284447
40284959
40285471
40285983
40286495
40287007
40287519
40282912
40283424
40283936
40284448
40284960
40285472
40285984
40286496
40287008
40287520
40282913
40283425
40283937
40284449
40284961
40285473
40285985
40286497
40287009
40287521
40282914
40283426
40283938
40284450
40284962
40285474
40285986
40286498
40287010
40287522
40282915
40283427
40283939
40284451
40284963
40285475
40285987
40286499
40287011
40287523
38178531
38179043
38179555
38180067
38180579
38181091
38181603
38182115
38182627
38183139
38178532
38179044
38179556
38180068
38180580
38181092
38181604
38182116
38182628
38183140
38178533
38179045
38179557
38180069
38180581
38181093
38181605
38182117
38182629
38183141
38178534
38179046
38179558
38180070
38180582
38181094
38181606
38182118
38182630
38183142
38178535
38179047
38179559
38180071
38180583
38181095
38181607
38182119
38182631
38183143
38178536
38179048
38179560
38180072
38180584
38181096
38181608
38182120
38182632
38183144
38178537
38179049
38179561
38180073
38180585
38181097
38181609
38182121
38182633
38183145
38178538
38179050
38179562
38180074
38180586
38181098
38181610
38182122
38182634
38183146
38178539
38179051
38179563
38180075
38180587
38181099
38181611
38182123
38182635
38183147
38178540
38179052
38179564
38180076
38180588
38181100
38181612
38182124
38182636
38183148
32128477
32128989
32129501
32130013
32130525
32131037
32131549
32132061
32132573
32133085
32128478
32128990
32129502
32130014
32130526
32131038
32131550
32132062
32132574
32133086
32128479
32128991
32129503
32130015
32130527
32131039
32131551
32132063
32132575
32133087
32128480
32128992
32129504
32130016
32130528
32131040
32131552
32132064
32132576
32133088
32128481
32128993
32129505
32130017
32130529
32131041
32131553
32132065
32132577
32133089
32128482
32128994
32129506
32130018
32130530
32131042
32131554
32132066
32132578
32133090
32128483
32128995
32129507
32130019
32130531
32131043
32131555
32132067
32132579
32133091
32128484
32128996
32129508
32130020
32130532
32131044
32131556
32132068
32132580
32133092
32128485
32128997
32129509
32130021
32130533
32131045
32131557
32132069
32132581
32133093
32128486
32128998
32129510
32130022
32130534
32131046
32131558
32132070
32132582
32133094
14650739
14651251
14651763
14652275
14652787
14653299
14653811
14654323
14654835
14655347
14650740
14651252
14651764
14652276
14652788
14653300
14653812
14654324
14654836
14655348
14650741
14651253
14651765
14652277
14652789
14653301
14653813
14654325
14654837
14655349
14650742
14651254
14651766
14652278
14652790
14653302
14653814
14654326
14654838
14655350
14650743
14651255
14651767
14652279
14652791
14653303
14653815
14654327
14654839
14655351
14650744
14651256
14651768
14652280
14652792
14653304
14653816
14654328
14654840
14655352
14650745
14651257
14651769
14652281
14652793
14653305
14653817
14654329
14654841
14655353
14650746
14651258
14651770
14652282
14652794
14653306
14653818
14654330
14654842
14655354
14650747
14651259
14651771
14652283
14652795
14653307
14653819
14654331
14654843
14655355
14650748
14651260
14651772
14652284
14652796
14653308
14653820
14654332
14654844
14655356
19411824
19412336
19412848
19413360
19413872
19414384
19414896
19415408
19415920
19416432
19411825
19412337
19412849
19413361
19413873
19414385
19414897
19415409
19415921
19416433
19411826
19412338
19412850
19413362
19413874
19414386
19414898
19415410
19415922
19416434
19411827
19412339
19412851
19413363
19413875
19414387
19414899
19415411
19415923
19416435
19411828
19412340
19412852
19413364
19413876
19414388
19414900
19415412
19415924
19416436
19411829
19412341
19412853
19413365
19413877
19414389
19414901
19415413
19415925
19416437
19411830
19412342
19412854
19413366
19413878
19414390
19414902
19415414
19415926
19416438
19411831
19412343
19412855
19413367
19413879
19414391
19414903
19415415
19415927
19416439
19411832
19412344
19412856
19413368
19413880
19414392
19414904
19415416
19415928
19416440
19411833
19412345
19412857
19413369
19413881
19414393
19414905
19415417
19415929
19416441
14180329
14180841
14181353
14181865
14182377
14182889
14183401
14183913
14184425
14184937
14180330
14180842
14181354
14181866
14182378
14182890
14183402
14183914
14184426
14184938
14180331
14180843
14181355
14181867
14182379
14182891
14183403
14183915
14184427
14184939
14180332
14180844
14181356
14181868
14182380
14182892
14183404
14183916
14184428
14184940
14180333
14180845
14181357
14181869
14182381
14182893
14183405
14183917
14184429
14184941
14180334
14180846
14181358
14181870
14182382
14182894
14183406
14183918
14184430
14184942
14180335
14180847
14181359
14181871
14182383
14182895
14183407
14183919
14184431
14184943
14180336
14180848
14181360
14181872
14182384
14182896
14183408
14183920
14184432
14184944
14180337
14180849
14181361
14181873
14182385
14182897
14183409
14183921
14184433
14184945
14180338
14180850
14181362
14181874
14182386
14182898
14183410
14183922
14184434
14184946
8719071
8719583
8720095
8720607
8721119
8721631
8722143
8722655
8723167
8723679
8719072
8719584
8720096
8720608
8721120
8721632
8722144
8722656
8723168
8723680
8719073
8719585
8720097
8720609
8721121
8721633
8722145
8722657
8723169
8723681
8719074
8719586
8720098
8720610
8721122
8721634
8722146
8722658
8723170
8723682
8719075
8719587
8720099
8720611
8721123
8721635
8722147
8722659
8723171
8723683
8719076
8719588
8720100
8720612
8721124
8721636
8722148
8722660
8723172
8723684
8719077
8719589
8720101
8720613
8721125
8721637
8722149
8722661
8723173
8723685
8719078
8719590
8720102
8720614
8721126
8721638
8722150
8722662
8723174
8723686
8719079
8719591
8720103
8720615
8721127
8721639
8722151
8722663
8723175
8723687
8719080
8719592
8720104
8720616
8721128
8721640
8722152
8722664
8723176
8723688
40711354
40711866
40712378
40712890
40713402
40713914
40714426
40714938
40715450
40715962
40711355
40711867
40712379
40712891
40713403
40713915
40714427
40714939
40715451
40715963
40711356
40711868
40712380
40712892
40713404
40713916
40714428
40714940
40715452
40715964
40711357
40711869
40712381
40712893
40713405
40713917
40714429
40714941
40715453
40715965
40711358
40711870
40712382
40712894
40713406
40713918
40714430
40714942
40715454
40715966
40711359
40711871
40712383
40712895
40713407
40713919
40714431
40714943
40715455
40715967
40711360
40711872
40712384
40712896
40713408
40713920
40714432
40714944
40715456
40715968
40711361
40711873
40712385
40712897
40713409
40713921
40714433
40714945
40715457
40715969
40711362
40711874
40712386
40712898
40713410
40713922
40714434
40714946
40715458
40715970
40711363
40711875
40712387
40712899
40713411
40713923
40714435
40714947
40715459
40715971
