18162981
18163493
18164005
18164517
18165029
18165541
18166053
18166565
18167077
18167589
18162982
18163494
18164006
18164518
18165030
18165542
18166054
18166566
18167078
18167590
18162983
18163495
18164007
18164519
18165031
18165543
18166055
18166567
18167079
18167591
18162984
18163496
18164008
18164520
18165032
18165544
18166056
18166568
18167080
18167592
18162985
18163497
18164009
18164521
18165033
18165545
18166057
18166569
18167081
18167593
18162986
18163498
18164010
18164522
18165034
18165546
18166058
18166570
18167082
18167594
18162987
18163499
18164011
18164523
18165035
18165547
18166059
18166571
18167083
18167595
18162988
18163500
18164012
18164524
18165036
18165548
18166060
18166572
18167084
18167596
18162989
18163501
18164013
18164525
18165037
18165549
18166061
18166573
18167085
18167597
18162990
18163502
18164014
18164526
18165038
18165550
18166062
18166574
18167086
18167598
25784076
25784588
25785100
25785612
25786124
25786636
25787148
25787660
25788172
25788684
25784077
25784589
25785101
25785613
25786125
25786637
25787149
25787661
25788173
25788685
25784078
25784590
25785102
25785614
25786126
25786638
25787150
25787662
25788174
25788686
25784079
25784591
25785103
25785615
25786127
25786639
25787151
25787663
25788175
25788687
25784080
25784592
25785104
25785616
25786128
25786640
25787152
25787664
25788176
25788688
25784081
25784593
25785105
25785617
25786129
25786641
25787153
25787665
25788177
25788689
25784082
25784594
25785106
25785618
25786130
25786642
25787154
25787666
25788178
25788690
25784083
25784595
25785107
25785619
25786131
25786643
25787155
25787667
25788179
25788691
25784084
25784596
25785108
25785620
25786132
25786644
25787156
25787668
25788180
25788692
25784085
25784597
25785109
25785621
25786133
25786645
25787157
25787669
25788181
25788693
29424841
29425353
29425865
29426377
29426889
29427401
29427913
29428425
29428937
29429449
29424842
29425354
29425866
29426378
29426890
29427402
29427914
29428426
29428938
29429450
29424843
29425355
29425867
29426379
29426891
29427403
29427915
29428427
29428939
29429451
29424844
29425356
29425868
29426380
29426892
29427404
29427916
29428428
29428940
29429452
29424845
29425357
29425869
29426381
29426893
29427405
29427917
29428429
29428941
29429453
29424846
29425358
29425870
29426382
29426894
29427406
29427918
29428430
29428942
29429454
29424847
29425359
29425871
29426383
29426895
29427407
29427919
29428431
29428943
29429455
29424848
29425360
29425872
29426384
29426896
29427408
29427920
29428432
29428944
29429456
29424849
29425361
29425873
29426385
29426897
29427409
29427921
29428433
29428945
29429457
29424850
29425362
29425874
29426386
29426898
29427410
29427922
29428434
29428946
29429458
29740816
29741328
29741840
29742352
29742864
29743376
29743888
29744400
29744912
29745424
29740817
29741329
29741841
29742353
29742865
29743377
29743889
29744401
29744913
29745425
29740818
29741330
29741842
29742354
29742866
29743378
29743890
29744402
29744914
29745426
29740819
29741331
29741843
29742355
29742867
29743379
29743891
29744403
29744915
29745427
29740820
29741332
29741844
29742356
29742868
29743380
29743892
29744404
29744916
29745428
29740821
29741333
29741845
29742357
29742869
29743381
29743893
29744405
29744917
29745429
29740822
29741334
29741846
29742358
29742870
29743382
29743894
29744406
29744918
29745430
29740823
29741335
29741847
29742359
29742871
29743383
29743895
29744407
29744919
29745431
29740824
29741336
29741848
29742360
29742872
29743384
29743896
29744408
29744920
29745432
29740825
29741337
29741849
29742361
29742873
29743385
29743897
29744409
29744921
29745433
23665455
23665967
23666479
23666991
23667503
23668015
23668527
23669039
23669551
23670063
23665456
23665968
23666480
23666992
23667504
23668016
23668528
23669040
23669552
23670064
23665457
23665969
23666481
23666993
23667505
23668017
23668529
23669041
23669553
23670065
23665458
23665970
23666482
23666994
23667506
23668018
23668530
23669042
23669554
23670066
23665459
23665971
23666483
23666995
23667507
23668019
23668531
23669043
23669555
23670067
23665460
23665972
23666484
23666996
23667508
23668020
23668532
23669044
23669556
23670068
23665461
23665973
23666485
23666997
23667509
23668021
23668533
23669045
23669557
23670069
23665462
23665974
23666486
23666998
23667510
23668022
23668534
23669046
23669558
23670070
23665463
23665975
23666487
23666999
23667511
23668023
23668535
23669047
23669559
23670071
23665464
23665976
23666488
23667000
23667512
23668024
23668536
23669048
23669560
23670072
39143171
39143683
39144195
39144707
39145219
39145731
39146243
39146755
39147267
39147779
39143172
39143684
39144196
39144708
39145220
39145732
39146244
39146756
39147268
39147780
39143173
39143685
39144197
39144709
39145221
39145733
39146245
39146757
39147269
39147781
39143174
39143686
39144198
39144710
39145222
39145734
39146246
39146758
39147270
39147782
39143175
39143687
39144199
39144711
39145223
39145735
39146247
39146759
39147271
39147783
39143176
39143688
39144200
39144712
39145224
39145736
39146248
39146760
39147272
39147784
39143177
39143689
39144201
39144713
39145225
39145737
39146249
39146761
39147273
39147785
39143178
39143690
39144202
39144714
39145226
39145738
39146250
39146762
39147274
39147786
39143179
39143691
39144203
39144715
39145227
39145739
39146251
39146763
39147275
39147787
39143180
39143692
39144204
39144716
39145228
39145740
39146252
39146764
39147276
39147788
34688727
34689239
34689751
34690263
34690775
34691287
34691799
34692311
34692823
34693335
34688728
34689240
34689752
34690264
34690776
34691288
34691800
34692312
34692824
34693336
34688729
34689241
34689753
34690265
34690777
34691289
34691801
34692313
34692825
34693337
34688730
34689242
34689754
34690266
34690778
34691290
34691802
34692314
34692826
34693338
34688731
34689243
34689755
34690267
34690779
34691291
34691803
34692315
34692827
34693339
34688732
34689244
34689756
34690268
34690780
34691292
34691804
34692316
34692828
34693340
34688733
34689245
34689757
34690269
34690781
34691293
34691805
34692317
34692829
34693341
34688734
34689246
34689758
34690270
34690782
34691294
34691806
34692318
34692830
34693342
34688735
34689247
34689759
34690271
34690783
34691295
34691807
34692319
34692831
34693343
34688736
34689248
34689760
34690272
34690784
34691296
34691808
34692320
34692832
34693344
27064033
27064545
27065057
27065569
27066081
27066593
27067105
27067617
27068129
27068641
27064034
27064546
27065058
27065570
27066082
27066594
27067106
27067618
27068130
27068642
27064035
27064547
27065059
27065571
27066083
27066595
27067107
27067619
27068131
27068643
27064036
27064548
27065060
27065572
27066084
27066596
27067108
27067620
27068132
27068644
27064037
27064549
27065061
27065573
27066085
27066597
27067109
27067621
27068133
27068645
27064038
27064550
27065062
27065574
27066086
27066598
27067110
27067622
27068134
27068646
27064039
27064551
27065063
27065575
27066087
27066599
27067111
27067623
27068135
27068647
27064040
27064552
27065064
27065576
27066088
27066600
27067112
27067624
27068136
27068648
27064041
27064553
27065065
27065577
27066089
27066601
27067113
27067625
27068137
27068649
27064042
27064554
27065066
27065578
27066090
27066602
27067114
27067626
27068138
27068650
18959570
18960082
18960594
18961106
18961618
18962130
18962642
18963154
18963666
18964178
18959571
18960083
18960595
18961107
18961619
18962131
18962643
18963155
18963667
18964179
18959572
18960084
18960596
18961108
18961620
18962132
18962644
18963156
18963668
18964180
18959573
18960085
18960597
18961109
18961621
18962133
18962645
18963157
18963669
18964181
18959574
18960086
18960598
18961110
18961622
18962134
18962646
18963158
18963670
18964182
18959575
18960087
18960599
18961111
18961623
18962135
18962647
18963159
18963671
18964183
18959576
18960088
18960600
18961112
18961624
18962136
18962648
18963160
18963672
18964184
18959577
18960089
18960601
18961113
18961625
18962137
18962649
18963161
18963673
18964185
18959578
18960090
18960602
18961114
18961626
18962138
18962650
18963162
18963674
18964186
18959579
18960091
18960603
18961115
18961627
18962139
18962651
18963163
18963675
18964187
37111501
37112013
37112525
37113037
37113549
37114061
37114573
37115085
37115597
37116109
37111502
37112014
37112526
37113038
37113550
37114062
37114574
37115086
37115598
37116110
37111503
37112015
37112527
37113039
37113551
37114063
37114575
37115087
37115599
37116111
37111504
37112016
37112528
37113040
37113552
37114064
37114576
37115088
37115600
37116112
37111505
37112017
37112529
37113041
37113553
37114065
37114577
37115089
37115601
37116113
37111506
37112018
37112530
37113042
37113554
37114066
37114578
37115090
37115602
37116114
37111507
37112019
37112531
37113043
37113555
37114067
37114579
37115091
37115603
37116115
37111508
37112020
37112532
37113044
37113556
37114068
37114580
37115092
37115604
37116116
37111509
37112021
37112533
37113045
37113557
37114069
37114581
37115093
37115605
37116117
37111510
37112022
37112534
37113046
37113558
37114070
37114582
37115094
37115606
37116118
18419440
18419952
18420464
18420976
18421488
18422000
18422512
18423024
18423536
18424048
18419441
18419953
18420465
18420977
18421489
18422001
18422513
18423025
18423537
18424049
18419442
18419954
18420466
18420978
18421490
18422002
18422514
18423026
18423538
18424050
18419443
18419955
18420467
18420979
18421491
18422003
18422515
18423027
18423539
18424051
18419444
18419956
18420468
18420980
18421492
18422004
18422516
18423028
18423540
18424052
18419445
18419957
18420469
18420981
18421493
18422005
18422517
18423029
18423541
18424053
18419446
18419958
18420470
18420982
18421494
18422006
18422518
18423030
18423542
18424054
18419447
18419959
18420471
18420983
18421495
18422007
18422519
18423031
18423543
18424055
18419448
18419960
18420472
18420984
18421496
18422008
18422520
18423032
18423544
18424056
18419449
18419961
18420473
18420985
18421497
18422009
18422521
18423033
18423545
18424057
24995106
24995618
24996130
24996642
24997154
24997666
24998178
24998690
24999202
24999714
24995107
24995619
24996131
24996643
24997155
24997667
24998179
24998691
24999203
24999715
24995108
24995620
24996132
24996644
24997156
24997668
24998180
24998692
24999204
24999716
24995109
24995621
24996133
24996645
24997157
24997669
24998181
24998693
24999205
24999717
24995110
24995622
24996134
24996646
24997158
24997670
24998182
24998694
24999206
24999718
24995111
24995623
24996135
24996647
24997159
24997671
24998183
24998695
24999207
24999719
24995112
24995624
24996136
24996648
24997160
24997672
24998184
24998696
24999208
24999720
24995113
24995625
24996137
24996649
24997161
24997673
24998185
24998697
24999209
24999721
24995114
24995626
24996138
24996650
24997162
24997674
24998186
24998698
24999210
24999722
24995115
24995627
24996139
24996651
24997163
24997675
24998187
24998699
24999211
24999723
34968241
34968753
34969265
34969777
34970289
34970801
34971313
34971825
34972337
34972849
34968242
34968754
34969266
34969778
34970290
34970802
34971314
34971826
34972338
34972850
34968243
34968755
34969267
34969779
34970291
34970803
34971315
34971827
34972339
34972851
34968244
34968756
34969268
34969780
34970292
34970804
34971316
34971828
34972340
34972852
34968245
34968757
34969269
34969781
34970293
34970805
34971317
34971829
34972341
34972853
34968246
34968758
34969270
34969782
34970294
34970806
34971318
34971830
34972342
34972854
34968247
34968759
34969271
34969783
34970295
34970807
34971319
34971831
34972343
34972855
34968248
34968760
34969272
34969784
34970296
34970808
34971320
34971832
34972344
34972856
34968249
34968761
34969273
34969785
34970297
34970809
34971321
34971833
34972345
34972857
34968250
34968762
34969274
34969786
34970298
34970810
34971322
34971834
34972346
34972858
30737676
30738188
30738700
30739212
30739724
30740236
30740748
30741260
30741772
30742284
30737677
30738189
30738701
30739213
30739725
30740237
30740749
30741261
30741773
30742285
30737678
30738190
30738702
30739214
30739726
30740238
30740750
30741262
30741774
30742286
30737679
30738191
30738703
30739215
30739727
30740239
30740751
30741263
30741775
30742287
30737680
30738192
30738704
30739216
30739728
30740240
30740752
30741264
30741776
30742288
30737681
30738193
30738705
30739217
30739729
30740241
30740753
30741265
30741777
30742289
30737682
30738194
30738706
30739218
30739730
30740242
30740754
30741266
30741778
30742290
30737683
30738195
30738707
30739219
30739731
30740243
30740755
30741267
30741779
30742291
30737684
30738196
30738708
30739220
30739732
30740244
30740756
30741268
30741780
30742292
30737685
30738197
30738709
30739221
30739733
30740245
30740757
30741269
30741781
30742293
30509282
30509794
30510306
30510818
30511330
30511842
30512354
30512866
30513378
30513890
30509283
30509795
30510307
30510819
30511331
30511843
30512355
30512867
30513379
30513891
30509284
30509796
30510308
30510820
30511332
30511844
30512356
30512868
30513380
30513892
30509285
30509797
30510309
30510821
30511333
30511845
30512357
30512869
30513381
30513893
30509286
30509798
30510310
30510822
30511334
30511846
30512358
30512870
30513382
30513894
30509287
30509799
30510311
30510823
30511335
30511847
30512359
30512871
30513383
30513895
30509288
30509800
30510312
30510824
30511336
30511848
30512360
30512872
30513384
30513896
30509289
30509801
30510313
30510825
30511337
30511849
30512361
30512873
30513385
30513897
30509290
30509802
30510314
30510826
30511338
30511850
30512362
30512874
30513386
30513898
30509291
30509803
30510315
30510827
30511339
30511851
30512363
30512875
30513387
30513899
24446771
24447283
24447795
24448307
24448819
24449331
24449843
24450355
24450867
24451379
24446772
24447284
24447796
24448308
24448820
24449332
24449844
24450356
24450868
24451380
24446773
24447285
24447797
24448309
24448821
24449333
24449845
24450357
24450869
24451381
24446774
24447286
24447798
24448310
24448822
24449334
24449846
24450358
24450870
24451382
24446775
24447287
24447799
24448311
24448823
24449335
24449847
24450359
24450871
24451383
24446776
24447288
24447800
24448312
24448824
24449336
24449848
24450360
24450872
24451384
24446777
24447289
24447801
24448313
24448825
24449337
24449849
24450361
24450873
24451385
24446778
24447290
24447802
24448314
24448826
24449338
24449850
24450362
24450874
24451386
24446779
24447291
24447803
24448315
24448827
24449339
24449851
24450363
24450875
24451387
24446780
24447292
24447804
24448316
24448828
24449340
24449852
24450364
24450876
24451388
24983779
24984291
24984803
24985315
24985827
24986339
24986851
24987363
24987875
24988387
24983780
24984292
24984804
24985316
24985828
24986340
24986852
24987364
24987876
24988388
24983781
24984293
24984805
24985317
24985829
24986341
24986853
24987365
24987877
24988389
24983782
24984294
24984806
24985318
24985830
24986342
24986854
24987366
24987878
24988390
24983783
24984295
24984807
24985319
24985831
24986343
24986855
24987367
24987879
24988391
24983784
24984296
24984808
24985320
24985832
24986344
24986856
24987368
24987880
24988392
24983785
24984297
24984809
24985321
24985833
24986345
24986857
24987369
24987881
24988393
24983786
24984298
24984810
24985322
24985834
24986346
24986858
24987370
24987882
24988394
24983787
24984299
24984811
24985323
24985835
24986347
24986859
24987371
24987883
24988395
24983788
24984300
24984812
24985324
24985836
24986348
24986860
24987372
24987884
24988396
21588147
21588659
21589171
21589683
21590195
21590707
21591219
21591731
21592243
21592755
21588148
21588660
21589172
21589684
21590196
21590708
21591220
21591732
21592244
21592756
21588149
21588661
21589173
21589685
21590197
21590709
21591221
21591733
21592245
21592757
21588150
21588662
21589174
21589686
21590198
21590710
21591222
21591734
21592246
21592758
21588151
21588663
21589175
21589687
21590199
21590711
21591223
21591735
21592247
21592759
21588152
21588664
21589176
21589688
21590200
21590712
21591224
21591736
21592248
21592760
21588153
21588665
21589177
21589689
21590201
21590713
21591225
21591737
21592249
21592761
21588154
21588666
21589178
21589690
21590202
21590714
21591226
21591738
21592250
21592762
21588155
21588667
21589179
21589691
21590203
21590715
21591227
21591739
21592251
21592763
21588156
21588668
21589180
21589692
21590204
21590716
21591228
21591740
21592252
21592764
26285775
26286287
26286799
26287311
26287823
26288335
26288847
26289359
26289871
26290383
26285776
26286288
26286800
26287312
26287824
26288336
26288848
26289360
26289872
26290384
26285777
26286289
26286801
26287313
26287825
26288337
26288849
26289361
26289873
26290385
26285778
26286290
26286802
26287314
26287826
26288338
26288850
26289362
26289874
26290386
26285779
26286291
26286803
26287315
26287827
26288339
26288851
26289363
26289875
26290387
26285780
26286292
26286804
26287316
26287828
26288340
26288852
26289364
26289876
26290388
26285781
26286293
26286805
26287317
26287829
26288341
26288853
26289365
26289877
26290389
26285782
26286294
26286806
26287318
26287830
26288342
26288854
26289366
26289878
26290390
26285783
26286295
26286807
26287319
26287831
26288343
26288855
26289367
26289879
26290391
26285784
26286296
26286808
26287320
26287832
26288344
26288856
26289368
26289880
26290392
40731367
40731879
40732391
40732903
40733415
40733927
40734439
40734951
40735463
40735975
40731368
40731880
40732392
40732904
40733416
40733928
40734440
40734952
40735464
40735976
40731369
40731881
40732393
40732905
40733417
40733929
40734441
40734953
40735465
40735977
40731370
40731882
40732394
40732906
40733418
40733930
40734442
40734954
40735466
40735978
40731371
40731883
40732395
40732907
40733419
40733931
40734443
40734955
40735467
40735979
40731372
40731884
40732396
40732908
40733420
40733932
40734444
40734956
40735468
40735980
40731373
40731885
40732397
40732909
40733421
40733933
40734445
40734957
40735469
40735981
40731374
40731886
40732398
40732910
40733422
40733934
40734446
40734958
40735470
40735982
40731375
40731887
40732399
40732911
40733423
40733935
40734447
40734959
40735471
40735983
40731376
40731888
40732400
40732912
40733424
40733936
40734448
40734960
40735472
40735984
36520759
36521271
36521783
36522295
36522807
36523319
36523831
36524343
36524855
36525367
36520760
36521272
36521784
36522296
36522808
36523320
36523832
36524344
36524856
36525368
36520761
36521273
36521785
36522297
36522809
36523321
36523833
36524345
36524857
36525369
36520762
36521274
36521786
36522298
36522810
36523322
36523834
36524346
36524858
36525370
36520763
36521275
36521787
36522299
36522811
36523323
36523835
36524347
36524859
36525371
36520764
36521276
36521788
36522300
36522812
36523324
36523836
36524348
36524860
36525372
36520765
36521277
36521789
36522301
36522813
36523325
36523837
36524349
36524861
36525373
36520766
36521278
36521790
36522302
36522814
36523326
36523838
36524350
36524862
36525374
36520767
36521279
36521791
36522303
36522815
36523327
36523839
36524351
36524863
36525375
36520768
36521280
36521792
36522304
36522816
36523328
36523840
36524352
36524864
36525376
23141703
23142215
23142727
23143239
23143751
23144263
23144775
23145287
23145799
23146311
23141704
23142216
23142728
23143240
23143752
23144264
23144776
23145288
23145800
23146312
23141705
23142217
23142729
23143241
23143753
23144265
23144777
23145289
23145801
23146313
23141706
23142218
23142730
23143242
23143754
23144266
23144778
23145290
23145802
23146314
23141707
23142219
23142731
23143243
23143755
23144267
23144779
23145291
23145803
23146315
23141708
23142220
23142732
23143244
23143756
23144268
23144780
23145292
23145804
23146316
23141709
23142221
23142733
23143245
23143757
23144269
23144781
23145293
23145805
23146317
23141710
23142222
23142734
23143246
23143758
23144270
23144782
23145294
23145806
23146318
23141711
23142223
23142735
23143247
23143759
23144271
23144783
23145295
23145807
23146319
23141712
23142224
23142736
23143248
23143760
23144272
23144784
23145296
23145808
23146320
23689981
23690493
23691005
23691517
23692029
23692541
23693053
23693565
23694077
23694589
23689982
23690494
23691006
23691518
23692030
23692542
23693054
23693566
23694078
23694590
23689983
23690495
23691007
23691519
23692031
23692543
23693055
23693567
23694079
23694591
23689984
23690496
23691008
23691520
23692032
23692544
23693056
23693568
23694080
23694592
23689985
23690497
23691009
23691521
23692033
23692545
23693057
23693569
23694081
23694593
23689986
23690498
23691010
23691522
23692034
23692546
23693058
23693570
23694082
23694594
23689987
23690499
23691011
23691523
23692035
23692547
23693059
23693571
23694083
23694595
23689988
23690500
23691012
23691524
23692036
23692548
23693060
23693572
23694084
23694596
23689989
23690501
23691013
23691525
23692037
23692549
23693061
23693573
23694085
23694597
23689990
23690502
23691014
23691526
23692038
23692550
23693062
23693574
23694086
23694598
34482377
34482889
34483401
34483913
34484425
34484937
34485449
34485961
34486473
34486985
34482378
34482890
34483402
34483914
34484426
34484938
34485450
34485962
34486474
34486986
34482379
34482891
34483403
34483915
34484427
34484939
34485451
34485963
34486475
34486987
34482380
34482892
34483404
34483916
34484428
34484940
34485452
34485964
34486476
34486988
34482381
34482893
34483405
34483917
34484429
34484941
34485453
34485965
34486477
34486989
34482382
34482894
34483406
34483918
34484430
34484942
34485454
34485966
34486478
34486990
34482383
34482895
34483407
34483919
34484431
34484943
34485455
34485967
34486479
34486991
34482384
34482896
34483408
34483920
34484432
34484944
34485456
34485968
34486480
34486992
34482385
34482897
34483409
34483921
34484433
34484945
34485457
34485969
34486481
34486993
34482386
34482898
34483410
34483922
34484434
34484946
34485458
34485970
34486482
34486994
33893185
33893697
33894209
33894721
33895233
33895745
33896257
33896769
33897281
33897793
33893186
33893698
33894210
33894722
33895234
33895746
33896258
33896770
33897282
33897794
33893187
33893699
33894211
33894723
33895235
33895747
33896259
33896771
33897283
33897795
33893188
33893700
33894212
33894724
33895236
33895748
33896260
33896772
33897284
33897796
33893189
33893701
33894213
33894725
33895237
33895749
33896261
33896773
33897285
33897797
33893190
33893702
33894214
33894726
33895238
33895750
33896262
33896774
33897286
33897798
33893191
33893703
33894215
33894727
33895239
33895751
33896263
33896775
33897287
33897799
33893192
33893704
33894216
33894728
33895240
33895752
33896264
33896776
33897288
33897800
33893193
33893705
33894217
33894729
33895241
33895753
33896265
33896777
33897289
33897801
33893194
33893706
33894218
33894730
33895242
33895754
33896266
33896778
33897290
33897802
23931099
23931611
23932123
23932635
23933147
23933659
23934171
23934683
23935195
23935707
23931100
23931612
23932124
23932636
23933148
23933660
23934172
23934684
23935196
23935708
23931101
23931613
23932125
23932637
23933149
23933661
23934173
23934685
23935197
23935709
23931102
23931614
23932126
23932638
23933150
23933662
23934174
23934686
23935198
23935710
23931103
23931615
23932127
23932639
23933151
23933663
23934175
23934687
23935199
23935711
23931104
23931616
23932128
23932640
23933152
23933664
23934176
23934688
23935200
23935712
23931105
23931617
23932129
23932641
23933153
23933665
23934177
23934689
23935201
23935713
23931106
23931618
23932130
23932642
23933154
23933666
23934178
23934690
23935202
23935714
23931107
23931619
23932131
23932643
23933155
23933667
23934179
23934691
23935203
23935715
23931108
23931620
23932132
23932644
23933156
23933668
23934180
23934692
23935204
23935716
24713491
24714003
24714515
24715027
24715539
24716051
24716563
24717075
24717587
24718099
24713492
24714004
24714516
24715028
24715540
24716052
24716564
24717076
24717588
24718100
24713493
24714005
24714517
24715029
24715541
24716053
24716565
24717077
24717589
24718101
24713494
24714006
24714518
24715030
24715542
24716054
24716566
24717078
24717590
24718102
24713495
24714007
24714519
24715031
24715543
24716055
24716567
24717079
24717591
24718103
24713496
24714008
24714520
24715032
24715544
24716056
24716568
24717080
24717592
24718104
24713497
24714009
24714521
24715033
24715545
24716057
24716569
24717081
24717593
24718105
24713498
24714010
24714522
24715034
24715546
24716058
24716570
24717082
24717594
24718106
24713499
24714011
24714523
24715035
24715547
24716059
24716571
24717083
24717595
24718107
24713500
24714012
24714524
24715036
24715548
24716060
24716572
24717084
24717596
24718108
20001474
20001986
20002498
20003010
20003522
20004034
20004546
20005058
20005570
20006082
20001475
20001987
20002499
20003011
20003523
20004035
20004547
20005059
20005571
20006083
20001476
20001988
20002500
20003012
20003524
20004036
20004548
20005060
20005572
20006084
20001477
20001989
20002501
20003013
20003525
20004037
20004549
20005061
20005573
20006085
20001478
20001990
20002502
20003014
20003526
20004038
20004550
20005062
20005574
20006086
20001479
20001991
20002503
20003015
20003527
20004039
20004551
20005063
20005575
20006087
20001480
20001992
20002504
20003016
20003528
20004040
20004552
20005064
20005576
20006088
20001481
20001993
20002505
20003017
20003529
20004041
20004553
20005065
20005577
20006089
20001482
20001994
20002506
20003018
20003530
20004042
20004554
20005066
20005578
20006090
20001483
20001995
20002507
20003019
20003531
20004043
20004555
20005067
20005579
20006091
26560197
26560709
26561221
26561733
26562245
26562757
26563269
26563781
26564293
26564805
26560198
26560710
26561222
26561734
26562246
26562758
26563270
26563782
26564294
26564806
26560199
26560711
26561223
26561735
26562247
26562759
26563271
26563783
26564295
26564807
26560200
26560712
26561224
26561736
26562248
26562760
26563272
26563784
26564296
26564808
26560201
26560713
26561225
26561737
26562249
26562761
26563273
26563785
26564297
26564809
26560202
26560714
26561226
26561738
26562250
26562762
26563274
26563786
26564298
26564810
26560203
26560715
26561227
26561739
26562251
26562763
26563275
26563787
26564299
26564811
26560204
26560716
26561228
26561740
26562252
26562764
26563276
26563788
26564300
26564812
26560205
26560717
26561229
26561741
26562253
26562765
26563277
26563789
26564301
26564813
26560206
26560718
26561230
26561742
26562254
26562766
26563278
26563790
26564302
26564814
38885132
38885644
38886156
38886668
38887180
38887692
38888204
38888716
38889228
38889740
38885133
38885645
38886157
38886669
38887181
38887693
38888205
38888717
38889229
38889741
38885134
38885646
38886158
38886670
38887182
38887694
38888206
38888718
38889230
38889742
38885135
38885647
38886159
38886671
38887183
38887695
38888207
38888719
38889231
38889743
38885136
38885648
38886160
38886672
38887184
38887696
38888208
38888720
38889232
38889744
38885137
38885649
38886161
38886673
38887185
38887697
38888209
38888721
38889233
38889745
38885138
38885650
38886162
38886674
38887186
38887698
38888210
38888722
38889234
38889746
38885139
38885651
38886163
38886675
38887187
38887699
38888211
38888723
38889235
38889747
38885140
38885652
38886164
38886676
38887188
38887700
38888212
38888724
38889236
38889748
38885141
38885653
38886165
38886677
38887189
38887701
38888213
38888725
38889237
38889749
