25234165
25234677
25235189
25235701
25236213
25236725
25237237
25237749
25238261
25238773
25234166
25234678
25235190
25235702
25236214
25236726
25237238
25237750
25238262
25238774
25234167
25234679
25235191
25235703
25236215
25236727
25237239
25237751
25238263
25238775
25234168
25234680
25235192
25235704
25236216
25236728
25237240
25237752
25238264
25238776
25234169
25234681
25235193
25235705
25236217
25236729
25237241
25237753
25238265
25238777
25234170
25234682
25235194
25235706
25236218
25236730
25237242
25237754
25238266
25238778
25234171
25234683
25235195
25235707
25236219
25236731
25237243
25237755
25238267
25238779
25234172
25234684
25235196
25235708
25236220
25236732
25237244
25237756
25238268
25238780
25234173
25234685
25235197
25235709
25236221
25236733
25237245
25237757
25238269
25238781
25234174
25234686
25235198
25235710
25236222
25236734
25237246
25237758
25238270
25238782
36249344
36249856
36250368
36250880
36251392
36251904
36252416
36252928
36253440
36253952
36249345
36249857
36250369
36250881
36251393
36251905
36252417
36252929
36253441
36253953
36249346
36249858
36250370
36250882
36251394
36251906
36252418
36252930
36253442
36253954
36249347
36249859
36250371
36250883
36251395
36251907
36252419
36252931
36253443
36253955
36249348
36249860
36250372
36250884
36251396
36251908
36252420
36252932
36253444
36253956
36249349
36249861
36250373
36250885
36251397
36251909
36252421
36252933
36253445
36253957
36249350
36249862
36250374
36250886
36251398
36251910
36252422
36252934
36253446
36253958
36249351
36249863
36250375
36250887
36251399
36251911
36252423
36252935
36253447
36253959
36249352
36249864
36250376
36250888
36251400
36251912
36252424
36252936
36253448
36253960
36249353
36249865
36250377
36250889
36251401
36251913
36252425
36252937
36253449
36253961
23674175
23674687
23675199
23675711
23676223
23676735
23677247
23677759
23678271
23678783
23674176
23674688
23675200
23675712
23676224
23676736
23677248
23677760
23678272
23678784
23674177
23674689
23675201
23675713
23676225
23676737
23677249
23677761
23678273
23678785
23674178
23674690
23675202
23675714
23676226
23676738
23677250
23677762
23678274
23678786
23674179
23674691
23675203
23675715
23676227
23676739
23677251
23677763
23678275
23678787
23674180
23674692
23675204
23675716
23676228
23676740
23677252
23677764
23678276
23678788
23674181
23674693
23675205
23675717
23676229
23676741
23677253
23677765
23678277
23678789
23674182
23674694
23675206
23675718
23676230
23676742
23677254
23677766
23678278
23678790
23674183
23674695
23675207
23675719
23676231
23676743
23677255
23677767
23678279
23678791
23674184
23674696
23675208
23675720
23676232
23676744
23677256
23677768
23678280
23678792
36020509
36021021
36021533
36022045
36022557
36023069
36023581
36024093
36024605
36025117
36020510
36021022
36021534
36022046
36022558
36023070
36023582
36024094
36024606
36025118
36020511
36021023
36021535
36022047
36022559
36023071
36023583
36024095
36024607
36025119
36020512
36021024
36021536
36022048
36022560
36023072
36023584
36024096
36024608
36025120
36020513
36021025
36021537
36022049
36022561
36023073
36023585
36024097
36024609
36025121
36020514
36021026
36021538
36022050
36022562
36023074
36023586
36024098
36024610
36025122
36020515
36021027
36021539
36022051
36022563
36023075
36023587
36024099
36024611
36025123
36020516
36021028
36021540
36022052
36022564
36023076
36023588
36024100
36024612
36025124
36020517
36021029
36021541
36022053
36022565
36023077
36023589
36024101
36024613
36025125
36020518
36021030
36021542
36022054
36022566
36023078
36023590
36024102
36024614
36025126
37051649
37052161
37052673
37053185
37053697
37054209
37054721
37055233
37055745
37056257
37051650
37052162
37052674
37053186
37053698
37054210
37054722
37055234
37055746
37056258
37051651
37052163
37052675
37053187
37053699
37054211
37054723
37055235
37055747
37056259
37051652
37052164
37052676
37053188
37053700
37054212
37054724
37055236
37055748
37056260
37051653
37052165
37052677
37053189
37053701
37054213
37054725
37055237
37055749
37056261
37051654
37052166
37052678
37053190
37053702
37054214
37054726
37055238
37055750
37056262
37051655
37052167
37052679
37053191
37053703
37054215
37054727
37055239
37055751
37056263
37051656
37052168
37052680
37053192
37053704
37054216
37054728
37055240
37055752
37056264
37051657
37052169
37052681
37053193
37053705
37054217
37054729
37055241
37055753
37056265
37051658
37052170
37052682
37053194
37053706
37054218
37054730
37055242
37055754
37056266
29186765
29187277
29187789
29188301
29188813
29189325
29189837
29190349
29190861
29191373
29186766
29187278
29187790
29188302
29188814
29189326
29189838
29190350
29190862
29191374
29186767
29187279
29187791
29188303
29188815
29189327
29189839
29190351
29190863
29191375
29186768
29187280
29187792
29188304
29188816
29189328
29189840
29190352
29190864
29191376
29186769
29187281
29187793
29188305
29188817
29189329
29189841
29190353
29190865
29191377
29186770
29187282
29187794
29188306
29188818
29189330
29189842
29190354
29190866
29191378
29186771
29187283
29187795
29188307
29188819
29189331
29189843
29190355
29190867
29191379
29186772
29187284
29187796
29188308
29188820
29189332
29189844
29190356
29190868
29191380
29186773
29187285
29187797
29188309
29188821
29189333
29189845
29190357
29190869
29191381
29186774
29187286
29187798
29188310
29188822
29189334
29189846
29190358
29190870
29191382
27358513
27359025
27359537
27360049
27360561
27361073
27361585
27362097
27362609
27363121
27358514
27359026
27359538
27360050
27360562
27361074
27361586
27362098
27362610
27363122
27358515
27359027
27359539
27360051
27360563
27361075
27361587
27362099
27362611
27363123
27358516
27359028
27359540
27360052
27360564
27361076
27361588
27362100
27362612
27363124
27358517
27359029
27359541
27360053
27360565
27361077
27361589
27362101
27362613
27363125
27358518
27359030
27359542
27360054
27360566
27361078
27361590
27362102
27362614
27363126
27358519
27359031
27359543
27360055
27360567
27361079
27361591
27362103
27362615
27363127
27358520
27359032
27359544
27360056
27360568
27361080
27361592
27362104
27362616
27363128
27358521
27359033
27359545
27360057
27360569
27361081
27361593
27362105
27362617
27363129
27358522
27359034
27359546
27360058
27360570
27361082
27361594
27362106
27362618
27363130
29174549
29175061
29175573
29176085
29176597
29177109
29177621
29178133
29178645
29179157
29174550
29175062
29175574
29176086
29176598
29177110
29177622
29178134
29178646
29179158
29174551
29175063
29175575
29176087
29176599
29177111
29177623
29178135
29178647
29179159
29174552
29175064
29175576
29176088
29176600
29177112
29177624
29178136
29178648
29179160
29174553
29175065
29175577
29176089
29176601
29177113
29177625
29178137
29178649
29179161
29174554
29175066
29175578
29176090
29176602
29177114
29177626
29178138
29178650
29179162
29174555
29175067
29175579
29176091
29176603
29177115
29177627
29178139
29178651
29179163
29174556
29175068
29175580
29176092
29176604
29177116
29177628
29178140
29178652
29179164
29174557
29175069
29175581
29176093
29176605
29177117
29177629
29178141
29178653
29179165
29174558
29175070
29175582
29176094
29176606
29177118
29177630
29178142
29178654
29179166
39147788
39148300
39148812
39149324
39149836
39150348
39150860
39151372
39151884
39152396
39147789
39148301
39148813
39149325
39149837
39150349
39150861
39151373
39151885
39152397
39147790
39148302
39148814
39149326
39149838
39150350
39150862
39151374
39151886
39152398
39147791
39148303
39148815
39149327
39149839
39150351
39150863
39151375
39151887
39152399
39147792
39148304
39148816
39149328
39149840
39150352
39150864
39151376
39151888
39152400
39147793
39148305
39148817
39149329
39149841
39150353
39150865
39151377
39151889
39152401
39147794
39148306
39148818
39149330
39149842
39150354
39150866
39151378
39151890
39152402
39147795
39148307
39148819
39149331
39149843
39150355
39150867
39151379
39151891
39152403
39147796
39148308
39148820
39149332
39149844
39150356
39150868
39151380
39151892
39152404
39147797
39148309
39148821
39149333
39149845
39150357
39150869
39151381
39151893
39152405
37588218
37588730
37589242
37589754
37590266
37590778
37591290
37591802
37592314
37592826
37588219
37588731
37589243
37589755
37590267
37590779
37591291
37591803
37592315
37592827
37588220
37588732
37589244
37589756
37590268
37590780
37591292
37591804
37592316
37592828
37588221
37588733
37589245
37589757
37590269
37590781
37591293
37591805
37592317
37592829
37588222
37588734
37589246
37589758
37590270
37590782
37591294
37591806
37592318
37592830
37588223
37588735
37589247
37589759
37590271
37590783
37591295
37591807
37592319
37592831
37588224
37588736
37589248
37589760
37590272
37590784
37591296
37591808
37592320
37592832
37588225
37588737
37589249
37589761
37590273
37590785
37591297
37591809
37592321
37592833
37588226
37588738
37589250
37589762
37590274
37590786
37591298
37591810
37592322
37592834
37588227
37588739
37589251
37589763
37590275
37590787
37591299
37591811
37592323
37592835
33899193
33899705
33900217
33900729
33901241
33901753
33902265
33902777
33903289
33903801
33899194
33899706
33900218
33900730
33901242
33901754
33902266
33902778
33903290
33903802
33899195
33899707
33900219
33900731
33901243
33901755
33902267
33902779
33903291
33903803
33899196
33899708
33900220
33900732
33901244
33901756
33902268
33902780
33903292
33903804
33899197
33899709
33900221
33900733
33901245
33901757
33902269
33902781
33903293
33903805
33899198
33899710
33900222
33900734
33901246
33901758
33902270
33902782
33903294
33903806
33899199
33899711
33900223
33900735
33901247
33901759
33902271
33902783
33903295
33903807
33899200
33899712
33900224
33900736
33901248
33901760
33902272
33902784
33903296
33903808
33899201
33899713
33900225
33900737
33901249
33901761
33902273
33902785
33903297
33903809
33899202
33899714
33900226
33900738
33901250
33901762
33902274
33902786
33903298
33903810
32651952
32652464
32652976
32653488
32654000
32654512
32655024
32655536
32656048
32656560
32651953
32652465
32652977
32653489
32654001
32654513
32655025
32655537
32656049
32656561
32651954
32652466
32652978
32653490
32654002
32654514
32655026
32655538
32656050
32656562
32651955
32652467
32652979
32653491
32654003
32654515
32655027
32655539
32656051
32656563
32651956
32652468
32652980
32653492
32654004
32654516
32655028
32655540
32656052
32656564
32651957
32652469
32652981
32653493
32654005
32654517
32655029
32655541
32656053
32656565
32651958
32652470
32652982
32653494
32654006
32654518
32655030
32655542
32656054
32656566
32651959
32652471
32652983
32653495
32654007
32654519
32655031
32655543
32656055
32656567
32651960
32652472
32652984
32653496
32654008
32654520
32655032
32655544
32656056
32656568
32651961
32652473
32652985
32653497
32654009
32654521
32655033
32655545
32656057
32656569
34480839
34481351
34481863
34482375
34482887
34483399
34483911
34484423
34484935
34485447
34480840
34481352
34481864
34482376
34482888
34483400
34483912
34484424
34484936
34485448
34480841
34481353
34481865
34482377
34482889
34483401
34483913
34484425
34484937
34485449
34480842
34481354
34481866
34482378
34482890
34483402
34483914
34484426
34484938
34485450
34480843
34481355
34481867
34482379
34482891
34483403
34483915
34484427
34484939
34485451
34480844
34481356
34481868
34482380
34482892
34483404
34483916
34484428
34484940
34485452
34480845
34481357
34481869
34482381
34482893
34483405
34483917
34484429
34484941
34485453
34480846
34481358
34481870
34482382
34482894
34483406
34483918
34484430
34484942
34485454
34480847
34481359
34481871
34482383
34482895
34483407
34483919
34484431
34484943
34485455
34480848
34481360
34481872
34482384
34482896
34483408
34483920
34484432
34484944
34485456
26822824
26823336
26823848
26824360
26824872
26825384
26825896
26826408
26826920
26827432
26822825
26823337
26823849
26824361
26824873
26825385
26825897
26826409
26826921
26827433
26822826
26823338
26823850
26824362
26824874
26825386
26825898
26826410
26826922
26827434
26822827
26823339
26823851
26824363
26824875
26825387
26825899
26826411
26826923
26827435
26822828
26823340
26823852
26824364
26824876
26825388
26825900
26826412
26826924
26827436
26822829
26823341
26823853
26824365
26824877
26825389
26825901
26826413
26826925
26827437
26822830
26823342
26823854
26824366
26824878
26825390
26825902
26826414
26826926
26827438
26822831
26823343
26823855
26824367
26824879
26825391
26825903
26826415
26826927
26827439
26822832
26823344
26823856
26824368
26824880
26825392
26825904
26826416
26826928
26827440
26822833
26823345
26823857
26824369
26824881
26825393
26825905
26826417
26826929
26827441
23656153
23656665
23657177
23657689
23658201
23658713
23659225
23659737
23660249
23660761
23656154
23656666
23657178
23657690
23658202
23658714
23659226
23659738
23660250
23660762
23656155
23656667
23657179
23657691
23658203
23658715
23659227
23659739
23660251
23660763
23656156
23656668
23657180
23657692
23658204
23658716
23659228
23659740
23660252
23660764
23656157
23656669
23657181
23657693
23658205
23658717
23659229
23659741
23660253
23660765
23656158
23656670
23657182
23657694
23658206
23658718
23659230
23659742
23660254
23660766
23656159
23656671
23657183
23657695
23658207
23658719
23659231
23659743
23660255
23660767
23656160
23656672
23657184
23657696
23658208
23658720
23659232
23659744
23660256
23660768
23656161
23656673
23657185
23657697
23658209
23658721
23659233
23659745
23660257
23660769
23656162
23656674
23657186
23657698
23658210
23658722
23659234
23659746
23660258
23660770
38122185
38122697
38123209
38123721
38124233
38124745
38125257
38125769
38126281
38126793
38122186
38122698
38123210
38123722
38124234
38124746
38125258
38125770
38126282
38126794
38122187
38122699
38123211
38123723
38124235
38124747
38125259
38125771
38126283
38126795
38122188
38122700
38123212
38123724
38124236
38124748
38125260
38125772
38126284
38126796
38122189
38122701
38123213
38123725
38124237
38124749
38125261
38125773
38126285
38126797
38122190
38122702
38123214
38123726
38124238
38124750
38125262
38125774
38126286
38126798
38122191
38122703
38123215
38123727
38124239
38124751
38125263
38125775
38126287
38126799
38122192
38122704
38123216
38123728
38124240
38124752
38125264
38125776
38126288
38126800
38122193
38122705
38123217
38123729
38124241
38124753
38125265
38125777
38126289
38126801
38122194
38122706
38123218
38123730
38124242
38124754
38125266
38125778
38126290
38126802
31546650
31547162
31547674
31548186
31548698
31549210
31549722
31550234
31550746
31551258
31546651
31547163
31547675
31548187
31548699
31549211
31549723
31550235
31550747
31551259
31546652
31547164
31547676
31548188
31548700
31549212
31549724
31550236
31550748
31551260
31546653
31547165
31547677
31548189
31548701
31549213
31549725
31550237
31550749
31551261
31546654
31547166
31547678
31548190
31548702
31549214
31549726
31550238
31550750
31551262
31546655
31547167
31547679
31548191
31548703
31549215
31549727
31550239
31550751
31551263
31546656
31547168
31547680
31548192
31548704
31549216
31549728
31550240
31550752
31551264
31546657
31547169
31547681
31548193
31548705
31549217
31549729
31550241
31550753
31551265
31546658
31547170
31547682
31548194
31548706
31549218
31549730
31550242
31550754
31551266
31546659
31547171
31547683
31548195
31548707
31549219
31549731
31550243
31550755
31551267
28385042
28385554
28386066
28386578
28387090
28387602
28388114
28388626
28389138
28389650
28385043
28385555
28386067
28386579
28387091
28387603
28388115
28388627
28389139
28389651
28385044
28385556
28386068
28386580
28387092
28387604
28388116
28388628
28389140
28389652
28385045
28385557
28386069
28386581
28387093
28387605
28388117
28388629
28389141
28389653
28385046
28385558
28386070
28386582
28387094
28387606
28388118
28388630
28389142
28389654
28385047
28385559
28386071
28386583
28387095
28387607
28388119
28388631
28389143
28389655
28385048
28385560
28386072
28386584
28387096
28387608
28388120
28388632
28389144
28389656
28385049
28385561
28386073
28386585
28387097
28387609
28388121
28388633
28389145
28389657
28385050
28385562
28386074
28386586
28387098
28387610
28388122
28388634
28389146
28389658
28385051
28385563
28386075
28386587
28387099
28387611
28388123
28388635
28389147
28389659
38384897
38385409
38385921
38386433
38386945
38387457
38387969
38388481
38388993
38389505
38384898
38385410
38385922
38386434
38386946
38387458
38387970
38388482
38388994
38389506
38384899
38385411
38385923
38386435
38386947
38387459
38387971
38388483
38388995
38389507
38384900
38385412
38385924
38386436
38386948
38387460
38387972
38388484
38388996
38389508
38384901
38385413
38385925
38386437
38386949
38387461
38387973
38388485
38388997
38389509
38384902
38385414
38385926
38386438
38386950
38387462
38387974
38388486
38388998
38389510
38384903
38385415
38385927
38386439
38386951
38387463
38387975
38388487
38388999
38389511
38384904
38385416
38385928
38386440
38386952
38387464
38387976
38388488
38389000
38389512
38384905
38385417
38385929
38386441
38386953
38387465
38387977
38388489
38389001
38389513
38384906
38385418
38385930
38386442
38386954
38387466
38387978
38388490
38389002
38389514
33169587
33170099
33170611
33171123
33171635
33172147
33172659
33173171
33173683
33174195
33169588
33170100
33170612
33171124
33171636
33172148
33172660
33173172
33173684
33174196
33169589
33170101
33170613
33171125
33171637
33172149
33172661
33173173
33173685
33174197
33169590
33170102
33170614
33171126
33171638
33172150
33172662
33173174
33173686
33174198
33169591
33170103
33170615
33171127
33171639
33172151
33172663
33173175
33173687
33174199
33169592
33170104
33170616
33171128
33171640
33172152
33172664
33173176
33173688
33174200
33169593
33170105
33170617
33171129
33171641
33172153
33172665
33173177
33173689
33174201
33169594
33170106
33170618
33171130
33171642
33172154
33172666
33173178
33173690
33174202
33169595
33170107
33170619
33171131
33171643
33172155
33172667
33173179
33173691
33174203
33169596
33170108
33170620
33171132
33171644
33172156
33172668
33173180
33173692
33174204
28121817
28122329
28122841
28123353
28123865
28124377
28124889
28125401
28125913
28126425
28121818
28122330
28122842
28123354
28123866
28124378
28124890
28125402
28125914
28126426
28121819
28122331
28122843
28123355
28123867
28124379
28124891
28125403
28125915
28126427
28121820
28122332
28122844
28123356
28123868
28124380
28124892
28125404
28125916
28126428
28121821
28122333
28122845
28123357
28123869
28124381
28124893
28125405
28125917
28126429
28121822
28122334
28122846
28123358
28123870
28124382
28124894
28125406
28125918
28126430
28121823
28122335
28122847
28123359
28123871
28124383
28124895
28125407
28125919
28126431
28121824
28122336
28122848
28123360
28123872
28124384
28124896
28125408
28125920
28126432
28121825
28122337
28122849
28123361
28123873
28124385
28124897
28125409
28125921
28126433
28121826
28122338
28122850
28123362
28123874
28124386
28124898
28125410
28125922
28126434
14493462
14493974
14494486
14494998
14495510
14496022
14496534
14497046
14497558
14498070
14493463
14493975
14494487
14494999
14495511
14496023
14496535
14497047
14497559
14498071
14493464
14493976
14494488
14495000
14495512
14496024
14496536
14497048
14497560
14498072
14493465
14493977
14494489
14495001
14495513
14496025
14496537
14497049
14497561
14498073
14493466
14493978
14494490
14495002
14495514
14496026
14496538
14497050
14497562
14498074
14493467
14493979
14494491
14495003
14495515
14496027
14496539
14497051
14497563
14498075
14493468
14493980
14494492
14495004
14495516
14496028
14496540
14497052
14497564
14498076
14493469
14493981
14494493
14495005
14495517
14496029
14496541
14497053
14497565
14498077
14493470
14493982
14494494
14495006
14495518
14496030
14496542
14497054
14497566
14498078
14493471
14493983
14494495
14495007
14495519
14496031
14496543
14497055
14497567
14498079
23681279
23681791
23682303
23682815
23683327
23683839
23684351
23684863
23685375
23685887
23681280
23681792
23682304
23682816
23683328
23683840
23684352
23684864
23685376
23685888
23681281
23681793
23682305
23682817
23683329
23683841
23684353
23684865
23685377
23685889
23681282
23681794
23682306
23682818
23683330
23683842
23684354
23684866
23685378
23685890
23681283
23681795
23682307
23682819
23683331
23683843
23684355
23684867
23685379
23685891
23681284
23681796
23682308
23682820
23683332
23683844
23684356
23684868
23685380
23685892
23681285
23681797
23682309
23682821
23683333
23683845
23684357
23684869
23685381
23685893
23681286
23681798
23682310
23682822
23683334
23683846
23684358
23684870
23685382
23685894
23681287
23681799
23682311
23682823
23683335
23683847
23684359
23684871
23685383
23685895
23681288
23681800
23682312
23682824
23683336
23683848
23684360
23684872
23685384
23685896
33633561
33634073
33634585
33635097
33635609
33636121
33636633
33637145
33637657
33638169
33633562
33634074
33634586
33635098
33635610
33636122
33636634
33637146
33637658
33638170
33633563
33634075
33634587
33635099
33635611
33636123
33636635
33637147
33637659
33638171
33633564
33634076
33634588
33635100
33635612
33636124
33636636
33637148
33637660
33638172
33633565
33634077
33634589
33635101
33635613
33636125
33636637
33637149
33637661
33638173
33633566
33634078
33634590
33635102
33635614
33636126
33636638
33637150
33637662
33638174
33633567
33634079
33634591
33635103
33635615
33636127
33636639
33637151
33637663
33638175
33633568
33634080
33634592
33635104
33635616
33636128
33636640
33637152
33637664
33638176
33633569
33634081
33634593
33635105
33635617
33636129
33636641
33637153
33637665
33638177
33633570
33634082
33634594
33635106
33635618
33636130
33636642
33637154
33637666
33638178
33908532
33909044
33909556
33910068
33910580
33911092
33911604
33912116
33912628
33913140
33908533
33909045
33909557
33910069
33910581
33911093
33911605
33912117
33912629
33913141
33908534
33909046
33909558
33910070
33910582
33911094
33911606
33912118
33912630
33913142
33908535
33909047
33909559
33910071
33910583
33911095
33911607
33912119
33912631
33913143
33908536
33909048
33909560
33910072
33910584
33911096
33911608
33912120
33912632
33913144
33908537
33909049
33909561
33910073
33910585
33911097
33911609
33912121
33912633
33913145
33908538
33909050
33909562
33910074
33910586
33911098
33911610
33912122
33912634
33913146
33908539
33909051
33909563
33910075
33910587
33911099
33911611
33912123
33912635
33913147
33908540
33909052
33909564
33910076
33910588
33911100
33911612
33912124
33912636
33913148
33908541
33909053
33909565
33910077
33910589
33911101
33911613
33912125
33912637
33913149
35765528
35766040
35766552
35767064
35767576
35768088
35768600
35769112
35769624
35770136
35765529
35766041
35766553
35767065
35767577
35768089
35768601
35769113
35769625
35770137
35765530
35766042
35766554
35767066
35767578
35768090
35768602
35769114
35769626
35770138
35765531
35766043
35766555
35767067
35767579
35768091
35768603
35769115
35769627
35770139
35765532
35766044
35766556
35767068
35767580
35768092
35768604
35769116
35769628
35770140
35765533
35766045
35766557
35767069
35767581
35768093
35768605
35769117
35769629
35770141
35765534
35766046
35766558
35767070
35767582
35768094
35768606
35769118
35769630
35770142
35765535
35766047
35766559
35767071
35767583
35768095
35768607
35769119
35769631
35770143
35765536
35766048
35766560
35767072
35767584
35768096
35768608
35769120
35769632
35770144
35765537
35766049
35766561
35767073
35767585
35768097
35768609
35769121
35769633
35770145
24192315
24192827
24193339
24193851
24194363
24194875
24195387
24195899
24196411
24196923
24192316
24192828
24193340
24193852
24194364
24194876
24195388
24195900
24196412
24196924
24192317
24192829
24193341
24193853
24194365
24194877
24195389
24195901
24196413
24196925
24192318
24192830
24193342
24193854
24194366
24194878
24195390
24195902
24196414
24196926
24192319
24192831
24193343
24193855
24194367
24194879
24195391
24195903
24196415
24196927
24192320
24192832
24193344
24193856
24194368
24194880
24195392
24195904
24196416
24196928
24192321
24192833
24193345
24193857
24194369
24194881
24195393
24195905
24196417
24196929
24192322
24192834
24193346
24193858
24194370
24194882
24195394
24195906
24196418
24196930
24192323
24192835
24193347
24193859
24194371
24194883
24195395
24195907
24196419
24196931
24192324
24192836
24193348
24193860
24194372
24194884
24195396
24195908
24196420
24196932
22352163
22352675
22353187
22353699
22354211
22354723
22355235
22355747
22356259
22356771
22352164
22352676
22353188
22353700
22354212
22354724
22355236
22355748
22356260
22356772
22352165
22352677
22353189
22353701
22354213
22354725
22355237
22355749
22356261
22356773
22352166
22352678
22353190
22353702
22354214
22354726
22355238
22355750
22356262
22356774
22352167
22352679
22353191
22353703
22354215
22354727
22355239
22355751
22356263
22356775
22352168
22352680
22353192
22353704
22354216
22354728
22355240
22355752
22356264
22356776
22352169
22352681
22353193
22353705
22354217
22354729
22355241
22355753
22356265
22356777
22352170
22352682
22353194
22353706
22354218
22354730
22355242
22355754
22356266
22356778
22352171
22352683
22353195
22353707
22354219
22354731
22355243
22355755
22356267
22356779
22352172
22352684
22353196
22353708
22354220
22354732
22355244
22355756
22356268
22356780
28106546
28107058
28107570
28108082
28108594
28109106
28109618
28110130
28110642
28111154
28106547
28107059
28107571
28108083
28108595
28109107
28109619
28110131
28110643
28111155
28106548
28107060
28107572
28108084
28108596
28109108
28109620
28110132
28110644
28111156
28106549
28107061
28107573
28108085
28108597
28109109
28109621
28110133
28110645
28111157
28106550
28107062
28107574
28108086
28108598
28109110
28109622
28110134
28110646
28111158
28106551
28107063
28107575
28108087
28108599
28109111
28109623
28110135
28110647
28111159
28106552
28107064
28107576
28108088
28108600
28109112
28109624
28110136
28110648
28111160
28106553
28107065
28107577
28108089
28108601
28109113
28109625
28110137
28110649
28111161
28106554
28107066
28107578
28108090
28108602
28109114
28109626
28110138
28110650
28111162
28106555
28107067
28107579
28108091
28108603
28109115
28109627
28110139
28110651
28111163
23414044
23414556
23415068
23415580
23416092
23416604
23417116
23417628
23418140
23418652
23414045
23414557
23415069
23415581
23416093
23416605
23417117
23417629
23418141
23418653
23414046
23414558
23415070
23415582
23416094
23416606
23417118
23417630
23418142
23418654
23414047
23414559
23415071
23415583
23416095
23416607
23417119
23417631
23418143
23418655
23414048
23414560
23415072
23415584
23416096
23416608
23417120
23417632
23418144
23418656
23414049
23414561
23415073
23415585
23416097
23416609
23417121
23417633
23418145
23418657
23414050
23414562
23415074
23415586
23416098
23416610
23417122
23417634
23418146
23418658
23414051
23414563
23415075
23415587
23416099
23416611
23417123
23417635
23418147
23418659
23414052
23414564
23415076
23415588
23416100
23416612
23417124
23417636
23418148
23418660
23414053
23414565
23415077
23415589
23416101
23416613
23417125
23417637
23418149
23418661
