44025255
44025767
44026279
44026791
44027303
44027815
44028327
44028839
44029351
44029863
44025256
44025768
44026280
44026792
44027304
44027816
44028328
44028840
44029352
44029864
44025257
44025769
44026281
44026793
44027305
44027817
44028329
44028841
44029353
44029865
44025258
44025770
44026282
44026794
44027306
44027818
44028330
44028842
44029354
44029866
44025259
44025771
44026283
44026795
44027307
44027819
44028331
44028843
44029355
44029867
44025260
44025772
44026284
44026796
44027308
44027820
44028332
44028844
44029356
44029868
44025261
44025773
44026285
44026797
44027309
44027821
44028333
44028845
44029357
44029869
44025262
44025774
44026286
44026798
44027310
44027822
44028334
44028846
44029358
44029870
44025263
44025775
44026287
44026799
44027311
44027823
44028335
44028847
44029359
44029871
44025264
44025776
44026288
44026800
44027312
44027824
44028336
44028848
44029360
44029872
36360582
36361094
36361606
36362118
36362630
36363142
36363654
36364166
36364678
36365190
36360583
36361095
36361607
36362119
36362631
36363143
36363655
36364167
36364679
36365191
36360584
36361096
36361608
36362120
36362632
36363144
36363656
36364168
36364680
36365192
36360585
36361097
36361609
36362121
36362633
36363145
36363657
36364169
36364681
36365193
36360586
36361098
36361610
36362122
36362634
36363146
36363658
36364170
36364682
36365194
36360587
36361099
36361611
36362123
36362635
36363147
36363659
36364171
36364683
36365195
36360588
36361100
36361612
36362124
36362636
36363148
36363660
36364172
36364684
36365196
36360589
36361101
36361613
36362125
36362637
36363149
36363661
36364173
36364685
36365197
36360590
36361102
36361614
36362126
36362638
36363150
36363662
36364174
36364686
36365198
36360591
36361103
36361615
36362127
36362639
36363151
36363663
36364175
36364687
36365199
7914335
7914847
7915359
7915871
7916383
7916895
7917407
7917919
7918431
7918943
7914336
7914848
7915360
7915872
7916384
7916896
7917408
7917920
7918432
7918944
7914337
7914849
7915361
7915873
7916385
7916897
7917409
7917921
7918433
7918945
7914338
7914850
7915362
7915874
7916386
7916898
7917410
7917922
7918434
7918946
7914339
7914851
7915363
7915875
7916387
7916899
7917411
7917923
7918435
7918947
7914340
7914852
7915364
7915876
7916388
7916900
7917412
7917924
7918436
7918948
7914341
7914853
7915365
7915877
7916389
7916901
7917413
7917925
7918437
7918949
7914342
7914854
7915366
7915878
7916390
7916902
7917414
7917926
7918438
7918950
7914343
7914855
7915367
7915879
7916391
7916903
7917415
7917927
7918439
7918951
7914344
7914856
7915368
7915880
7916392
7916904
7917416
7917928
7918440
7918952
39740855
39741367
39741879
39742391
39742903
39743415
39743927
39744439
39744951
39745463
39740856
39741368
39741880
39742392
39742904
39743416
39743928
39744440
39744952
39745464
39740857
39741369
39741881
39742393
39742905
39743417
39743929
39744441
39744953
39745465
39740858
39741370
39741882
39742394
39742906
39743418
39743930
39744442
39744954
39745466
39740859
39741371
39741883
39742395
39742907
39743419
39743931
39744443
39744955
39745467
39740860
39741372
39741884
39742396
39742908
39743420
39743932
39744444
39744956
39745468
39740861
39741373
39741885
39742397
39742909
39743421
39743933
39744445
39744957
39745469
39740862
39741374
39741886
39742398
39742910
39743422
39743934
39744446
39744958
39745470
39740863
39741375
39741887
39742399
39742911
39743423
39743935
39744447
39744959
39745471
39740864
39741376
39741888
39742400
39742912
39743424
39743936
39744448
39744960
39745472
4375331
4375843
4376355
4376867
4377379
4377891
4378403
4378915
4379427
4379939
4375332
4375844
4376356
4376868
4377380
4377892
4378404
4378916
4379428
4379940
4375333
4375845
4376357
4376869
4377381
4377893
4378405
4378917
4379429
4379941
4375334
4375846
4376358
4376870
4377382
4377894
4378406
4378918
4379430
4379942
4375335
4375847
4376359
4376871
4377383
4377895
4378407
4378919
4379431
4379943
4375336
4375848
4376360
4376872
4377384
4377896
4378408
4378920
4379432
4379944
4375337
4375849
4376361
4376873
4377385
4377897
4378409
4378921
4379433
4379945
4375338
4375850
4376362
4376874
4377386
4377898
4378410
4378922
4379434
4379946
4375339
4375851
4376363
4376875
4377387
4377899
4378411
4378923
4379435
4379947
4375340
4375852
4376364
4376876
4377388
4377900
4378412
4378924
4379436
4379948
3063213
3063725
3064237
3064749
3065261
3065773
3066285
3066797
3067309
3067821
3063214
3063726
3064238
3064750
3065262
3065774
3066286
3066798
3067310
3067822
3063215
3063727
3064239
3064751
3065263
3065775
3066287
3066799
3067311
3067823
3063216
3063728
3064240
3064752
3065264
3065776
3066288
3066800
3067312
3067824
3063217
3063729
3064241
3064753
3065265
3065777
3066289
3066801
3067313
3067825
3063218
3063730
3064242
3064754
3065266
3065778
3066290
3066802
3067314
3067826
3063219
3063731
3064243
3064755
3065267
3065779
3066291
3066803
3067315
3067827
3063220
3063732
3064244
3064756
3065268
3065780
3066292
3066804
3067316
3067828
3063221
3063733
3064245
3064757
3065269
3065781
3066293
3066805
3067317
3067829
3063222
3063734
3064246
3064758
3065270
3065782
3066294
3066806
3067318
3067830
3228810
3229322
3229834
3230346
3230858
3231370
3231882
3232394
3232906
3233418
3228811
3229323
3229835
3230347
3230859
3231371
3231883
3232395
3232907
3233419
3228812
3229324
3229836
3230348
3230860
3231372
3231884
3232396
3232908
3233420
3228813
3229325
3229837
3230349
3230861
3231373
3231885
3232397
3232909
3233421
3228814
3229326
3229838
3230350
3230862
3231374
3231886
3232398
3232910
3233422
3228815
3229327
3229839
3230351
3230863
3231375
3231887
3232399
3232911
3233423
3228816
3229328
3229840
3230352
3230864
3231376
3231888
3232400
3232912
3233424
3228817
3229329
3229841
3230353
3230865
3231377
3231889
3232401
3232913
3233425
3228818
3229330
3229842
3230354
3230866
3231378
3231890
3232402
3232914
3233426
3228819
3229331
3229843
3230355
3230867
3231379
3231891
3232403
3232915
3233427
14780686
14781198
14781710
14782222
14782734
14783246
14783758
14784270
14784782
14785294
14780687
14781199
14781711
14782223
14782735
14783247
14783759
14784271
14784783
14785295
14780688
14781200
14781712
14782224
14782736
14783248
14783760
14784272
14784784
14785296
14780689
14781201
14781713
14782225
14782737
14783249
14783761
14784273
14784785
14785297
14780690
14781202
14781714
14782226
14782738
14783250
14783762
14784274
14784786
14785298
14780691
14781203
14781715
14782227
14782739
14783251
14783763
14784275
14784787
14785299
14780692
14781204
14781716
14782228
14782740
14783252
14783764
14784276
14784788
14785300
14780693
14781205
14781717
14782229
14782741
14783253
14783765
14784277
14784789
14785301
14780694
14781206
14781718
14782230
14782742
14783254
14783766
14784278
14784790
14785302
14780695
14781207
14781719
14782231
14782743
14783255
14783767
14784279
14784791
14785303
15584855
15585367
15585879
15586391
15586903
15587415
15587927
15588439
15588951
15589463
15584856
15585368
15585880
15586392
15586904
15587416
15587928
15588440
15588952
15589464
15584857
15585369
15585881
15586393
15586905
15587417
15587929
15588441
15588953
15589465
15584858
15585370
15585882
15586394
15586906
15587418
15587930
15588442
15588954
15589466
15584859
15585371
15585883
15586395
15586907
15587419
15587931
15588443
15588955
15589467
15584860
15585372
15585884
15586396
15586908
15587420
15587932
15588444
15588956
15589468
15584861
15585373
15585885
15586397
15586909
15587421
15587933
15588445
15588957
15589469
15584862
15585374
15585886
15586398
15586910
15587422
15587934
15588446
15588958
15589470
15584863
15585375
15585887
15586399
15586911
15587423
15587935
15588447
15588959
15589471
15584864
15585376
15585888
15586400
15586912
15587424
15587936
15588448
15588960
15589472
34457955
34458467
34458979
34459491
34460003
34460515
34461027
34461539
34462051
34462563
34457956
34458468
34458980
34459492
34460004
34460516
34461028
34461540
34462052
34462564
34457957
34458469
34458981
34459493
34460005
34460517
34461029
34461541
34462053
34462565
34457958
34458470
34458982
34459494
34460006
34460518
34461030
34461542
34462054
34462566
34457959
34458471
34458983
34459495
34460007
34460519
34461031
34461543
34462055
34462567
34457960
34458472
34458984
34459496
34460008
34460520
34461032
34461544
34462056
34462568
34457961
34458473
34458985
34459497
34460009
34460521
34461033
34461545
34462057
34462569
34457962
34458474
34458986
34459498
34460010
34460522
34461034
34461546
34462058
34462570
34457963
34458475
34458987
34459499
34460011
34460523
34461035
34461547
34462059
34462571
34457964
34458476
34458988
34459500
34460012
34460524
34461036
34461548
34462060
34462572
26277295
26277807
26278319
26278831
26279343
26279855
26280367
26280879
26281391
26281903
26277296
26277808
26278320
26278832
26279344
26279856
26280368
26280880
26281392
26281904
26277297
26277809
26278321
26278833
26279345
26279857
26280369
26280881
26281393
26281905
26277298
26277810
26278322
26278834
26279346
26279858
26280370
26280882
26281394
26281906
26277299
26277811
26278323
26278835
26279347
26279859
26280371
26280883
26281395
26281907
26277300
26277812
26278324
26278836
26279348
26279860
26280372
26280884
26281396
26281908
26277301
26277813
26278325
26278837
26279349
26279861
26280373
26280885
26281397
26281909
26277302
26277814
26278326
26278838
26279350
26279862
26280374
26280886
26281398
26281910
26277303
26277815
26278327
26278839
26279351
26279863
26280375
26280887
26281399
26281911
26277304
26277816
26278328
26278840
26279352
26279864
26280376
26280888
26281400
26281912
17680514
17681026
17681538
17682050
17682562
17683074
17683586
17684098
17684610
17685122
17680515
17681027
17681539
17682051
17682563
17683075
17683587
17684099
17684611
17685123
17680516
17681028
17681540
17682052
17682564
17683076
17683588
17684100
17684612
17685124
17680517
17681029
17681541
17682053
17682565
17683077
17683589
17684101
17684613
17685125
17680518
17681030
17681542
17682054
17682566
17683078
17683590
17684102
17684614
17685126
17680519
17681031
17681543
17682055
17682567
17683079
17683591
17684103
17684615
17685127
17680520
17681032
17681544
17682056
17682568
17683080
17683592
17684104
17684616
17685128
17680521
17681033
17681545
17682057
17682569
17683081
17683593
17684105
17684617
17685129
17680522
17681034
17681546
17682058
17682570
17683082
17683594
17684106
17684618
17685130
17680523
17681035
17681547
17682059
17682571
17683083
17683595
17684107
17684619
17685131
28167762
28168274
28168786
28169298
28169810
28170322
28170834
28171346
28171858
28172370
28167763
28168275
28168787
28169299
28169811
28170323
28170835
28171347
28171859
28172371
28167764
28168276
28168788
28169300
28169812
28170324
28170836
28171348
28171860
28172372
28167765
28168277
28168789
28169301
28169813
28170325
28170837
28171349
28171861
28172373
28167766
28168278
28168790
28169302
28169814
28170326
28170838
28171350
28171862
28172374
28167767
28168279
28168791
28169303
28169815
28170327
28170839
28171351
28171863
28172375
28167768
28168280
28168792
28169304
28169816
28170328
28170840
28171352
28171864
28172376
28167769
28168281
28168793
28169305
28169817
28170329
28170841
28171353
28171865
28172377
28167770
28168282
28168794
28169306
28169818
28170330
28170842
28171354
28171866
28172378
28167771
28168283
28168795
28169307
28169819
28170331
28170843
28171355
28171867
28172379
35869121
35869633
35870145
35870657
35871169
35871681
35872193
35872705
35873217
35873729
35869122
35869634
35870146
35870658
35871170
35871682
35872194
35872706
35873218
35873730
35869123
35869635
35870147
35870659
35871171
35871683
35872195
35872707
35873219
35873731
35869124
35869636
35870148
35870660
35871172
35871684
35872196
35872708
35873220
35873732
35869125
35869637
35870149
35870661
35871173
35871685
35872197
35872709
35873221
35873733
35869126
35869638
35870150
35870662
35871174
35871686
35872198
35872710
35873222
35873734
35869127
35869639
35870151
35870663
35871175
35871687
35872199
35872711
35873223
35873735
35869128
35869640
35870152
35870664
35871176
35871688
35872200
35872712
35873224
35873736
35869129
35869641
35870153
35870665
35871177
35871689
35872201
35872713
35873225
35873737
35869130
35869642
35870154
35870666
35871178
35871690
35872202
35872714
35873226
35873738
34212212
34212724
34213236
34213748
34214260
34214772
34215284
34215796
34216308
34216820
34212213
34212725
34213237
34213749
34214261
34214773
34215285
34215797
34216309
34216821
34212214
34212726
34213238
34213750
34214262
34214774
34215286
34215798
34216310
34216822
34212215
34212727
34213239
34213751
34214263
34214775
34215287
34215799
34216311
34216823
34212216
34212728
34213240
34213752
34214264
34214776
34215288
34215800
34216312
34216824
34212217
34212729
34213241
34213753
34214265
34214777
34215289
34215801
34216313
34216825
34212218
34212730
34213242
34213754
34214266
34214778
34215290
34215802
34216314
34216826
34212219
34212731
34213243
34213755
34214267
34214779
34215291
34215803
34216315
34216827
34212220
34212732
34213244
34213756
34214268
34214780
34215292
34215804
34216316
34216828
34212221
34212733
34213245
34213757
34214269
34214781
34215293
34215805
34216317
34216829
30963016
30963528
30964040
30964552
30965064
30965576
30966088
30966600
30967112
30967624
30963017
30963529
30964041
30964553
30965065
30965577
30966089
30966601
30967113
30967625
30963018
30963530
30964042
30964554
30965066
30965578
30966090
30966602
30967114
30967626
30963019
30963531
30964043
30964555
30965067
30965579
30966091
30966603
30967115
30967627
30963020
30963532
30964044
30964556
30965068
30965580
30966092
30966604
30967116
30967628
30963021
30963533
30964045
30964557
30965069
30965581
30966093
30966605
30967117
30967629
30963022
30963534
30964046
30964558
30965070
30965582
30966094
30966606
30967118
30967630
30963023
30963535
30964047
30964559
30965071
30965583
30966095
30966607
30967119
30967631
30963024
30963536
30964048
30964560
30965072
30965584
30966096
30966608
30967120
30967632
30963025
30963537
30964049
30964561
30965073
30965585
30966097
30966609
30967121
30967633
24360169
24360681
24361193
24361705
24362217
24362729
24363241
24363753
24364265
24364777
24360170
24360682
24361194
24361706
24362218
24362730
24363242
24363754
24364266
24364778
24360171
24360683
24361195
24361707
24362219
24362731
24363243
24363755
24364267
24364779
24360172
24360684
24361196
24361708
24362220
24362732
24363244
24363756
24364268
24364780
24360173
24360685
24361197
24361709
24362221
24362733
24363245
24363757
24364269
24364781
24360174
24360686
24361198
24361710
24362222
24362734
24363246
24363758
24364270
24364782
24360175
24360687
24361199
24361711
24362223
24362735
24363247
24363759
24364271
24364783
24360176
24360688
24361200
24361712
24362224
24362736
24363248
24363760
24364272
24364784
24360177
24360689
24361201
24361713
24362225
24362737
24363249
24363761
24364273
24364785
24360178
24360690
24361202
24361714
24362226
24362738
24363250
24363762
24364274
24364786
41614066
41614578
41615090
41615602
41616114
41616626
41617138
41617650
41618162
41618674
41614067
41614579
41615091
41615603
41616115
41616627
41617139
41617651
41618163
41618675
41614068
41614580
41615092
41615604
41616116
41616628
41617140
41617652
41618164
41618676
41614069
41614581
41615093
41615605
41616117
41616629
41617141
41617653
41618165
41618677
41614070
41614582
41615094
41615606
41616118
41616630
41617142
41617654
41618166
41618678
41614071
41614583
41615095
41615607
41616119
41616631
41617143
41617655
41618167
41618679
41614072
41614584
41615096
41615608
41616120
41616632
41617144
41617656
41618168
41618680
41614073
41614585
41615097
41615609
41616121
41616633
41617145
41617657
41618169
41618681
41614074
41614586
41615098
41615610
41616122
41616634
41617146
41617658
41618170
41618682
41614075
41614587
41615099
41615611
41616123
41616635
41617147
41617659
41618171
41618683
1695265
1695777
1696289
1696801
1697313
1697825
1698337
1698849
1699361
1699873
1695266
1695778
1696290
1696802
1697314
1697826
1698338
1698850
1699362
1699874
1695267
1695779
1696291
1696803
1697315
1697827
1698339
1698851
1699363
1699875
1695268
1695780
1696292
1696804
1697316
1697828
1698340
1698852
1699364
1699876
1695269
1695781
1696293
1696805
1697317
1697829
1698341
1698853
1699365
1699877
1695270
1695782
1696294
1696806
1697318
1697830
1698342
1698854
1699366
1699878
1695271
1695783
1696295
1696807
1697319
1697831
1698343
1698855
1699367
1699879
1695272
1695784
1696296
1696808
1697320
1697832
1698344
1698856
1699368
1699880
1695273
1695785
1696297
1696809
1697321
1697833
1698345
1698857
1699369
1699881
1695274
1695786
1696298
1696810
1697322
1697834
1698346
1698858
1699370
1699882
20122467
20122979
20123491
20124003
20124515
20125027
20125539
20126051
20126563
20127075
20122468
20122980
20123492
20124004
20124516
20125028
20125540
20126052
20126564
20127076
20122469
20122981
20123493
20124005
20124517
20125029
20125541
20126053
20126565
20127077
20122470
20122982
20123494
20124006
20124518
20125030
20125542
20126054
20126566
20127078
20122471
20122983
20123495
20124007
20124519
20125031
20125543
20126055
20126567
20127079
20122472
20122984
20123496
20124008
20124520
20125032
20125544
20126056
20126568
20127080
20122473
20122985
20123497
20124009
20124521
20125033
20125545
20126057
20126569
20127081
20122474
20122986
20123498
20124010
20124522
20125034
20125546
20126058
20126570
20127082
20122475
20122987
20123499
20124011
20124523
20125035
20125547
20126059
20126571
20127083
20122476
20122988
20123500
20124012
20124524
20125036
20125548
20126060
20126572
20127084
9566646
9567158
9567670
9568182
9568694
9569206
9569718
9570230
9570742
9571254
9566647
9567159
9567671
9568183
9568695
9569207
9569719
9570231
9570743
9571255
9566648
9567160
9567672
9568184
9568696
9569208
9569720
9570232
9570744
9571256
9566649
9567161
9567673
9568185
9568697
9569209
9569721
9570233
9570745
9571257
9566650
9567162
9567674
9568186
9568698
9569210
9569722
9570234
9570746
9571258
9566651
9567163
9567675
9568187
9568699
9569211
9569723
9570235
9570747
9571259
9566652
9567164
9567676
9568188
9568700
9569212
9569724
9570236
9570748
9571260
9566653
9567165
9567677
9568189
9568701
9569213
9569725
9570237
9570749
9571261
9566654
9567166
9567678
9568190
9568702
9569214
9569726
9570238
9570750
9571262
9566655
9567167
9567679
9568191
9568703
9569215
9569727
9570239
9570751
9571263
17216404
17216916
17217428
17217940
17218452
17218964
17219476
17219988
17220500
17221012
17216405
17216917
17217429
17217941
17218453
17218965
17219477
17219989
17220501
17221013
17216406
17216918
17217430
17217942
17218454
17218966
17219478
17219990
17220502
17221014
17216407
17216919
17217431
17217943
17218455
17218967
17219479
17219991
17220503
17221015
17216408
17216920
17217432
17217944
17218456
17218968
17219480
17219992
17220504
17221016
17216409
17216921
17217433
17217945
17218457
17218969
17219481
17219993
17220505
17221017
17216410
17216922
17217434
17217946
17218458
17218970
17219482
17219994
17220506
17221018
17216411
17216923
17217435
17217947
17218459
17218971
17219483
17219995
17220507
17221019
17216412
17216924
17217436
17217948
17218460
17218972
17219484
17219996
17220508
17221020
17216413
17216925
17217437
17217949
17218461
17218973
17219485
17219997
17220509
17221021
19899999
19900511
19901023
19901535
19902047
19902559
19903071
19903583
19904095
19904607
19900000
19900512
19901024
19901536
19902048
19902560
19903072
19903584
19904096
19904608
19900001
19900513
19901025
19901537
19902049
19902561
19903073
19903585
19904097
19904609
19900002
19900514
19901026
19901538
19902050
19902562
19903074
19903586
19904098
19904610
19900003
19900515
19901027
19901539
19902051
19902563
19903075
19903587
19904099
19904611
19900004
19900516
19901028
19901540
19902052
19902564
19903076
19903588
19904100
19904612
19900005
19900517
19901029
19901541
19902053
19902565
19903077
19903589
19904101
19904613
19900006
19900518
19901030
19901542
19902054
19902566
19903078
19903590
19904102
19904614
19900007
19900519
19901031
19901543
19902055
19902567
19903079
19903591
19904103
19904615
19900008
19900520
19901032
19901544
19902056
19902568
19903080
19903592
19904104
19904616
10905344
10905856
10906368
10906880
10907392
10907904
10908416
10908928
10909440
10909952
10905345
10905857
10906369
10906881
10907393
10907905
10908417
10908929
10909441
10909953
10905346
10905858
10906370
10906882
10907394
10907906
10908418
10908930
10909442
10909954
10905347
10905859
10906371
10906883
10907395
10907907
10908419
10908931
10909443
10909955
10905348
10905860
10906372
10906884
10907396
10907908
10908420
10908932
10909444
10909956
10905349
10905861
10906373
10906885
10907397
10907909
10908421
10908933
10909445
10909957
10905350
10905862
10906374
10906886
10907398
10907910
10908422
10908934
10909446
10909958
10905351
10905863
10906375
10906887
10907399
10907911
10908423
10908935
10909447
10909959
10905352
10905864
10906376
10906888
10907400
10907912
10908424
10908936
10909448
10909960
10905353
10905865
10906377
10906889
10907401
10907913
10908425
10908937
10909449
10909961
12839867
12840379
12840891
12841403
12841915
12842427
12842939
12843451
12843963
12844475
12839868
12840380
12840892
12841404
12841916
12842428
12842940
12843452
12843964
12844476
12839869
12840381
12840893
12841405
12841917
12842429
12842941
12843453
12843965
12844477
12839870
12840382
12840894
12841406
12841918
12842430
12842942
12843454
12843966
12844478
12839871
12840383
12840895
12841407
12841919
12842431
12842943
12843455
12843967
12844479
12839872
12840384
12840896
12841408
12841920
12842432
12842944
12843456
12843968
12844480
12839873
12840385
12840897
12841409
12841921
12842433
12842945
12843457
12843969
12844481
12839874
12840386
12840898
12841410
12841922
12842434
12842946
12843458
12843970
12844482
12839875
12840387
12840899
12841411
12841923
12842435
12842947
12843459
12843971
12844483
12839876
12840388
12840900
12841412
12841924
12842436
12842948
12843460
12843972
12844484
296233
296745
297257
297769
298281
298793
299305
299817
300329
300841
296234
296746
297258
297770
298282
298794
299306
299818
300330
300842
296235
296747
297259
297771
298283
298795
299307
299819
300331
300843
296236
296748
297260
297772
298284
298796
299308
299820
300332
300844
296237
296749
297261
297773
298285
298797
299309
299821
300333
300845
296238
296750
297262
297774
298286
298798
299310
299822
300334
300846
296239
296751
297263
297775
298287
298799
299311
299823
300335
300847
296240
296752
297264
297776
298288
298800
299312
299824
300336
300848
296241
296753
297265
297777
298289
298801
299313
299825
300337
300849
296242
296754
297266
297778
298290
298802
299314
299826
300338
300850
34504178
34504690
34505202
34505714
34506226
34506738
34507250
34507762
34508274
34508786
34504179
34504691
34505203
34505715
34506227
34506739
34507251
34507763
34508275
34508787
34504180
34504692
34505204
34505716
34506228
34506740
34507252
34507764
34508276
34508788
34504181
34504693
34505205
34505717
34506229
34506741
34507253
34507765
34508277
34508789
34504182
34504694
34505206
34505718
34506230
34506742
34507254
34507766
34508278
34508790
34504183
34504695
34505207
34505719
34506231
34506743
34507255
34507767
34508279
34508791
34504184
34504696
34505208
34505720
34506232
34506744
34507256
34507768
34508280
34508792
34504185
34504697
34505209
34505721
34506233
34506745
34507257
34507769
34508281
34508793
34504186
34504698
34505210
34505722
34506234
34506746
34507258
34507770
34508282
34508794
34504187
34504699
34505211
34505723
34506235
34506747
34507259
34507771
34508283
34508795
20895289
20895801
20896313
20896825
20897337
20897849
20898361
20898873
20899385
20899897
20895290
20895802
20896314
20896826
20897338
20897850
20898362
20898874
20899386
20899898
20895291
20895803
20896315
20896827
20897339
20897851
20898363
20898875
20899387
20899899
20895292
20895804
20896316
20896828
20897340
20897852
20898364
20898876
20899388
20899900
20895293
20895805
20896317
20896829
20897341
20897853
20898365
20898877
20899389
20899901
20895294
20895806
20896318
20896830
20897342
20897854
20898366
20898878
20899390
20899902
20895295
20895807
20896319
20896831
20897343
20897855
20898367
20898879
20899391
20899903
20895296
20895808
20896320
20896832
20897344
20897856
20898368
20898880
20899392
20899904
20895297
20895809
20896321
20896833
20897345
20897857
20898369
20898881
20899393
20899905
20895298
20895810
20896322
20896834
20897346
20897858
20898370
20898882
20899394
20899906
17474070
17474582
17475094
17475606
17476118
17476630
17477142
17477654
17478166
17478678
17474071
17474583
17475095
17475607
17476119
17476631
17477143
17477655
17478167
17478679
17474072
17474584
17475096
17475608
17476120
17476632
17477144
17477656
17478168
17478680
17474073
17474585
17475097
17475609
17476121
17476633
17477145
17477657
17478169
17478681
17474074
17474586
17475098
17475610
17476122
17476634
17477146
17477658
17478170
17478682
17474075
17474587
17475099
17475611
17476123
17476635
17477147
17477659
17478171
17478683
17474076
17474588
17475100
17475612
17476124
17476636
17477148
17477660
17478172
17478684
17474077
17474589
17475101
17475613
17476125
17476637
17477149
17477661
17478173
17478685
17474078
17474590
17475102
17475614
17476126
17476638
17477150
17477662
17478174
17478686
17474079
17474591
17475103
17475615
17476127
17476639
17477151
17477663
17478175
17478687
37940076
37940588
37941100
37941612
37942124
37942636
37943148
37943660
37944172
37944684
37940077
37940589
37941101
37941613
37942125
37942637
37943149
37943661
37944173
37944685
37940078
37940590
37941102
37941614
37942126
37942638
37943150
37943662
37944174
37944686
37940079
37940591
37941103
37941615
37942127
37942639
37943151
37943663
37944175
37944687
37940080
37940592
37941104
37941616
37942128
37942640
37943152
37943664
37944176
37944688
37940081
37940593
37941105
37941617
37942129
37942641
37943153
37943665
37944177
37944689
37940082
37940594
37941106
37941618
37942130
37942642
37943154
37943666
37944178
37944690
37940083
37940595
37941107
37941619
37942131
37942643
37943155
37943667
37944179
37944691
37940084
37940596
37941108
37941620
37942132
37942644
37943156
37943668
37944180
37944692
37940085
37940597
37941109
37941621
37942133
37942645
37943157
37943669
37944181
37944693
