2299632
2300144
2300656
2301168
2301680
2302192
2302704
2303216
2303728
2304240
2299633
2300145
2300657
2301169
2301681
2302193
2302705
2303217
2303729
2304241
2299634
2300146
2300658
2301170
2301682
2302194
2302706
2303218
2303730
2304242
2299635
2300147
2300659
2301171
2301683
2302195
2302707
2303219
2303731
2304243
2299636
2300148
2300660
2301172
2301684
2302196
2302708
2303220
2303732
2304244
2299637
2300149
2300661
2301173
2301685
2302197
2302709
2303221
2303733
2304245
2299638
2300150
2300662
2301174
2301686
2302198
2302710
2303222
2303734
2304246
2299639
2300151
2300663
2301175
2301687
2302199
2302711
2303223
2303735
2304247
2299640
2300152
2300664
2301176
2301688
2302200
2302712
2303224
2303736
2304248
2299641
2300153
2300665
2301177
2301689
2302201
2302713
2303225
2303737
2304249
15573318
15573830
15574342
15574854
15575366
15575878
15576390
15576902
15577414
15577926
15573319
15573831
15574343
15574855
15575367
15575879
15576391
15576903
15577415
15577927
15573320
15573832
15574344
15574856
15575368
15575880
15576392
15576904
15577416
15577928
15573321
15573833
15574345
15574857
15575369
15575881
15576393
15576905
15577417
15577929
15573322
15573834
15574346
15574858
15575370
15575882
15576394
15576906
15577418
15577930
15573323
15573835
15574347
15574859
15575371
15575883
15576395
15576907
15577419
15577931
15573324
15573836
15574348
15574860
15575372
15575884
15576396
15576908
15577420
15577932
15573325
15573837
15574349
15574861
15575373
15575885
15576397
15576909
15577421
15577933
15573326
15573838
15574350
15574862
15575374
15575886
15576398
15576910
15577422
15577934
15573327
15573839
15574351
15574863
15575375
15575887
15576399
15576911
15577423
15577935
18502190
18502702
18503214
18503726
18504238
18504750
18505262
18505774
18506286
18506798
18502191
18502703
18503215
18503727
18504239
18504751
18505263
18505775
18506287
18506799
18502192
18502704
18503216
18503728
18504240
18504752
18505264
18505776
18506288
18506800
18502193
18502705
18503217
18503729
18504241
18504753
18505265
18505777
18506289
18506801
18502194
18502706
18503218
18503730
18504242
18504754
18505266
18505778
18506290
18506802
18502195
18502707
18503219
18503731
18504243
18504755
18505267
18505779
18506291
18506803
18502196
18502708
18503220
18503732
18504244
18504756
18505268
18505780
18506292
18506804
18502197
18502709
18503221
18503733
18504245
18504757
18505269
18505781
18506293
18506805
18502198
18502710
18503222
18503734
18504246
18504758
18505270
18505782
18506294
18506806
18502199
18502711
18503223
18503735
18504247
18504759
18505271
18505783
18506295
18506807
29915015
29915527
29916039
29916551
29917063
29917575
29918087
29918599
29919111
29919623
29915016
29915528
29916040
29916552
29917064
29917576
29918088
29918600
29919112
29919624
29915017
29915529
29916041
29916553
29917065
29917577
29918089
29918601
29919113
29919625
29915018
29915530
29916042
29916554
29917066
29917578
29918090
29918602
29919114
29919626
29915019
29915531
29916043
29916555
29917067
29917579
29918091
29918603
29919115
29919627
29915020
29915532
29916044
29916556
29917068
29917580
29918092
29918604
29919116
29919628
29915021
29915533
29916045
29916557
29917069
29917581
29918093
29918605
29919117
29919629
29915022
29915534
29916046
29916558
29917070
29917582
29918094
29918606
29919118
29919630
29915023
29915535
29916047
29916559
29917071
29917583
29918095
29918607
29919119
29919631
29915024
29915536
29916048
29916560
29917072
29917584
29918096
29918608
29919120
29919632
1056995
1057507
1058019
1058531
1059043
1059555
1060067
1060579
1061091
1061603
1056996
1057508
1058020
1058532
1059044
1059556
1060068
1060580
1061092
1061604
1056997
1057509
1058021
1058533
1059045
1059557
1060069
1060581
1061093
1061605
1056998
1057510
1058022
1058534
1059046
1059558
1060070
1060582
1061094
1061606
1056999
1057511
1058023
1058535
1059047
1059559
1060071
1060583
1061095
1061607
1057000
1057512
1058024
1058536
1059048
1059560
1060072
1060584
1061096
1061608
1057001
1057513
1058025
1058537
1059049
1059561
1060073
1060585
1061097
1061609
1057002
1057514
1058026
1058538
1059050
1059562
1060074
1060586
1061098
1061610
1057003
1057515
1058027
1058539
1059051
1059563
1060075
1060587
1061099
1061611
1057004
1057516
1058028
1058540
1059052
1059564
1060076
1060588
1061100
1061612
33317720
33318232
33318744
33319256
33319768
33320280
33320792
33321304
33321816
33322328
33317721
33318233
33318745
33319257
33319769
33320281
33320793
33321305
33321817
33322329
33317722
33318234
33318746
33319258
33319770
33320282
33320794
33321306
33321818
33322330
33317723
33318235
33318747
33319259
33319771
33320283
33320795
33321307
33321819
33322331
33317724
33318236
33318748
33319260
33319772
33320284
33320796
33321308
33321820
33322332
33317725
33318237
33318749
33319261
33319773
33320285
33320797
33321309
33321821
33322333
33317726
33318238
33318750
33319262
33319774
33320286
33320798
33321310
33321822
33322334
33317727
33318239
33318751
33319263
33319775
33320287
33320799
33321311
33321823
33322335
33317728
33318240
33318752
33319264
33319776
33320288
33320800
33321312
33321824
33322336
33317729
33318241
33318753
33319265
33319777
33320289
33320801
33321313
33321825
33322337
6360190
6360702
6361214
6361726
6362238
6362750
6363262
6363774
6364286
6364798
6360191
6360703
6361215
6361727
6362239
6362751
6363263
6363775
6364287
6364799
6360192
6360704
6361216
6361728
6362240
6362752
6363264
6363776
6364288
6364800
6360193
6360705
6361217
6361729
6362241
6362753
6363265
6363777
6364289
6364801
6360194
6360706
6361218
6361730
6362242
6362754
6363266
6363778
6364290
6364802
6360195
6360707
6361219
6361731
6362243
6362755
6363267
6363779
6364291
6364803
6360196
6360708
6361220
6361732
6362244
6362756
6363268
6363780
6364292
6364804
6360197
6360709
6361221
6361733
6362245
6362757
6363269
6363781
6364293
6364805
6360198
6360710
6361222
6361734
6362246
6362758
6363270
6363782
6364294
6364806
6360199
6360711
6361223
6361735
6362247
6362759
6363271
6363783
6364295
6364807
817543
818055
818567
819079
819591
820103
820615
821127
821639
822151
817544
818056
818568
819080
819592
820104
820616
821128
821640
822152
817545
818057
818569
819081
819593
820105
820617
821129
821641
822153
817546
818058
818570
819082
819594
820106
820618
821130
821642
822154
817547
818059
818571
819083
819595
820107
820619
821131
821643
822155
817548
818060
818572
819084
819596
820108
820620
821132
821644
822156
817549
818061
818573
819085
819597
820109
820621
821133
821645
822157
817550
818062
818574
819086
819598
820110
820622
821134
821646
822158
817551
818063
818575
819087
819599
820111
820623
821135
821647
822159
817552
818064
818576
819088
819600
820112
820624
821136
821648
822160
42399151
42399663
42400175
42400687
42401199
42401711
42402223
42402735
42403247
42403759
42399152
42399664
42400176
42400688
42401200
42401712
42402224
42402736
42403248
42403760
42399153
42399665
42400177
42400689
42401201
42401713
42402225
42402737
42403249
42403761
42399154
42399666
42400178
42400690
42401202
42401714
42402226
42402738
42403250
42403762
42399155
42399667
42400179
42400691
42401203
42401715
42402227
42402739
42403251
42403763
42399156
42399668
42400180
42400692
42401204
42401716
42402228
42402740
42403252
42403764
42399157
42399669
42400181
42400693
42401205
42401717
42402229
42402741
42403253
42403765
42399158
42399670
42400182
42400694
42401206
42401718
42402230
42402742
42403254
42403766
42399159
42399671
42400183
42400695
42401207
42401719
42402231
42402743
42403255
42403767
42399160
42399672
42400184
42400696
42401208
42401720
42402232
42402744
42403256
42403768
3985878
3986390
3986902
3987414
3987926
3988438
3988950
3989462
3989974
3990486
3985879
3986391
3986903
3987415
3987927
3988439
3988951
3989463
3989975
3990487
3985880
3986392
3986904
3987416
3987928
3988440
3988952
3989464
3989976
3990488
3985881
3986393
3986905
3987417
3987929
3988441
3988953
3989465
3989977
3990489
3985882
3986394
3986906
3987418
3987930
3988442
3988954
3989466
3989978
3990490
3985883
3986395
3986907
3987419
3987931
3988443
3988955
3989467
3989979
3990491
3985884
3986396
3986908
3987420
3987932
3988444
3988956
3989468
3989980
3990492
3985885
3986397
3986909
3987421
3987933
3988445
3988957
3989469
3989981
3990493
3985886
3986398
3986910
3987422
3987934
3988446
3988958
3989470
3989982
3990494
3985887
3986399
3986911
3987423
3987935
3988447
3988959
3989471
3989983
3990495
19192299
19192811
19193323
19193835
19194347
19194859
19195371
19195883
19196395
19196907
19192300
19192812
19193324
19193836
19194348
19194860
19195372
19195884
19196396
19196908
19192301
19192813
19193325
19193837
19194349
19194861
19195373
19195885
19196397
19196909
19192302
19192814
19193326
19193838
19194350
19194862
19195374
19195886
19196398
19196910
19192303
19192815
19193327
19193839
19194351
19194863
19195375
19195887
19196399
19196911
19192304
19192816
19193328
19193840
19194352
19194864
19195376
19195888
19196400
19196912
19192305
19192817
19193329
19193841
19194353
19194865
19195377
19195889
19196401
19196913
19192306
19192818
19193330
19193842
19194354
19194866
19195378
19195890
19196402
19196914
19192307
19192819
19193331
19193843
19194355
19194867
19195379
19195891
19196403
19196915
19192308
19192820
19193332
19193844
19194356
19194868
19195380
19195892
19196404
19196916
30695864
30696376
30696888
30697400
30697912
30698424
30698936
30699448
30699960
30700472
30695865
30696377
30696889
30697401
30697913
30698425
30698937
30699449
30699961
30700473
30695866
30696378
30696890
30697402
30697914
30698426
30698938
30699450
30699962
30700474
30695867
30696379
30696891
30697403
30697915
30698427
30698939
30699451
30699963
30700475
30695868
30696380
30696892
30697404
30697916
30698428
30698940
30699452
30699964
30700476
30695869
30696381
30696893
30697405
30697917
30698429
30698941
30699453
30699965
30700477
30695870
30696382
30696894
30697406
30697918
30698430
30698942
30699454
30699966
30700478
30695871
30696383
30696895
30697407
30697919
30698431
30698943
30699455
30699967
30700479
30695872
30696384
30696896
30697408
30697920
30698432
30698944
30699456
30699968
30700480
30695873
30696385
30696897
30697409
30697921
30698433
30698945
30699457
30699969
30700481
36730037
36730549
36731061
36731573
36732085
36732597
36733109
36733621
36734133
36734645
36730038
36730550
36731062
36731574
36732086
36732598
36733110
36733622
36734134
36734646
36730039
36730551
36731063
36731575
36732087
36732599
36733111
36733623
36734135
36734647
36730040
36730552
36731064
36731576
36732088
36732600
36733112
36733624
36734136
36734648
36730041
36730553
36731065
36731577
36732089
36732601
36733113
36733625
36734137
36734649
36730042
36730554
36731066
36731578
36732090
36732602
36733114
36733626
36734138
36734650
36730043
36730555
36731067
36731579
36732091
36732603
36733115
36733627
36734139
36734651
36730044
36730556
36731068
36731580
36732092
36732604
36733116
36733628
36734140
36734652
36730045
36730557
36731069
36731581
36732093
36732605
36733117
36733629
36734141
36734653
36730046
36730558
36731070
36731582
36732094
36732606
36733118
36733630
36734142
36734654
36914233
36914745
36915257
36915769
36916281
36916793
36917305
36917817
36918329
36918841
36914234
36914746
36915258
36915770
36916282
36916794
36917306
36917818
36918330
36918842
36914235
36914747
36915259
36915771
36916283
36916795
36917307
36917819
36918331
36918843
36914236
36914748
36915260
36915772
36916284
36916796
36917308
36917820
36918332
36918844
36914237
36914749
36915261
36915773
36916285
36916797
36917309
36917821
36918333
36918845
36914238
36914750
36915262
36915774
36916286
36916798
36917310
36917822
36918334
36918846
36914239
36914751
36915263
36915775
36916287
36916799
36917311
36917823
36918335
36918847
36914240
36914752
36915264
36915776
36916288
36916800
36917312
36917824
36918336
36918848
36914241
36914753
36915265
36915777
36916289
36916801
36917313
36917825
36918337
36918849
36914242
36914754
36915266
36915778
36916290
36916802
36917314
36917826
36918338
36918850
36866124
36866636
36867148
36867660
36868172
36868684
36869196
36869708
36870220
36870732
36866125
36866637
36867149
36867661
36868173
36868685
36869197
36869709
36870221
36870733
36866126
36866638
36867150
36867662
36868174
36868686
36869198
36869710
36870222
36870734
36866127
36866639
36867151
36867663
36868175
36868687
36869199
36869711
36870223
36870735
36866128
36866640
36867152
36867664
36868176
36868688
36869200
36869712
36870224
36870736
36866129
36866641
36867153
36867665
36868177
36868689
36869201
36869713
36870225
36870737
36866130
36866642
36867154
36867666
36868178
36868690
36869202
36869714
36870226
36870738
36866131
36866643
36867155
36867667
36868179
36868691
36869203
36869715
36870227
36870739
36866132
36866644
36867156
36867668
36868180
36868692
36869204
36869716
36870228
36870740
36866133
36866645
36867157
36867669
36868181
36868693
36869205
36869717
36870229
36870741
41271307
41271819
41272331
41272843
41273355
41273867
41274379
41274891
41275403
41275915
41271308
41271820
41272332
41272844
41273356
41273868
41274380
41274892
41275404
41275916
41271309
41271821
41272333
41272845
41273357
41273869
41274381
41274893
41275405
41275917
41271310
41271822
41272334
41272846
41273358
41273870
41274382
41274894
41275406
41275918
41271311
41271823
41272335
41272847
41273359
41273871
41274383
41274895
41275407
41275919
41271312
41271824
41272336
41272848
41273360
41273872
41274384
41274896
41275408
41275920
41271313
41271825
41272337
41272849
41273361
41273873
41274385
41274897
41275409
41275921
41271314
41271826
41272338
41272850
41273362
41273874
41274386
41274898
41275410
41275922
41271315
41271827
41272339
41272851
41273363
41273875
41274387
41274899
41275411
41275923
41271316
41271828
41272340
41272852
41273364
41273876
41274388
41274900
41275412
41275924
27048354
27048866
27049378
27049890
27050402
27050914
27051426
27051938
27052450
27052962
27048355
27048867
27049379
27049891
27050403
27050915
27051427
27051939
27052451
27052963
27048356
27048868
27049380
27049892
27050404
27050916
27051428
27051940
27052452
27052964
27048357
27048869
27049381
27049893
27050405
27050917
27051429
27051941
27052453
27052965
27048358
27048870
27049382
27049894
27050406
27050918
27051430
27051942
27052454
27052966
27048359
27048871
27049383
27049895
27050407
27050919
27051431
27051943
27052455
27052967
27048360
27048872
27049384
27049896
27050408
27050920
27051432
27051944
27052456
27052968
27048361
27048873
27049385
27049897
27050409
27050921
27051433
27051945
27052457
27052969
27048362
27048874
27049386
27049898
27050410
27050922
27051434
27051946
27052458
27052970
27048363
27048875
27049387
27049899
27050411
27050923
27051435
27051947
27052459
27052971
36602683
36603195
36603707
36604219
36604731
36605243
36605755
36606267
36606779
36607291
36602684
36603196
36603708
36604220
36604732
36605244
36605756
36606268
36606780
36607292
36602685
36603197
36603709
36604221
36604733
36605245
36605757
36606269
36606781
36607293
36602686
36603198
36603710
36604222
36604734
36605246
36605758
36606270
36606782
36607294
36602687
36603199
36603711
36604223
36604735
36605247
36605759
36606271
36606783
36607295
36602688
36603200
36603712
36604224
36604736
36605248
36605760
36606272
36606784
36607296
36602689
36603201
36603713
36604225
36604737
36605249
36605761
36606273
36606785
36607297
36602690
36603202
36603714
36604226
36604738
36605250
36605762
36606274
36606786
36607298
36602691
36603203
36603715
36604227
36604739
36605251
36605763
36606275
36606787
36607299
36602692
36603204
36603716
36604228
36604740
36605252
36605764
36606276
36606788
36607300
37435517
37436029
37436541
37437053
37437565
37438077
37438589
37439101
37439613
37440125
37435518
37436030
37436542
37437054
37437566
37438078
37438590
37439102
37439614
37440126
37435519
37436031
37436543
37437055
37437567
37438079
37438591
37439103
37439615
37440127
37435520
37436032
37436544
37437056
37437568
37438080
37438592
37439104
37439616
37440128
37435521
37436033
37436545
37437057
37437569
37438081
37438593
37439105
37439617
37440129
37435522
37436034
37436546
37437058
37437570
37438082
37438594
37439106
37439618
37440130
37435523
37436035
37436547
37437059
37437571
37438083
37438595
37439107
37439619
37440131
37435524
37436036
37436548
37437060
37437572
37438084
37438596
37439108
37439620
37440132
37435525
37436037
37436549
37437061
37437573
37438085
37438597
37439109
37439621
37440133
37435526
37436038
37436550
37437062
37437574
37438086
37438598
37439110
37439622
37440134
42557260
42557772
42558284
42558796
42559308
42559820
42560332
42560844
42561356
42561868
42557261
42557773
42558285
42558797
42559309
42559821
42560333
42560845
42561357
42561869
42557262
42557774
42558286
42558798
42559310
42559822
42560334
42560846
42561358
42561870
42557263
42557775
42558287
42558799
42559311
42559823
42560335
42560847
42561359
42561871
42557264
42557776
42558288
42558800
42559312
42559824
42560336
42560848
42561360
42561872
42557265
42557777
42558289
42558801
42559313
42559825
42560337
42560849
42561361
42561873
42557266
42557778
42558290
42558802
42559314
42559826
42560338
42560850
42561362
42561874
42557267
42557779
42558291
42558803
42559315
42559827
42560339
42560851
42561363
42561875
42557268
42557780
42558292
42558804
42559316
42559828
42560340
42560852
42561364
42561876
42557269
42557781
42558293
42558805
42559317
42559829
42560341
42560853
42561365
42561877
32224090
32224602
32225114
32225626
32226138
32226650
32227162
32227674
32228186
32228698
32224091
32224603
32225115
32225627
32226139
32226651
32227163
32227675
32228187
32228699
32224092
32224604
32225116
32225628
32226140
32226652
32227164
32227676
32228188
32228700
32224093
32224605
32225117
32225629
32226141
32226653
32227165
32227677
32228189
32228701
32224094
32224606
32225118
32225630
32226142
32226654
32227166
32227678
32228190
32228702
32224095
32224607
32225119
32225631
32226143
32226655
32227167
32227679
32228191
32228703
32224096
32224608
32225120
32225632
32226144
32226656
32227168
32227680
32228192
32228704
32224097
32224609
32225121
32225633
32226145
32226657
32227169
32227681
32228193
32228705
32224098
32224610
32225122
32225634
32226146
32226658
32227170
32227682
32228194
32228706
32224099
32224611
32225123
32225635
32226147
32226659
32227171
32227683
32228195
32228707
10982945
10983457
10983969
10984481
10984993
10985505
10986017
10986529
10987041
10987553
10982946
10983458
10983970
10984482
10984994
10985506
10986018
10986530
10987042
10987554
10982947
10983459
10983971
10984483
10984995
10985507
10986019
10986531
10987043
10987555
10982948
10983460
10983972
10984484
10984996
10985508
10986020
10986532
10987044
10987556
10982949
10983461
10983973
10984485
10984997
10985509
10986021
10986533
10987045
10987557
10982950
10983462
10983974
10984486
10984998
10985510
10986022
10986534
10987046
10987558
10982951
10983463
10983975
10984487
10984999
10985511
10986023
10986535
10987047
10987559
10982952
10983464
10983976
10984488
10985000
10985512
10986024
10986536
10987048
10987560
10982953
10983465
10983977
10984489
10985001
10985513
10986025
10986537
10987049
10987561
10982954
10983466
10983978
10984490
10985002
10985514
10986026
10986538
10987050
10987562
21088104
21088616
21089128
21089640
21090152
21090664
21091176
21091688
21092200
21092712
21088105
21088617
21089129
21089641
21090153
21090665
21091177
21091689
21092201
21092713
21088106
21088618
21089130
21089642
21090154
21090666
21091178
21091690
21092202
21092714
21088107
21088619
21089131
21089643
21090155
21090667
21091179
21091691
21092203
21092715
21088108
21088620
21089132
21089644
21090156
21090668
21091180
21091692
21092204
21092716
21088109
21088621
21089133
21089645
21090157
21090669
21091181
21091693
21092205
21092717
21088110
21088622
21089134
21089646
21090158
21090670
21091182
21091694
21092206
21092718
21088111
21088623
21089135
21089647
21090159
21090671
21091183
21091695
21092207
21092719
21088112
21088624
21089136
21089648
21090160
21090672
21091184
21091696
21092208
21092720
21088113
21088625
21089137
21089649
21090161
21090673
21091185
21091697
21092209
21092721
14419191
14419703
14420215
14420727
14421239
14421751
14422263
14422775
14423287
14423799
14419192
14419704
14420216
14420728
14421240
14421752
14422264
14422776
14423288
14423800
14419193
14419705
14420217
14420729
14421241
14421753
14422265
14422777
14423289
14423801
14419194
14419706
14420218
14420730
14421242
14421754
14422266
14422778
14423290
14423802
14419195
14419707
14420219
14420731
14421243
14421755
14422267
14422779
14423291
14423803
14419196
14419708
14420220
14420732
14421244
14421756
14422268
14422780
14423292
14423804
14419197
14419709
14420221
14420733
14421245
14421757
14422269
14422781
14423293
14423805
14419198
14419710
14420222
14420734
14421246
14421758
14422270
14422782
14423294
14423806
14419199
14419711
14420223
14420735
14421247
14421759
14422271
14422783
14423295
14423807
14419200
14419712
14420224
14420736
14421248
14421760
14422272
14422784
14423296
14423808
15812480
15812992
15813504
15814016
15814528
15815040
15815552
15816064
15816576
15817088
15812481
15812993
15813505
15814017
15814529
15815041
15815553
15816065
15816577
15817089
15812482
15812994
15813506
15814018
15814530
15815042
15815554
15816066
15816578
15817090
15812483
15812995
15813507
15814019
15814531
15815043
15815555
15816067
15816579
15817091
15812484
15812996
15813508
15814020
15814532
15815044
15815556
15816068
15816580
15817092
15812485
15812997
15813509
15814021
15814533
15815045
15815557
15816069
15816581
15817093
15812486
15812998
15813510
15814022
15814534
15815046
15815558
15816070
15816582
15817094
15812487
15812999
15813511
15814023
15814535
15815047
15815559
15816071
15816583
15817095
15812488
15813000
15813512
15814024
15814536
15815048
15815560
15816072
15816584
15817096
15812489
15813001
15813513
15814025
15814537
15815049
15815561
15816073
15816585
15817097
24148182
24148694
24149206
24149718
24150230
24150742
24151254
24151766
24152278
24152790
24148183
24148695
24149207
24149719
24150231
24150743
24151255
24151767
24152279
24152791
24148184
24148696
24149208
24149720
24150232
24150744
24151256
24151768
24152280
24152792
24148185
24148697
24149209
24149721
24150233
24150745
24151257
24151769
24152281
24152793
24148186
24148698
24149210
24149722
24150234
24150746
24151258
24151770
24152282
24152794
24148187
24148699
24149211
24149723
24150235
24150747
24151259
24151771
24152283
24152795
24148188
24148700
24149212
24149724
24150236
24150748
24151260
24151772
24152284
24152796
24148189
24148701
24149213
24149725
24150237
24150749
24151261
24151773
24152285
24152797
24148190
24148702
24149214
24149726
24150238
24150750
24151262
24151774
24152286
24152798
24148191
24148703
24149215
24149727
24150239
24150751
24151263
24151775
24152287
24152799
42552144
42552656
42553168
42553680
42554192
42554704
42555216
42555728
42556240
42556752
42552145
42552657
42553169
42553681
42554193
42554705
42555217
42555729
42556241
42556753
42552146
42552658
42553170
42553682
42554194
42554706
42555218
42555730
42556242
42556754
42552147
42552659
42553171
42553683
42554195
42554707
42555219
42555731
42556243
42556755
42552148
42552660
42553172
42553684
42554196
42554708
42555220
42555732
42556244
42556756
42552149
42552661
42553173
42553685
42554197
42554709
42555221
42555733
42556245
42556757
42552150
42552662
42553174
42553686
42554198
42554710
42555222
42555734
42556246
42556758
42552151
42552663
42553175
42553687
42554199
42554711
42555223
42555735
42556247
42556759
42552152
42552664
42553176
42553688
42554200
42554712
42555224
42555736
42556248
42556760
42552153
42552665
42553177
42553689
42554201
42554713
42555225
42555737
42556249
42556761
6407389
6407901
6408413
6408925
6409437
6409949
6410461
6410973
6411485
6411997
6407390
6407902
6408414
6408926
6409438
6409950
6410462
6410974
6411486
6411998
6407391
6407903
6408415
6408927
6409439
6409951
6410463
6410975
6411487
6411999
6407392
6407904
6408416
6408928
6409440
6409952
6410464
6410976
6411488
6412000
6407393
6407905
6408417
6408929
6409441
6409953
6410465
6410977
6411489
6412001
6407394
6407906
6408418
6408930
6409442
6409954
6410466
6410978
6411490
6412002
6407395
6407907
6408419
6408931
6409443
6409955
6410467
6410979
6411491
6412003
6407396
6407908
6408420
6408932
6409444
6409956
6410468
6410980
6411492
6412004
6407397
6407909
6408421
6408933
6409445
6409957
6410469
6410981
6411493
6412005
6407398
6407910
6408422
6408934
6409446
6409958
6410470
6410982
6411494
6412006
2104368
2104880
2105392
2105904
2106416
2106928
2107440
2107952
2108464
2108976
2104369
2104881
2105393
2105905
2106417
2106929
2107441
2107953
2108465
2108977
2104370
2104882
2105394
2105906
2106418
2106930
2107442
2107954
2108466
2108978
2104371
2104883
2105395
2105907
2106419
2106931
2107443
2107955
2108467
2108979
2104372
2104884
2105396
2105908
2106420
2106932
2107444
2107956
2108468
2108980
2104373
2104885
2105397
2105909
2106421
2106933
2107445
2107957
2108469
2108981
2104374
2104886
2105398
2105910
2106422
2106934
2107446
2107958
2108470
2108982
2104375
2104887
2105399
2105911
2106423
2106935
2107447
2107959
2108471
2108983
2104376
2104888
2105400
2105912
2106424
2106936
2107448
2107960
2108472
2108984
2104377
2104889
2105401
2105913
2106425
2106937
2107449
2107961
2108473
2108985
9832092
9832604
9833116
9833628
9834140
9834652
9835164
9835676
9836188
9836700
9832093
9832605
9833117
9833629
9834141
9834653
9835165
9835677
9836189
9836701
9832094
9832606
9833118
9833630
9834142
9834654
9835166
9835678
9836190
9836702
9832095
9832607
9833119
9833631
9834143
9834655
9835167
9835679
9836191
9836703
9832096
9832608
9833120
9833632
9834144
9834656
9835168
9835680
9836192
9836704
9832097
9832609
9833121
9833633
9834145
9834657
9835169
9835681
9836193
9836705
9832098
9832610
9833122
9833634
9834146
9834658
9835170
9835682
9836194
9836706
9832099
9832611
9833123
9833635
9834147
9834659
9835171
9835683
9836195
9836707
9832100
9832612
9833124
9833636
9834148
9834660
9835172
9835684
9836196
9836708
9832101
9832613
9833125
9833637
9834149
9834661
9835173
9835685
9836197
9836709
