29189291
29189803
29190315
29190827
29191339
29191851
29192363
29192875
29193387
29193899
29189292
29189804
29190316
29190828
29191340
29191852
29192364
29192876
29193388
29193900
29189293
29189805
29190317
29190829
29191341
29191853
29192365
29192877
29193389
29193901
29189294
29189806
29190318
29190830
29191342
29191854
29192366
29192878
29193390
29193902
29189295
29189807
29190319
29190831
29191343
29191855
29192367
29192879
29193391
29193903
29189296
29189808
29190320
29190832
29191344
29191856
29192368
29192880
29193392
29193904
29189297
29189809
29190321
29190833
29191345
29191857
29192369
29192881
29193393
29193905
29189298
29189810
29190322
29190834
29191346
29191858
29192370
29192882
29193394
29193906
29189299
29189811
29190323
29190835
29191347
29191859
29192371
29192883
29193395
29193907
29189300
29189812
29190324
29190836
29191348
29191860
29192372
29192884
29193396
29193908
23137005
23137517
23138029
23138541
23139053
23139565
23140077
23140589
23141101
23141613
23137006
23137518
23138030
23138542
23139054
23139566
23140078
23140590
23141102
23141614
23137007
23137519
23138031
23138543
23139055
23139567
23140079
23140591
23141103
23141615
23137008
23137520
23138032
23138544
23139056
23139568
23140080
23140592
23141104
23141616
23137009
23137521
23138033
23138545
23139057
23139569
23140081
23140593
23141105
23141617
23137010
23137522
23138034
23138546
23139058
23139570
23140082
23140594
23141106
23141618
23137011
23137523
23138035
23138547
23139059
23139571
23140083
23140595
23141107
23141619
23137012
23137524
23138036
23138548
23139060
23139572
23140084
23140596
23141108
23141620
23137013
23137525
23138037
23138549
23139061
23139573
23140085
23140597
23141109
23141621
23137014
23137526
23138038
23138550
23139062
23139574
23140086
23140598
23141110
23141622
37580067
37580579
37581091
37581603
37582115
37582627
37583139
37583651
37584163
37584675
37580068
37580580
37581092
37581604
37582116
37582628
37583140
37583652
37584164
37584676
37580069
37580581
37581093
37581605
37582117
37582629
37583141
37583653
37584165
37584677
37580070
37580582
37581094
37581606
37582118
37582630
37583142
37583654
37584166
37584678
37580071
37580583
37581095
37581607
37582119
37582631
37583143
37583655
37584167
37584679
37580072
37580584
37581096
37581608
37582120
37582632
37583144
37583656
37584168
37584680
37580073
37580585
37581097
37581609
37582121
37582633
37583145
37583657
37584169
37584681
37580074
37580586
37581098
37581610
37582122
37582634
37583146
37583658
37584170
37584682
37580075
37580587
37581099
37581611
37582123
37582635
37583147
37583659
37584171
37584683
37580076
37580588
37581100
37581612
37582124
37582636
37583148
37583660
37584172
37584684
35513086
35513598
35514110
35514622
35515134
35515646
35516158
35516670
35517182
35517694
35513087
35513599
35514111
35514623
35515135
35515647
35516159
35516671
35517183
35517695
35513088
35513600
35514112
35514624
35515136
35515648
35516160
35516672
35517184
35517696
35513089
35513601
35514113
35514625
35515137
35515649
35516161
35516673
35517185
35517697
35513090
35513602
35514114
35514626
35515138
35515650
35516162
35516674
35517186
35517698
35513091
35513603
35514115
35514627
35515139
35515651
35516163
35516675
35517187
35517699
35513092
35513604
35514116
35514628
35515140
35515652
35516164
35516676
35517188
35517700
35513093
35513605
35514117
35514629
35515141
35515653
35516165
35516677
35517189
35517701
35513094
35513606
35514118
35514630
35515142
35515654
35516166
35516678
35517190
35517702
35513095
35513607
35514119
35514631
35515143
35515655
35516167
35516679
35517191
35517703
28931330
28931842
28932354
28932866
28933378
28933890
28934402
28934914
28935426
28935938
28931331
28931843
28932355
28932867
28933379
28933891
28934403
28934915
28935427
28935939
28931332
28931844
28932356
28932868
28933380
28933892
28934404
28934916
28935428
28935940
28931333
28931845
28932357
28932869
28933381
28933893
28934405
28934917
28935429
28935941
28931334
28931846
28932358
28932870
28933382
28933894
28934406
28934918
28935430
28935942
28931335
28931847
28932359
28932871
28933383
28933895
28934407
28934919
28935431
28935943
28931336
28931848
28932360
28932872
28933384
28933896
28934408
28934920
28935432
28935944
28931337
28931849
28932361
28932873
28933385
28933897
28934409
28934921
28935433
28935945
28931338
28931850
28932362
28932874
28933386
28933898
28934410
28934922
28935434
28935946
28931339
28931851
28932363
28932875
28933387
28933899
28934411
28934923
28935435
28935947
24175383
24175895
24176407
24176919
24177431
24177943
24178455
24178967
24179479
24179991
24175384
24175896
24176408
24176920
24177432
24177944
24178456
24178968
24179480
24179992
24175385
24175897
24176409
24176921
24177433
24177945
24178457
24178969
24179481
24179993
24175386
24175898
24176410
24176922
24177434
24177946
24178458
24178970
24179482
24179994
24175387
24175899
24176411
24176923
24177435
24177947
24178459
24178971
24179483
24179995
24175388
24175900
24176412
24176924
24177436
24177948
24178460
24178972
24179484
24179996
24175389
24175901
24176413
24176925
24177437
24177949
24178461
24178973
24179485
24179997
24175390
24175902
24176414
24176926
24177438
24177950
24178462
24178974
24179486
24179998
24175391
24175903
24176415
24176927
24177439
24177951
24178463
24178975
24179487
24179999
24175392
24175904
24176416
24176928
24177440
24177952
24178464
24178976
24179488
24180000
33898298
33898810
33899322
33899834
33900346
33900858
33901370
33901882
33902394
33902906
33898299
33898811
33899323
33899835
33900347
33900859
33901371
33901883
33902395
33902907
33898300
33898812
33899324
33899836
33900348
33900860
33901372
33901884
33902396
33902908
33898301
33898813
33899325
33899837
33900349
33900861
33901373
33901885
33902397
33902909
33898302
33898814
33899326
33899838
33900350
33900862
33901374
33901886
33902398
33902910
33898303
33898815
33899327
33899839
33900351
33900863
33901375
33901887
33902399
33902911
33898304
33898816
33899328
33899840
33900352
33900864
33901376
33901888
33902400
33902912
33898305
33898817
33899329
33899841
33900353
33900865
33901377
33901889
33902401
33902913
33898306
33898818
33899330
33899842
33900354
33900866
33901378
33901890
33902402
33902914
33898307
33898819
33899331
33899843
33900355
33900867
33901379
33901891
33902403
33902915
30240061
30240573
30241085
30241597
30242109
30242621
30243133
30243645
30244157
30244669
30240062
30240574
30241086
30241598
30242110
30242622
30243134
30243646
30244158
30244670
30240063
30240575
30241087
30241599
30242111
30242623
30243135
30243647
30244159
30244671
30240064
30240576
30241088
30241600
30242112
30242624
30243136
30243648
30244160
30244672
30240065
30240577
30241089
30241601
30242113
30242625
30243137
30243649
30244161
30244673
30240066
30240578
30241090
30241602
30242114
30242626
30243138
30243650
30244162
30244674
30240067
30240579
30241091
30241603
30242115
30242627
30243139
30243651
30244163
30244675
30240068
30240580
30241092
30241604
30242116
30242628
30243140
30243652
30244164
30244676
30240069
30240581
30241093
30241605
30242117
30242629
30243141
30243653
30244165
30244677
30240070
30240582
30241094
30241606
30242118
30242630
30243142
30243654
30244166
30244678
28386494
28387006
28387518
28388030
28388542
28389054
28389566
28390078
28390590
28391102
28386495
28387007
28387519
28388031
28388543
28389055
28389567
28390079
28390591
28391103
28386496
28387008
28387520
28388032
28388544
28389056
28389568
28390080
28390592
28391104
28386497
28387009
28387521
28388033
28388545
28389057
28389569
28390081
28390593
28391105
28386498
28387010
28387522
28388034
28388546
28389058
28389570
28390082
28390594
28391106
28386499
28387011
28387523
28388035
28388547
28389059
28389571
28390083
28390595
28391107
28386500
28387012
28387524
28388036
28388548
28389060
28389572
28390084
28390596
28391108
28386501
28387013
28387525
28388037
28388549
28389061
28389573
28390085
28390597
28391109
28386502
28387014
28387526
28388038
28388550
28389062
28389574
28390086
28390598
28391110
28386503
28387015
28387527
28388039
28388551
28389063
28389575
28390087
28390599
28391111
28417735
28418247
28418759
28419271
28419783
28420295
28420807
28421319
28421831
28422343
28417736
28418248
28418760
28419272
28419784
28420296
28420808
28421320
28421832
28422344
28417737
28418249
28418761
28419273
28419785
28420297
28420809
28421321
28421833
28422345
28417738
28418250
28418762
28419274
28419786
28420298
28420810
28421322
28421834
28422346
28417739
28418251
28418763
28419275
28419787
28420299
28420811
28421323
28421835
28422347
28417740
28418252
28418764
28419276
28419788
28420300
28420812
28421324
28421836
28422348
28417741
28418253
28418765
28419277
28419789
28420301
28420813
28421325
28421837
28422349
28417742
28418254
28418766
28419278
28419790
28420302
28420814
28421326
28421838
28422350
28417743
28418255
28418767
28419279
28419791
28420303
28420815
28421327
28421839
28422351
28417744
28418256
28418768
28419280
28419792
28420304
28420816
28421328
28421840
28422352
34428239
34428751
34429263
34429775
34430287
34430799
34431311
34431823
34432335
34432847
34428240
34428752
34429264
34429776
34430288
34430800
34431312
34431824
34432336
34432848
34428241
34428753
34429265
34429777
34430289
34430801
34431313
34431825
34432337
34432849
34428242
34428754
34429266
34429778
34430290
34430802
34431314
34431826
34432338
34432850
34428243
34428755
34429267
34429779
34430291
34430803
34431315
34431827
34432339
34432851
34428244
34428756
34429268
34429780
34430292
34430804
34431316
34431828
34432340
34432852
34428245
34428757
34429269
34429781
34430293
34430805
34431317
34431829
34432341
34432853
34428246
34428758
34429270
34429782
34430294
34430806
34431318
34431830
34432342
34432854
34428247
34428759
34429271
34429783
34430295
34430807
34431319
34431831
34432343
34432855
34428248
34428760
34429272
34429784
34430296
34430808
34431320
34431832
34432344
34432856
34950418
34950930
34951442
34951954
34952466
34952978
34953490
34954002
34954514
34955026
34950419
34950931
34951443
34951955
34952467
34952979
34953491
34954003
34954515
34955027
34950420
34950932
34951444
34951956
34952468
34952980
34953492
34954004
34954516
34955028
34950421
34950933
34951445
34951957
34952469
34952981
34953493
34954005
34954517
34955029
34950422
34950934
34951446
34951958
34952470
34952982
34953494
34954006
34954518
34955030
34950423
34950935
34951447
34951959
34952471
34952983
34953495
34954007
34954519
34955031
34950424
34950936
34951448
34951960
34952472
34952984
34953496
34954008
34954520
34955032
34950425
34950937
34951449
34951961
34952473
34952985
34953497
34954009
34954521
34955033
34950426
34950938
34951450
34951962
34952474
34952986
34953498
34954010
34954522
34955034
34950427
34950939
34951451
34951963
34952475
34952987
34953499
34954011
34954523
34955035
32895151
32895663
32896175
32896687
32897199
32897711
32898223
32898735
32899247
32899759
32895152
32895664
32896176
32896688
32897200
32897712
32898224
32898736
32899248
32899760
32895153
32895665
32896177
32896689
32897201
32897713
32898225
32898737
32899249
32899761
32895154
32895666
32896178
32896690
32897202
32897714
32898226
32898738
32899250
32899762
32895155
32895667
32896179
32896691
32897203
32897715
32898227
32898739
32899251
32899763
32895156
32895668
32896180
32896692
32897204
32897716
32898228
32898740
32899252
32899764
32895157
32895669
32896181
32896693
32897205
32897717
32898229
32898741
32899253
32899765
32895158
32895670
32896182
32896694
32897206
32897718
32898230
32898742
32899254
32899766
32895159
32895671
32896183
32896695
32897207
32897719
32898231
32898743
32899255
32899767
32895160
32895672
32896184
32896696
32897208
32897720
32898232
32898744
32899256
32899768
33916207
33916719
33917231
33917743
33918255
33918767
33919279
33919791
33920303
33920815
33916208
33916720
33917232
33917744
33918256
33918768
33919280
33919792
33920304
33920816
33916209
33916721
33917233
33917745
33918257
33918769
33919281
33919793
33920305
33920817
33916210
33916722
33917234
33917746
33918258
33918770
33919282
33919794
33920306
33920818
33916211
33916723
33917235
33917747
33918259
33918771
33919283
33919795
33920307
33920819
33916212
33916724
33917236
33917748
33918260
33918772
33919284
33919796
33920308
33920820
33916213
33916725
33917237
33917749
33918261
33918773
33919285
33919797
33920309
33920821
33916214
33916726
33917238
33917750
33918262
33918774
33919286
33919798
33920310
33920822
33916215
33916727
33917239
33917751
33918263
33918775
33919287
33919799
33920311
33920823
33916216
33916728
33917240
33917752
33918264
33918776
33919288
33919800
33920312
33920824
33907943
33908455
33908967
33909479
33909991
33910503
33911015
33911527
33912039
33912551
33907944
33908456
33908968
33909480
33909992
33910504
33911016
33911528
33912040
33912552
33907945
33908457
33908969
33909481
33909993
33910505
33911017
33911529
33912041
33912553
33907946
33908458
33908970
33909482
33909994
33910506
33911018
33911530
33912042
33912554
33907947
33908459
33908971
33909483
33909995
33910507
33911019
33911531
33912043
33912555
33907948
33908460
33908972
33909484
33909996
33910508
33911020
33911532
33912044
33912556
33907949
33908461
33908973
33909485
33909997
33910509
33911021
33911533
33912045
33912557
33907950
33908462
33908974
33909486
33909998
33910510
33911022
33911534
33912046
33912558
33907951
33908463
33908975
33909487
33909999
33910511
33911023
33911535
33912047
33912559
33907952
33908464
33908976
33909488
33910000
33910512
33911024
33911536
33912048
33912560
34716876
34717388
34717900
34718412
34718924
34719436
34719948
34720460
34720972
34721484
34716877
34717389
34717901
34718413
34718925
34719437
34719949
34720461
34720973
34721485
34716878
34717390
34717902
34718414
34718926
34719438
34719950
34720462
34720974
34721486
34716879
34717391
34717903
34718415
34718927
34719439
34719951
34720463
34720975
34721487
34716880
34717392
34717904
34718416
34718928
34719440
34719952
34720464
34720976
34721488
34716881
34717393
34717905
34718417
34718929
34719441
34719953
34720465
34720977
34721489
34716882
34717394
34717906
34718418
34718930
34719442
34719954
34720466
34720978
34721490
34716883
34717395
34717907
34718419
34718931
34719443
34719955
34720467
34720979
34721491
34716884
34717396
34717908
34718420
34718932
34719444
34719956
34720468
34720980
34721492
34716885
34717397
34717909
34718421
34718933
34719445
34719957
34720469
34720981
34721493
33352493
33353005
33353517
33354029
33354541
33355053
33355565
33356077
33356589
33357101
33352494
33353006
33353518
33354030
33354542
33355054
33355566
33356078
33356590
33357102
33352495
33353007
33353519
33354031
33354543
33355055
33355567
33356079
33356591
33357103
33352496
33353008
33353520
33354032
33354544
33355056
33355568
33356080
33356592
33357104
33352497
33353009
33353521
33354033
33354545
33355057
33355569
33356081
33356593
33357105
33352498
33353010
33353522
33354034
33354546
33355058
33355570
33356082
33356594
33357106
33352499
33353011
33353523
33354035
33354547
33355059
33355571
33356083
33356595
33357107
33352500
33353012
33353524
33354036
33354548
33355060
33355572
33356084
33356596
33357108
33352501
33353013
33353525
33354037
33354549
33355061
33355573
33356085
33356597
33357109
33352502
33353014
33353526
33354038
33354550
33355062
33355574
33356086
33356598
33357110
21295359
21295871
21296383
21296895
21297407
21297919
21298431
21298943
21299455
21299967
21295360
21295872
21296384
21296896
21297408
21297920
21298432
21298944
21299456
21299968
21295361
21295873
21296385
21296897
21297409
21297921
21298433
21298945
21299457
21299969
21295362
21295874
21296386
21296898
21297410
21297922
21298434
21298946
21299458
21299970
21295363
21295875
21296387
21296899
21297411
21297923
21298435
21298947
21299459
21299971
21295364
21295876
21296388
21296900
21297412
21297924
21298436
21298948
21299460
21299972
21295365
21295877
21296389
21296901
21297413
21297925
21298437
21298949
21299461
21299973
21295366
21295878
21296390
21296902
21297414
21297926
21298438
21298950
21299462
21299974
21295367
21295879
21296391
21296903
21297415
21297927
21298439
21298951
21299463
21299975
21295368
21295880
21296392
21296904
21297416
21297928
21298440
21298952
21299464
21299976
27597555
27598067
27598579
27599091
27599603
27600115
27600627
27601139
27601651
27602163
27597556
27598068
27598580
27599092
27599604
27600116
27600628
27601140
27601652
27602164
27597557
27598069
27598581
27599093
27599605
27600117
27600629
27601141
27601653
27602165
27597558
27598070
27598582
27599094
27599606
27600118
27600630
27601142
27601654
27602166
27597559
27598071
27598583
27599095
27599607
27600119
27600631
27601143
27601655
27602167
27597560
27598072
27598584
27599096
27599608
27600120
27600632
27601144
27601656
27602168
27597561
27598073
27598585
27599097
27599609
27600121
27600633
27601145
27601657
27602169
27597562
27598074
27598586
27599098
27599610
27600122
27600634
27601146
27601658
27602170
27597563
27598075
27598587
27599099
27599611
27600123
27600635
27601147
27601659
27602171
27597564
27598076
27598588
27599100
27599612
27600124
27600636
27601148
27601660
27602172
29481137
29481649
29482161
29482673
29483185
29483697
29484209
29484721
29485233
29485745
29481138
29481650
29482162
29482674
29483186
29483698
29484210
29484722
29485234
29485746
29481139
29481651
29482163
29482675
29483187
29483699
29484211
29484723
29485235
29485747
29481140
29481652
29482164
29482676
29483188
29483700
29484212
29484724
29485236
29485748
29481141
29481653
29482165
29482677
29483189
29483701
29484213
29484725
29485237
29485749
29481142
29481654
29482166
29482678
29483190
29483702
29484214
29484726
29485238
29485750
29481143
29481655
29482167
29482679
29483191
29483703
29484215
29484727
29485239
29485751
29481144
29481656
29482168
29482680
29483192
29483704
29484216
29484728
29485240
29485752
29481145
29481657
29482169
29482681
29483193
29483705
29484217
29484729
29485241
29485753
29481146
29481658
29482170
29482682
29483194
29483706
29484218
29484730
29485242
29485754
33643836
33644348
33644860
33645372
33645884
33646396
33646908
33647420
33647932
33648444
33643837
33644349
33644861
33645373
33645885
33646397
33646909
33647421
33647933
33648445
33643838
33644350
33644862
33645374
33645886
33646398
33646910
33647422
33647934
33648446
33643839
33644351
33644863
33645375
33645887
33646399
33646911
33647423
33647935
33648447
33643840
33644352
33644864
33645376
33645888
33646400
33646912
33647424
33647936
33648448
33643841
33644353
33644865
33645377
33645889
33646401
33646913
33647425
33647937
33648449
33643842
33644354
33644866
33645378
33645890
33646402
33646914
33647426
33647938
33648450
33643843
33644355
33644867
33645379
33645891
33646403
33646915
33647427
33647939
33648451
33643844
33644356
33644868
33645380
33645892
33646404
33646916
33647428
33647940
33648452
33643845
33644357
33644869
33645381
33645893
33646405
33646917
33647429
33647941
33648453
38116545
38117057
38117569
38118081
38118593
38119105
38119617
38120129
38120641
38121153
38116546
38117058
38117570
38118082
38118594
38119106
38119618
38120130
38120642
38121154
38116547
38117059
38117571
38118083
38118595
38119107
38119619
38120131
38120643
38121155
38116548
38117060
38117572
38118084
38118596
38119108
38119620
38120132
38120644
38121156
38116549
38117061
38117573
38118085
38118597
38119109
38119621
38120133
38120645
38121157
38116550
38117062
38117574
38118086
38118598
38119110
38119622
38120134
38120646
38121158
38116551
38117063
38117575
38118087
38118599
38119111
38119623
38120135
38120647
38121159
38116552
38117064
38117576
38118088
38118600
38119112
38119624
38120136
38120648
38121160
38116553
38117065
38117577
38118089
38118601
38119113
38119625
38120137
38120649
38121161
38116554
38117066
38117578
38118090
38118602
38119114
38119626
38120138
38120650
38121162
40184532
40185044
40185556
40186068
40186580
40187092
40187604
40188116
40188628
40189140
40184533
40185045
40185557
40186069
40186581
40187093
40187605
40188117
40188629
40189141
40184534
40185046
40185558
40186070
40186582
40187094
40187606
40188118
40188630
40189142
40184535
40185047
40185559
40186071
40186583
40187095
40187607
40188119
40188631
40189143
40184536
40185048
40185560
40186072
40186584
40187096
40187608
40188120
40188632
40189144
40184537
40185049
40185561
40186073
40186585
40187097
40187609
40188121
40188633
40189145
40184538
40185050
40185562
40186074
40186586
40187098
40187610
40188122
40188634
40189146
40184539
40185051
40185563
40186075
40186587
40187099
40187611
40188123
40188635
40189147
40184540
40185052
40185564
40186076
40186588
40187100
40187612
40188124
40188636
40189148
40184541
40185053
40185565
40186077
40186589
40187101
40187613
40188125
40188637
40189149
23407398
23407910
23408422
23408934
23409446
23409958
23410470
23410982
23411494
23412006
23407399
23407911
23408423
23408935
23409447
23409959
23410471
23410983
23411495
23412007
23407400
23407912
23408424
23408936
23409448
23409960
23410472
23410984
23411496
23412008
23407401
23407913
23408425
23408937
23409449
23409961
23410473
23410985
23411497
23412009
23407402
23407914
23408426
23408938
23409450
23409962
23410474
23410986
23411498
23412010
23407403
23407915
23408427
23408939
23409451
23409963
23410475
23410987
23411499
23412011
23407404
23407916
23408428
23408940
23409452
23409964
23410476
23410988
23411500
23412012
23407405
23407917
23408429
23408941
23409453
23409965
23410477
23410989
23411501
23412013
23407406
23407918
23408430
23408942
23409454
23409966
23410478
23410990
23411502
23412014
23407407
23407919
23408431
23408943
23409455
23409967
23410479
23410991
23411503
23412015
38939367
38939879
38940391
38940903
38941415
38941927
38942439
38942951
38943463
38943975
38939368
38939880
38940392
38940904
38941416
38941928
38942440
38942952
38943464
38943976
38939369
38939881
38940393
38940905
38941417
38941929
38942441
38942953
38943465
38943977
38939370
38939882
38940394
38940906
38941418
38941930
38942442
38942954
38943466
38943978
38939371
38939883
38940395
38940907
38941419
38941931
38942443
38942955
38943467
38943979
38939372
38939884
38940396
38940908
38941420
38941932
38942444
38942956
38943468
38943980
38939373
38939885
38940397
38940909
38941421
38941933
38942445
38942957
38943469
38943981
38939374
38939886
38940398
38940910
38941422
38941934
38942446
38942958
38943470
38943982
38939375
38939887
38940399
38940911
38941423
38941935
38942447
38942959
38943471
38943983
38939376
38939888
38940400
38940912
38941424
38941936
38942448
38942960
38943472
38943984
34400465
34400977
34401489
34402001
34402513
34403025
34403537
34404049
34404561
34405073
34400466
34400978
34401490
34402002
34402514
34403026
34403538
34404050
34404562
34405074
34400467
34400979
34401491
34402003
34402515
34403027
34403539
34404051
34404563
34405075
34400468
34400980
34401492
34402004
34402516
34403028
34403540
34404052
34404564
34405076
34400469
34400981
34401493
34402005
34402517
34403029
34403541
34404053
34404565
34405077
34400470
34400982
34401494
34402006
34402518
34403030
34403542
34404054
34404566
34405078
34400471
34400983
34401495
34402007
34402519
34403031
34403543
34404055
34404567
34405079
34400472
34400984
34401496
34402008
34402520
34403032
34403544
34404056
34404568
34405080
34400473
34400985
34401497
34402009
34402521
34403033
34403545
34404057
34404569
34405081
34400474
34400986
34401498
34402010
34402522
34403034
34403546
34404058
34404570
34405082
33924290
33924802
33925314
33925826
33926338
33926850
33927362
33927874
33928386
33928898
33924291
33924803
33925315
33925827
33926339
33926851
33927363
33927875
33928387
33928899
33924292
33924804
33925316
33925828
33926340
33926852
33927364
33927876
33928388
33928900
33924293
33924805
33925317
33925829
33926341
33926853
33927365
33927877
33928389
33928901
33924294
33924806
33925318
33925830
33926342
33926854
33927366
33927878
33928390
33928902
33924295
33924807
33925319
33925831
33926343
33926855
33927367
33927879
33928391
33928903
33924296
33924808
33925320
33925832
33926344
33926856
33927368
33927880
33928392
33928904
33924297
33924809
33925321
33925833
33926345
33926857
33927369
33927881
33928393
33928905
33924298
33924810
33925322
33925834
33926346
33926858
33927370
33927882
33928394
33928906
33924299
33924811
33925323
33925835
33926347
33926859
33927371
33927883
33928395
33928907
17897732
17898244
17898756
17899268
17899780
17900292
17900804
17901316
17901828
17902340
17897733
17898245
17898757
17899269
17899781
17900293
17900805
17901317
17901829
17902341
17897734
17898246
17898758
17899270
17899782
17900294
17900806
17901318
17901830
17902342
17897735
17898247
17898759
17899271
17899783
17900295
17900807
17901319
17901831
17902343
17897736
17898248
17898760
17899272
17899784
17900296
17900808
17901320
17901832
17902344
17897737
17898249
17898761
17899273
17899785
17900297
17900809
17901321
17901833
17902345
17897738
17898250
17898762
17899274
17899786
17900298
17900810
17901322
17901834
17902346
17897739
17898251
17898763
17899275
17899787
17900299
17900811
17901323
17901835
17902347
17897740
17898252
17898764
17899276
17899788
17900300
17900812
17901324
17901836
17902348
17897741
17898253
17898765
17899277
17899789
17900301
17900813
17901325
17901837
17902349
33106238
33106750
33107262
33107774
33108286
33108798
33109310
33109822
33110334
33110846
33106239
33106751
33107263
33107775
33108287
33108799
33109311
33109823
33110335
33110847
33106240
33106752
33107264
33107776
33108288
33108800
33109312
33109824
33110336
33110848
33106241
33106753
33107265
33107777
33108289
33108801
33109313
33109825
33110337
33110849
33106242
33106754
33107266
33107778
33108290
33108802
33109314
33109826
33110338
33110850
33106243
33106755
33107267
33107779
33108291
33108803
33109315
33109827
33110339
33110851
33106244
33106756
33107268
33107780
33108292
33108804
33109316
33109828
33110340
33110852
33106245
33106757
33107269
33107781
33108293
33108805
33109317
33109829
33110341
33110853
33106246
33106758
33107270
33107782
33108294
33108806
33109318
33109830
33110342
33110854
33106247
33106759
33107271
33107783
33108295
33108807
33109319
33109831
33110343
33110855
35233038
35233550
35234062
35234574
35235086
35235598
35236110
35236622
35237134
35237646
35233039
35233551
35234063
35234575
35235087
35235599
35236111
35236623
35237135
35237647
35233040
35233552
35234064
35234576
35235088
35235600
35236112
35236624
35237136
35237648
35233041
35233553
35234065
35234577
35235089
35235601
35236113
35236625
35237137
35237649
35233042
35233554
35234066
35234578
35235090
35235602
35236114
35236626
35237138
35237650
35233043
35233555
35234067
35234579
35235091
35235603
35236115
35236627
35237139
35237651
35233044
35233556
35234068
35234580
35235092
35235604
35236116
35236628
35237140
35237652
35233045
35233557
35234069
35234581
35235093
35235605
35236117
35236629
35237141
35237653
35233046
35233558
35234070
35234582
35235094
35235606
35236118
35236630
35237142
35237654
35233047
35233559
35234071
35234583
35235095
35235607
35236119
35236631
35237143
35237655
