11087897
11088409
11088921
11089433
11089945
11090457
11090969
11091481
11091993
11092505
11087898
11088410
11088922
11089434
11089946
11090458
11090970
11091482
11091994
11092506
11087899
11088411
11088923
11089435
11089947
11090459
11090971
11091483
11091995
11092507
11087900
11088412
11088924
11089436
11089948
11090460
11090972
11091484
11091996
11092508
11087901
11088413
11088925
11089437
11089949
11090461
11090973
11091485
11091997
11092509
11087902
11088414
11088926
11089438
11089950
11090462
11090974
11091486
11091998
11092510
11087903
11088415
11088927
11089439
11089951
11090463
11090975
11091487
11091999
11092511
11087904
11088416
11088928
11089440
11089952
11090464
11090976
11091488
11092000
11092512
11087905
11088417
11088929
11089441
11089953
11090465
11090977
11091489
11092001
11092513
11087906
11088418
11088930
11089442
11089954
11090466
11090978
11091490
11092002
11092514
27206224
27206736
27207248
27207760
27208272
27208784
27209296
27209808
27210320
27210832
27206225
27206737
27207249
27207761
27208273
27208785
27209297
27209809
27210321
27210833
27206226
27206738
27207250
27207762
27208274
27208786
27209298
27209810
27210322
27210834
27206227
27206739
27207251
27207763
27208275
27208787
27209299
27209811
27210323
27210835
27206228
27206740
27207252
27207764
27208276
27208788
27209300
27209812
27210324
27210836
27206229
27206741
27207253
27207765
27208277
27208789
27209301
27209813
27210325
27210837
27206230
27206742
27207254
27207766
27208278
27208790
27209302
27209814
27210326
27210838
27206231
27206743
27207255
27207767
27208279
27208791
27209303
27209815
27210327
27210839
27206232
27206744
27207256
27207768
27208280
27208792
27209304
27209816
27210328
27210840
27206233
27206745
27207257
27207769
27208281
27208793
27209305
27209817
27210329
27210841
39245739
39246251
39246763
39247275
39247787
39248299
39248811
39249323
39249835
39250347
39245740
39246252
39246764
39247276
39247788
39248300
39248812
39249324
39249836
39250348
39245741
39246253
39246765
39247277
39247789
39248301
39248813
39249325
39249837
39250349
39245742
39246254
39246766
39247278
39247790
39248302
39248814
39249326
39249838
39250350
39245743
39246255
39246767
39247279
39247791
39248303
39248815
39249327
39249839
39250351
39245744
39246256
39246768
39247280
39247792
39248304
39248816
39249328
39249840
39250352
39245745
39246257
39246769
39247281
39247793
39248305
39248817
39249329
39249841
39250353
39245746
39246258
39246770
39247282
39247794
39248306
39248818
39249330
39249842
39250354
39245747
39246259
39246771
39247283
39247795
39248307
39248819
39249331
39249843
39250355
39245748
39246260
39246772
39247284
39247796
39248308
39248820
39249332
39249844
39250356
16491926
16492438
16492950
16493462
16493974
16494486
16494998
16495510
16496022
16496534
16491927
16492439
16492951
16493463
16493975
16494487
16494999
16495511
16496023
16496535
16491928
16492440
16492952
16493464
16493976
16494488
16495000
16495512
16496024
16496536
16491929
16492441
16492953
16493465
16493977
16494489
16495001
16495513
16496025
16496537
16491930
16492442
16492954
16493466
16493978
16494490
16495002
16495514
16496026
16496538
16491931
16492443
16492955
16493467
16493979
16494491
16495003
16495515
16496027
16496539
16491932
16492444
16492956
16493468
16493980
16494492
16495004
16495516
16496028
16496540
16491933
16492445
16492957
16493469
16493981
16494493
16495005
16495517
16496029
16496541
16491934
16492446
16492958
16493470
16493982
16494494
16495006
16495518
16496030
16496542
16491935
16492447
16492959
16493471
16493983
16494495
16495007
16495519
16496031
16496543
31894271
31894783
31895295
31895807
31896319
31896831
31897343
31897855
31898367
31898879
31894272
31894784
31895296
31895808
31896320
31896832
31897344
31897856
31898368
31898880
31894273
31894785
31895297
31895809
31896321
31896833
31897345
31897857
31898369
31898881
31894274
31894786
31895298
31895810
31896322
31896834
31897346
31897858
31898370
31898882
31894275
31894787
31895299
31895811
31896323
31896835
31897347
31897859
31898371
31898883
31894276
31894788
31895300
31895812
31896324
31896836
31897348
31897860
31898372
31898884
31894277
31894789
31895301
31895813
31896325
31896837
31897349
31897861
31898373
31898885
31894278
31894790
31895302
31895814
31896326
31896838
31897350
31897862
31898374
31898886
31894279
31894791
31895303
31895815
31896327
31896839
31897351
31897863
31898375
31898887
31894280
31894792
31895304
31895816
31896328
31896840
31897352
31897864
31898376
31898888
21710566
21711078
21711590
21712102
21712614
21713126
21713638
21714150
21714662
21715174
21710567
21711079
21711591
21712103
21712615
21713127
21713639
21714151
21714663
21715175
21710568
21711080
21711592
21712104
21712616
21713128
21713640
21714152
21714664
21715176
21710569
21711081
21711593
21712105
21712617
21713129
21713641
21714153
21714665
21715177
21710570
21711082
21711594
21712106
21712618
21713130
21713642
21714154
21714666
21715178
21710571
21711083
21711595
21712107
21712619
21713131
21713643
21714155
21714667
21715179
21710572
21711084
21711596
21712108
21712620
21713132
21713644
21714156
21714668
21715180
21710573
21711085
21711597
21712109
21712621
21713133
21713645
21714157
21714669
21715181
21710574
21711086
21711598
21712110
21712622
21713134
21713646
21714158
21714670
21715182
21710575
21711087
21711599
21712111
21712623
21713135
21713647
21714159
21714671
21715183
40672226
40672738
40673250
40673762
40674274
40674786
40675298
40675810
40676322
40676834
40672227
40672739
40673251
40673763
40674275
40674787
40675299
40675811
40676323
40676835
40672228
40672740
40673252
40673764
40674276
40674788
40675300
40675812
40676324
40676836
40672229
40672741
40673253
40673765
40674277
40674789
40675301
40675813
40676325
40676837
40672230
40672742
40673254
40673766
40674278
40674790
40675302
40675814
40676326
40676838
40672231
40672743
40673255
40673767
40674279
40674791
40675303
40675815
40676327
40676839
40672232
40672744
40673256
40673768
40674280
40674792
40675304
40675816
40676328
40676840
40672233
40672745
40673257
40673769
40674281
40674793
40675305
40675817
40676329
40676841
40672234
40672746
40673258
40673770
40674282
40674794
40675306
40675818
40676330
40676842
40672235
40672747
40673259
40673771
40674283
40674795
40675307
40675819
40676331
40676843
13309296
13309808
13310320
13310832
13311344
13311856
13312368
13312880
13313392
13313904
13309297
13309809
13310321
13310833
13311345
13311857
13312369
13312881
13313393
13313905
13309298
13309810
13310322
13310834
13311346
13311858
13312370
13312882
13313394
13313906
13309299
13309811
13310323
13310835
13311347
13311859
13312371
13312883
13313395
13313907
13309300
13309812
13310324
13310836
13311348
13311860
13312372
13312884
13313396
13313908
13309301
13309813
13310325
13310837
13311349
13311861
13312373
13312885
13313397
13313909
13309302
13309814
13310326
13310838
13311350
13311862
13312374
13312886
13313398
13313910
13309303
13309815
13310327
13310839
13311351
13311863
13312375
13312887
13313399
13313911
13309304
13309816
13310328
13310840
13311352
13311864
13312376
13312888
13313400
13313912
13309305
13309817
13310329
13310841
13311353
13311865
13312377
13312889
13313401
13313913
34739531
34740043
34740555
34741067
34741579
34742091
34742603
34743115
34743627
34744139
34739532
34740044
34740556
34741068
34741580
34742092
34742604
34743116
34743628
34744140
34739533
34740045
34740557
34741069
34741581
34742093
34742605
34743117
34743629
34744141
34739534
34740046
34740558
34741070
34741582
34742094
34742606
34743118
34743630
34744142
34739535
34740047
34740559
34741071
34741583
34742095
34742607
34743119
34743631
34744143
34739536
34740048
34740560
34741072
34741584
34742096
34742608
34743120
34743632
34744144
34739537
34740049
34740561
34741073
34741585
34742097
34742609
34743121
34743633
34744145
34739538
34740050
34740562
34741074
34741586
34742098
34742610
34743122
34743634
34744146
34739539
34740051
34740563
34741075
34741587
34742099
34742611
34743123
34743635
34744147
34739540
34740052
34740564
34741076
34741588
34742100
34742612
34743124
34743636
34744148
272041
272553
273065
273577
274089
274601
275113
275625
276137
276649
272042
272554
273066
273578
274090
274602
275114
275626
276138
276650
272043
272555
273067
273579
274091
274603
275115
275627
276139
276651
272044
272556
273068
273580
274092
274604
275116
275628
276140
276652
272045
272557
273069
273581
274093
274605
275117
275629
276141
276653
272046
272558
273070
273582
274094
274606
275118
275630
276142
276654
272047
272559
273071
273583
274095
274607
275119
275631
276143
276655
272048
272560
273072
273584
274096
274608
275120
275632
276144
276656
272049
272561
273073
273585
274097
274609
275121
275633
276145
276657
272050
272562
273074
273586
274098
274610
275122
275634
276146
276658
11615926
11616438
11616950
11617462
11617974
11618486
11618998
11619510
11620022
11620534
11615927
11616439
11616951
11617463
11617975
11618487
11618999
11619511
11620023
11620535
11615928
11616440
11616952
11617464
11617976
11618488
11619000
11619512
11620024
11620536
11615929
11616441
11616953
11617465
11617977
11618489
11619001
11619513
11620025
11620537
11615930
11616442
11616954
11617466
11617978
11618490
11619002
11619514
11620026
11620538
11615931
11616443
11616955
11617467
11617979
11618491
11619003
11619515
11620027
11620539
11615932
11616444
11616956
11617468
11617980
11618492
11619004
11619516
11620028
11620540
11615933
11616445
11616957
11617469
11617981
11618493
11619005
11619517
11620029
11620541
11615934
11616446
11616958
11617470
11617982
11618494
11619006
11619518
11620030
11620542
11615935
11616447
11616959
11617471
11617983
11618495
11619007
11619519
11620031
11620543
24557035
24557547
24558059
24558571
24559083
24559595
24560107
24560619
24561131
24561643
24557036
24557548
24558060
24558572
24559084
24559596
24560108
24560620
24561132
24561644
24557037
24557549
24558061
24558573
24559085
24559597
24560109
24560621
24561133
24561645
24557038
24557550
24558062
24558574
24559086
24559598
24560110
24560622
24561134
24561646
24557039
24557551
24558063
24558575
24559087
24559599
24560111
24560623
24561135
24561647
24557040
24557552
24558064
24558576
24559088
24559600
24560112
24560624
24561136
24561648
24557041
24557553
24558065
24558577
24559089
24559601
24560113
24560625
24561137
24561649
24557042
24557554
24558066
24558578
24559090
24559602
24560114
24560626
24561138
24561650
24557043
24557555
24558067
24558579
24559091
24559603
24560115
24560627
24561139
24561651
24557044
24557556
24558068
24558580
24559092
24559604
24560116
24560628
24561140
24561652
9497799
9498311
9498823
9499335
9499847
9500359
9500871
9501383
9501895
9502407
9497800
9498312
9498824
9499336
9499848
9500360
9500872
9501384
9501896
9502408
9497801
9498313
9498825
9499337
9499849
9500361
9500873
9501385
9501897
9502409
9497802
9498314
9498826
9499338
9499850
9500362
9500874
9501386
9501898
9502410
9497803
9498315
9498827
9499339
9499851
9500363
9500875
9501387
9501899
9502411
9497804
9498316
9498828
9499340
9499852
9500364
9500876
9501388
9501900
9502412
9497805
9498317
9498829
9499341
9499853
9500365
9500877
9501389
9501901
9502413
9497806
9498318
9498830
9499342
9499854
9500366
9500878
9501390
9501902
9502414
9497807
9498319
9498831
9499343
9499855
9500367
9500879
9501391
9501903
9502415
9497808
9498320
9498832
9499344
9499856
9500368
9500880
9501392
9501904
9502416
22243441
22243953
22244465
22244977
22245489
22246001
22246513
22247025
22247537
22248049
22243442
22243954
22244466
22244978
22245490
22246002
22246514
22247026
22247538
22248050
22243443
22243955
22244467
22244979
22245491
22246003
22246515
22247027
22247539
22248051
22243444
22243956
22244468
22244980
22245492
22246004
22246516
22247028
22247540
22248052
22243445
22243957
22244469
22244981
22245493
22246005
22246517
22247029
22247541
22248053
22243446
22243958
22244470
22244982
22245494
22246006
22246518
22247030
22247542
22248054
22243447
22243959
22244471
22244983
22245495
22246007
22246519
22247031
22247543
22248055
22243448
22243960
22244472
22244984
22245496
22246008
22246520
22247032
22247544
22248056
22243449
22243961
22244473
22244985
22245497
22246009
22246521
22247033
22247545
22248057
22243450
22243962
22244474
22244986
22245498
22246010
22246522
22247034
22247546
22248058
42527367
42527879
42528391
42528903
42529415
42529927
42530439
42530951
42531463
42531975
42527368
42527880
42528392
42528904
42529416
42529928
42530440
42530952
42531464
42531976
42527369
42527881
42528393
42528905
42529417
42529929
42530441
42530953
42531465
42531977
42527370
42527882
42528394
42528906
42529418
42529930
42530442
42530954
42531466
42531978
42527371
42527883
42528395
42528907
42529419
42529931
42530443
42530955
42531467
42531979
42527372
42527884
42528396
42528908
42529420
42529932
42530444
42530956
42531468
42531980
42527373
42527885
42528397
42528909
42529421
42529933
42530445
42530957
42531469
42531981
42527374
42527886
42528398
42528910
42529422
42529934
42530446
42530958
42531470
42531982
42527375
42527887
42528399
42528911
42529423
42529935
42530447
42530959
42531471
42531983
42527376
42527888
42528400
42528912
42529424
42529936
42530448
42530960
42531472
42531984
30658961
30659473
30659985
30660497
30661009
30661521
30662033
30662545
30663057
30663569
30658962
30659474
30659986
30660498
30661010
30661522
30662034
30662546
30663058
30663570
30658963
30659475
30659987
30660499
30661011
30661523
30662035
30662547
30663059
30663571
30658964
30659476
30659988
30660500
30661012
30661524
30662036
30662548
30663060
30663572
30658965
30659477
30659989
30660501
30661013
30661525
30662037
30662549
30663061
30663573
30658966
30659478
30659990
30660502
30661014
30661526
30662038
30662550
30663062
30663574
30658967
30659479
30659991
30660503
30661015
30661527
30662039
30662551
30663063
30663575
30658968
30659480
30659992
30660504
30661016
30661528
30662040
30662552
30663064
30663576
30658969
30659481
30659993
30660505
30661017
30661529
30662041
30662553
30663065
30663577
30658970
30659482
30659994
30660506
30661018
30661530
30662042
30662554
30663066
30663578
40480067
40480579
40481091
40481603
40482115
40482627
40483139
40483651
40484163
40484675
40480068
40480580
40481092
40481604
40482116
40482628
40483140
40483652
40484164
40484676
40480069
40480581
40481093
40481605
40482117
40482629
40483141
40483653
40484165
40484677
40480070
40480582
40481094
40481606
40482118
40482630
40483142
40483654
40484166
40484678
40480071
40480583
40481095
40481607
40482119
40482631
40483143
40483655
40484167
40484679
40480072
40480584
40481096
40481608
40482120
40482632
40483144
40483656
40484168
40484680
40480073
40480585
40481097
40481609
40482121
40482633
40483145
40483657
40484169
40484681
40480074
40480586
40481098
40481610
40482122
40482634
40483146
40483658
40484170
40484682
40480075
40480587
40481099
40481611
40482123
40482635
40483147
40483659
40484171
40484683
40480076
40480588
40481100
40481612
40482124
40482636
40483148
40483660
40484172
40484684
525663
526175
526687
527199
527711
528223
528735
529247
529759
530271
525664
526176
526688
527200
527712
528224
528736
529248
529760
530272
525665
526177
526689
527201
527713
528225
528737
529249
529761
530273
525666
526178
526690
527202
527714
528226
528738
529250
529762
530274
525667
526179
526691
527203
527715
528227
528739
529251
529763
530275
525668
526180
526692
527204
527716
528228
528740
529252
529764
530276
525669
526181
526693
527205
527717
528229
528741
529253
529765
530277
525670
526182
526694
527206
527718
528230
528742
529254
529766
530278
525671
526183
526695
527207
527719
528231
528743
529255
529767
530279
525672
526184
526696
527208
527720
528232
528744
529256
529768
530280
38637608
38638120
38638632
38639144
38639656
38640168
38640680
38641192
38641704
38642216
38637609
38638121
38638633
38639145
38639657
38640169
38640681
38641193
38641705
38642217
38637610
38638122
38638634
38639146
38639658
38640170
38640682
38641194
38641706
38642218
38637611
38638123
38638635
38639147
38639659
38640171
38640683
38641195
38641707
38642219
38637612
38638124
38638636
38639148
38639660
38640172
38640684
38641196
38641708
38642220
38637613
38638125
38638637
38639149
38639661
38640173
38640685
38641197
38641709
38642221
38637614
38638126
38638638
38639150
38639662
38640174
38640686
38641198
38641710
38642222
38637615
38638127
38638639
38639151
38639663
38640175
38640687
38641199
38641711
38642223
38637616
38638128
38638640
38639152
38639664
38640176
38640688
38641200
38641712
38642224
38637617
38638129
38638641
38639153
38639665
38640177
38640689
38641201
38641713
38642225
8945833
8946345
8946857
8947369
8947881
8948393
8948905
8949417
8949929
8950441
8945834
8946346
8946858
8947370
8947882
8948394
8948906
8949418
8949930
8950442
8945835
8946347
8946859
8947371
8947883
8948395
8948907
8949419
8949931
8950443
8945836
8946348
8946860
8947372
8947884
8948396
8948908
8949420
8949932
8950444
8945837
8946349
8946861
8947373
8947885
8948397
8948909
8949421
8949933
8950445
8945838
8946350
8946862
8947374
8947886
8948398
8948910
8949422
8949934
8950446
8945839
8946351
8946863
8947375
8947887
8948399
8948911
8949423
8949935
8950447
8945840
8946352
8946864
8947376
8947888
8948400
8948912
8949424
8949936
8950448
8945841
8946353
8946865
8947377
8947889
8948401
8948913
8949425
8949937
8950449
8945842
8946354
8946866
8947378
8947890
8948402
8948914
8949426
8949938
8950450
37473212
37473724
37474236
37474748
37475260
37475772
37476284
37476796
37477308
37477820
37473213
37473725
37474237
37474749
37475261
37475773
37476285
37476797
37477309
37477821
37473214
37473726
37474238
37474750
37475262
37475774
37476286
37476798
37477310
37477822
37473215
37473727
37474239
37474751
37475263
37475775
37476287
37476799
37477311
37477823
37473216
37473728
37474240
37474752
37475264
37475776
37476288
37476800
37477312
37477824
37473217
37473729
37474241
37474753
37475265
37475777
37476289
37476801
37477313
37477825
37473218
37473730
37474242
37474754
37475266
37475778
37476290
37476802
37477314
37477826
37473219
37473731
37474243
37474755
37475267
37475779
37476291
37476803
37477315
37477827
37473220
37473732
37474244
37474756
37475268
37475780
37476292
37476804
37477316
37477828
37473221
37473733
37474245
37474757
37475269
37475781
37476293
37476805
37477317
37477829
44731916
44732428
44732940
44733452
44733964
44734476
44734988
44735500
44736012
44736524
44731917
44732429
44732941
44733453
44733965
44734477
44734989
44735501
44736013
44736525
44731918
44732430
44732942
44733454
44733966
44734478
44734990
44735502
44736014
44736526
44731919
44732431
44732943
44733455
44733967
44734479
44734991
44735503
44736015
44736527
44731920
44732432
44732944
44733456
44733968
44734480
44734992
44735504
44736016
44736528
44731921
44732433
44732945
44733457
44733969
44734481
44734993
44735505
44736017
44736529
44731922
44732434
44732946
44733458
44733970
44734482
44734994
44735506
44736018
44736530
44731923
44732435
44732947
44733459
44733971
44734483
44734995
44735507
44736019
44736531
44731924
44732436
44732948
44733460
44733972
44734484
44734996
44735508
44736020
44736532
44731925
44732437
44732949
44733461
44733973
44734485
44734997
44735509
44736021
44736533
23762293
23762805
23763317
23763829
23764341
23764853
23765365
23765877
23766389
23766901
23762294
23762806
23763318
23763830
23764342
23764854
23765366
23765878
23766390
23766902
23762295
23762807
23763319
23763831
23764343
23764855
23765367
23765879
23766391
23766903
23762296
23762808
23763320
23763832
23764344
23764856
23765368
23765880
23766392
23766904
23762297
23762809
23763321
23763833
23764345
23764857
23765369
23765881
23766393
23766905
23762298
23762810
23763322
23763834
23764346
23764858
23765370
23765882
23766394
23766906
23762299
23762811
23763323
23763835
23764347
23764859
23765371
23765883
23766395
23766907
23762300
23762812
23763324
23763836
23764348
23764860
23765372
23765884
23766396
23766908
23762301
23762813
23763325
23763837
23764349
23764861
23765373
23765885
23766397
23766909
23762302
23762814
23763326
23763838
23764350
23764862
23765374
23765886
23766398
23766910
35660397
35660909
35661421
35661933
35662445
35662957
35663469
35663981
35664493
35665005
35660398
35660910
35661422
35661934
35662446
35662958
35663470
35663982
35664494
35665006
35660399
35660911
35661423
35661935
35662447
35662959
35663471
35663983
35664495
35665007
35660400
35660912
35661424
35661936
35662448
35662960
35663472
35663984
35664496
35665008
35660401
35660913
35661425
35661937
35662449
35662961
35663473
35663985
35664497
35665009
35660402
35660914
35661426
35661938
35662450
35662962
35663474
35663986
35664498
35665010
35660403
35660915
35661427
35661939
35662451
35662963
35663475
35663987
35664499
35665011
35660404
35660916
35661428
35661940
35662452
35662964
35663476
35663988
35664500
35665012
35660405
35660917
35661429
35661941
35662453
35662965
35663477
35663989
35664501
35665013
35660406
35660918
35661430
35661942
35662454
35662966
35663478
35663990
35664502
35665014
631082
631594
632106
632618
633130
633642
634154
634666
635178
635690
631083
631595
632107
632619
633131
633643
634155
634667
635179
635691
631084
631596
632108
632620
633132
633644
634156
634668
635180
635692
631085
631597
632109
632621
633133
633645
634157
634669
635181
635693
631086
631598
632110
632622
633134
633646
634158
634670
635182
635694
631087
631599
632111
632623
633135
633647
634159
634671
635183
635695
631088
631600
632112
632624
633136
633648
634160
634672
635184
635696
631089
631601
632113
632625
633137
633649
634161
634673
635185
635697
631090
631602
632114
632626
633138
633650
634162
634674
635186
635698
631091
631603
632115
632627
633139
633651
634163
634675
635187
635699
3290543
3291055
3291567
3292079
3292591
3293103
3293615
3294127
3294639
3295151
3290544
3291056
3291568
3292080
3292592
3293104
3293616
3294128
3294640
3295152
3290545
3291057
3291569
3292081
3292593
3293105
3293617
3294129
3294641
3295153
3290546
3291058
3291570
3292082
3292594
3293106
3293618
3294130
3294642
3295154
3290547
3291059
3291571
3292083
3292595
3293107
3293619
3294131
3294643
3295155
3290548
3291060
3291572
3292084
3292596
3293108
3293620
3294132
3294644
3295156
3290549
3291061
3291573
3292085
3292597
3293109
3293621
3294133
3294645
3295157
3290550
3291062
3291574
3292086
3292598
3293110
3293622
3294134
3294646
3295158
3290551
3291063
3291575
3292087
3292599
3293111
3293623
3294135
3294647
3295159
3290552
3291064
3291576
3292088
3292600
3293112
3293624
3294136
3294648
3295160
34537240
34537752
34538264
34538776
34539288
34539800
34540312
34540824
34541336
34541848
34537241
34537753
34538265
34538777
34539289
34539801
34540313
34540825
34541337
34541849
34537242
34537754
34538266
34538778
34539290
34539802
34540314
34540826
34541338
34541850
34537243
34537755
34538267
34538779
34539291
34539803
34540315
34540827
34541339
34541851
34537244
34537756
34538268
34538780
34539292
34539804
34540316
34540828
34541340
34541852
34537245
34537757
34538269
34538781
34539293
34539805
34540317
34540829
34541341
34541853
34537246
34537758
34538270
34538782
34539294
34539806
34540318
34540830
34541342
34541854
34537247
34537759
34538271
34538783
34539295
34539807
34540319
34540831
34541343
34541855
34537248
34537760
34538272
34538784
34539296
34539808
34540320
34540832
34541344
34541856
34537249
34537761
34538273
34538785
34539297
34539809
34540321
34540833
34541345
34541857
38914899
38915411
38915923
38916435
38916947
38917459
38917971
38918483
38918995
38919507
38914900
38915412
38915924
38916436
38916948
38917460
38917972
38918484
38918996
38919508
38914901
38915413
38915925
38916437
38916949
38917461
38917973
38918485
38918997
38919509
38914902
38915414
38915926
38916438
38916950
38917462
38917974
38918486
38918998
38919510
38914903
38915415
38915927
38916439
38916951
38917463
38917975
38918487
38918999
38919511
38914904
38915416
38915928
38916440
38916952
38917464
38917976
38918488
38919000
38919512
38914905
38915417
38915929
38916441
38916953
38917465
38917977
38918489
38919001
38919513
38914906
38915418
38915930
38916442
38916954
38917466
38917978
38918490
38919002
38919514
38914907
38915419
38915931
38916443
38916955
38917467
38917979
38918491
38919003
38919515
38914908
38915420
38915932
38916444
38916956
38917468
38917980
38918492
38919004
38919516
2081687
2082199
2082711
2083223
2083735
2084247
2084759
2085271
2085783
2086295
2081688
2082200
2082712
2083224
2083736
2084248
2084760
2085272
2085784
2086296
2081689
2082201
2082713
2083225
2083737
2084249
2084761
2085273
2085785
2086297
2081690
2082202
2082714
2083226
2083738
2084250
2084762
2085274
2085786
2086298
2081691
2082203
2082715
2083227
2083739
2084251
2084763
2085275
2085787
2086299
2081692
2082204
2082716
2083228
2083740
2084252
2084764
2085276
2085788
2086300
2081693
2082205
2082717
2083229
2083741
2084253
2084765
2085277
2085789
2086301
2081694
2082206
2082718
2083230
2083742
2084254
2084766
2085278
2085790
2086302
2081695
2082207
2082719
2083231
2083743
2084255
2084767
2085279
2085791
2086303
2081696
2082208
2082720
2083232
2083744
2084256
2084768
2085280
2085792
2086304
35723301
35723813
35724325
35724837
35725349
35725861
35726373
35726885
35727397
35727909
35723302
35723814
35724326
35724838
35725350
35725862
35726374
35726886
35727398
35727910
35723303
35723815
35724327
35724839
35725351
35725863
35726375
35726887
35727399
35727911
35723304
35723816
35724328
35724840
35725352
35725864
35726376
35726888
35727400
35727912
35723305
35723817
35724329
35724841
35725353
35725865
35726377
35726889
35727401
35727913
35723306
35723818
35724330
35724842
35725354
35725866
35726378
35726890
35727402
35727914
35723307
35723819
35724331
35724843
35725355
35725867
35726379
35726891
35727403
35727915
35723308
35723820
35724332
35724844
35725356
35725868
35726380
35726892
35727404
35727916
35723309
35723821
35724333
35724845
35725357
35725869
35726381
35726893
35727405
35727917
35723310
35723822
35724334
35724846
35725358
35725870
35726382
35726894
35727406
35727918
