30502608
30503120
30503632
30504144
30504656
30505168
30505680
30506192
30506704
30507216
30502609
30503121
30503633
30504145
30504657
30505169
30505681
30506193
30506705
30507217
30502610
30503122
30503634
30504146
30504658
30505170
30505682
30506194
30506706
30507218
30502611
30503123
30503635
30504147
30504659
30505171
30505683
30506195
30506707
30507219
30502612
30503124
30503636
30504148
30504660
30505172
30505684
30506196
30506708
30507220
30502613
30503125
30503637
30504149
30504661
30505173
30505685
30506197
30506709
30507221
30502614
30503126
30503638
30504150
30504662
30505174
30505686
30506198
30506710
30507222
30502615
30503127
30503639
30504151
30504663
30505175
30505687
30506199
30506711
30507223
30502616
30503128
30503640
30504152
30504664
30505176
30505688
30506200
30506712
30507224
30502617
30503129
30503641
30504153
30504665
30505177
30505689
30506201
30506713
30507225
24203478
24203990
24204502
24205014
24205526
24206038
24206550
24207062
24207574
24208086
24203479
24203991
24204503
24205015
24205527
24206039
24206551
24207063
24207575
24208087
24203480
24203992
24204504
24205016
24205528
24206040
24206552
24207064
24207576
24208088
24203481
24203993
24204505
24205017
24205529
24206041
24206553
24207065
24207577
24208089
24203482
24203994
24204506
24205018
24205530
24206042
24206554
24207066
24207578
24208090
24203483
24203995
24204507
24205019
24205531
24206043
24206555
24207067
24207579
24208091
24203484
24203996
24204508
24205020
24205532
24206044
24206556
24207068
24207580
24208092
24203485
24203997
24204509
24205021
24205533
24206045
24206557
24207069
24207581
24208093
24203486
24203998
24204510
24205022
24205534
24206046
24206558
24207070
24207582
24208094
24203487
24203999
24204511
24205023
24205535
24206047
24206559
24207071
24207583
24208095
40975589
40976101
40976613
40977125
40977637
40978149
40978661
40979173
40979685
40980197
40975590
40976102
40976614
40977126
40977638
40978150
40978662
40979174
40979686
40980198
40975591
40976103
40976615
40977127
40977639
40978151
40978663
40979175
40979687
40980199
40975592
40976104
40976616
40977128
40977640
40978152
40978664
40979176
40979688
40980200
40975593
40976105
40976617
40977129
40977641
40978153
40978665
40979177
40979689
40980201
40975594
40976106
40976618
40977130
40977642
40978154
40978666
40979178
40979690
40980202
40975595
40976107
40976619
40977131
40977643
40978155
40978667
40979179
40979691
40980203
40975596
40976108
40976620
40977132
40977644
40978156
40978668
40979180
40979692
40980204
40975597
40976109
40976621
40977133
40977645
40978157
40978669
40979181
40979693
40980205
40975598
40976110
40976622
40977134
40977646
40978158
40978670
40979182
40979694
40980206
35785910
35786422
35786934
35787446
35787958
35788470
35788982
35789494
35790006
35790518
35785911
35786423
35786935
35787447
35787959
35788471
35788983
35789495
35790007
35790519
35785912
35786424
35786936
35787448
35787960
35788472
35788984
35789496
35790008
35790520
35785913
35786425
35786937
35787449
35787961
35788473
35788985
35789497
35790009
35790521
35785914
35786426
35786938
35787450
35787962
35788474
35788986
35789498
35790010
35790522
35785915
35786427
35786939
35787451
35787963
35788475
35788987
35789499
35790011
35790523
35785916
35786428
35786940
35787452
35787964
35788476
35788988
35789500
35790012
35790524
35785917
35786429
35786941
35787453
35787965
35788477
35788989
35789501
35790013
35790525
35785918
35786430
35786942
35787454
35787966
35788478
35788990
35789502
35790014
35790526
35785919
35786431
35786943
35787455
35787967
35788479
35788991
35789503
35790015
35790527
22089451
22089963
22090475
22090987
22091499
22092011
22092523
22093035
22093547
22094059
22089452
22089964
22090476
22090988
22091500
22092012
22092524
22093036
22093548
22094060
22089453
22089965
22090477
22090989
22091501
22092013
22092525
22093037
22093549
22094061
22089454
22089966
22090478
22090990
22091502
22092014
22092526
22093038
22093550
22094062
22089455
22089967
22090479
22090991
22091503
22092015
22092527
22093039
22093551
22094063
22089456
22089968
22090480
22090992
22091504
22092016
22092528
22093040
22093552
22094064
22089457
22089969
22090481
22090993
22091505
22092017
22092529
22093041
22093553
22094065
22089458
22089970
22090482
22090994
22091506
22092018
22092530
22093042
22093554
22094066
22089459
22089971
22090483
22090995
22091507
22092019
22092531
22093043
22093555
22094067
22089460
22089972
22090484
22090996
22091508
22092020
22092532
22093044
22093556
22094068
32379097
32379609
32380121
32380633
32381145
32381657
32382169
32382681
32383193
32383705
32379098
32379610
32380122
32380634
32381146
32381658
32382170
32382682
32383194
32383706
32379099
32379611
32380123
32380635
32381147
32381659
32382171
32382683
32383195
32383707
32379100
32379612
32380124
32380636
32381148
32381660
32382172
32382684
32383196
32383708
32379101
32379613
32380125
32380637
32381149
32381661
32382173
32382685
32383197
32383709
32379102
32379614
32380126
32380638
32381150
32381662
32382174
32382686
32383198
32383710
32379103
32379615
32380127
32380639
32381151
32381663
32382175
32382687
32383199
32383711
32379104
32379616
32380128
32380640
32381152
32381664
32382176
32382688
32383200
32383712
32379105
32379617
32380129
32380641
32381153
32381665
32382177
32382689
32383201
32383713
32379106
32379618
32380130
32380642
32381154
32381666
32382178
32382690
32383202
32383714
22637330
22637842
22638354
22638866
22639378
22639890
22640402
22640914
22641426
22641938
22637331
22637843
22638355
22638867
22639379
22639891
22640403
22640915
22641427
22641939
22637332
22637844
22638356
22638868
22639380
22639892
22640404
22640916
22641428
22641940
22637333
22637845
22638357
22638869
22639381
22639893
22640405
22640917
22641429
22641941
22637334
22637846
22638358
22638870
22639382
22639894
22640406
22640918
22641430
22641942
22637335
22637847
22638359
22638871
22639383
22639895
22640407
22640919
22641431
22641943
22637336
22637848
22638360
22638872
22639384
22639896
22640408
22640920
22641432
22641944
22637337
22637849
22638361
22638873
22639385
22639897
22640409
22640921
22641433
22641945
22637338
22637850
22638362
22638874
22639386
22639898
22640410
22640922
22641434
22641946
22637339
22637851
22638363
22638875
22639387
22639899
22640411
22640923
22641435
22641947
33356998
33357510
33358022
33358534
33359046
33359558
33360070
33360582
33361094
33361606
33356999
33357511
33358023
33358535
33359047
33359559
33360071
33360583
33361095
33361607
33357000
33357512
33358024
33358536
33359048
33359560
33360072
33360584
33361096
33361608
33357001
33357513
33358025
33358537
33359049
33359561
33360073
33360585
33361097
33361609
33357002
33357514
33358026
33358538
33359050
33359562
33360074
33360586
33361098
33361610
33357003
33357515
33358027
33358539
33359051
33359563
33360075
33360587
33361099
33361611
33357004
33357516
33358028
33358540
33359052
33359564
33360076
33360588
33361100
33361612
33357005
33357517
33358029
33358541
33359053
33359565
33360077
33360589
33361101
33361613
33357006
33357518
33358030
33358542
33359054
33359566
33360078
33360590
33361102
33361614
33357007
33357519
33358031
33358543
33359055
33359567
33360079
33360591
33361103
33361615
26280685
26281197
26281709
26282221
26282733
26283245
26283757
26284269
26284781
26285293
26280686
26281198
26281710
26282222
26282734
26283246
26283758
26284270
26284782
26285294
26280687
26281199
26281711
26282223
26282735
26283247
26283759
26284271
26284783
26285295
26280688
26281200
26281712
26282224
26282736
26283248
26283760
26284272
26284784
26285296
26280689
26281201
26281713
26282225
26282737
26283249
26283761
26284273
26284785
26285297
26280690
26281202
26281714
26282226
26282738
26283250
26283762
26284274
26284786
26285298
26280691
26281203
26281715
26282227
26282739
26283251
26283763
26284275
26284787
26285299
26280692
26281204
26281716
26282228
26282740
26283252
26283764
26284276
26284788
26285300
26280693
26281205
26281717
26282229
26282741
26283253
26283765
26284277
26284789
26285301
26280694
26281206
26281718
26282230
26282742
26283254
26283766
26284278
26284790
26285302
27101507
27102019
27102531
27103043
27103555
27104067
27104579
27105091
27105603
27106115
27101508
27102020
27102532
27103044
27103556
27104068
27104580
27105092
27105604
27106116
27101509
27102021
27102533
27103045
27103557
27104069
27104581
27105093
27105605
27106117
27101510
27102022
27102534
27103046
27103558
27104070
27104582
27105094
27105606
27106118
27101511
27102023
27102535
27103047
27103559
27104071
27104583
27105095
27105607
27106119
27101512
27102024
27102536
27103048
27103560
27104072
27104584
27105096
27105608
27106120
27101513
27102025
27102537
27103049
27103561
27104073
27104585
27105097
27105609
27106121
27101514
27102026
27102538
27103050
27103562
27104074
27104586
27105098
27105610
27106122
27101515
27102027
27102539
27103051
27103563
27104075
27104587
27105099
27105611
27106123
27101516
27102028
27102540
27103052
27103564
27104076
27104588
27105100
27105612
27106124
38076646
38077158
38077670
38078182
38078694
38079206
38079718
38080230
38080742
38081254
38076647
38077159
38077671
38078183
38078695
38079207
38079719
38080231
38080743
38081255
38076648
38077160
38077672
38078184
38078696
38079208
38079720
38080232
38080744
38081256
38076649
38077161
38077673
38078185
38078697
38079209
38079721
38080233
38080745
38081257
38076650
38077162
38077674
38078186
38078698
38079210
38079722
38080234
38080746
38081258
38076651
38077163
38077675
38078187
38078699
38079211
38079723
38080235
38080747
38081259
38076652
38077164
38077676
38078188
38078700
38079212
38079724
38080236
38080748
38081260
38076653
38077165
38077677
38078189
38078701
38079213
38079725
38080237
38080749
38081261
38076654
38077166
38077678
38078190
38078702
38079214
38079726
38080238
38080750
38081262
38076655
38077167
38077679
38078191
38078703
38079215
38079727
38080239
38080751
38081263
40537339
40537851
40538363
40538875
40539387
40539899
40540411
40540923
40541435
40541947
40537340
40537852
40538364
40538876
40539388
40539900
40540412
40540924
40541436
40541948
40537341
40537853
40538365
40538877
40539389
40539901
40540413
40540925
40541437
40541949
40537342
40537854
40538366
40538878
40539390
40539902
40540414
40540926
40541438
40541950
40537343
40537855
40538367
40538879
40539391
40539903
40540415
40540927
40541439
40541951
40537344
40537856
40538368
40538880
40539392
40539904
40540416
40540928
40541440
40541952
40537345
40537857
40538369
40538881
40539393
40539905
40540417
40540929
40541441
40541953
40537346
40537858
40538370
40538882
40539394
40539906
40540418
40540930
40541442
40541954
40537347
40537859
40538371
40538883
40539395
40539907
40540419
40540931
40541443
40541955
40537348
40537860
40538372
40538884
40539396
40539908
40540420
40540932
40541444
40541956
27329820
27330332
27330844
27331356
27331868
27332380
27332892
27333404
27333916
27334428
27329821
27330333
27330845
27331357
27331869
27332381
27332893
27333405
27333917
27334429
27329822
27330334
27330846
27331358
27331870
27332382
27332894
27333406
27333918
27334430
27329823
27330335
27330847
27331359
27331871
27332383
27332895
27333407
27333919
27334431
27329824
27330336
27330848
27331360
27331872
27332384
27332896
27333408
27333920
27334432
27329825
27330337
27330849
27331361
27331873
27332385
27332897
27333409
27333921
27334433
27329826
27330338
27330850
27331362
27331874
27332386
27332898
27333410
27333922
27334434
27329827
27330339
27330851
27331363
27331875
27332387
27332899
27333411
27333923
27334435
27329828
27330340
27330852
27331364
27331876
27332388
27332900
27333412
27333924
27334436
27329829
27330341
27330853
27331365
27331877
27332389
27332901
27333413
27333925
27334437
18424097
18424609
18425121
18425633
18426145
18426657
18427169
18427681
18428193
18428705
18424098
18424610
18425122
18425634
18426146
18426658
18427170
18427682
18428194
18428706
18424099
18424611
18425123
18425635
18426147
18426659
18427171
18427683
18428195
18428707
18424100
18424612
18425124
18425636
18426148
18426660
18427172
18427684
18428196
18428708
18424101
18424613
18425125
18425637
18426149
18426661
18427173
18427685
18428197
18428709
18424102
18424614
18425126
18425638
18426150
18426662
18427174
18427686
18428198
18428710
18424103
18424615
18425127
18425639
18426151
18426663
18427175
18427687
18428199
18428711
18424104
18424616
18425128
18425640
18426152
18426664
18427176
18427688
18428200
18428712
18424105
18424617
18425129
18425641
18426153
18426665
18427177
18427689
18428201
18428713
18424106
18424618
18425130
18425642
18426154
18426666
18427178
18427690
18428202
18428714
36263641
36264153
36264665
36265177
36265689
36266201
36266713
36267225
36267737
36268249
36263642
36264154
36264666
36265178
36265690
36266202
36266714
36267226
36267738
36268250
36263643
36264155
36264667
36265179
36265691
36266203
36266715
36267227
36267739
36268251
36263644
36264156
36264668
36265180
36265692
36266204
36266716
36267228
36267740
36268252
36263645
36264157
36264669
36265181
36265693
36266205
36266717
36267229
36267741
36268253
36263646
36264158
36264670
36265182
36265694
36266206
36266718
36267230
36267742
36268254
36263647
36264159
36264671
36265183
36265695
36266207
36266719
36267231
36267743
36268255
36263648
36264160
36264672
36265184
36265696
36266208
36266720
36267232
36267744
36268256
36263649
36264161
36264673
36265185
36265697
36266209
36266721
36267233
36267745
36268257
36263650
36264162
36264674
36265186
36265698
36266210
36266722
36267234
36267746
36268258
27089172
27089684
27090196
27090708
27091220
27091732
27092244
27092756
27093268
27093780
27089173
27089685
27090197
27090709
27091221
27091733
27092245
27092757
27093269
27093781
27089174
27089686
27090198
27090710
27091222
27091734
27092246
27092758
27093270
27093782
27089175
27089687
27090199
27090711
27091223
27091735
27092247
27092759
27093271
27093783
27089176
27089688
27090200
27090712
27091224
27091736
27092248
27092760
27093272
27093784
27089177
27089689
27090201
27090713
27091225
27091737
27092249
27092761
27093273
27093785
27089178
27089690
27090202
27090714
27091226
27091738
27092250
27092762
27093274
27093786
27089179
27089691
27090203
27090715
27091227
27091739
27092251
27092763
27093275
27093787
27089180
27089692
27090204
27090716
27091228
27091740
27092252
27092764
27093276
27093788
27089181
27089693
27090205
27090717
27091229
27091741
27092253
27092765
27093277
27093789
33907420
33907932
33908444
33908956
33909468
33909980
33910492
33911004
33911516
33912028
33907421
33907933
33908445
33908957
33909469
33909981
33910493
33911005
33911517
33912029
33907422
33907934
33908446
33908958
33909470
33909982
33910494
33911006
33911518
33912030
33907423
33907935
33908447
33908959
33909471
33909983
33910495
33911007
33911519
33912031
33907424
33907936
33908448
33908960
33909472
33909984
33910496
33911008
33911520
33912032
33907425
33907937
33908449
33908961
33909473
33909985
33910497
33911009
33911521
33912033
33907426
33907938
33908450
33908962
33909474
33909986
33910498
33911010
33911522
33912034
33907427
33907939
33908451
33908963
33909475
33909987
33910499
33911011
33911523
33912035
33907428
33907940
33908452
33908964
33909476
33909988
33910500
33911012
33911524
33912036
33907429
33907941
33908453
33908965
33909477
33909989
33910501
33911013
33911525
33912037
24990500
24991012
24991524
24992036
24992548
24993060
24993572
24994084
24994596
24995108
24990501
24991013
24991525
24992037
24992549
24993061
24993573
24994085
24994597
24995109
24990502
24991014
24991526
24992038
24992550
24993062
24993574
24994086
24994598
24995110
24990503
24991015
24991527
24992039
24992551
24993063
24993575
24994087
24994599
24995111
24990504
24991016
24991528
24992040
24992552
24993064
24993576
24994088
24994600
24995112
24990505
24991017
24991529
24992041
24992553
24993065
24993577
24994089
24994601
24995113
24990506
24991018
24991530
24992042
24992554
24993066
24993578
24994090
24994602
24995114
24990507
24991019
24991531
24992043
24992555
24993067
24993579
24994091
24994603
24995115
24990508
24991020
24991532
24992044
24992556
24993068
24993580
24994092
24994604
24995116
24990509
24991021
24991533
24992045
24992557
24993069
24993581
24994093
24994605
24995117
21574843
21575355
21575867
21576379
21576891
21577403
21577915
21578427
21578939
21579451
21574844
21575356
21575868
21576380
21576892
21577404
21577916
21578428
21578940
21579452
21574845
21575357
21575869
21576381
21576893
21577405
21577917
21578429
21578941
21579453
21574846
21575358
21575870
21576382
21576894
21577406
21577918
21578430
21578942
21579454
21574847
21575359
21575871
21576383
21576895
21577407
21577919
21578431
21578943
21579455
21574848
21575360
21575872
21576384
21576896
21577408
21577920
21578432
21578944
21579456
21574849
21575361
21575873
21576385
21576897
21577409
21577921
21578433
21578945
21579457
21574850
21575362
21575874
21576386
21576898
21577410
21577922
21578434
21578946
21579458
21574851
21575363
21575875
21576387
21576899
21577411
21577923
21578435
21578947
21579459
21574852
21575364
21575876
21576388
21576900
21577412
21577924
21578436
21578948
21579460
40725198
40725710
40726222
40726734
40727246
40727758
40728270
40728782
40729294
40729806
40725199
40725711
40726223
40726735
40727247
40727759
40728271
40728783
40729295
40729807
40725200
40725712
40726224
40726736
40727248
40727760
40728272
40728784
40729296
40729808
40725201
40725713
40726225
40726737
40727249
40727761
40728273
40728785
40729297
40729809
40725202
40725714
40726226
40726738
40727250
40727762
40728274
40728786
40729298
40729810
40725203
40725715
40726227
40726739
40727251
40727763
40728275
40728787
40729299
40729811
40725204
40725716
40726228
40726740
40727252
40727764
40728276
40728788
40729300
40729812
40725205
40725717
40726229
40726741
40727253
40727765
40728277
40728789
40729301
40729813
40725206
40725718
40726230
40726742
40727254
40727766
40728278
40728790
40729302
40729814
40725207
40725719
40726231
40726743
40727255
40727767
40728279
40728791
40729303
40729815
13709061
13709573
13710085
13710597
13711109
13711621
13712133
13712645
13713157
13713669
13709062
13709574
13710086
13710598
13711110
13711622
13712134
13712646
13713158
13713670
13709063
13709575
13710087
13710599
13711111
13711623
13712135
13712647
13713159
13713671
13709064
13709576
13710088
13710600
13711112
13711624
13712136
13712648
13713160
13713672
13709065
13709577
13710089
13710601
13711113
13711625
13712137
13712649
13713161
13713673
13709066
13709578
13710090
13710602
13711114
13711626
13712138
13712650
13713162
13713674
13709067
13709579
13710091
13710603
13711115
13711627
13712139
13712651
13713163
13713675
13709068
13709580
13710092
13710604
13711116
13711628
13712140
13712652
13713164
13713676
13709069
13709581
13710093
13710605
13711117
13711629
13712141
13712653
13713165
13713677
13709070
13709582
13710094
13710606
13711118
13711630
13712142
13712654
13713166
13713678
20783415
20783927
20784439
20784951
20785463
20785975
20786487
20786999
20787511
20788023
20783416
20783928
20784440
20784952
20785464
20785976
20786488
20787000
20787512
20788024
20783417
20783929
20784441
20784953
20785465
20785977
20786489
20787001
20787513
20788025
20783418
20783930
20784442
20784954
20785466
20785978
20786490
20787002
20787514
20788026
20783419
20783931
20784443
20784955
20785467
20785979
20786491
20787003
20787515
20788027
20783420
20783932
20784444
20784956
20785468
20785980
20786492
20787004
20787516
20788028
20783421
20783933
20784445
20784957
20785469
20785981
20786493
20787005
20787517
20788029
20783422
20783934
20784446
20784958
20785470
20785982
20786494
20787006
20787518
20788030
20783423
20783935
20784447
20784959
20785471
20785983
20786495
20787007
20787519
20788031
20783424
20783936
20784448
20784960
20785472
20785984
20786496
20787008
20787520
20788032
23420692
23421204
23421716
23422228
23422740
23423252
23423764
23424276
23424788
23425300
23420693
23421205
23421717
23422229
23422741
23423253
23423765
23424277
23424789
23425301
23420694
23421206
23421718
23422230
23422742
23423254
23423766
23424278
23424790
23425302
23420695
23421207
23421719
23422231
23422743
23423255
23423767
23424279
23424791
23425303
23420696
23421208
23421720
23422232
23422744
23423256
23423768
23424280
23424792
23425304
23420697
23421209
23421721
23422233
23422745
23423257
23423769
23424281
23424793
23425305
23420698
23421210
23421722
23422234
23422746
23423258
23423770
23424282
23424794
23425306
23420699
23421211
23421723
23422235
23422747
23423259
23423771
23424283
23424795
23425307
23420700
23421212
23421724
23422236
23422748
23423260
23423772
23424284
23424796
23425308
23420701
23421213
23421725
23422237
23422749
23423261
23423773
23424285
23424797
23425309
23650069
23650581
23651093
23651605
23652117
23652629
23653141
23653653
23654165
23654677
23650070
23650582
23651094
23651606
23652118
23652630
23653142
23653654
23654166
23654678
23650071
23650583
23651095
23651607
23652119
23652631
23653143
23653655
23654167
23654679
23650072
23650584
23651096
23651608
23652120
23652632
23653144
23653656
23654168
23654680
23650073
23650585
23651097
23651609
23652121
23652633
23653145
23653657
23654169
23654681
23650074
23650586
23651098
23651610
23652122
23652634
23653146
23653658
23654170
23654682
23650075
23650587
23651099
23651611
23652123
23652635
23653147
23653659
23654171
23654683
23650076
23650588
23651100
23651612
23652124
23652636
23653148
23653660
23654172
23654684
23650077
23650589
23651101
23651613
23652125
23652637
23653149
23653661
23654173
23654685
23650078
23650590
23651102
23651614
23652126
23652638
23653150
23653662
23654174
23654686
33136849
33137361
33137873
33138385
33138897
33139409
33139921
33140433
33140945
33141457
33136850
33137362
33137874
33138386
33138898
33139410
33139922
33140434
33140946
33141458
33136851
33137363
33137875
33138387
33138899
33139411
33139923
33140435
33140947
33141459
33136852
33137364
33137876
33138388
33138900
33139412
33139924
33140436
33140948
33141460
33136853
33137365
33137877
33138389
33138901
33139413
33139925
33140437
33140949
33141461
33136854
33137366
33137878
33138390
33138902
33139414
33139926
33140438
33140950
33141462
33136855
33137367
33137879
33138391
33138903
33139415
33139927
33140439
33140951
33141463
33136856
33137368
33137880
33138392
33138904
33139416
33139928
33140440
33140952
33141464
33136857
33137369
33137881
33138393
33138905
33139417
33139929
33140441
33140953
33141465
33136858
33137370
33137882
33138394
33138906
33139418
33139930
33140442
33140954
33141466
34213092
34213604
34214116
34214628
34215140
34215652
34216164
34216676
34217188
34217700
34213093
34213605
34214117
34214629
34215141
34215653
34216165
34216677
34217189
34217701
34213094
34213606
34214118
34214630
34215142
34215654
34216166
34216678
34217190
34217702
34213095
34213607
34214119
34214631
34215143
34215655
34216167
34216679
34217191
34217703
34213096
34213608
34214120
34214632
34215144
34215656
34216168
34216680
34217192
34217704
34213097
34213609
34214121
34214633
34215145
34215657
34216169
34216681
34217193
34217705
34213098
34213610
34214122
34214634
34215146
34215658
34216170
34216682
34217194
34217706
34213099
34213611
34214123
34214635
34215147
34215659
34216171
34216683
34217195
34217707
34213100
34213612
34214124
34214636
34215148
34215660
34216172
34216684
34217196
34217708
34213101
34213613
34214125
34214637
34215149
34215661
34216173
34216685
34217197
34217709
34694912
34695424
34695936
34696448
34696960
34697472
34697984
34698496
34699008
34699520
34694913
34695425
34695937
34696449
34696961
34697473
34697985
34698497
34699009
34699521
34694914
34695426
34695938
34696450
34696962
34697474
34697986
34698498
34699010
34699522
34694915
34695427
34695939
34696451
34696963
34697475
34697987
34698499
34699011
34699523
34694916
34695428
34695940
34696452
34696964
34697476
34697988
34698500
34699012
34699524
34694917
34695429
34695941
34696453
34696965
34697477
34697989
34698501
34699013
34699525
34694918
34695430
34695942
34696454
34696966
34697478
34697990
34698502
34699014
34699526
34694919
34695431
34695943
34696455
34696967
34697479
34697991
34698503
34699015
34699527
34694920
34695432
34695944
34696456
34696968
34697480
34697992
34698504
34699016
34699528
34694921
34695433
34695945
34696457
34696969
34697481
34697993
34698505
34699017
34699529
29988055
29988567
29989079
29989591
29990103
29990615
29991127
29991639
29992151
29992663
29988056
29988568
29989080
29989592
29990104
29990616
29991128
29991640
29992152
29992664
29988057
29988569
29989081
29989593
29990105
29990617
29991129
29991641
29992153
29992665
29988058
29988570
29989082
29989594
29990106
29990618
29991130
29991642
29992154
29992666
29988059
29988571
29989083
29989595
29990107
29990619
29991131
29991643
29992155
29992667
29988060
29988572
29989084
29989596
29990108
29990620
29991132
29991644
29992156
29992668
29988061
29988573
29989085
29989597
29990109
29990621
29991133
29991645
29992157
29992669
29988062
29988574
29989086
29989598
29990110
29990622
29991134
29991646
29992158
29992670
29988063
29988575
29989087
29989599
29990111
29990623
29991135
29991647
29992159
29992671
29988064
29988576
29989088
29989600
29990112
29990624
29991136
29991648
29992160
29992672
34486967
34487479
34487991
34488503
34489015
34489527
34490039
34490551
34491063
34491575
34486968
34487480
34487992
34488504
34489016
34489528
34490040
34490552
34491064
34491576
34486969
34487481
34487993
34488505
34489017
34489529
34490041
34490553
34491065
34491577
34486970
34487482
34487994
34488506
34489018
34489530
34490042
34490554
34491066
34491578
34486971
34487483
34487995
34488507
34489019
34489531
34490043
34490555
34491067
34491579
34486972
34487484
34487996
34488508
34489020
34489532
34490044
34490556
34491068
34491580
34486973
34487485
34487997
34488509
34489021
34489533
34490045
34490557
34491069
34491581
34486974
34487486
34487998
34488510
34489022
34489534
34490046
34490558
34491070
34491582
34486975
34487487
34487999
34488511
34489023
34489535
34490047
34490559
34491071
34491583
34486976
34487488
34488000
34488512
34489024
34489536
34490048
34490560
34491072
34491584
38422778
38423290
38423802
38424314
38424826
38425338
38425850
38426362
38426874
38427386
38422779
38423291
38423803
38424315
38424827
38425339
38425851
38426363
38426875
38427387
38422780
38423292
38423804
38424316
38424828
38425340
38425852
38426364
38426876
38427388
38422781
38423293
38423805
38424317
38424829
38425341
38425853
38426365
38426877
38427389
38422782
38423294
38423806
38424318
38424830
38425342
38425854
38426366
38426878
38427390
38422783
38423295
38423807
38424319
38424831
38425343
38425855
38426367
38426879
38427391
38422784
38423296
38423808
38424320
38424832
38425344
38425856
38426368
38426880
38427392
38422785
38423297
38423809
38424321
38424833
38425345
38425857
38426369
38426881
38427393
38422786
38423298
38423810
38424322
38424834
38425346
38425858
38426370
38426882
38427394
38422787
38423299
38423811
38424323
38424835
38425347
38425859
38426371
38426883
38427395
