42214555
42215067
42215579
42216091
42216603
42217115
42217627
42218139
42218651
42219163
42214556
42215068
42215580
42216092
42216604
42217116
42217628
42218140
42218652
42219164
42214557
42215069
42215581
42216093
42216605
42217117
42217629
42218141
42218653
42219165
42214558
42215070
42215582
42216094
42216606
42217118
42217630
42218142
42218654
42219166
42214559
42215071
42215583
42216095
42216607
42217119
42217631
42218143
42218655
42219167
42214560
42215072
42215584
42216096
42216608
42217120
42217632
42218144
42218656
42219168
42214561
42215073
42215585
42216097
42216609
42217121
42217633
42218145
42218657
42219169
42214562
42215074
42215586
42216098
42216610
42217122
42217634
42218146
42218658
42219170
42214563
42215075
42215587
42216099
42216611
42217123
42217635
42218147
42218659
42219171
42214564
42215076
42215588
42216100
42216612
42217124
42217636
42218148
42218660
42219172
41898834
41899346
41899858
41900370
41900882
41901394
41901906
41902418
41902930
41903442
41898835
41899347
41899859
41900371
41900883
41901395
41901907
41902419
41902931
41903443
41898836
41899348
41899860
41900372
41900884
41901396
41901908
41902420
41902932
41903444
41898837
41899349
41899861
41900373
41900885
41901397
41901909
41902421
41902933
41903445
41898838
41899350
41899862
41900374
41900886
41901398
41901910
41902422
41902934
41903446
41898839
41899351
41899863
41900375
41900887
41901399
41901911
41902423
41902935
41903447
41898840
41899352
41899864
41900376
41900888
41901400
41901912
41902424
41902936
41903448
41898841
41899353
41899865
41900377
41900889
41901401
41901913
41902425
41902937
41903449
41898842
41899354
41899866
41900378
41900890
41901402
41901914
41902426
41902938
41903450
41898843
41899355
41899867
41900379
41900891
41901403
41901915
41902427
41902939
41903451
27788668
27789180
27789692
27790204
27790716
27791228
27791740
27792252
27792764
27793276
27788669
27789181
27789693
27790205
27790717
27791229
27791741
27792253
27792765
27793277
27788670
27789182
27789694
27790206
27790718
27791230
27791742
27792254
27792766
27793278
27788671
27789183
27789695
27790207
27790719
27791231
27791743
27792255
27792767
27793279
27788672
27789184
27789696
27790208
27790720
27791232
27791744
27792256
27792768
27793280
27788673
27789185
27789697
27790209
27790721
27791233
27791745
27792257
27792769
27793281
27788674
27789186
27789698
27790210
27790722
27791234
27791746
27792258
27792770
27793282
27788675
27789187
27789699
27790211
27790723
27791235
27791747
27792259
27792771
27793283
27788676
27789188
27789700
27790212
27790724
27791236
27791748
27792260
27792772
27793284
27788677
27789189
27789701
27790213
27790725
27791237
27791749
27792261
27792773
27793285
33826667
33827179
33827691
33828203
33828715
33829227
33829739
33830251
33830763
33831275
33826668
33827180
33827692
33828204
33828716
33829228
33829740
33830252
33830764
33831276
33826669
33827181
33827693
33828205
33828717
33829229
33829741
33830253
33830765
33831277
33826670
33827182
33827694
33828206
33828718
33829230
33829742
33830254
33830766
33831278
33826671
33827183
33827695
33828207
33828719
33829231
33829743
33830255
33830767
33831279
33826672
33827184
33827696
33828208
33828720
33829232
33829744
33830256
33830768
33831280
33826673
33827185
33827697
33828209
33828721
33829233
33829745
33830257
33830769
33831281
33826674
33827186
33827698
33828210
33828722
33829234
33829746
33830258
33830770
33831282
33826675
33827187
33827699
33828211
33828723
33829235
33829747
33830259
33830771
33831283
33826676
33827188
33827700
33828212
33828724
33829236
33829748
33830260
33830772
33831284
26004302
26004814
26005326
26005838
26006350
26006862
26007374
26007886
26008398
26008910
26004303
26004815
26005327
26005839
26006351
26006863
26007375
26007887
26008399
26008911
26004304
26004816
26005328
26005840
26006352
26006864
26007376
26007888
26008400
26008912
26004305
26004817
26005329
26005841
26006353
26006865
26007377
26007889
26008401
26008913
26004306
26004818
26005330
26005842
26006354
26006866
26007378
26007890
26008402
26008914
26004307
26004819
26005331
26005843
26006355
26006867
26007379
26007891
26008403
26008915
26004308
26004820
26005332
26005844
26006356
26006868
26007380
26007892
26008404
26008916
26004309
26004821
26005333
26005845
26006357
26006869
26007381
26007893
26008405
26008917
26004310
26004822
26005334
26005846
26006358
26006870
26007382
26007894
26008406
26008918
26004311
26004823
26005335
26005847
26006359
26006871
26007383
26007895
26008407
26008919
8302387
8302899
8303411
8303923
8304435
8304947
8305459
8305971
8306483
8306995
8302388
8302900
8303412
8303924
8304436
8304948
8305460
8305972
8306484
8306996
8302389
8302901
8303413
8303925
8304437
8304949
8305461
8305973
8306485
8306997
8302390
8302902
8303414
8303926
8304438
8304950
8305462
8305974
8306486
8306998
8302391
8302903
8303415
8303927
8304439
8304951
8305463
8305975
8306487
8306999
8302392
8302904
8303416
8303928
8304440
8304952
8305464
8305976
8306488
8307000
8302393
8302905
8303417
8303929
8304441
8304953
8305465
8305977
8306489
8307001
8302394
8302906
8303418
8303930
8304442
8304954
8305466
8305978
8306490
8307002
8302395
8302907
8303419
8303931
8304443
8304955
8305467
8305979
8306491
8307003
8302396
8302908
8303420
8303932
8304444
8304956
8305468
8305980
8306492
8307004
24281672
24282184
24282696
24283208
24283720
24284232
24284744
24285256
24285768
24286280
24281673
24282185
24282697
24283209
24283721
24284233
24284745
24285257
24285769
24286281
24281674
24282186
24282698
24283210
24283722
24284234
24284746
24285258
24285770
24286282
24281675
24282187
24282699
24283211
24283723
24284235
24284747
24285259
24285771
24286283
24281676
24282188
24282700
24283212
24283724
24284236
24284748
24285260
24285772
24286284
24281677
24282189
24282701
24283213
24283725
24284237
24284749
24285261
24285773
24286285
24281678
24282190
24282702
24283214
24283726
24284238
24284750
24285262
24285774
24286286
24281679
24282191
24282703
24283215
24283727
24284239
24284751
24285263
24285775
24286287
24281680
24282192
24282704
24283216
24283728
24284240
24284752
24285264
24285776
24286288
24281681
24282193
24282705
24283217
24283729
24284241
24284753
24285265
24285777
24286289
43969541
43970053
43970565
43971077
43971589
43972101
43972613
43973125
43973637
43974149
43969542
43970054
43970566
43971078
43971590
43972102
43972614
43973126
43973638
43974150
43969543
43970055
43970567
43971079
43971591
43972103
43972615
43973127
43973639
43974151
43969544
43970056
43970568
43971080
43971592
43972104
43972616
43973128
43973640
43974152
43969545
43970057
43970569
43971081
43971593
43972105
43972617
43973129
43973641
43974153
43969546
43970058
43970570
43971082
43971594
43972106
43972618
43973130
43973642
43974154
43969547
43970059
43970571
43971083
43971595
43972107
43972619
43973131
43973643
43974155
43969548
43970060
43970572
43971084
43971596
43972108
43972620
43973132
43973644
43974156
43969549
43970061
43970573
43971085
43971597
43972109
43972621
43973133
43973645
43974157
43969550
43970062
43970574
43971086
43971598
43972110
43972622
43973134
43973646
43974158
21773125
21773637
21774149
21774661
21775173
21775685
21776197
21776709
21777221
21777733
21773126
21773638
21774150
21774662
21775174
21775686
21776198
21776710
21777222
21777734
21773127
21773639
21774151
21774663
21775175
21775687
21776199
21776711
21777223
21777735
21773128
21773640
21774152
21774664
21775176
21775688
21776200
21776712
21777224
21777736
21773129
21773641
21774153
21774665
21775177
21775689
21776201
21776713
21777225
21777737
21773130
21773642
21774154
21774666
21775178
21775690
21776202
21776714
21777226
21777738
21773131
21773643
21774155
21774667
21775179
21775691
21776203
21776715
21777227
21777739
21773132
21773644
21774156
21774668
21775180
21775692
21776204
21776716
21777228
21777740
21773133
21773645
21774157
21774669
21775181
21775693
21776205
21776717
21777229
21777741
21773134
21773646
21774158
21774670
21775182
21775694
21776206
21776718
21777230
21777742
22952042
22952554
22953066
22953578
22954090
22954602
22955114
22955626
22956138
22956650
22952043
22952555
22953067
22953579
22954091
22954603
22955115
22955627
22956139
22956651
22952044
22952556
22953068
22953580
22954092
22954604
22955116
22955628
22956140
22956652
22952045
22952557
22953069
22953581
22954093
22954605
22955117
22955629
22956141
22956653
22952046
22952558
22953070
22953582
22954094
22954606
22955118
22955630
22956142
22956654
22952047
22952559
22953071
22953583
22954095
22954607
22955119
22955631
22956143
22956655
22952048
22952560
22953072
22953584
22954096
22954608
22955120
22955632
22956144
22956656
22952049
22952561
22953073
22953585
22954097
22954609
22955121
22955633
22956145
22956657
22952050
22952562
22953074
22953586
22954098
22954610
22955122
22955634
22956146
22956658
22952051
22952563
22953075
22953587
22954099
22954611
22955123
22955635
22956147
22956659
8345233
8345745
8346257
8346769
8347281
8347793
8348305
8348817
8349329
8349841
8345234
8345746
8346258
8346770
8347282
8347794
8348306
8348818
8349330
8349842
8345235
8345747
8346259
8346771
8347283
8347795
8348307
8348819
8349331
8349843
8345236
8345748
8346260
8346772
8347284
8347796
8348308
8348820
8349332
8349844
8345237
8345749
8346261
8346773
8347285
8347797
8348309
8348821
8349333
8349845
8345238
8345750
8346262
8346774
8347286
8347798
8348310
8348822
8349334
8349846
8345239
8345751
8346263
8346775
8347287
8347799
8348311
8348823
8349335
8349847
8345240
8345752
8346264
8346776
8347288
8347800
8348312
8348824
8349336
8349848
8345241
8345753
8346265
8346777
8347289
8347801
8348313
8348825
8349337
8349849
8345242
8345754
8346266
8346778
8347290
8347802
8348314
8348826
8349338
8349850
315000
315512
316024
316536
317048
317560
318072
318584
319096
319608
315001
315513
316025
316537
317049
317561
318073
318585
319097
319609
315002
315514
316026
316538
317050
317562
318074
318586
319098
319610
315003
315515
316027
316539
317051
317563
318075
318587
319099
319611
315004
315516
316028
316540
317052
317564
318076
318588
319100
319612
315005
315517
316029
316541
317053
317565
318077
318589
319101
319613
315006
315518
316030
316542
317054
317566
318078
318590
319102
319614
315007
315519
316031
316543
317055
317567
318079
318591
319103
319615
315008
315520
316032
316544
317056
317568
318080
318592
319104
319616
315009
315521
316033
316545
317057
317569
318081
318593
319105
319617
15457782
15458294
15458806
15459318
15459830
15460342
15460854
15461366
15461878
15462390
15457783
15458295
15458807
15459319
15459831
15460343
15460855
15461367
15461879
15462391
15457784
15458296
15458808
15459320
15459832
15460344
15460856
15461368
15461880
15462392
15457785
15458297
15458809
15459321
15459833
15460345
15460857
15461369
15461881
15462393
15457786
15458298
15458810
15459322
15459834
15460346
15460858
15461370
15461882
15462394
15457787
15458299
15458811
15459323
15459835
15460347
15460859
15461371
15461883
15462395
15457788
15458300
15458812
15459324
15459836
15460348
15460860
15461372
15461884
15462396
15457789
15458301
15458813
15459325
15459837
15460349
15460861
15461373
15461885
15462397
15457790
15458302
15458814
15459326
15459838
15460350
15460862
15461374
15461886
15462398
15457791
15458303
15458815
15459327
15459839
15460351
15460863
15461375
15461887
15462399
27309852
27310364
27310876
27311388
27311900
27312412
27312924
27313436
27313948
27314460
27309853
27310365
27310877
27311389
27311901
27312413
27312925
27313437
27313949
27314461
27309854
27310366
27310878
27311390
27311902
27312414
27312926
27313438
27313950
27314462
27309855
27310367
27310879
27311391
27311903
27312415
27312927
27313439
27313951
27314463
27309856
27310368
27310880
27311392
27311904
27312416
27312928
27313440
27313952
27314464
27309857
27310369
27310881
27311393
27311905
27312417
27312929
27313441
27313953
27314465
27309858
27310370
27310882
27311394
27311906
27312418
27312930
27313442
27313954
27314466
27309859
27310371
27310883
27311395
27311907
27312419
27312931
27313443
27313955
27314467
27309860
27310372
27310884
27311396
27311908
27312420
27312932
27313444
27313956
27314468
27309861
27310373
27310885
27311397
27311909
27312421
27312933
27313445
27313957
27314469
15340238
15340750
15341262
15341774
15342286
15342798
15343310
15343822
15344334
15344846
15340239
15340751
15341263
15341775
15342287
15342799
15343311
15343823
15344335
15344847
15340240
15340752
15341264
15341776
15342288
15342800
15343312
15343824
15344336
15344848
15340241
15340753
15341265
15341777
15342289
15342801
15343313
15343825
15344337
15344849
15340242
15340754
15341266
15341778
15342290
15342802
15343314
15343826
15344338
15344850
15340243
15340755
15341267
15341779
15342291
15342803
15343315
15343827
15344339
15344851
15340244
15340756
15341268
15341780
15342292
15342804
15343316
15343828
15344340
15344852
15340245
15340757
15341269
15341781
15342293
15342805
15343317
15343829
15344341
15344853
15340246
15340758
15341270
15341782
15342294
15342806
15343318
15343830
15344342
15344854
15340247
15340759
15341271
15341783
15342295
15342807
15343319
15343831
15344343
15344855
41555416
41555928
41556440
41556952
41557464
41557976
41558488
41559000
41559512
41560024
41555417
41555929
41556441
41556953
41557465
41557977
41558489
41559001
41559513
41560025
41555418
41555930
41556442
41556954
41557466
41557978
41558490
41559002
41559514
41560026
41555419
41555931
41556443
41556955
41557467
41557979
41558491
41559003
41559515
41560027
41555420
41555932
41556444
41556956
41557468
41557980
41558492
41559004
41559516
41560028
41555421
41555933
41556445
41556957
41557469
41557981
41558493
41559005
41559517
41560029
41555422
41555934
41556446
41556958
41557470
41557982
41558494
41559006
41559518
41560030
41555423
41555935
41556447
41556959
41557471
41557983
41558495
41559007
41559519
41560031
41555424
41555936
41556448
41556960
41557472
41557984
41558496
41559008
41559520
41560032
41555425
41555937
41556449
41556961
41557473
41557985
41558497
41559009
41559521
41560033
29110748
29111260
29111772
29112284
29112796
29113308
29113820
29114332
29114844
29115356
29110749
29111261
29111773
29112285
29112797
29113309
29113821
29114333
29114845
29115357
29110750
29111262
29111774
29112286
29112798
29113310
29113822
29114334
29114846
29115358
29110751
29111263
29111775
29112287
29112799
29113311
29113823
29114335
29114847
29115359
29110752
29111264
29111776
29112288
29112800
29113312
29113824
29114336
29114848
29115360
29110753
29111265
29111777
29112289
29112801
29113313
29113825
29114337
29114849
29115361
29110754
29111266
29111778
29112290
29112802
29113314
29113826
29114338
29114850
29115362
29110755
29111267
29111779
29112291
29112803
29113315
29113827
29114339
29114851
29115363
29110756
29111268
29111780
29112292
29112804
29113316
29113828
29114340
29114852
29115364
29110757
29111269
29111781
29112293
29112805
29113317
29113829
29114341
29114853
29115365
32229224
32229736
32230248
32230760
32231272
32231784
32232296
32232808
32233320
32233832
32229225
32229737
32230249
32230761
32231273
32231785
32232297
32232809
32233321
32233833
32229226
32229738
32230250
32230762
32231274
32231786
32232298
32232810
32233322
32233834
32229227
32229739
32230251
32230763
32231275
32231787
32232299
32232811
32233323
32233835
32229228
32229740
32230252
32230764
32231276
32231788
32232300
32232812
32233324
32233836
32229229
32229741
32230253
32230765
32231277
32231789
32232301
32232813
32233325
32233837
32229230
32229742
32230254
32230766
32231278
32231790
32232302
32232814
32233326
32233838
32229231
32229743
32230255
32230767
32231279
32231791
32232303
32232815
32233327
32233839
32229232
32229744
32230256
32230768
32231280
32231792
32232304
32232816
32233328
32233840
32229233
32229745
32230257
32230769
32231281
32231793
32232305
32232817
32233329
32233841
15094980
15095492
15096004
15096516
15097028
15097540
15098052
15098564
15099076
15099588
15094981
15095493
15096005
15096517
15097029
15097541
15098053
15098565
15099077
15099589
15094982
15095494
15096006
15096518
15097030
15097542
15098054
15098566
15099078
15099590
15094983
15095495
15096007
15096519
15097031
15097543
15098055
15098567
15099079
15099591
15094984
15095496
15096008
15096520
15097032
15097544
15098056
15098568
15099080
15099592
15094985
15095497
15096009
15096521
15097033
15097545
15098057
15098569
15099081
15099593
15094986
15095498
15096010
15096522
15097034
15097546
15098058
15098570
15099082
15099594
15094987
15095499
15096011
15096523
15097035
15097547
15098059
15098571
15099083
15099595
15094988
15095500
15096012
15096524
15097036
15097548
15098060
15098572
15099084
15099596
15094989
15095501
15096013
15096525
15097037
15097549
15098061
15098573
15099085
15099597
22148440
22148952
22149464
22149976
22150488
22151000
22151512
22152024
22152536
22153048
22148441
22148953
22149465
22149977
22150489
22151001
22151513
22152025
22152537
22153049
22148442
22148954
22149466
22149978
22150490
22151002
22151514
22152026
22152538
22153050
22148443
22148955
22149467
22149979
22150491
22151003
22151515
22152027
22152539
22153051
22148444
22148956
22149468
22149980
22150492
22151004
22151516
22152028
22152540
22153052
22148445
22148957
22149469
22149981
22150493
22151005
22151517
22152029
22152541
22153053
22148446
22148958
22149470
22149982
22150494
22151006
22151518
22152030
22152542
22153054
22148447
22148959
22149471
22149983
22150495
22151007
22151519
22152031
22152543
22153055
22148448
22148960
22149472
22149984
22150496
22151008
22151520
22152032
22152544
22153056
22148449
22148961
22149473
22149985
22150497
22151009
22151521
22152033
22152545
22153057
22307226
22307738
22308250
22308762
22309274
22309786
22310298
22310810
22311322
22311834
22307227
22307739
22308251
22308763
22309275
22309787
22310299
22310811
22311323
22311835
22307228
22307740
22308252
22308764
22309276
22309788
22310300
22310812
22311324
22311836
22307229
22307741
22308253
22308765
22309277
22309789
22310301
22310813
22311325
22311837
22307230
22307742
22308254
22308766
22309278
22309790
22310302
22310814
22311326
22311838
22307231
22307743
22308255
22308767
22309279
22309791
22310303
22310815
22311327
22311839
22307232
22307744
22308256
22308768
22309280
22309792
22310304
22310816
22311328
22311840
22307233
22307745
22308257
22308769
22309281
22309793
22310305
22310817
22311329
22311841
22307234
22307746
22308258
22308770
22309282
22309794
22310306
22310818
22311330
22311842
22307235
22307747
22308259
22308771
22309283
22309795
22310307
22310819
22311331
22311843
21356347
21356859
21357371
21357883
21358395
21358907
21359419
21359931
21360443
21360955
21356348
21356860
21357372
21357884
21358396
21358908
21359420
21359932
21360444
21360956
21356349
21356861
21357373
21357885
21358397
21358909
21359421
21359933
21360445
21360957
21356350
21356862
21357374
21357886
21358398
21358910
21359422
21359934
21360446
21360958
21356351
21356863
21357375
21357887
21358399
21358911
21359423
21359935
21360447
21360959
21356352
21356864
21357376
21357888
21358400
21358912
21359424
21359936
21360448
21360960
21356353
21356865
21357377
21357889
21358401
21358913
21359425
21359937
21360449
21360961
21356354
21356866
21357378
21357890
21358402
21358914
21359426
21359938
21360450
21360962
21356355
21356867
21357379
21357891
21358403
21358915
21359427
21359939
21360451
21360963
21356356
21356868
21357380
21357892
21358404
21358916
21359428
21359940
21360452
21360964
21786365
21786877
21787389
21787901
21788413
21788925
21789437
21789949
21790461
21790973
21786366
21786878
21787390
21787902
21788414
21788926
21789438
21789950
21790462
21790974
21786367
21786879
21787391
21787903
21788415
21788927
21789439
21789951
21790463
21790975
21786368
21786880
21787392
21787904
21788416
21788928
21789440
21789952
21790464
21790976
21786369
21786881
21787393
21787905
21788417
21788929
21789441
21789953
21790465
21790977
21786370
21786882
21787394
21787906
21788418
21788930
21789442
21789954
21790466
21790978
21786371
21786883
21787395
21787907
21788419
21788931
21789443
21789955
21790467
21790979
21786372
21786884
21787396
21787908
21788420
21788932
21789444
21789956
21790468
21790980
21786373
21786885
21787397
21787909
21788421
21788933
21789445
21789957
21790469
21790981
21786374
21786886
21787398
21787910
21788422
21788934
21789446
21789958
21790470
21790982
30824363
30824875
30825387
30825899
30826411
30826923
30827435
30827947
30828459
30828971
30824364
30824876
30825388
30825900
30826412
30826924
30827436
30827948
30828460
30828972
30824365
30824877
30825389
30825901
30826413
30826925
30827437
30827949
30828461
30828973
30824366
30824878
30825390
30825902
30826414
30826926
30827438
30827950
30828462
30828974
30824367
30824879
30825391
30825903
30826415
30826927
30827439
30827951
30828463
30828975
30824368
30824880
30825392
30825904
30826416
30826928
30827440
30827952
30828464
30828976
30824369
30824881
30825393
30825905
30826417
30826929
30827441
30827953
30828465
30828977
30824370
30824882
30825394
30825906
30826418
30826930
30827442
30827954
30828466
30828978
30824371
30824883
30825395
30825907
30826419
30826931
30827443
30827955
30828467
30828979
30824372
30824884
30825396
30825908
30826420
30826932
30827444
30827956
30828468
30828980
6750136
6750648
6751160
6751672
6752184
6752696
6753208
6753720
6754232
6754744
6750137
6750649
6751161
6751673
6752185
6752697
6753209
6753721
6754233
6754745
6750138
6750650
6751162
6751674
6752186
6752698
6753210
6753722
6754234
6754746
6750139
6750651
6751163
6751675
6752187
6752699
6753211
6753723
6754235
6754747
6750140
6750652
6751164
6751676
6752188
6752700
6753212
6753724
6754236
6754748
6750141
6750653
6751165
6751677
6752189
6752701
6753213
6753725
6754237
6754749
6750142
6750654
6751166
6751678
6752190
6752702
6753214
6753726
6754238
6754750
6750143
6750655
6751167
6751679
6752191
6752703
6753215
6753727
6754239
6754751
6750144
6750656
6751168
6751680
6752192
6752704
6753216
6753728
6754240
6754752
6750145
6750657
6751169
6751681
6752193
6752705
6753217
6753729
6754241
6754753
44639055
44639567
44640079
44640591
44641103
44641615
44642127
44642639
44643151
44643663
44639056
44639568
44640080
44640592
44641104
44641616
44642128
44642640
44643152
44643664
44639057
44639569
44640081
44640593
44641105
44641617
44642129
44642641
44643153
44643665
44639058
44639570
44640082
44640594
44641106
44641618
44642130
44642642
44643154
44643666
44639059
44639571
44640083
44640595
44641107
44641619
44642131
44642643
44643155
44643667
44639060
44639572
44640084
44640596
44641108
44641620
44642132
44642644
44643156
44643668
44639061
44639573
44640085
44640597
44641109
44641621
44642133
44642645
44643157
44643669
44639062
44639574
44640086
44640598
44641110
44641622
44642134
44642646
44643158
44643670
44639063
44639575
44640087
44640599
44641111
44641623
44642135
44642647
44643159
44643671
44639064
44639576
44640088
44640600
44641112
44641624
44642136
44642648
44643160
44643672
24125176
24125688
24126200
24126712
24127224
24127736
24128248
24128760
24129272
24129784
24125177
24125689
24126201
24126713
24127225
24127737
24128249
24128761
24129273
24129785
24125178
24125690
24126202
24126714
24127226
24127738
24128250
24128762
24129274
24129786
24125179
24125691
24126203
24126715
24127227
24127739
24128251
24128763
24129275
24129787
24125180
24125692
24126204
24126716
24127228
24127740
24128252
24128764
24129276
24129788
24125181
24125693
24126205
24126717
24127229
24127741
24128253
24128765
24129277
24129789
24125182
24125694
24126206
24126718
24127230
24127742
24128254
24128766
24129278
24129790
24125183
24125695
24126207
24126719
24127231
24127743
24128255
24128767
24129279
24129791
24125184
24125696
24126208
24126720
24127232
24127744
24128256
24128768
24129280
24129792
24125185
24125697
24126209
24126721
24127233
24127745
24128257
24128769
24129281
24129793
24832299
24832811
24833323
24833835
24834347
24834859
24835371
24835883
24836395
24836907
24832300
24832812
24833324
24833836
24834348
24834860
24835372
24835884
24836396
24836908
24832301
24832813
24833325
24833837
24834349
24834861
24835373
24835885
24836397
24836909
24832302
24832814
24833326
24833838
24834350
24834862
24835374
24835886
24836398
24836910
24832303
24832815
24833327
24833839
24834351
24834863
24835375
24835887
24836399
24836911
24832304
24832816
24833328
24833840
24834352
24834864
24835376
24835888
24836400
24836912
24832305
24832817
24833329
24833841
24834353
24834865
24835377
24835889
24836401
24836913
24832306
24832818
24833330
24833842
24834354
24834866
24835378
24835890
24836402
24836914
24832307
24832819
24833331
24833843
24834355
24834867
24835379
24835891
24836403
24836915
24832308
24832820
24833332
24833844
24834356
24834868
24835380
24835892
24836404
24836916
15803448
15803960
15804472
15804984
15805496
15806008
15806520
15807032
15807544
15808056
15803449
15803961
15804473
15804985
15805497
15806009
15806521
15807033
15807545
15808057
15803450
15803962
15804474
15804986
15805498
15806010
15806522
15807034
15807546
15808058
15803451
15803963
15804475
15804987
15805499
15806011
15806523
15807035
15807547
15808059
15803452
15803964
15804476
15804988
15805500
15806012
15806524
15807036
15807548
15808060
15803453
15803965
15804477
15804989
15805501
15806013
15806525
15807037
15807549
15808061
15803454
15803966
15804478
15804990
15805502
15806014
15806526
15807038
15807550
15808062
15803455
15803967
15804479
15804991
15805503
15806015
15806527
15807039
15807551
15808063
15803456
15803968
15804480
15804992
15805504
15806016
15806528
15807040
15807552
15808064
15803457
15803969
15804481
15804993
15805505
15806017
15806529
15807041
15807553
15808065
4888289
4888801
4889313
4889825
4890337
4890849
4891361
4891873
4892385
4892897
4888290
4888802
4889314
4889826
4890338
4890850
4891362
4891874
4892386
4892898
4888291
4888803
4889315
4889827
4890339
4890851
4891363
4891875
4892387
4892899
4888292
4888804
4889316
4889828
4890340
4890852
4891364
4891876
4892388
4892900
4888293
4888805
4889317
4889829
4890341
4890853
4891365
4891877
4892389
4892901
4888294
4888806
4889318
4889830
4890342
4890854
4891366
4891878
4892390
4892902
4888295
4888807
4889319
4889831
4890343
4890855
4891367
4891879
4892391
4892903
4888296
4888808
4889320
4889832
4890344
4890856
4891368
4891880
4892392
4892904
4888297
4888809
4889321
4889833
4890345
4890857
4891369
4891881
4892393
4892905
4888298
4888810
4889322
4889834
4890346
4890858
4891370
4891882
4892394
4892906
