7119588
7120100
7120612
7121124
7121636
7122148
7122660
7123172
7123684
7124196
7119589
7120101
7120613
7121125
7121637
7122149
7122661
7123173
7123685
7124197
7119590
7120102
7120614
7121126
7121638
7122150
7122662
7123174
7123686
7124198
7119591
7120103
7120615
7121127
7121639
7122151
7122663
7123175
7123687
7124199
7119592
7120104
7120616
7121128
7121640
7122152
7122664
7123176
7123688
7124200
7119593
7120105
7120617
7121129
7121641
7122153
7122665
7123177
7123689
7124201
7119594
7120106
7120618
7121130
7121642
7122154
7122666
7123178
7123690
7124202
7119595
7120107
7120619
7121131
7121643
7122155
7122667
7123179
7123691
7124203
7119596
7120108
7120620
7121132
7121644
7122156
7122668
7123180
7123692
7124204
7119597
7120109
7120621
7121133
7121645
7122157
7122669
7123181
7123693
7124205
21851691
21852203
21852715
21853227
21853739
21854251
21854763
21855275
21855787
21856299
21851692
21852204
21852716
21853228
21853740
21854252
21854764
21855276
21855788
21856300
21851693
21852205
21852717
21853229
21853741
21854253
21854765
21855277
21855789
21856301
21851694
21852206
21852718
21853230
21853742
21854254
21854766
21855278
21855790
21856302
21851695
21852207
21852719
21853231
21853743
21854255
21854767
21855279
21855791
21856303
21851696
21852208
21852720
21853232
21853744
21854256
21854768
21855280
21855792
21856304
21851697
21852209
21852721
21853233
21853745
21854257
21854769
21855281
21855793
21856305
21851698
21852210
21852722
21853234
21853746
21854258
21854770
21855282
21855794
21856306
21851699
21852211
21852723
21853235
21853747
21854259
21854771
21855283
21855795
21856307
21851700
21852212
21852724
21853236
21853748
21854260
21854772
21855284
21855796
21856308
292332
292844
293356
293868
294380
294892
295404
295916
296428
296940
292333
292845
293357
293869
294381
294893
295405
295917
296429
296941
292334
292846
293358
293870
294382
294894
295406
295918
296430
296942
292335
292847
293359
293871
294383
294895
295407
295919
296431
296943
292336
292848
293360
293872
294384
294896
295408
295920
296432
296944
292337
292849
293361
293873
294385
294897
295409
295921
296433
296945
292338
292850
293362
293874
294386
294898
295410
295922
296434
296946
292339
292851
293363
293875
294387
294899
295411
295923
296435
296947
292340
292852
293364
293876
294388
294900
295412
295924
296436
296948
292341
292853
293365
293877
294389
294901
295413
295925
296437
296949
29121810
29122322
29122834
29123346
29123858
29124370
29124882
29125394
29125906
29126418
29121811
29122323
29122835
29123347
29123859
29124371
29124883
29125395
29125907
29126419
29121812
29122324
29122836
29123348
29123860
29124372
29124884
29125396
29125908
29126420
29121813
29122325
29122837
29123349
29123861
29124373
29124885
29125397
29125909
29126421
29121814
29122326
29122838
29123350
29123862
29124374
29124886
29125398
29125910
29126422
29121815
29122327
29122839
29123351
29123863
29124375
29124887
29125399
29125911
29126423
29121816
29122328
29122840
29123352
29123864
29124376
29124888
29125400
29125912
29126424
29121817
29122329
29122841
29123353
29123865
29124377
29124889
29125401
29125913
29126425
29121818
29122330
29122842
29123354
29123866
29124378
29124890
29125402
29125914
29126426
29121819
29122331
29122843
29123355
29123867
29124379
29124891
29125403
29125915
29126427
30355019
30355531
30356043
30356555
30357067
30357579
30358091
30358603
30359115
30359627
30355020
30355532
30356044
30356556
30357068
30357580
30358092
30358604
30359116
30359628
30355021
30355533
30356045
30356557
30357069
30357581
30358093
30358605
30359117
30359629
30355022
30355534
30356046
30356558
30357070
30357582
30358094
30358606
30359118
30359630
30355023
30355535
30356047
30356559
30357071
30357583
30358095
30358607
30359119
30359631
30355024
30355536
30356048
30356560
30357072
30357584
30358096
30358608
30359120
30359632
30355025
30355537
30356049
30356561
30357073
30357585
30358097
30358609
30359121
30359633
30355026
30355538
30356050
30356562
30357074
30357586
30358098
30358610
30359122
30359634
30355027
30355539
30356051
30356563
30357075
30357587
30358099
30358611
30359123
30359635
30355028
30355540
30356052
30356564
30357076
30357588
30358100
30358612
30359124
30359636
11118602
11119114
11119626
11120138
11120650
11121162
11121674
11122186
11122698
11123210
11118603
11119115
11119627
11120139
11120651
11121163
11121675
11122187
11122699
11123211
11118604
11119116
11119628
11120140
11120652
11121164
11121676
11122188
11122700
11123212
11118605
11119117
11119629
11120141
11120653
11121165
11121677
11122189
11122701
11123213
11118606
11119118
11119630
11120142
11120654
11121166
11121678
11122190
11122702
11123214
11118607
11119119
11119631
11120143
11120655
11121167
11121679
11122191
11122703
11123215
11118608
11119120
11119632
11120144
11120656
11121168
11121680
11122192
11122704
11123216
11118609
11119121
11119633
11120145
11120657
11121169
11121681
11122193
11122705
11123217
11118610
11119122
11119634
11120146
11120658
11121170
11121682
11122194
11122706
11123218
11118611
11119123
11119635
11120147
11120659
11121171
11121683
11122195
11122707
11123219
26969984
26970496
26971008
26971520
26972032
26972544
26973056
26973568
26974080
26974592
26969985
26970497
26971009
26971521
26972033
26972545
26973057
26973569
26974081
26974593
26969986
26970498
26971010
26971522
26972034
26972546
26973058
26973570
26974082
26974594
26969987
26970499
26971011
26971523
26972035
26972547
26973059
26973571
26974083
26974595
26969988
26970500
26971012
26971524
26972036
26972548
26973060
26973572
26974084
26974596
26969989
26970501
26971013
26971525
26972037
26972549
26973061
26973573
26974085
26974597
26969990
26970502
26971014
26971526
26972038
26972550
26973062
26973574
26974086
26974598
26969991
26970503
26971015
26971527
26972039
26972551
26973063
26973575
26974087
26974599
26969992
26970504
26971016
26971528
26972040
26972552
26973064
26973576
26974088
26974600
26969993
26970505
26971017
26971529
26972041
26972553
26973065
26973577
26974089
26974601
16401272
16401784
16402296
16402808
16403320
16403832
16404344
16404856
16405368
16405880
16401273
16401785
16402297
16402809
16403321
16403833
16404345
16404857
16405369
16405881
16401274
16401786
16402298
16402810
16403322
16403834
16404346
16404858
16405370
16405882
16401275
16401787
16402299
16402811
16403323
16403835
16404347
16404859
16405371
16405883
16401276
16401788
16402300
16402812
16403324
16403836
16404348
16404860
16405372
16405884
16401277
16401789
16402301
16402813
16403325
16403837
16404349
16404861
16405373
16405885
16401278
16401790
16402302
16402814
16403326
16403838
16404350
16404862
16405374
16405886
16401279
16401791
16402303
16402815
16403327
16403839
16404351
16404863
16405375
16405887
16401280
16401792
16402304
16402816
16403328
16403840
16404352
16404864
16405376
16405888
16401281
16401793
16402305
16402817
16403329
16403841
16404353
16404865
16405377
16405889
20310830
20311342
20311854
20312366
20312878
20313390
20313902
20314414
20314926
20315438
20310831
20311343
20311855
20312367
20312879
20313391
20313903
20314415
20314927
20315439
20310832
20311344
20311856
20312368
20312880
20313392
20313904
20314416
20314928
20315440
20310833
20311345
20311857
20312369
20312881
20313393
20313905
20314417
20314929
20315441
20310834
20311346
20311858
20312370
20312882
20313394
20313906
20314418
20314930
20315442
20310835
20311347
20311859
20312371
20312883
20313395
20313907
20314419
20314931
20315443
20310836
20311348
20311860
20312372
20312884
20313396
20313908
20314420
20314932
20315444
20310837
20311349
20311861
20312373
20312885
20313397
20313909
20314421
20314933
20315445
20310838
20311350
20311862
20312374
20312886
20313398
20313910
20314422
20314934
20315446
20310839
20311351
20311863
20312375
20312887
20313399
20313911
20314423
20314935
20315447
25242190
25242702
25243214
25243726
25244238
25244750
25245262
25245774
25246286
25246798
25242191
25242703
25243215
25243727
25244239
25244751
25245263
25245775
25246287
25246799
25242192
25242704
25243216
25243728
25244240
25244752
25245264
25245776
25246288
25246800
25242193
25242705
25243217
25243729
25244241
25244753
25245265
25245777
25246289
25246801
25242194
25242706
25243218
25243730
25244242
25244754
25245266
25245778
25246290
25246802
25242195
25242707
25243219
25243731
25244243
25244755
25245267
25245779
25246291
25246803
25242196
25242708
25243220
25243732
25244244
25244756
25245268
25245780
25246292
25246804
25242197
25242709
25243221
25243733
25244245
25244757
25245269
25245781
25246293
25246805
25242198
25242710
25243222
25243734
25244246
25244758
25245270
25245782
25246294
25246806
25242199
25242711
25243223
25243735
25244247
25244759
25245271
25245783
25246295
25246807
24186537
24187049
24187561
24188073
24188585
24189097
24189609
24190121
24190633
24191145
24186538
24187050
24187562
24188074
24188586
24189098
24189610
24190122
24190634
24191146
24186539
24187051
24187563
24188075
24188587
24189099
24189611
24190123
24190635
24191147
24186540
24187052
24187564
24188076
24188588
24189100
24189612
24190124
24190636
24191148
24186541
24187053
24187565
24188077
24188589
24189101
24189613
24190125
24190637
24191149
24186542
24187054
24187566
24188078
24188590
24189102
24189614
24190126
24190638
24191150
24186543
24187055
24187567
24188079
24188591
24189103
24189615
24190127
24190639
24191151
24186544
24187056
24187568
24188080
24188592
24189104
24189616
24190128
24190640
24191152
24186545
24187057
24187569
24188081
24188593
24189105
24189617
24190129
24190641
24191153
24186546
24187058
24187570
24188082
24188594
24189106
24189618
24190130
24190642
24191154
27275399
27275911
27276423
27276935
27277447
27277959
27278471
27278983
27279495
27280007
27275400
27275912
27276424
27276936
27277448
27277960
27278472
27278984
27279496
27280008
27275401
27275913
27276425
27276937
27277449
27277961
27278473
27278985
27279497
27280009
27275402
27275914
27276426
27276938
27277450
27277962
27278474
27278986
27279498
27280010
27275403
27275915
27276427
27276939
27277451
27277963
27278475
27278987
27279499
27280011
27275404
27275916
27276428
27276940
27277452
27277964
27278476
27278988
27279500
27280012
27275405
27275917
27276429
27276941
27277453
27277965
27278477
27278989
27279501
27280013
27275406
27275918
27276430
27276942
27277454
27277966
27278478
27278990
27279502
27280014
27275407
27275919
27276431
27276943
27277455
27277967
27278479
27278991
27279503
27280015
27275408
27275920
27276432
27276944
27277456
27277968
27278480
27278992
27279504
27280016
38553656
38554168
38554680
38555192
38555704
38556216
38556728
38557240
38557752
38558264
38553657
38554169
38554681
38555193
38555705
38556217
38556729
38557241
38557753
38558265
38553658
38554170
38554682
38555194
38555706
38556218
38556730
38557242
38557754
38558266
38553659
38554171
38554683
38555195
38555707
38556219
38556731
38557243
38557755
38558267
38553660
38554172
38554684
38555196
38555708
38556220
38556732
38557244
38557756
38558268
38553661
38554173
38554685
38555197
38555709
38556221
38556733
38557245
38557757
38558269
38553662
38554174
38554686
38555198
38555710
38556222
38556734
38557246
38557758
38558270
38553663
38554175
38554687
38555199
38555711
38556223
38556735
38557247
38557759
38558271
38553664
38554176
38554688
38555200
38555712
38556224
38556736
38557248
38557760
38558272
38553665
38554177
38554689
38555201
38555713
38556225
38556737
38557249
38557761
38558273
41309149
41309661
41310173
41310685
41311197
41311709
41312221
41312733
41313245
41313757
41309150
41309662
41310174
41310686
41311198
41311710
41312222
41312734
41313246
41313758
41309151
41309663
41310175
41310687
41311199
41311711
41312223
41312735
41313247
41313759
41309152
41309664
41310176
41310688
41311200
41311712
41312224
41312736
41313248
41313760
41309153
41309665
41310177
41310689
41311201
41311713
41312225
41312737
41313249
41313761
41309154
41309666
41310178
41310690
41311202
41311714
41312226
41312738
41313250
41313762
41309155
41309667
41310179
41310691
41311203
41311715
41312227
41312739
41313251
41313763
41309156
41309668
41310180
41310692
41311204
41311716
41312228
41312740
41313252
41313764
41309157
41309669
41310181
41310693
41311205
41311717
41312229
41312741
41313253
41313765
41309158
41309670
41310182
41310694
41311206
41311718
41312230
41312742
41313254
41313766
10372568
10373080
10373592
10374104
10374616
10375128
10375640
10376152
10376664
10377176
10372569
10373081
10373593
10374105
10374617
10375129
10375641
10376153
10376665
10377177
10372570
10373082
10373594
10374106
10374618
10375130
10375642
10376154
10376666
10377178
10372571
10373083
10373595
10374107
10374619
10375131
10375643
10376155
10376667
10377179
10372572
10373084
10373596
10374108
10374620
10375132
10375644
10376156
10376668
10377180
10372573
10373085
10373597
10374109
10374621
10375133
10375645
10376157
10376669
10377181
10372574
10373086
10373598
10374110
10374622
10375134
10375646
10376158
10376670
10377182
10372575
10373087
10373599
10374111
10374623
10375135
10375647
10376159
10376671
10377183
10372576
10373088
10373600
10374112
10374624
10375136
10375648
10376160
10376672
10377184
10372577
10373089
10373601
10374113
10374625
10375137
10375649
10376161
10376673
10377185
40762030
40762542
40763054
40763566
40764078
40764590
40765102
40765614
40766126
40766638
40762031
40762543
40763055
40763567
40764079
40764591
40765103
40765615
40766127
40766639
40762032
40762544
40763056
40763568
40764080
40764592
40765104
40765616
40766128
40766640
40762033
40762545
40763057
40763569
40764081
40764593
40765105
40765617
40766129
40766641
40762034
40762546
40763058
40763570
40764082
40764594
40765106
40765618
40766130
40766642
40762035
40762547
40763059
40763571
40764083
40764595
40765107
40765619
40766131
40766643
40762036
40762548
40763060
40763572
40764084
40764596
40765108
40765620
40766132
40766644
40762037
40762549
40763061
40763573
40764085
40764597
40765109
40765621
40766133
40766645
40762038
40762550
40763062
40763574
40764086
40764598
40765110
40765622
40766134
40766646
40762039
40762551
40763063
40763575
40764087
40764599
40765111
40765623
40766135
40766647
1894190
1894702
1895214
1895726
1896238
1896750
1897262
1897774
1898286
1898798
1894191
1894703
1895215
1895727
1896239
1896751
1897263
1897775
1898287
1898799
1894192
1894704
1895216
1895728
1896240
1896752
1897264
1897776
1898288
1898800
1894193
1894705
1895217
1895729
1896241
1896753
1897265
1897777
1898289
1898801
1894194
1894706
1895218
1895730
1896242
1896754
1897266
1897778
1898290
1898802
1894195
1894707
1895219
1895731
1896243
1896755
1897267
1897779
1898291
1898803
1894196
1894708
1895220
1895732
1896244
1896756
1897268
1897780
1898292
1898804
1894197
1894709
1895221
1895733
1896245
1896757
1897269
1897781
1898293
1898805
1894198
1894710
1895222
1895734
1896246
1896758
1897270
1897782
1898294
1898806
1894199
1894711
1895223
1895735
1896247
1896759
1897271
1897783
1898295
1898807
21513498
21514010
21514522
21515034
21515546
21516058
21516570
21517082
21517594
21518106
21513499
21514011
21514523
21515035
21515547
21516059
21516571
21517083
21517595
21518107
21513500
21514012
21514524
21515036
21515548
21516060
21516572
21517084
21517596
21518108
21513501
21514013
21514525
21515037
21515549
21516061
21516573
21517085
21517597
21518109
21513502
21514014
21514526
21515038
21515550
21516062
21516574
21517086
21517598
21518110
21513503
21514015
21514527
21515039
21515551
21516063
21516575
21517087
21517599
21518111
21513504
21514016
21514528
21515040
21515552
21516064
21516576
21517088
21517600
21518112
21513505
21514017
21514529
21515041
21515553
21516065
21516577
21517089
21517601
21518113
21513506
21514018
21514530
21515042
21515554
21516066
21516578
21517090
21517602
21518114
21513507
21514019
21514531
21515043
21515555
21516067
21516579
21517091
21517603
21518115
5838536
5839048
5839560
5840072
5840584
5841096
5841608
5842120
5842632
5843144
5838537
5839049
5839561
5840073
5840585
5841097
5841609
5842121
5842633
5843145
5838538
5839050
5839562
5840074
5840586
5841098
5841610
5842122
5842634
5843146
5838539
5839051
5839563
5840075
5840587
5841099
5841611
5842123
5842635
5843147
5838540
5839052
5839564
5840076
5840588
5841100
5841612
5842124
5842636
5843148
5838541
5839053
5839565
5840077
5840589
5841101
5841613
5842125
5842637
5843149
5838542
5839054
5839566
5840078
5840590
5841102
5841614
5842126
5842638
5843150
5838543
5839055
5839567
5840079
5840591
5841103
5841615
5842127
5842639
5843151
5838544
5839056
5839568
5840080
5840592
5841104
5841616
5842128
5842640
5843152
5838545
5839057
5839569
5840081
5840593
5841105
5841617
5842129
5842641
5843153
31696774
31697286
31697798
31698310
31698822
31699334
31699846
31700358
31700870
31701382
31696775
31697287
31697799
31698311
31698823
31699335
31699847
31700359
31700871
31701383
31696776
31697288
31697800
31698312
31698824
31699336
31699848
31700360
31700872
31701384
31696777
31697289
31697801
31698313
31698825
31699337
31699849
31700361
31700873
31701385
31696778
31697290
31697802
31698314
31698826
31699338
31699850
31700362
31700874
31701386
31696779
31697291
31697803
31698315
31698827
31699339
31699851
31700363
31700875
31701387
31696780
31697292
31697804
31698316
31698828
31699340
31699852
31700364
31700876
31701388
31696781
31697293
31697805
31698317
31698829
31699341
31699853
31700365
31700877
31701389
31696782
31697294
31697806
31698318
31698830
31699342
31699854
31700366
31700878
31701390
31696783
31697295
31697807
31698319
31698831
31699343
31699855
31700367
31700879
31701391
18057905
18058417
18058929
18059441
18059953
18060465
18060977
18061489
18062001
18062513
18057906
18058418
18058930
18059442
18059954
18060466
18060978
18061490
18062002
18062514
18057907
18058419
18058931
18059443
18059955
18060467
18060979
18061491
18062003
18062515
18057908
18058420
18058932
18059444
18059956
18060468
18060980
18061492
18062004
18062516
18057909
18058421
18058933
18059445
18059957
18060469
18060981
18061493
18062005
18062517
18057910
18058422
18058934
18059446
18059958
18060470
18060982
18061494
18062006
18062518
18057911
18058423
18058935
18059447
18059959
18060471
18060983
18061495
18062007
18062519
18057912
18058424
18058936
18059448
18059960
18060472
18060984
18061496
18062008
18062520
18057913
18058425
18058937
18059449
18059961
18060473
18060985
18061497
18062009
18062521
18057914
18058426
18058938
18059450
18059962
18060474
18060986
18061498
18062010
18062522
14827015
14827527
14828039
14828551
14829063
14829575
14830087
14830599
14831111
14831623
14827016
14827528
14828040
14828552
14829064
14829576
14830088
14830600
14831112
14831624
14827017
14827529
14828041
14828553
14829065
14829577
14830089
14830601
14831113
14831625
14827018
14827530
14828042
14828554
14829066
14829578
14830090
14830602
14831114
14831626
14827019
14827531
14828043
14828555
14829067
14829579
14830091
14830603
14831115
14831627
14827020
14827532
14828044
14828556
14829068
14829580
14830092
14830604
14831116
14831628
14827021
14827533
14828045
14828557
14829069
14829581
14830093
14830605
14831117
14831629
14827022
14827534
14828046
14828558
14829070
14829582
14830094
14830606
14831118
14831630
14827023
14827535
14828047
14828559
14829071
14829583
14830095
14830607
14831119
14831631
14827024
14827536
14828048
14828560
14829072
14829584
14830096
14830608
14831120
14831632
23375509
23376021
23376533
23377045
23377557
23378069
23378581
23379093
23379605
23380117
23375510
23376022
23376534
23377046
23377558
23378070
23378582
23379094
23379606
23380118
23375511
23376023
23376535
23377047
23377559
23378071
23378583
23379095
23379607
23380119
23375512
23376024
23376536
23377048
23377560
23378072
23378584
23379096
23379608
23380120
23375513
23376025
23376537
23377049
23377561
23378073
23378585
23379097
23379609
23380121
23375514
23376026
23376538
23377050
23377562
23378074
23378586
23379098
23379610
23380122
23375515
23376027
23376539
23377051
23377563
23378075
23378587
23379099
23379611
23380123
23375516
23376028
23376540
23377052
23377564
23378076
23378588
23379100
23379612
23380124
23375517
23376029
23376541
23377053
23377565
23378077
23378589
23379101
23379613
23380125
23375518
23376030
23376542
23377054
23377566
23378078
23378590
23379102
23379614
23380126
27883025
27883537
27884049
27884561
27885073
27885585
27886097
27886609
27887121
27887633
27883026
27883538
27884050
27884562
27885074
27885586
27886098
27886610
27887122
27887634
27883027
27883539
27884051
27884563
27885075
27885587
27886099
27886611
27887123
27887635
27883028
27883540
27884052
27884564
27885076
27885588
27886100
27886612
27887124
27887636
27883029
27883541
27884053
27884565
27885077
27885589
27886101
27886613
27887125
27887637
27883030
27883542
27884054
27884566
27885078
27885590
27886102
27886614
27887126
27887638
27883031
27883543
27884055
27884567
27885079
27885591
27886103
27886615
27887127
27887639
27883032
27883544
27884056
27884568
27885080
27885592
27886104
27886616
27887128
27887640
27883033
27883545
27884057
27884569
27885081
27885593
27886105
27886617
27887129
27887641
27883034
27883546
27884058
27884570
27885082
27885594
27886106
27886618
27887130
27887642
36286273
36286785
36287297
36287809
36288321
36288833
36289345
36289857
36290369
36290881
36286274
36286786
36287298
36287810
36288322
36288834
36289346
36289858
36290370
36290882
36286275
36286787
36287299
36287811
36288323
36288835
36289347
36289859
36290371
36290883
36286276
36286788
36287300
36287812
36288324
36288836
36289348
36289860
36290372
36290884
36286277
36286789
36287301
36287813
36288325
36288837
36289349
36289861
36290373
36290885
36286278
36286790
36287302
36287814
36288326
36288838
36289350
36289862
36290374
36290886
36286279
36286791
36287303
36287815
36288327
36288839
36289351
36289863
36290375
36290887
36286280
36286792
36287304
36287816
36288328
36288840
36289352
36289864
36290376
36290888
36286281
36286793
36287305
36287817
36288329
36288841
36289353
36289865
36290377
36290889
36286282
36286794
36287306
36287818
36288330
36288842
36289354
36289866
36290378
36290890
22140325
22140837
22141349
22141861
22142373
22142885
22143397
22143909
22144421
22144933
22140326
22140838
22141350
22141862
22142374
22142886
22143398
22143910
22144422
22144934
22140327
22140839
22141351
22141863
22142375
22142887
22143399
22143911
22144423
22144935
22140328
22140840
22141352
22141864
22142376
22142888
22143400
22143912
22144424
22144936
22140329
22140841
22141353
22141865
22142377
22142889
22143401
22143913
22144425
22144937
22140330
22140842
22141354
22141866
22142378
22142890
22143402
22143914
22144426
22144938
22140331
22140843
22141355
22141867
22142379
22142891
22143403
22143915
22144427
22144939
22140332
22140844
22141356
22141868
22142380
22142892
22143404
22143916
22144428
22144940
22140333
22140845
22141357
22141869
22142381
22142893
22143405
22143917
22144429
22144941
22140334
22140846
22141358
22141870
22142382
22142894
22143406
22143918
22144430
22144942
39077077
39077589
39078101
39078613
39079125
39079637
39080149
39080661
39081173
39081685
39077078
39077590
39078102
39078614
39079126
39079638
39080150
39080662
39081174
39081686
39077079
39077591
39078103
39078615
39079127
39079639
39080151
39080663
39081175
39081687
39077080
39077592
39078104
39078616
39079128
39079640
39080152
39080664
39081176
39081688
39077081
39077593
39078105
39078617
39079129
39079641
39080153
39080665
39081177
39081689
39077082
39077594
39078106
39078618
39079130
39079642
39080154
39080666
39081178
39081690
39077083
39077595
39078107
39078619
39079131
39079643
39080155
39080667
39081179
39081691
39077084
39077596
39078108
39078620
39079132
39079644
39080156
39080668
39081180
39081692
39077085
39077597
39078109
39078621
39079133
39079645
39080157
39080669
39081181
39081693
39077086
39077598
39078110
39078622
39079134
39079646
39080158
39080670
39081182
39081694
42152473
42152985
42153497
42154009
42154521
42155033
42155545
42156057
42156569
42157081
42152474
42152986
42153498
42154010
42154522
42155034
42155546
42156058
42156570
42157082
42152475
42152987
42153499
42154011
42154523
42155035
42155547
42156059
42156571
42157083
42152476
42152988
42153500
42154012
42154524
42155036
42155548
42156060
42156572
42157084
42152477
42152989
42153501
42154013
42154525
42155037
42155549
42156061
42156573
42157085
42152478
42152990
42153502
42154014
42154526
42155038
42155550
42156062
42156574
42157086
42152479
42152991
42153503
42154015
42154527
42155039
42155551
42156063
42156575
42157087
42152480
42152992
42153504
42154016
42154528
42155040
42155552
42156064
42156576
42157088
42152481
42152993
42153505
42154017
42154529
42155041
42155553
42156065
42156577
42157089
42152482
42152994
42153506
42154018
42154530
42155042
42155554
42156066
42156578
42157090
43070051
43070563
43071075
43071587
43072099
43072611
43073123
43073635
43074147
43074659
43070052
43070564
43071076
43071588
43072100
43072612
43073124
43073636
43074148
43074660
43070053
43070565
43071077
43071589
43072101
43072613
43073125
43073637
43074149
43074661
43070054
43070566
43071078
43071590
43072102
43072614
43073126
43073638
43074150
43074662
43070055
43070567
43071079
43071591
43072103
43072615
43073127
43073639
43074151
43074663
43070056
43070568
43071080
43071592
43072104
43072616
43073128
43073640
43074152
43074664
43070057
43070569
43071081
43071593
43072105
43072617
43073129
43073641
43074153
43074665
43070058
43070570
43071082
43071594
43072106
43072618
43073130
43073642
43074154
43074666
43070059
43070571
43071083
43071595
43072107
43072619
43073131
43073643
43074155
43074667
43070060
43070572
43071084
43071596
43072108
43072620
43073132
43073644
43074156
43074668
40317744
40318256
40318768
40319280
40319792
40320304
40320816
40321328
40321840
40322352
40317745
40318257
40318769
40319281
40319793
40320305
40320817
40321329
40321841
40322353
40317746
40318258
40318770
40319282
40319794
40320306
40320818
40321330
40321842
40322354
40317747
40318259
40318771
40319283
40319795
40320307
40320819
40321331
40321843
40322355
40317748
40318260
40318772
40319284
40319796
40320308
40320820
40321332
40321844
40322356
40317749
40318261
40318773
40319285
40319797
40320309
40320821
40321333
40321845
40322357
40317750
40318262
40318774
40319286
40319798
40320310
40320822
40321334
40321846
40322358
40317751
40318263
40318775
40319287
40319799
40320311
40320823
40321335
40321847
40322359
40317752
40318264
40318776
40319288
40319800
40320312
40320824
40321336
40321848
40322360
40317753
40318265
40318777
40319289
40319801
40320313
40320825
40321337
40321849
40322361
