18570961
18571473
18571985
18572497
18573009
18573521
18574033
18574545
18575057
18575569
18570962
18571474
18571986
18572498
18573010
18573522
18574034
18574546
18575058
18575570
18570963
18571475
18571987
18572499
18573011
18573523
18574035
18574547
18575059
18575571
18570964
18571476
18571988
18572500
18573012
18573524
18574036
18574548
18575060
18575572
18570965
18571477
18571989
18572501
18573013
18573525
18574037
18574549
18575061
18575573
18570966
18571478
18571990
18572502
18573014
18573526
18574038
18574550
18575062
18575574
18570967
18571479
18571991
18572503
18573015
18573527
18574039
18574551
18575063
18575575
18570968
18571480
18571992
18572504
18573016
18573528
18574040
18574552
18575064
18575576
18570969
18571481
18571993
18572505
18573017
18573529
18574041
18574553
18575065
18575577
18570970
18571482
18571994
18572506
18573018
18573530
18574042
18574554
18575066
18575578
37630516
37631028
37631540
37632052
37632564
37633076
37633588
37634100
37634612
37635124
37630517
37631029
37631541
37632053
37632565
37633077
37633589
37634101
37634613
37635125
37630518
37631030
37631542
37632054
37632566
37633078
37633590
37634102
37634614
37635126
37630519
37631031
37631543
37632055
37632567
37633079
37633591
37634103
37634615
37635127
37630520
37631032
37631544
37632056
37632568
37633080
37633592
37634104
37634616
37635128
37630521
37631033
37631545
37632057
37632569
37633081
37633593
37634105
37634617
37635129
37630522
37631034
37631546
37632058
37632570
37633082
37633594
37634106
37634618
37635130
37630523
37631035
37631547
37632059
37632571
37633083
37633595
37634107
37634619
37635131
37630524
37631036
37631548
37632060
37632572
37633084
37633596
37634108
37634620
37635132
37630525
37631037
37631549
37632061
37632573
37633085
37633597
37634109
37634621
37635133
31975533
31976045
31976557
31977069
31977581
31978093
31978605
31979117
31979629
31980141
31975534
31976046
31976558
31977070
31977582
31978094
31978606
31979118
31979630
31980142
31975535
31976047
31976559
31977071
31977583
31978095
31978607
31979119
31979631
31980143
31975536
31976048
31976560
31977072
31977584
31978096
31978608
31979120
31979632
31980144
31975537
31976049
31976561
31977073
31977585
31978097
31978609
31979121
31979633
31980145
31975538
31976050
31976562
31977074
31977586
31978098
31978610
31979122
31979634
31980146
31975539
31976051
31976563
31977075
31977587
31978099
31978611
31979123
31979635
31980147
31975540
31976052
31976564
31977076
31977588
31978100
31978612
31979124
31979636
31980148
31975541
31976053
31976565
31977077
31977589
31978101
31978613
31979125
31979637
31980149
31975542
31976054
31976566
31977078
31977590
31978102
31978614
31979126
31979638
31980150
26981731
26982243
26982755
26983267
26983779
26984291
26984803
26985315
26985827
26986339
26981732
26982244
26982756
26983268
26983780
26984292
26984804
26985316
26985828
26986340
26981733
26982245
26982757
26983269
26983781
26984293
26984805
26985317
26985829
26986341
26981734
26982246
26982758
26983270
26983782
26984294
26984806
26985318
26985830
26986342
26981735
26982247
26982759
26983271
26983783
26984295
26984807
26985319
26985831
26986343
26981736
26982248
26982760
26983272
26983784
26984296
26984808
26985320
26985832
26986344
26981737
26982249
26982761
26983273
26983785
26984297
26984809
26985321
26985833
26986345
26981738
26982250
26982762
26983274
26983786
26984298
26984810
26985322
26985834
26986346
26981739
26982251
26982763
26983275
26983787
26984299
26984811
26985323
26985835
26986347
26981740
26982252
26982764
26983276
26983788
26984300
26984812
26985324
26985836
26986348
25463446
25463958
25464470
25464982
25465494
25466006
25466518
25467030
25467542
25468054
25463447
25463959
25464471
25464983
25465495
25466007
25466519
25467031
25467543
25468055
25463448
25463960
25464472
25464984
25465496
25466008
25466520
25467032
25467544
25468056
25463449
25463961
25464473
25464985
25465497
25466009
25466521
25467033
25467545
25468057
25463450
25463962
25464474
25464986
25465498
25466010
25466522
25467034
25467546
25468058
25463451
25463963
25464475
25464987
25465499
25466011
25466523
25467035
25467547
25468059
25463452
25463964
25464476
25464988
25465500
25466012
25466524
25467036
25467548
25468060
25463453
25463965
25464477
25464989
25465501
25466013
25466525
25467037
25467549
25468061
25463454
25463966
25464478
25464990
25465502
25466014
25466526
25467038
25467550
25468062
25463455
25463967
25464479
25464991
25465503
25466015
25466527
25467039
25467551
25468063
33821354
33821866
33822378
33822890
33823402
33823914
33824426
33824938
33825450
33825962
33821355
33821867
33822379
33822891
33823403
33823915
33824427
33824939
33825451
33825963
33821356
33821868
33822380
33822892
33823404
33823916
33824428
33824940
33825452
33825964
33821357
33821869
33822381
33822893
33823405
33823917
33824429
33824941
33825453
33825965
33821358
33821870
33822382
33822894
33823406
33823918
33824430
33824942
33825454
33825966
33821359
33821871
33822383
33822895
33823407
33823919
33824431
33824943
33825455
33825967
33821360
33821872
33822384
33822896
33823408
33823920
33824432
33824944
33825456
33825968
33821361
33821873
33822385
33822897
33823409
33823921
33824433
33824945
33825457
33825969
33821362
33821874
33822386
33822898
33823410
33823922
33824434
33824946
33825458
33825970
33821363
33821875
33822387
33822899
33823411
33823923
33824435
33824947
33825459
33825971
6579362
6579874
6580386
6580898
6581410
6581922
6582434
6582946
6583458
6583970
6579363
6579875
6580387
6580899
6581411
6581923
6582435
6582947
6583459
6583971
6579364
6579876
6580388
6580900
6581412
6581924
6582436
6582948
6583460
6583972
6579365
6579877
6580389
6580901
6581413
6581925
6582437
6582949
6583461
6583973
6579366
6579878
6580390
6580902
6581414
6581926
6582438
6582950
6583462
6583974
6579367
6579879
6580391
6580903
6581415
6581927
6582439
6582951
6583463
6583975
6579368
6579880
6580392
6580904
6581416
6581928
6582440
6582952
6583464
6583976
6579369
6579881
6580393
6580905
6581417
6581929
6582441
6582953
6583465
6583977
6579370
6579882
6580394
6580906
6581418
6581930
6582442
6582954
6583466
6583978
6579371
6579883
6580395
6580907
6581419
6581931
6582443
6582955
6583467
6583979
9732135
9732647
9733159
9733671
9734183
9734695
9735207
9735719
9736231
9736743
9732136
9732648
9733160
9733672
9734184
9734696
9735208
9735720
9736232
9736744
9732137
9732649
9733161
9733673
9734185
9734697
9735209
9735721
9736233
9736745
9732138
9732650
9733162
9733674
9734186
9734698
9735210
9735722
9736234
9736746
9732139
9732651
9733163
9733675
9734187
9734699
9735211
9735723
9736235
9736747
9732140
9732652
9733164
9733676
9734188
9734700
9735212
9735724
9736236
9736748
9732141
9732653
9733165
9733677
9734189
9734701
9735213
9735725
9736237
9736749
9732142
9732654
9733166
9733678
9734190
9734702
9735214
9735726
9736238
9736750
9732143
9732655
9733167
9733679
9734191
9734703
9735215
9735727
9736239
9736751
9732144
9732656
9733168
9733680
9734192
9734704
9735216
9735728
9736240
9736752
27266891
27267403
27267915
27268427
27268939
27269451
27269963
27270475
27270987
27271499
27266892
27267404
27267916
27268428
27268940
27269452
27269964
27270476
27270988
27271500
27266893
27267405
27267917
27268429
27268941
27269453
27269965
27270477
27270989
27271501
27266894
27267406
27267918
27268430
27268942
27269454
27269966
27270478
27270990
27271502
27266895
27267407
27267919
27268431
27268943
27269455
27269967
27270479
27270991
27271503
27266896
27267408
27267920
27268432
27268944
27269456
27269968
27270480
27270992
27271504
27266897
27267409
27267921
27268433
27268945
27269457
27269969
27270481
27270993
27271505
27266898
27267410
27267922
27268434
27268946
27269458
27269970
27270482
27270994
27271506
27266899
27267411
27267923
27268435
27268947
27269459
27269971
27270483
27270995
27271507
27266900
27267412
27267924
27268436
27268948
27269460
27269972
27270484
27270996
27271508
4378351
4378863
4379375
4379887
4380399
4380911
4381423
4381935
4382447
4382959
4378352
4378864
4379376
4379888
4380400
4380912
4381424
4381936
4382448
4382960
4378353
4378865
4379377
4379889
4380401
4380913
4381425
4381937
4382449
4382961
4378354
4378866
4379378
4379890
4380402
4380914
4381426
4381938
4382450
4382962
4378355
4378867
4379379
4379891
4380403
4380915
4381427
4381939
4382451
4382963
4378356
4378868
4379380
4379892
4380404
4380916
4381428
4381940
4382452
4382964
4378357
4378869
4379381
4379893
4380405
4380917
4381429
4381941
4382453
4382965
4378358
4378870
4379382
4379894
4380406
4380918
4381430
4381942
4382454
4382966
4378359
4378871
4379383
4379895
4380407
4380919
4381431
4381943
4382455
4382967
4378360
4378872
4379384
4379896
4380408
4380920
4381432
4381944
4382456
4382968
42801798
42802310
42802822
42803334
42803846
42804358
42804870
42805382
42805894
42806406
42801799
42802311
42802823
42803335
42803847
42804359
42804871
42805383
42805895
42806407
42801800
42802312
42802824
42803336
42803848
42804360
42804872
42805384
42805896
42806408
42801801
42802313
42802825
42803337
42803849
42804361
42804873
42805385
42805897
42806409
42801802
42802314
42802826
42803338
42803850
42804362
42804874
42805386
42805898
42806410
42801803
42802315
42802827
42803339
42803851
42804363
42804875
42805387
42805899
42806411
42801804
42802316
42802828
42803340
42803852
42804364
42804876
42805388
42805900
42806412
42801805
42802317
42802829
42803341
42803853
42804365
42804877
42805389
42805901
42806413
42801806
42802318
42802830
42803342
42803854
42804366
42804878
42805390
42805902
42806414
42801807
42802319
42802831
42803343
42803855
42804367
42804879
42805391
42805903
42806415
18259198
18259710
18260222
18260734
18261246
18261758
18262270
18262782
18263294
18263806
18259199
18259711
18260223
18260735
18261247
18261759
18262271
18262783
18263295
18263807
18259200
18259712
18260224
18260736
18261248
18261760
18262272
18262784
18263296
18263808
18259201
18259713
18260225
18260737
18261249
18261761
18262273
18262785
18263297
18263809
18259202
18259714
18260226
18260738
18261250
18261762
18262274
18262786
18263298
18263810
18259203
18259715
18260227
18260739
18261251
18261763
18262275
18262787
18263299
18263811
18259204
18259716
18260228
18260740
18261252
18261764
18262276
18262788
18263300
18263812
18259205
18259717
18260229
18260741
18261253
18261765
18262277
18262789
18263301
18263813
18259206
18259718
18260230
18260742
18261254
18261766
18262278
18262790
18263302
18263814
18259207
18259719
18260231
18260743
18261255
18261767
18262279
18262791
18263303
18263815
18597458
18597970
18598482
18598994
18599506
18600018
18600530
18601042
18601554
18602066
18597459
18597971
18598483
18598995
18599507
18600019
18600531
18601043
18601555
18602067
18597460
18597972
18598484
18598996
18599508
18600020
18600532
18601044
18601556
18602068
18597461
18597973
18598485
18598997
18599509
18600021
18600533
18601045
18601557
18602069
18597462
18597974
18598486
18598998
18599510
18600022
18600534
18601046
18601558
18602070
18597463
18597975
18598487
18598999
18599511
18600023
18600535
18601047
18601559
18602071
18597464
18597976
18598488
18599000
18599512
18600024
18600536
18601048
18601560
18602072
18597465
18597977
18598489
18599001
18599513
18600025
18600537
18601049
18601561
18602073
18597466
18597978
18598490
18599002
18599514
18600026
18600538
18601050
18601562
18602074
18597467
18597979
18598491
18599003
18599515
18600027
18600539
18601051
18601563
18602075
2281322
2281834
2282346
2282858
2283370
2283882
2284394
2284906
2285418
2285930
2281323
2281835
2282347
2282859
2283371
2283883
2284395
2284907
2285419
2285931
2281324
2281836
2282348
2282860
2283372
2283884
2284396
2284908
2285420
2285932
2281325
2281837
2282349
2282861
2283373
2283885
2284397
2284909
2285421
2285933
2281326
2281838
2282350
2282862
2283374
2283886
2284398
2284910
2285422
2285934
2281327
2281839
2282351
2282863
2283375
2283887
2284399
2284911
2285423
2285935
2281328
2281840
2282352
2282864
2283376
2283888
2284400
2284912
2285424
2285936
2281329
2281841
2282353
2282865
2283377
2283889
2284401
2284913
2285425
2285937
2281330
2281842
2282354
2282866
2283378
2283890
2284402
2284914
2285426
2285938
2281331
2281843
2282355
2282867
2283379
2283891
2284403
2284915
2285427
2285939
16536815
16537327
16537839
16538351
16538863
16539375
16539887
16540399
16540911
16541423
16536816
16537328
16537840
16538352
16538864
16539376
16539888
16540400
16540912
16541424
16536817
16537329
16537841
16538353
16538865
16539377
16539889
16540401
16540913
16541425
16536818
16537330
16537842
16538354
16538866
16539378
16539890
16540402
16540914
16541426
16536819
16537331
16537843
16538355
16538867
16539379
16539891
16540403
16540915
16541427
16536820
16537332
16537844
16538356
16538868
16539380
16539892
16540404
16540916
16541428
16536821
16537333
16537845
16538357
16538869
16539381
16539893
16540405
16540917
16541429
16536822
16537334
16537846
16538358
16538870
16539382
16539894
16540406
16540918
16541430
16536823
16537335
16537847
16538359
16538871
16539383
16539895
16540407
16540919
16541431
16536824
16537336
16537848
16538360
16538872
16539384
16539896
16540408
16540920
16541432
12113768
12114280
12114792
12115304
12115816
12116328
12116840
12117352
12117864
12118376
12113769
12114281
12114793
12115305
12115817
12116329
12116841
12117353
12117865
12118377
12113770
12114282
12114794
12115306
12115818
12116330
12116842
12117354
12117866
12118378
12113771
12114283
12114795
12115307
12115819
12116331
12116843
12117355
12117867
12118379
12113772
12114284
12114796
12115308
12115820
12116332
12116844
12117356
12117868
12118380
12113773
12114285
12114797
12115309
12115821
12116333
12116845
12117357
12117869
12118381
12113774
12114286
12114798
12115310
12115822
12116334
12116846
12117358
12117870
12118382
12113775
12114287
12114799
12115311
12115823
12116335
12116847
12117359
12117871
12118383
12113776
12114288
12114800
12115312
12115824
12116336
12116848
12117360
12117872
12118384
12113777
12114289
12114801
12115313
12115825
12116337
12116849
12117361
12117873
12118385
32734278
32734790
32735302
32735814
32736326
32736838
32737350
32737862
32738374
32738886
32734279
32734791
32735303
32735815
32736327
32736839
32737351
32737863
32738375
32738887
32734280
32734792
32735304
32735816
32736328
32736840
32737352
32737864
32738376
32738888
32734281
32734793
32735305
32735817
32736329
32736841
32737353
32737865
32738377
32738889
32734282
32734794
32735306
32735818
32736330
32736842
32737354
32737866
32738378
32738890
32734283
32734795
32735307
32735819
32736331
32736843
32737355
32737867
32738379
32738891
32734284
32734796
32735308
32735820
32736332
32736844
32737356
32737868
32738380
32738892
32734285
32734797
32735309
32735821
32736333
32736845
32737357
32737869
32738381
32738893
32734286
32734798
32735310
32735822
32736334
32736846
32737358
32737870
32738382
32738894
32734287
32734799
32735311
32735823
32736335
32736847
32737359
32737871
32738383
32738895
7756069
7756581
7757093
7757605
7758117
7758629
7759141
7759653
7760165
7760677
7756070
7756582
7757094
7757606
7758118
7758630
7759142
7759654
7760166
7760678
7756071
7756583
7757095
7757607
7758119
7758631
7759143
7759655
7760167
7760679
7756072
7756584
7757096
7757608
7758120
7758632
7759144
7759656
7760168
7760680
7756073
7756585
7757097
7757609
7758121
7758633
7759145
7759657
7760169
7760681
7756074
7756586
7757098
7757610
7758122
7758634
7759146
7759658
7760170
7760682
7756075
7756587
7757099
7757611
7758123
7758635
7759147
7759659
7760171
7760683
7756076
7756588
7757100
7757612
7758124
7758636
7759148
7759660
7760172
7760684
7756077
7756589
7757101
7757613
7758125
7758637
7759149
7759661
7760173
7760685
7756078
7756590
7757102
7757614
7758126
7758638
7759150
7759662
7760174
7760686
22233091
22233603
22234115
22234627
22235139
22235651
22236163
22236675
22237187
22237699
22233092
22233604
22234116
22234628
22235140
22235652
22236164
22236676
22237188
22237700
22233093
22233605
22234117
22234629
22235141
22235653
22236165
22236677
22237189
22237701
22233094
22233606
22234118
22234630
22235142
22235654
22236166
22236678
22237190
22237702
22233095
22233607
22234119
22234631
22235143
22235655
22236167
22236679
22237191
22237703
22233096
22233608
22234120
22234632
22235144
22235656
22236168
22236680
22237192
22237704
22233097
22233609
22234121
22234633
22235145
22235657
22236169
22236681
22237193
22237705
22233098
22233610
22234122
22234634
22235146
22235658
22236170
22236682
22237194
22237706
22233099
22233611
22234123
22234635
22235147
22235659
22236171
22236683
22237195
22237707
22233100
22233612
22234124
22234636
22235148
22235660
22236172
22236684
22237196
22237708
33412099
33412611
33413123
33413635
33414147
33414659
33415171
33415683
33416195
33416707
33412100
33412612
33413124
33413636
33414148
33414660
33415172
33415684
33416196
33416708
33412101
33412613
33413125
33413637
33414149
33414661
33415173
33415685
33416197
33416709
33412102
33412614
33413126
33413638
33414150
33414662
33415174
33415686
33416198
33416710
33412103
33412615
33413127
33413639
33414151
33414663
33415175
33415687
33416199
33416711
33412104
33412616
33413128
33413640
33414152
33414664
33415176
33415688
33416200
33416712
33412105
33412617
33413129
33413641
33414153
33414665
33415177
33415689
33416201
33416713
33412106
33412618
33413130
33413642
33414154
33414666
33415178
33415690
33416202
33416714
33412107
33412619
33413131
33413643
33414155
33414667
33415179
33415691
33416203
33416715
33412108
33412620
33413132
33413644
33414156
33414668
33415180
33415692
33416204
33416716
31585798
31586310
31586822
31587334
31587846
31588358
31588870
31589382
31589894
31590406
31585799
31586311
31586823
31587335
31587847
31588359
31588871
31589383
31589895
31590407
31585800
31586312
31586824
31587336
31587848
31588360
31588872
31589384
31589896
31590408
31585801
31586313
31586825
31587337
31587849
31588361
31588873
31589385
31589897
31590409
31585802
31586314
31586826
31587338
31587850
31588362
31588874
31589386
31589898
31590410
31585803
31586315
31586827
31587339
31587851
31588363
31588875
31589387
31589899
31590411
31585804
31586316
31586828
31587340
31587852
31588364
31588876
31589388
31589900
31590412
31585805
31586317
31586829
31587341
31587853
31588365
31588877
31589389
31589901
31590413
31585806
31586318
31586830
31587342
31587854
31588366
31588878
31589390
31589902
31590414
31585807
31586319
31586831
31587343
31587855
31588367
31588879
31589391
31589903
31590415
42264757
42265269
42265781
42266293
42266805
42267317
42267829
42268341
42268853
42269365
42264758
42265270
42265782
42266294
42266806
42267318
42267830
42268342
42268854
42269366
42264759
42265271
42265783
42266295
42266807
42267319
42267831
42268343
42268855
42269367
42264760
42265272
42265784
42266296
42266808
42267320
42267832
42268344
42268856
42269368
42264761
42265273
42265785
42266297
42266809
42267321
42267833
42268345
42268857
42269369
42264762
42265274
42265786
42266298
42266810
42267322
42267834
42268346
42268858
42269370
42264763
42265275
42265787
42266299
42266811
42267323
42267835
42268347
42268859
42269371
42264764
42265276
42265788
42266300
42266812
42267324
42267836
42268348
42268860
42269372
42264765
42265277
42265789
42266301
42266813
42267325
42267837
42268349
42268861
42269373
42264766
42265278
42265790
42266302
42266814
42267326
42267838
42268350
42268862
42269374
18421410
18421922
18422434
18422946
18423458
18423970
18424482
18424994
18425506
18426018
18421411
18421923
18422435
18422947
18423459
18423971
18424483
18424995
18425507
18426019
18421412
18421924
18422436
18422948
18423460
18423972
18424484
18424996
18425508
18426020
18421413
18421925
18422437
18422949
18423461
18423973
18424485
18424997
18425509
18426021
18421414
18421926
18422438
18422950
18423462
18423974
18424486
18424998
18425510
18426022
18421415
18421927
18422439
18422951
18423463
18423975
18424487
18424999
18425511
18426023
18421416
18421928
18422440
18422952
18423464
18423976
18424488
18425000
18425512
18426024
18421417
18421929
18422441
18422953
18423465
18423977
18424489
18425001
18425513
18426025
18421418
18421930
18422442
18422954
18423466
18423978
18424490
18425002
18425514
18426026
18421419
18421931
18422443
18422955
18423467
18423979
18424491
18425003
18425515
18426027
26392447
26392959
26393471
26393983
26394495
26395007
26395519
26396031
26396543
26397055
26392448
26392960
26393472
26393984
26394496
26395008
26395520
26396032
26396544
26397056
26392449
26392961
26393473
26393985
26394497
26395009
26395521
26396033
26396545
26397057
26392450
26392962
26393474
26393986
26394498
26395010
26395522
26396034
26396546
26397058
26392451
26392963
26393475
26393987
26394499
26395011
26395523
26396035
26396547
26397059
26392452
26392964
26393476
26393988
26394500
26395012
26395524
26396036
26396548
26397060
26392453
26392965
26393477
26393989
26394501
26395013
26395525
26396037
26396549
26397061
26392454
26392966
26393478
26393990
26394502
26395014
26395526
26396038
26396550
26397062
26392455
26392967
26393479
26393991
26394503
26395015
26395527
26396039
26396551
26397063
26392456
26392968
26393480
26393992
26394504
26395016
26395528
26396040
26396552
26397064
3154857
3155369
3155881
3156393
3156905
3157417
3157929
3158441
3158953
3159465
3154858
3155370
3155882
3156394
3156906
3157418
3157930
3158442
3158954
3159466
3154859
3155371
3155883
3156395
3156907
3157419
3157931
3158443
3158955
3159467
3154860
3155372
3155884
3156396
3156908
3157420
3157932
3158444
3158956
3159468
3154861
3155373
3155885
3156397
3156909
3157421
3157933
3158445
3158957
3159469
3154862
3155374
3155886
3156398
3156910
3157422
3157934
3158446
3158958
3159470
3154863
3155375
3155887
3156399
3156911
3157423
3157935
3158447
3158959
3159471
3154864
3155376
3155888
3156400
3156912
3157424
3157936
3158448
3158960
3159472
3154865
3155377
3155889
3156401
3156913
3157425
3157937
3158449
3158961
3159473
3154866
3155378
3155890
3156402
3156914
3157426
3157938
3158450
3158962
3159474
42289741
42290253
42290765
42291277
42291789
42292301
42292813
42293325
42293837
42294349
42289742
42290254
42290766
42291278
42291790
42292302
42292814
42293326
42293838
42294350
42289743
42290255
42290767
42291279
42291791
42292303
42292815
42293327
42293839
42294351
42289744
42290256
42290768
42291280
42291792
42292304
42292816
42293328
42293840
42294352
42289745
42290257
42290769
42291281
42291793
42292305
42292817
42293329
42293841
42294353
42289746
42290258
42290770
42291282
42291794
42292306
42292818
42293330
42293842
42294354
42289747
42290259
42290771
42291283
42291795
42292307
42292819
42293331
42293843
42294355
42289748
42290260
42290772
42291284
42291796
42292308
42292820
42293332
42293844
42294356
42289749
42290261
42290773
42291285
42291797
42292309
42292821
42293333
42293845
42294357
42289750
42290262
42290774
42291286
42291798
42292310
42292822
42293334
42293846
42294358
24860025
24860537
24861049
24861561
24862073
24862585
24863097
24863609
24864121
24864633
24860026
24860538
24861050
24861562
24862074
24862586
24863098
24863610
24864122
24864634
24860027
24860539
24861051
24861563
24862075
24862587
24863099
24863611
24864123
24864635
24860028
24860540
24861052
24861564
24862076
24862588
24863100
24863612
24864124
24864636
24860029
24860541
24861053
24861565
24862077
24862589
24863101
24863613
24864125
24864637
24860030
24860542
24861054
24861566
24862078
24862590
24863102
24863614
24864126
24864638
24860031
24860543
24861055
24861567
24862079
24862591
24863103
24863615
24864127
24864639
24860032
24860544
24861056
24861568
24862080
24862592
24863104
24863616
24864128
24864640
24860033
24860545
24861057
24861569
24862081
24862593
24863105
24863617
24864129
24864641
24860034
24860546
24861058
24861570
24862082
24862594
24863106
24863618
24864130
24864642
26637574
26638086
26638598
26639110
26639622
26640134
26640646
26641158
26641670
26642182
26637575
26638087
26638599
26639111
26639623
26640135
26640647
26641159
26641671
26642183
26637576
26638088
26638600
26639112
26639624
26640136
26640648
26641160
26641672
26642184
26637577
26638089
26638601
26639113
26639625
26640137
26640649
26641161
26641673
26642185
26637578
26638090
26638602
26639114
26639626
26640138
26640650
26641162
26641674
26642186
26637579
26638091
26638603
26639115
26639627
26640139
26640651
26641163
26641675
26642187
26637580
26638092
26638604
26639116
26639628
26640140
26640652
26641164
26641676
26642188
26637581
26638093
26638605
26639117
26639629
26640141
26640653
26641165
26641677
26642189
26637582
26638094
26638606
26639118
26639630
26640142
26640654
26641166
26641678
26642190
26637583
26638095
26638607
26639119
26639631
26640143
26640655
26641167
26641679
26642191
12152366
12152878
12153390
12153902
12154414
12154926
12155438
12155950
12156462
12156974
12152367
12152879
12153391
12153903
12154415
12154927
12155439
12155951
12156463
12156975
12152368
12152880
12153392
12153904
12154416
12154928
12155440
12155952
12156464
12156976
12152369
12152881
12153393
12153905
12154417
12154929
12155441
12155953
12156465
12156977
12152370
12152882
12153394
12153906
12154418
12154930
12155442
12155954
12156466
12156978
12152371
12152883
12153395
12153907
12154419
12154931
12155443
12155955
12156467
12156979
12152372
12152884
12153396
12153908
12154420
12154932
12155444
12155956
12156468
12156980
12152373
12152885
12153397
12153909
12154421
12154933
12155445
12155957
12156469
12156981
12152374
12152886
12153398
12153910
12154422
12154934
12155446
12155958
12156470
12156982
12152375
12152887
12153399
12153911
12154423
12154935
12155447
12155959
12156471
12156983
22340122
22340634
22341146
22341658
22342170
22342682
22343194
22343706
22344218
22344730
22340123
22340635
22341147
22341659
22342171
22342683
22343195
22343707
22344219
22344731
22340124
22340636
22341148
22341660
22342172
22342684
22343196
22343708
22344220
22344732
22340125
22340637
22341149
22341661
22342173
22342685
22343197
22343709
22344221
22344733
22340126
22340638
22341150
22341662
22342174
22342686
22343198
22343710
22344222
22344734
22340127
22340639
22341151
22341663
22342175
22342687
22343199
22343711
22344223
22344735
22340128
22340640
22341152
22341664
22342176
22342688
22343200
22343712
22344224
22344736
22340129
22340641
22341153
22341665
22342177
22342689
22343201
22343713
22344225
22344737
22340130
22340642
22341154
22341666
22342178
22342690
22343202
22343714
22344226
22344738
22340131
22340643
22341155
22341667
22342179
22342691
22343203
22343715
22344227
22344739
