31426520
31427032
31427544
31428056
31428568
31429080
31429592
31430104
31430616
31431128
31426521
31427033
31427545
31428057
31428569
31429081
31429593
31430105
31430617
31431129
31426522
31427034
31427546
31428058
31428570
31429082
31429594
31430106
31430618
31431130
31426523
31427035
31427547
31428059
31428571
31429083
31429595
31430107
31430619
31431131
31426524
31427036
31427548
31428060
31428572
31429084
31429596
31430108
31430620
31431132
31426525
31427037
31427549
31428061
31428573
31429085
31429597
31430109
31430621
31431133
31426526
31427038
31427550
31428062
31428574
31429086
31429598
31430110
31430622
31431134
31426527
31427039
31427551
31428063
31428575
31429087
31429599
31430111
31430623
31431135
31426528
31427040
31427552
31428064
31428576
31429088
31429600
31430112
31430624
31431136
31426529
31427041
31427553
31428065
31428577
31429089
31429601
31430113
31430625
31431137
15305376
15305888
15306400
15306912
15307424
15307936
15308448
15308960
15309472
15309984
15305377
15305889
15306401
15306913
15307425
15307937
15308449
15308961
15309473
15309985
15305378
15305890
15306402
15306914
15307426
15307938
15308450
15308962
15309474
15309986
15305379
15305891
15306403
15306915
15307427
15307939
15308451
15308963
15309475
15309987
15305380
15305892
15306404
15306916
15307428
15307940
15308452
15308964
15309476
15309988
15305381
15305893
15306405
15306917
15307429
15307941
15308453
15308965
15309477
15309989
15305382
15305894
15306406
15306918
15307430
15307942
15308454
15308966
15309478
15309990
15305383
15305895
15306407
15306919
15307431
15307943
15308455
15308967
15309479
15309991
15305384
15305896
15306408
15306920
15307432
15307944
15308456
15308968
15309480
15309992
15305385
15305897
15306409
15306921
15307433
15307945
15308457
15308969
15309481
15309993
13498373
13498885
13499397
13499909
13500421
13500933
13501445
13501957
13502469
13502981
13498374
13498886
13499398
13499910
13500422
13500934
13501446
13501958
13502470
13502982
13498375
13498887
13499399
13499911
13500423
13500935
13501447
13501959
13502471
13502983
13498376
13498888
13499400
13499912
13500424
13500936
13501448
13501960
13502472
13502984
13498377
13498889
13499401
13499913
13500425
13500937
13501449
13501961
13502473
13502985
13498378
13498890
13499402
13499914
13500426
13500938
13501450
13501962
13502474
13502986
13498379
13498891
13499403
13499915
13500427
13500939
13501451
13501963
13502475
13502987
13498380
13498892
13499404
13499916
13500428
13500940
13501452
13501964
13502476
13502988
13498381
13498893
13499405
13499917
13500429
13500941
13501453
13501965
13502477
13502989
13498382
13498894
13499406
13499918
13500430
13500942
13501454
13501966
13502478
13502990
26670848
26671360
26671872
26672384
26672896
26673408
26673920
26674432
26674944
26675456
26670849
26671361
26671873
26672385
26672897
26673409
26673921
26674433
26674945
26675457
26670850
26671362
26671874
26672386
26672898
26673410
26673922
26674434
26674946
26675458
26670851
26671363
26671875
26672387
26672899
26673411
26673923
26674435
26674947
26675459
26670852
26671364
26671876
26672388
26672900
26673412
26673924
26674436
26674948
26675460
26670853
26671365
26671877
26672389
26672901
26673413
26673925
26674437
26674949
26675461
26670854
26671366
26671878
26672390
26672902
26673414
26673926
26674438
26674950
26675462
26670855
26671367
26671879
26672391
26672903
26673415
26673927
26674439
26674951
26675463
26670856
26671368
26671880
26672392
26672904
26673416
26673928
26674440
26674952
26675464
26670857
26671369
26671881
26672393
26672905
26673417
26673929
26674441
26674953
26675465
30520689
30521201
30521713
30522225
30522737
30523249
30523761
30524273
30524785
30525297
30520690
30521202
30521714
30522226
30522738
30523250
30523762
30524274
30524786
30525298
30520691
30521203
30521715
30522227
30522739
30523251
30523763
30524275
30524787
30525299
30520692
30521204
30521716
30522228
30522740
30523252
30523764
30524276
30524788
30525300
30520693
30521205
30521717
30522229
30522741
30523253
30523765
30524277
30524789
30525301
30520694
30521206
30521718
30522230
30522742
30523254
30523766
30524278
30524790
30525302
30520695
30521207
30521719
30522231
30522743
30523255
30523767
30524279
30524791
30525303
30520696
30521208
30521720
30522232
30522744
30523256
30523768
30524280
30524792
30525304
30520697
30521209
30521721
30522233
30522745
30523257
30523769
30524281
30524793
30525305
30520698
30521210
30521722
30522234
30522746
30523258
30523770
30524282
30524794
30525306
24167909
24168421
24168933
24169445
24169957
24170469
24170981
24171493
24172005
24172517
24167910
24168422
24168934
24169446
24169958
24170470
24170982
24171494
24172006
24172518
24167911
24168423
24168935
24169447
24169959
24170471
24170983
24171495
24172007
24172519
24167912
24168424
24168936
24169448
24169960
24170472
24170984
24171496
24172008
24172520
24167913
24168425
24168937
24169449
24169961
24170473
24170985
24171497
24172009
24172521
24167914
24168426
24168938
24169450
24169962
24170474
24170986
24171498
24172010
24172522
24167915
24168427
24168939
24169451
24169963
24170475
24170987
24171499
24172011
24172523
24167916
24168428
24168940
24169452
24169964
24170476
24170988
24171500
24172012
24172524
24167917
24168429
24168941
24169453
24169965
24170477
24170989
24171501
24172013
24172525
24167918
24168430
24168942
24169454
24169966
24170478
24170990
24171502
24172014
24172526
26884139
26884651
26885163
26885675
26886187
26886699
26887211
26887723
26888235
26888747
26884140
26884652
26885164
26885676
26886188
26886700
26887212
26887724
26888236
26888748
26884141
26884653
26885165
26885677
26886189
26886701
26887213
26887725
26888237
26888749
26884142
26884654
26885166
26885678
26886190
26886702
26887214
26887726
26888238
26888750
26884143
26884655
26885167
26885679
26886191
26886703
26887215
26887727
26888239
26888751
26884144
26884656
26885168
26885680
26886192
26886704
26887216
26887728
26888240
26888752
26884145
26884657
26885169
26885681
26886193
26886705
26887217
26887729
26888241
26888753
26884146
26884658
26885170
26885682
26886194
26886706
26887218
26887730
26888242
26888754
26884147
26884659
26885171
26885683
26886195
26886707
26887219
26887731
26888243
26888755
26884148
26884660
26885172
26885684
26886196
26886708
26887220
26887732
26888244
26888756
11413723
11414235
11414747
11415259
11415771
11416283
11416795
11417307
11417819
11418331
11413724
11414236
11414748
11415260
11415772
11416284
11416796
11417308
11417820
11418332
11413725
11414237
11414749
11415261
11415773
11416285
11416797
11417309
11417821
11418333
11413726
11414238
11414750
11415262
11415774
11416286
11416798
11417310
11417822
11418334
11413727
11414239
11414751
11415263
11415775
11416287
11416799
11417311
11417823
11418335
11413728
11414240
11414752
11415264
11415776
11416288
11416800
11417312
11417824
11418336
11413729
11414241
11414753
11415265
11415777
11416289
11416801
11417313
11417825
11418337
11413730
11414242
11414754
11415266
11415778
11416290
11416802
11417314
11417826
11418338
11413731
11414243
11414755
11415267
11415779
11416291
11416803
11417315
11417827
11418339
11413732
11414244
11414756
11415268
11415780
11416292
11416804
11417316
11417828
11418340
29026390
29026902
29027414
29027926
29028438
29028950
29029462
29029974
29030486
29030998
29026391
29026903
29027415
29027927
29028439
29028951
29029463
29029975
29030487
29030999
29026392
29026904
29027416
29027928
29028440
29028952
29029464
29029976
29030488
29031000
29026393
29026905
29027417
29027929
29028441
29028953
29029465
29029977
29030489
29031001
29026394
29026906
29027418
29027930
29028442
29028954
29029466
29029978
29030490
29031002
29026395
29026907
29027419
29027931
29028443
29028955
29029467
29029979
29030491
29031003
29026396
29026908
29027420
29027932
29028444
29028956
29029468
29029980
29030492
29031004
29026397
29026909
29027421
29027933
29028445
29028957
29029469
29029981
29030493
29031005
29026398
29026910
29027422
29027934
29028446
29028958
29029470
29029982
29030494
29031006
29026399
29026911
29027423
29027935
29028447
29028959
29029471
29029983
29030495
29031007
39909181
39909693
39910205
39910717
39911229
39911741
39912253
39912765
39913277
39913789
39909182
39909694
39910206
39910718
39911230
39911742
39912254
39912766
39913278
39913790
39909183
39909695
39910207
39910719
39911231
39911743
39912255
39912767
39913279
39913791
39909184
39909696
39910208
39910720
39911232
39911744
39912256
39912768
39913280
39913792
39909185
39909697
39910209
39910721
39911233
39911745
39912257
39912769
39913281
39913793
39909186
39909698
39910210
39910722
39911234
39911746
39912258
39912770
39913282
39913794
39909187
39909699
39910211
39910723
39911235
39911747
39912259
39912771
39913283
39913795
39909188
39909700
39910212
39910724
39911236
39911748
39912260
39912772
39913284
39913796
39909189
39909701
39910213
39910725
39911237
39911749
39912261
39912773
39913285
39913797
39909190
39909702
39910214
39910726
39911238
39911750
39912262
39912774
39913286
39913798
26092968
26093480
26093992
26094504
26095016
26095528
26096040
26096552
26097064
26097576
26092969
26093481
26093993
26094505
26095017
26095529
26096041
26096553
26097065
26097577
26092970
26093482
26093994
26094506
26095018
26095530
26096042
26096554
26097066
26097578
26092971
26093483
26093995
26094507
26095019
26095531
26096043
26096555
26097067
26097579
26092972
26093484
26093996
26094508
26095020
26095532
26096044
26096556
26097068
26097580
26092973
26093485
26093997
26094509
26095021
26095533
26096045
26096557
26097069
26097581
26092974
26093486
26093998
26094510
26095022
26095534
26096046
26096558
26097070
26097582
26092975
26093487
26093999
26094511
26095023
26095535
26096047
26096559
26097071
26097583
26092976
26093488
26094000
26094512
26095024
26095536
26096048
26096560
26097072
26097584
26092977
26093489
26094001
26094513
26095025
26095537
26096049
26096561
26097073
26097585
31368612
31369124
31369636
31370148
31370660
31371172
31371684
31372196
31372708
31373220
31368613
31369125
31369637
31370149
31370661
31371173
31371685
31372197
31372709
31373221
31368614
31369126
31369638
31370150
31370662
31371174
31371686
31372198
31372710
31373222
31368615
31369127
31369639
31370151
31370663
31371175
31371687
31372199
31372711
31373223
31368616
31369128
31369640
31370152
31370664
31371176
31371688
31372200
31372712
31373224
31368617
31369129
31369641
31370153
31370665
31371177
31371689
31372201
31372713
31373225
31368618
31369130
31369642
31370154
31370666
31371178
31371690
31372202
31372714
31373226
31368619
31369131
31369643
31370155
31370667
31371179
31371691
31372203
31372715
31373227
31368620
31369132
31369644
31370156
31370668
31371180
31371692
31372204
31372716
31373228
31368621
31369133
31369645
31370157
31370669
31371181
31371693
31372205
31372717
31373229
7268764
7269276
7269788
7270300
7270812
7271324
7271836
7272348
7272860
7273372
7268765
7269277
7269789
7270301
7270813
7271325
7271837
7272349
7272861
7273373
7268766
7269278
7269790
7270302
7270814
7271326
7271838
7272350
7272862
7273374
7268767
7269279
7269791
7270303
7270815
7271327
7271839
7272351
7272863
7273375
7268768
7269280
7269792
7270304
7270816
7271328
7271840
7272352
7272864
7273376
7268769
7269281
7269793
7270305
7270817
7271329
7271841
7272353
7272865
7273377
7268770
7269282
7269794
7270306
7270818
7271330
7271842
7272354
7272866
7273378
7268771
7269283
7269795
7270307
7270819
7271331
7271843
7272355
7272867
7273379
7268772
7269284
7269796
7270308
7270820
7271332
7271844
7272356
7272868
7273380
7268773
7269285
7269797
7270309
7270821
7271333
7271845
7272357
7272869
7273381
41007363
41007875
41008387
41008899
41009411
41009923
41010435
41010947
41011459
41011971
41007364
41007876
41008388
41008900
41009412
41009924
41010436
41010948
41011460
41011972
41007365
41007877
41008389
41008901
41009413
41009925
41010437
41010949
41011461
41011973
41007366
41007878
41008390
41008902
41009414
41009926
41010438
41010950
41011462
41011974
41007367
41007879
41008391
41008903
41009415
41009927
41010439
41010951
41011463
41011975
41007368
41007880
41008392
41008904
41009416
41009928
41010440
41010952
41011464
41011976
41007369
41007881
41008393
41008905
41009417
41009929
41010441
41010953
41011465
41011977
41007370
41007882
41008394
41008906
41009418
41009930
41010442
41010954
41011466
41011978
41007371
41007883
41008395
41008907
41009419
41009931
41010443
41010955
41011467
41011979
41007372
41007884
41008396
41008908
41009420
41009932
41010444
41010956
41011468
41011980
37316459
37316971
37317483
37317995
37318507
37319019
37319531
37320043
37320555
37321067
37316460
37316972
37317484
37317996
37318508
37319020
37319532
37320044
37320556
37321068
37316461
37316973
37317485
37317997
37318509
37319021
37319533
37320045
37320557
37321069
37316462
37316974
37317486
37317998
37318510
37319022
37319534
37320046
37320558
37321070
37316463
37316975
37317487
37317999
37318511
37319023
37319535
37320047
37320559
37321071
37316464
37316976
37317488
37318000
37318512
37319024
37319536
37320048
37320560
37321072
37316465
37316977
37317489
37318001
37318513
37319025
37319537
37320049
37320561
37321073
37316466
37316978
37317490
37318002
37318514
37319026
37319538
37320050
37320562
37321074
37316467
37316979
37317491
37318003
37318515
37319027
37319539
37320051
37320563
37321075
37316468
37316980
37317492
37318004
37318516
37319028
37319540
37320052
37320564
37321076
38420490
38421002
38421514
38422026
38422538
38423050
38423562
38424074
38424586
38425098
38420491
38421003
38421515
38422027
38422539
38423051
38423563
38424075
38424587
38425099
38420492
38421004
38421516
38422028
38422540
38423052
38423564
38424076
38424588
38425100
38420493
38421005
38421517
38422029
38422541
38423053
38423565
38424077
38424589
38425101
38420494
38421006
38421518
38422030
38422542
38423054
38423566
38424078
38424590
38425102
38420495
38421007
38421519
38422031
38422543
38423055
38423567
38424079
38424591
38425103
38420496
38421008
38421520
38422032
38422544
38423056
38423568
38424080
38424592
38425104
38420497
38421009
38421521
38422033
38422545
38423057
38423569
38424081
38424593
38425105
38420498
38421010
38421522
38422034
38422546
38423058
38423570
38424082
38424594
38425106
38420499
38421011
38421523
38422035
38422547
38423059
38423571
38424083
38424595
38425107
31378931
31379443
31379955
31380467
31380979
31381491
31382003
31382515
31383027
31383539
31378932
31379444
31379956
31380468
31380980
31381492
31382004
31382516
31383028
31383540
31378933
31379445
31379957
31380469
31380981
31381493
31382005
31382517
31383029
31383541
31378934
31379446
31379958
31380470
31380982
31381494
31382006
31382518
31383030
31383542
31378935
31379447
31379959
31380471
31380983
31381495
31382007
31382519
31383031
31383543
31378936
31379448
31379960
31380472
31380984
31381496
31382008
31382520
31383032
31383544
31378937
31379449
31379961
31380473
31380985
31381497
31382009
31382521
31383033
31383545
31378938
31379450
31379962
31380474
31380986
31381498
31382010
31382522
31383034
31383546
31378939
31379451
31379963
31380475
31380987
31381499
31382011
31382523
31383035
31383547
31378940
31379452
31379964
31380476
31380988
31381500
31382012
31382524
31383036
31383548
42592080
42592592
42593104
42593616
42594128
42594640
42595152
42595664
42596176
42596688
42592081
42592593
42593105
42593617
42594129
42594641
42595153
42595665
42596177
42596689
42592082
42592594
42593106
42593618
42594130
42594642
42595154
42595666
42596178
42596690
42592083
42592595
42593107
42593619
42594131
42594643
42595155
42595667
42596179
42596691
42592084
42592596
42593108
42593620
42594132
42594644
42595156
42595668
42596180
42596692
42592085
42592597
42593109
42593621
42594133
42594645
42595157
42595669
42596181
42596693
42592086
42592598
42593110
42593622
42594134
42594646
42595158
42595670
42596182
42596694
42592087
42592599
42593111
42593623
42594135
42594647
42595159
42595671
42596183
42596695
42592088
42592600
42593112
42593624
42594136
42594648
42595160
42595672
42596184
42596696
42592089
42592601
42593113
42593625
42594137
42594649
42595161
42595673
42596185
42596697
23913429
23913941
23914453
23914965
23915477
23915989
23916501
23917013
23917525
23918037
23913430
23913942
23914454
23914966
23915478
23915990
23916502
23917014
23917526
23918038
23913431
23913943
23914455
23914967
23915479
23915991
23916503
23917015
23917527
23918039
23913432
23913944
23914456
23914968
23915480
23915992
23916504
23917016
23917528
23918040
23913433
23913945
23914457
23914969
23915481
23915993
23916505
23917017
23917529
23918041
23913434
23913946
23914458
23914970
23915482
23915994
23916506
23917018
23917530
23918042
23913435
23913947
23914459
23914971
23915483
23915995
23916507
23917019
23917531
23918043
23913436
23913948
23914460
23914972
23915484
23915996
23916508
23917020
23917532
23918044
23913437
23913949
23914461
23914973
23915485
23915997
23916509
23917021
23917533
23918045
23913438
23913950
23914462
23914974
23915486
23915998
23916510
23917022
23917534
23918046
20725713
20726225
20726737
20727249
20727761
20728273
20728785
20729297
20729809
20730321
20725714
20726226
20726738
20727250
20727762
20728274
20728786
20729298
20729810
20730322
20725715
20726227
20726739
20727251
20727763
20728275
20728787
20729299
20729811
20730323
20725716
20726228
20726740
20727252
20727764
20728276
20728788
20729300
20729812
20730324
20725717
20726229
20726741
20727253
20727765
20728277
20728789
20729301
20729813
20730325
20725718
20726230
20726742
20727254
20727766
20728278
20728790
20729302
20729814
20730326
20725719
20726231
20726743
20727255
20727767
20728279
20728791
20729303
20729815
20730327
20725720
20726232
20726744
20727256
20727768
20728280
20728792
20729304
20729816
20730328
20725721
20726233
20726745
20727257
20727769
20728281
20728793
20729305
20729817
20730329
20725722
20726234
20726746
20727258
20727770
20728282
20728794
20729306
20729818
20730330
8400391
8400903
8401415
8401927
8402439
8402951
8403463
8403975
8404487
8404999
8400392
8400904
8401416
8401928
8402440
8402952
8403464
8403976
8404488
8405000
8400393
8400905
8401417
8401929
8402441
8402953
8403465
8403977
8404489
8405001
8400394
8400906
8401418
8401930
8402442
8402954
8403466
8403978
8404490
8405002
8400395
8400907
8401419
8401931
8402443
8402955
8403467
8403979
8404491
8405003
8400396
8400908
8401420
8401932
8402444
8402956
8403468
8403980
8404492
8405004
8400397
8400909
8401421
8401933
8402445
8402957
8403469
8403981
8404493
8405005
8400398
8400910
8401422
8401934
8402446
8402958
8403470
8403982
8404494
8405006
8400399
8400911
8401423
8401935
8402447
8402959
8403471
8403983
8404495
8405007
8400400
8400912
8401424
8401936
8402448
8402960
8403472
8403984
8404496
8405008
20483539
20484051
20484563
20485075
20485587
20486099
20486611
20487123
20487635
20488147
20483540
20484052
20484564
20485076
20485588
20486100
20486612
20487124
20487636
20488148
20483541
20484053
20484565
20485077
20485589
20486101
20486613
20487125
20487637
20488149
20483542
20484054
20484566
20485078
20485590
20486102
20486614
20487126
20487638
20488150
20483543
20484055
20484567
20485079
20485591
20486103
20486615
20487127
20487639
20488151
20483544
20484056
20484568
20485080
20485592
20486104
20486616
20487128
20487640
20488152
20483545
20484057
20484569
20485081
20485593
20486105
20486617
20487129
20487641
20488153
20483546
20484058
20484570
20485082
20485594
20486106
20486618
20487130
20487642
20488154
20483547
20484059
20484571
20485083
20485595
20486107
20486619
20487131
20487643
20488155
20483548
20484060
20484572
20485084
20485596
20486108
20486620
20487132
20487644
20488156
20538574
20539086
20539598
20540110
20540622
20541134
20541646
20542158
20542670
20543182
20538575
20539087
20539599
20540111
20540623
20541135
20541647
20542159
20542671
20543183
20538576
20539088
20539600
20540112
20540624
20541136
20541648
20542160
20542672
20543184
20538577
20539089
20539601
20540113
20540625
20541137
20541649
20542161
20542673
20543185
20538578
20539090
20539602
20540114
20540626
20541138
20541650
20542162
20542674
20543186
20538579
20539091
20539603
20540115
20540627
20541139
20541651
20542163
20542675
20543187
20538580
20539092
20539604
20540116
20540628
20541140
20541652
20542164
20542676
20543188
20538581
20539093
20539605
20540117
20540629
20541141
20541653
20542165
20542677
20543189
20538582
20539094
20539606
20540118
20540630
20541142
20541654
20542166
20542678
20543190
20538583
20539095
20539607
20540119
20540631
20541143
20541655
20542167
20542679
20543191
12947652
12948164
12948676
12949188
12949700
12950212
12950724
12951236
12951748
12952260
12947653
12948165
12948677
12949189
12949701
12950213
12950725
12951237
12951749
12952261
12947654
12948166
12948678
12949190
12949702
12950214
12950726
12951238
12951750
12952262
12947655
12948167
12948679
12949191
12949703
12950215
12950727
12951239
12951751
12952263
12947656
12948168
12948680
12949192
12949704
12950216
12950728
12951240
12951752
12952264
12947657
12948169
12948681
12949193
12949705
12950217
12950729
12951241
12951753
12952265
12947658
12948170
12948682
12949194
12949706
12950218
12950730
12951242
12951754
12952266
12947659
12948171
12948683
12949195
12949707
12950219
12950731
12951243
12951755
12952267
12947660
12948172
12948684
12949196
12949708
12950220
12950732
12951244
12951756
12952268
12947661
12948173
12948685
12949197
12949709
12950221
12950733
12951245
12951757
12952269
6711832
6712344
6712856
6713368
6713880
6714392
6714904
6715416
6715928
6716440
6711833
6712345
6712857
6713369
6713881
6714393
6714905
6715417
6715929
6716441
6711834
6712346
6712858
6713370
6713882
6714394
6714906
6715418
6715930
6716442
6711835
6712347
6712859
6713371
6713883
6714395
6714907
6715419
6715931
6716443
6711836
6712348
6712860
6713372
6713884
6714396
6714908
6715420
6715932
6716444
6711837
6712349
6712861
6713373
6713885
6714397
6714909
6715421
6715933
6716445
6711838
6712350
6712862
6713374
6713886
6714398
6714910
6715422
6715934
6716446
6711839
6712351
6712863
6713375
6713887
6714399
6714911
6715423
6715935
6716447
6711840
6712352
6712864
6713376
6713888
6714400
6714912
6715424
6715936
6716448
6711841
6712353
6712865
6713377
6713889
6714401
6714913
6715425
6715937
6716449
34609170
34609682
34610194
34610706
34611218
34611730
34612242
34612754
34613266
34613778
34609171
34609683
34610195
34610707
34611219
34611731
34612243
34612755
34613267
34613779
34609172
34609684
34610196
34610708
34611220
34611732
34612244
34612756
34613268
34613780
34609173
34609685
34610197
34610709
34611221
34611733
34612245
34612757
34613269
34613781
34609174
34609686
34610198
34610710
34611222
34611734
34612246
34612758
34613270
34613782
34609175
34609687
34610199
34610711
34611223
34611735
34612247
34612759
34613271
34613783
34609176
34609688
34610200
34610712
34611224
34611736
34612248
34612760
34613272
34613784
34609177
34609689
34610201
34610713
34611225
34611737
34612249
34612761
34613273
34613785
34609178
34609690
34610202
34610714
34611226
34611738
34612250
34612762
34613274
34613786
34609179
34609691
34610203
34610715
34611227
34611739
34612251
34612763
34613275
34613787
26809910
26810422
26810934
26811446
26811958
26812470
26812982
26813494
26814006
26814518
26809911
26810423
26810935
26811447
26811959
26812471
26812983
26813495
26814007
26814519
26809912
26810424
26810936
26811448
26811960
26812472
26812984
26813496
26814008
26814520
26809913
26810425
26810937
26811449
26811961
26812473
26812985
26813497
26814009
26814521
26809914
26810426
26810938
26811450
26811962
26812474
26812986
26813498
26814010
26814522
26809915
26810427
26810939
26811451
26811963
26812475
26812987
26813499
26814011
26814523
26809916
26810428
26810940
26811452
26811964
26812476
26812988
26813500
26814012
26814524
26809917
26810429
26810941
26811453
26811965
26812477
26812989
26813501
26814013
26814525
26809918
26810430
26810942
26811454
26811966
26812478
26812990
26813502
26814014
26814526
26809919
26810431
26810943
26811455
26811967
26812479
26812991
26813503
26814015
26814527
1253465
1253977
1254489
1255001
1255513
1256025
1256537
1257049
1257561
1258073
1253466
1253978
1254490
1255002
1255514
1256026
1256538
1257050
1257562
1258074
1253467
1253979
1254491
1255003
1255515
1256027
1256539
1257051
1257563
1258075
1253468
1253980
1254492
1255004
1255516
1256028
1256540
1257052
1257564
1258076
1253469
1253981
1254493
1255005
1255517
1256029
1256541
1257053
1257565
1258077
1253470
1253982
1254494
1255006
1255518
1256030
1256542
1257054
1257566
1258078
1253471
1253983
1254495
1255007
1255519
1256031
1256543
1257055
1257567
1258079
1253472
1253984
1254496
1255008
1255520
1256032
1256544
1257056
1257568
1258080
1253473
1253985
1254497
1255009
1255521
1256033
1256545
1257057
1257569
1258081
1253474
1253986
1254498
1255010
1255522
1256034
1256546
1257058
1257570
1258082
6777841
6778353
6778865
6779377
6779889
6780401
6780913
6781425
6781937
6782449
6777842
6778354
6778866
6779378
6779890
6780402
6780914
6781426
6781938
6782450
6777843
6778355
6778867
6779379
6779891
6780403
6780915
6781427
6781939
6782451
6777844
6778356
6778868
6779380
6779892
6780404
6780916
6781428
6781940
6782452
6777845
6778357
6778869
6779381
6779893
6780405
6780917
6781429
6781941
6782453
6777846
6778358
6778870
6779382
6779894
6780406
6780918
6781430
6781942
6782454
6777847
6778359
6778871
6779383
6779895
6780407
6780919
6781431
6781943
6782455
6777848
6778360
6778872
6779384
6779896
6780408
6780920
6781432
6781944
6782456
6777849
6778361
6778873
6779385
6779897
6780409
6780921
6781433
6781945
6782457
6777850
6778362
6778874
6779386
6779898
6780410
6780922
6781434
6781946
6782458
32954022
32954534
32955046
32955558
32956070
32956582
32957094
32957606
32958118
32958630
32954023
32954535
32955047
32955559
32956071
32956583
32957095
32957607
32958119
32958631
32954024
32954536
32955048
32955560
32956072
32956584
32957096
32957608
32958120
32958632
32954025
32954537
32955049
32955561
32956073
32956585
32957097
32957609
32958121
32958633
32954026
32954538
32955050
32955562
32956074
32956586
32957098
32957610
32958122
32958634
32954027
32954539
32955051
32955563
32956075
32956587
32957099
32957611
32958123
32958635
32954028
32954540
32955052
32955564
32956076
32956588
32957100
32957612
32958124
32958636
32954029
32954541
32955053
32955565
32956077
32956589
32957101
32957613
32958125
32958637
32954030
32954542
32955054
32955566
32956078
32956590
32957102
32957614
32958126
32958638
32954031
32954543
32955055
32955567
32956079
32956591
32957103
32957615
32958127
32958639
