13665696
13666208
13666720
13667232
13667744
13668256
13668768
13669280
13669792
13670304
13665697
13666209
13666721
13667233
13667745
13668257
13668769
13669281
13669793
13670305
13665698
13666210
13666722
13667234
13667746
13668258
13668770
13669282
13669794
13670306
13665699
13666211
13666723
13667235
13667747
13668259
13668771
13669283
13669795
13670307
13665700
13666212
13666724
13667236
13667748
13668260
13668772
13669284
13669796
13670308
13665701
13666213
13666725
13667237
13667749
13668261
13668773
13669285
13669797
13670309
13665702
13666214
13666726
13667238
13667750
13668262
13668774
13669286
13669798
13670310
13665703
13666215
13666727
13667239
13667751
13668263
13668775
13669287
13669799
13670311
13665704
13666216
13666728
13667240
13667752
13668264
13668776
13669288
13669800
13670312
13665705
13666217
13666729
13667241
13667753
13668265
13668777
13669289
13669801
13670313
5247950
5248462
5248974
5249486
5249998
5250510
5251022
5251534
5252046
5252558
5247951
5248463
5248975
5249487
5249999
5250511
5251023
5251535
5252047
5252559
5247952
5248464
5248976
5249488
5250000
5250512
5251024
5251536
5252048
5252560
5247953
5248465
5248977
5249489
5250001
5250513
5251025
5251537
5252049
5252561
5247954
5248466
5248978
5249490
5250002
5250514
5251026
5251538
5252050
5252562
5247955
5248467
5248979
5249491
5250003
5250515
5251027
5251539
5252051
5252563
5247956
5248468
5248980
5249492
5250004
5250516
5251028
5251540
5252052
5252564
5247957
5248469
5248981
5249493
5250005
5250517
5251029
5251541
5252053
5252565
5247958
5248470
5248982
5249494
5250006
5250518
5251030
5251542
5252054
5252566
5247959
5248471
5248983
5249495
5250007
5250519
5251031
5251543
5252055
5252567
3590089
3590601
3591113
3591625
3592137
3592649
3593161
3593673
3594185
3594697
3590090
3590602
3591114
3591626
3592138
3592650
3593162
3593674
3594186
3594698
3590091
3590603
3591115
3591627
3592139
3592651
3593163
3593675
3594187
3594699
3590092
3590604
3591116
3591628
3592140
3592652
3593164
3593676
3594188
3594700
3590093
3590605
3591117
3591629
3592141
3592653
3593165
3593677
3594189
3594701
3590094
3590606
3591118
3591630
3592142
3592654
3593166
3593678
3594190
3594702
3590095
3590607
3591119
3591631
3592143
3592655
3593167
3593679
3594191
3594703
3590096
3590608
3591120
3591632
3592144
3592656
3593168
3593680
3594192
3594704
3590097
3590609
3591121
3591633
3592145
3592657
3593169
3593681
3594193
3594705
3590098
3590610
3591122
3591634
3592146
3592658
3593170
3593682
3594194
3594706
22213845
22214357
22214869
22215381
22215893
22216405
22216917
22217429
22217941
22218453
22213846
22214358
22214870
22215382
22215894
22216406
22216918
22217430
22217942
22218454
22213847
22214359
22214871
22215383
22215895
22216407
22216919
22217431
22217943
22218455
22213848
22214360
22214872
22215384
22215896
22216408
22216920
22217432
22217944
22218456
22213849
22214361
22214873
22215385
22215897
22216409
22216921
22217433
22217945
22218457
22213850
22214362
22214874
22215386
22215898
22216410
22216922
22217434
22217946
22218458
22213851
22214363
22214875
22215387
22215899
22216411
22216923
22217435
22217947
22218459
22213852
22214364
22214876
22215388
22215900
22216412
22216924
22217436
22217948
22218460
22213853
22214365
22214877
22215389
22215901
22216413
22216925
22217437
22217949
22218461
22213854
22214366
22214878
22215390
22215902
22216414
22216926
22217438
22217950
22218462
29054809
29055321
29055833
29056345
29056857
29057369
29057881
29058393
29058905
29059417
29054810
29055322
29055834
29056346
29056858
29057370
29057882
29058394
29058906
29059418
29054811
29055323
29055835
29056347
29056859
29057371
29057883
29058395
29058907
29059419
29054812
29055324
29055836
29056348
29056860
29057372
29057884
29058396
29058908
29059420
29054813
29055325
29055837
29056349
29056861
29057373
29057885
29058397
29058909
29059421
29054814
29055326
29055838
29056350
29056862
29057374
29057886
29058398
29058910
29059422
29054815
29055327
29055839
29056351
29056863
29057375
29057887
29058399
29058911
29059423
29054816
29055328
29055840
29056352
29056864
29057376
29057888
29058400
29058912
29059424
29054817
29055329
29055841
29056353
29056865
29057377
29057889
29058401
29058913
29059425
29054818
29055330
29055842
29056354
29056866
29057378
29057890
29058402
29058914
29059426
26297779
26298291
26298803
26299315
26299827
26300339
26300851
26301363
26301875
26302387
26297780
26298292
26298804
26299316
26299828
26300340
26300852
26301364
26301876
26302388
26297781
26298293
26298805
26299317
26299829
26300341
26300853
26301365
26301877
26302389
26297782
26298294
26298806
26299318
26299830
26300342
26300854
26301366
26301878
26302390
26297783
26298295
26298807
26299319
26299831
26300343
26300855
26301367
26301879
26302391
26297784
26298296
26298808
26299320
26299832
26300344
26300856
26301368
26301880
26302392
26297785
26298297
26298809
26299321
26299833
26300345
26300857
26301369
26301881
26302393
26297786
26298298
26298810
26299322
26299834
26300346
26300858
26301370
26301882
26302394
26297787
26298299
26298811
26299323
26299835
26300347
26300859
26301371
26301883
26302395
26297788
26298300
26298812
26299324
26299836
26300348
26300860
26301372
26301884
26302396
40851108
40851620
40852132
40852644
40853156
40853668
40854180
40854692
40855204
40855716
40851109
40851621
40852133
40852645
40853157
40853669
40854181
40854693
40855205
40855717
40851110
40851622
40852134
40852646
40853158
40853670
40854182
40854694
40855206
40855718
40851111
40851623
40852135
40852647
40853159
40853671
40854183
40854695
40855207
40855719
40851112
40851624
40852136
40852648
40853160
40853672
40854184
40854696
40855208
40855720
40851113
40851625
40852137
40852649
40853161
40853673
40854185
40854697
40855209
40855721
40851114
40851626
40852138
40852650
40853162
40853674
40854186
40854698
40855210
40855722
40851115
40851627
40852139
40852651
40853163
40853675
40854187
40854699
40855211
40855723
40851116
40851628
40852140
40852652
40853164
40853676
40854188
40854700
40855212
40855724
40851117
40851629
40852141
40852653
40853165
40853677
40854189
40854701
40855213
40855725
20770139
20770651
20771163
20771675
20772187
20772699
20773211
20773723
20774235
20774747
20770140
20770652
20771164
20771676
20772188
20772700
20773212
20773724
20774236
20774748
20770141
20770653
20771165
20771677
20772189
20772701
20773213
20773725
20774237
20774749
20770142
20770654
20771166
20771678
20772190
20772702
20773214
20773726
20774238
20774750
20770143
20770655
20771167
20771679
20772191
20772703
20773215
20773727
20774239
20774751
20770144
20770656
20771168
20771680
20772192
20772704
20773216
20773728
20774240
20774752
20770145
20770657
20771169
20771681
20772193
20772705
20773217
20773729
20774241
20774753
20770146
20770658
20771170
20771682
20772194
20772706
20773218
20773730
20774242
20774754
20770147
20770659
20771171
20771683
20772195
20772707
20773219
20773731
20774243
20774755
20770148
20770660
20771172
20771684
20772196
20772708
20773220
20773732
20774244
20774756
21199647
21200159
21200671
21201183
21201695
21202207
21202719
21203231
21203743
21204255
21199648
21200160
21200672
21201184
21201696
21202208
21202720
21203232
21203744
21204256
21199649
21200161
21200673
21201185
21201697
21202209
21202721
21203233
21203745
21204257
21199650
21200162
21200674
21201186
21201698
21202210
21202722
21203234
21203746
21204258
21199651
21200163
21200675
21201187
21201699
21202211
21202723
21203235
21203747
21204259
21199652
21200164
21200676
21201188
21201700
21202212
21202724
21203236
21203748
21204260
21199653
21200165
21200677
21201189
21201701
21202213
21202725
21203237
21203749
21204261
21199654
21200166
21200678
21201190
21201702
21202214
21202726
21203238
21203750
21204262
21199655
21200167
21200679
21201191
21201703
21202215
21202727
21203239
21203751
21204263
21199656
21200168
21200680
21201192
21201704
21202216
21202728
21203240
21203752
21204264
5897516
5898028
5898540
5899052
5899564
5900076
5900588
5901100
5901612
5902124
5897517
5898029
5898541
5899053
5899565
5900077
5900589
5901101
5901613
5902125
5897518
5898030
5898542
5899054
5899566
5900078
5900590
5901102
5901614
5902126
5897519
5898031
5898543
5899055
5899567
5900079
5900591
5901103
5901615
5902127
5897520
5898032
5898544
5899056
5899568
5900080
5900592
5901104
5901616
5902128
5897521
5898033
5898545
5899057
5899569
5900081
5900593
5901105
5901617
5902129
5897522
5898034
5898546
5899058
5899570
5900082
5900594
5901106
5901618
5902130
5897523
5898035
5898547
5899059
5899571
5900083
5900595
5901107
5901619
5902131
5897524
5898036
5898548
5899060
5899572
5900084
5900596
5901108
5901620
5902132
5897525
5898037
5898549
5899061
5899573
5900085
5900597
5901109
5901621
5902133
40812982
40813494
40814006
40814518
40815030
40815542
40816054
40816566
40817078
40817590
40812983
40813495
40814007
40814519
40815031
40815543
40816055
40816567
40817079
40817591
40812984
40813496
40814008
40814520
40815032
40815544
40816056
40816568
40817080
40817592
40812985
40813497
40814009
40814521
40815033
40815545
40816057
40816569
40817081
40817593
40812986
40813498
40814010
40814522
40815034
40815546
40816058
40816570
40817082
40817594
40812987
40813499
40814011
40814523
40815035
40815547
40816059
40816571
40817083
40817595
40812988
40813500
40814012
40814524
40815036
40815548
40816060
40816572
40817084
40817596
40812989
40813501
40814013
40814525
40815037
40815549
40816061
40816573
40817085
40817597
40812990
40813502
40814014
40814526
40815038
40815550
40816062
40816574
40817086
40817598
40812991
40813503
40814015
40814527
40815039
40815551
40816063
40816575
40817087
40817599
18794600
18795112
18795624
18796136
18796648
18797160
18797672
18798184
18798696
18799208
18794601
18795113
18795625
18796137
18796649
18797161
18797673
18798185
18798697
18799209
18794602
18795114
18795626
18796138
18796650
18797162
18797674
18798186
18798698
18799210
18794603
18795115
18795627
18796139
18796651
18797163
18797675
18798187
18798699
18799211
18794604
18795116
18795628
18796140
18796652
18797164
18797676
18798188
18798700
18799212
18794605
18795117
18795629
18796141
18796653
18797165
18797677
18798189
18798701
18799213
18794606
18795118
18795630
18796142
18796654
18797166
18797678
18798190
18798702
18799214
18794607
18795119
18795631
18796143
18796655
18797167
18797679
18798191
18798703
18799215
18794608
18795120
18795632
18796144
18796656
18797168
18797680
18798192
18798704
18799216
18794609
18795121
18795633
18796145
18796657
18797169
18797681
18798193
18798705
18799217
17625628
17626140
17626652
17627164
17627676
17628188
17628700
17629212
17629724
17630236
17625629
17626141
17626653
17627165
17627677
17628189
17628701
17629213
17629725
17630237
17625630
17626142
17626654
17627166
17627678
17628190
17628702
17629214
17629726
17630238
17625631
17626143
17626655
17627167
17627679
17628191
17628703
17629215
17629727
17630239
17625632
17626144
17626656
17627168
17627680
17628192
17628704
17629216
17629728
17630240
17625633
17626145
17626657
17627169
17627681
17628193
17628705
17629217
17629729
17630241
17625634
17626146
17626658
17627170
17627682
17628194
17628706
17629218
17629730
17630242
17625635
17626147
17626659
17627171
17627683
17628195
17628707
17629219
17629731
17630243
17625636
17626148
17626660
17627172
17627684
17628196
17628708
17629220
17629732
17630244
17625637
17626149
17626661
17627173
17627685
17628197
17628709
17629221
17629733
17630245
2786544
2787056
2787568
2788080
2788592
2789104
2789616
2790128
2790640
2791152
2786545
2787057
2787569
2788081
2788593
2789105
2789617
2790129
2790641
2791153
2786546
2787058
2787570
2788082
2788594
2789106
2789618
2790130
2790642
2791154
2786547
2787059
2787571
2788083
2788595
2789107
2789619
2790131
2790643
2791155
2786548
2787060
2787572
2788084
2788596
2789108
2789620
2790132
2790644
2791156
2786549
2787061
2787573
2788085
2788597
2789109
2789621
2790133
2790645
2791157
2786550
2787062
2787574
2788086
2788598
2789110
2789622
2790134
2790646
2791158
2786551
2787063
2787575
2788087
2788599
2789111
2789623
2790135
2790647
2791159
2786552
2787064
2787576
2788088
2788600
2789112
2789624
2790136
2790648
2791160
2786553
2787065
2787577
2788089
2788601
2789113
2789625
2790137
2790649
2791161
5048291
5048803
5049315
5049827
5050339
5050851
5051363
5051875
5052387
5052899
5048292
5048804
5049316
5049828
5050340
5050852
5051364
5051876
5052388
5052900
5048293
5048805
5049317
5049829
5050341
5050853
5051365
5051877
5052389
5052901
5048294
5048806
5049318
5049830
5050342
5050854
5051366
5051878
5052390
5052902
5048295
5048807
5049319
5049831
5050343
5050855
5051367
5051879
5052391
5052903
5048296
5048808
5049320
5049832
5050344
5050856
5051368
5051880
5052392
5052904
5048297
5048809
5049321
5049833
5050345
5050857
5051369
5051881
5052393
5052905
5048298
5048810
5049322
5049834
5050346
5050858
5051370
5051882
5052394
5052906
5048299
5048811
5049323
5049835
5050347
5050859
5051371
5051883
5052395
5052907
5048300
5048812
5049324
5049836
5050348
5050860
5051372
5051884
5052396
5052908
26823737
26824249
26824761
26825273
26825785
26826297
26826809
26827321
26827833
26828345
26823738
26824250
26824762
26825274
26825786
26826298
26826810
26827322
26827834
26828346
26823739
26824251
26824763
26825275
26825787
26826299
26826811
26827323
26827835
26828347
26823740
26824252
26824764
26825276
26825788
26826300
26826812
26827324
26827836
26828348
26823741
26824253
26824765
26825277
26825789
26826301
26826813
26827325
26827837
26828349
26823742
26824254
26824766
26825278
26825790
26826302
26826814
26827326
26827838
26828350
26823743
26824255
26824767
26825279
26825791
26826303
26826815
26827327
26827839
26828351
26823744
26824256
26824768
26825280
26825792
26826304
26826816
26827328
26827840
26828352
26823745
26824257
26824769
26825281
26825793
26826305
26826817
26827329
26827841
26828353
26823746
26824258
26824770
26825282
26825794
26826306
26826818
26827330
26827842
26828354
29658199
29658711
29659223
29659735
29660247
29660759
29661271
29661783
29662295
29662807
29658200
29658712
29659224
29659736
29660248
29660760
29661272
29661784
29662296
29662808
29658201
29658713
29659225
29659737
29660249
29660761
29661273
29661785
29662297
29662809
29658202
29658714
29659226
29659738
29660250
29660762
29661274
29661786
29662298
29662810
29658203
29658715
29659227
29659739
29660251
29660763
29661275
29661787
29662299
29662811
29658204
29658716
29659228
29659740
29660252
29660764
29661276
29661788
29662300
29662812
29658205
29658717
29659229
29659741
29660253
29660765
29661277
29661789
29662301
29662813
29658206
29658718
29659230
29659742
29660254
29660766
29661278
29661790
29662302
29662814
29658207
29658719
29659231
29659743
29660255
29660767
29661279
29661791
29662303
29662815
29658208
29658720
29659232
29659744
29660256
29660768
29661280
29661792
29662304
29662816
1679988
1680500
1681012
1681524
1682036
1682548
1683060
1683572
1684084
1684596
1679989
1680501
1681013
1681525
1682037
1682549
1683061
1683573
1684085
1684597
1679990
1680502
1681014
1681526
1682038
1682550
1683062
1683574
1684086
1684598
1679991
1680503
1681015
1681527
1682039
1682551
1683063
1683575
1684087
1684599
1679992
1680504
1681016
1681528
1682040
1682552
1683064
1683576
1684088
1684600
1679993
1680505
1681017
1681529
1682041
1682553
1683065
1683577
1684089
1684601
1679994
1680506
1681018
1681530
1682042
1682554
1683066
1683578
1684090
1684602
1679995
1680507
1681019
1681531
1682043
1682555
1683067
1683579
1684091
1684603
1679996
1680508
1681020
1681532
1682044
1682556
1683068
1683580
1684092
1684604
1679997
1680509
1681021
1681533
1682045
1682557
1683069
1683581
1684093
1684605
870021
870533
871045
871557
872069
872581
873093
873605
874117
874629
870022
870534
871046
871558
872070
872582
873094
873606
874118
874630
870023
870535
871047
871559
872071
872583
873095
873607
874119
874631
870024
870536
871048
871560
872072
872584
873096
873608
874120
874632
870025
870537
871049
871561
872073
872585
873097
873609
874121
874633
870026
870538
871050
871562
872074
872586
873098
873610
874122
874634
870027
870539
871051
871563
872075
872587
873099
873611
874123
874635
870028
870540
871052
871564
872076
872588
873100
873612
874124
874636
870029
870541
871053
871565
872077
872589
873101
873613
874125
874637
870030
870542
871054
871566
872078
872590
873102
873614
874126
874638
4768452
4768964
4769476
4769988
4770500
4771012
4771524
4772036
4772548
4773060
4768453
4768965
4769477
4769989
4770501
4771013
4771525
4772037
4772549
4773061
4768454
4768966
4769478
4769990
4770502
4771014
4771526
4772038
4772550
4773062
4768455
4768967
4769479
4769991
4770503
4771015
4771527
4772039
4772551
4773063
4768456
4768968
4769480
4769992
4770504
4771016
4771528
4772040
4772552
4773064
4768457
4768969
4769481
4769993
4770505
4771017
4771529
4772041
4772553
4773065
4768458
4768970
4769482
4769994
4770506
4771018
4771530
4772042
4772554
4773066
4768459
4768971
4769483
4769995
4770507
4771019
4771531
4772043
4772555
4773067
4768460
4768972
4769484
4769996
4770508
4771020
4771532
4772044
4772556
4773068
4768461
4768973
4769485
4769997
4770509
4771021
4771533
4772045
4772557
4773069
43497833
43498345
43498857
43499369
43499881
43500393
43500905
43501417
43501929
43502441
43497834
43498346
43498858
43499370
43499882
43500394
43500906
43501418
43501930
43502442
43497835
43498347
43498859
43499371
43499883
43500395
43500907
43501419
43501931
43502443
43497836
43498348
43498860
43499372
43499884
43500396
43500908
43501420
43501932
43502444
43497837
43498349
43498861
43499373
43499885
43500397
43500909
43501421
43501933
43502445
43497838
43498350
43498862
43499374
43499886
43500398
43500910
43501422
43501934
43502446
43497839
43498351
43498863
43499375
43499887
43500399
43500911
43501423
43501935
43502447
43497840
43498352
43498864
43499376
43499888
43500400
43500912
43501424
43501936
43502448
43497841
43498353
43498865
43499377
43499889
43500401
43500913
43501425
43501937
43502449
43497842
43498354
43498866
43499378
43499890
43500402
43500914
43501426
43501938
43502450
33735697
33736209
33736721
33737233
33737745
33738257
33738769
33739281
33739793
33740305
33735698
33736210
33736722
33737234
33737746
33738258
33738770
33739282
33739794
33740306
33735699
33736211
33736723
33737235
33737747
33738259
33738771
33739283
33739795
33740307
33735700
33736212
33736724
33737236
33737748
33738260
33738772
33739284
33739796
33740308
33735701
33736213
33736725
33737237
33737749
33738261
33738773
33739285
33739797
33740309
33735702
33736214
33736726
33737238
33737750
33738262
33738774
33739286
33739798
33740310
33735703
33736215
33736727
33737239
33737751
33738263
33738775
33739287
33739799
33740311
33735704
33736216
33736728
33737240
33737752
33738264
33738776
33739288
33739800
33740312
33735705
33736217
33736729
33737241
33737753
33738265
33738777
33739289
33739801
33740313
33735706
33736218
33736730
33737242
33737754
33738266
33738778
33739290
33739802
33740314
39018860
39019372
39019884
39020396
39020908
39021420
39021932
39022444
39022956
39023468
39018861
39019373
39019885
39020397
39020909
39021421
39021933
39022445
39022957
39023469
39018862
39019374
39019886
39020398
39020910
39021422
39021934
39022446
39022958
39023470
39018863
39019375
39019887
39020399
39020911
39021423
39021935
39022447
39022959
39023471
39018864
39019376
39019888
39020400
39020912
39021424
39021936
39022448
39022960
39023472
39018865
39019377
39019889
39020401
39020913
39021425
39021937
39022449
39022961
39023473
39018866
39019378
39019890
39020402
39020914
39021426
39021938
39022450
39022962
39023474
39018867
39019379
39019891
39020403
39020915
39021427
39021939
39022451
39022963
39023475
39018868
39019380
39019892
39020404
39020916
39021428
39021940
39022452
39022964
39023476
39018869
39019381
39019893
39020405
39020917
39021429
39021941
39022453
39022965
39023477
1770988
1771500
1772012
1772524
1773036
1773548
1774060
1774572
1775084
1775596
1770989
1771501
1772013
1772525
1773037
1773549
1774061
1774573
1775085
1775597
1770990
1771502
1772014
1772526
1773038
1773550
1774062
1774574
1775086
1775598
1770991
1771503
1772015
1772527
1773039
1773551
1774063
1774575
1775087
1775599
1770992
1771504
1772016
1772528
1773040
1773552
1774064
1774576
1775088
1775600
1770993
1771505
1772017
1772529
1773041
1773553
1774065
1774577
1775089
1775601
1770994
1771506
1772018
1772530
1773042
1773554
1774066
1774578
1775090
1775602
1770995
1771507
1772019
1772531
1773043
1773555
1774067
1774579
1775091
1775603
1770996
1771508
1772020
1772532
1773044
1773556
1774068
1774580
1775092
1775604
1770997
1771509
1772021
1772533
1773045
1773557
1774069
1774581
1775093
1775605
5935569
5936081
5936593
5937105
5937617
5938129
5938641
5939153
5939665
5940177
5935570
5936082
5936594
5937106
5937618
5938130
5938642
5939154
5939666
5940178
5935571
5936083
5936595
5937107
5937619
5938131
5938643
5939155
5939667
5940179
5935572
5936084
5936596
5937108
5937620
5938132
5938644
5939156
5939668
5940180
5935573
5936085
5936597
5937109
5937621
5938133
5938645
5939157
5939669
5940181
5935574
5936086
5936598
5937110
5937622
5938134
5938646
5939158
5939670
5940182
5935575
5936087
5936599
5937111
5937623
5938135
5938647
5939159
5939671
5940183
5935576
5936088
5936600
5937112
5937624
5938136
5938648
5939160
5939672
5940184
5935577
5936089
5936601
5937113
5937625
5938137
5938649
5939161
5939673
5940185
5935578
5936090
5936602
5937114
5937626
5938138
5938650
5939162
5939674
5940186
23569335
23569847
23570359
23570871
23571383
23571895
23572407
23572919
23573431
23573943
23569336
23569848
23570360
23570872
23571384
23571896
23572408
23572920
23573432
23573944
23569337
23569849
23570361
23570873
23571385
23571897
23572409
23572921
23573433
23573945
23569338
23569850
23570362
23570874
23571386
23571898
23572410
23572922
23573434
23573946
23569339
23569851
23570363
23570875
23571387
23571899
23572411
23572923
23573435
23573947
23569340
23569852
23570364
23570876
23571388
23571900
23572412
23572924
23573436
23573948
23569341
23569853
23570365
23570877
23571389
23571901
23572413
23572925
23573437
23573949
23569342
23569854
23570366
23570878
23571390
23571902
23572414
23572926
23573438
23573950
23569343
23569855
23570367
23570879
23571391
23571903
23572415
23572927
23573439
23573951
23569344
23569856
23570368
23570880
23571392
23571904
23572416
23572928
23573440
23573952
18538509
18539021
18539533
18540045
18540557
18541069
18541581
18542093
18542605
18543117
18538510
18539022
18539534
18540046
18540558
18541070
18541582
18542094
18542606
18543118
18538511
18539023
18539535
18540047
18540559
18541071
18541583
18542095
18542607
18543119
18538512
18539024
18539536
18540048
18540560
18541072
18541584
18542096
18542608
18543120
18538513
18539025
18539537
18540049
18540561
18541073
18541585
18542097
18542609
18543121
18538514
18539026
18539538
18540050
18540562
18541074
18541586
18542098
18542610
18543122
18538515
18539027
18539539
18540051
18540563
18541075
18541587
18542099
18542611
18543123
18538516
18539028
18539540
18540052
18540564
18541076
18541588
18542100
18542612
18543124
18538517
18539029
18539541
18540053
18540565
18541077
18541589
18542101
18542613
18543125
18538518
18539030
18539542
18540054
18540566
18541078
18541590
18542102
18542614
18543126
38297661
38298173
38298685
38299197
38299709
38300221
38300733
38301245
38301757
38302269
38297662
38298174
38298686
38299198
38299710
38300222
38300734
38301246
38301758
38302270
38297663
38298175
38298687
38299199
38299711
38300223
38300735
38301247
38301759
38302271
38297664
38298176
38298688
38299200
38299712
38300224
38300736
38301248
38301760
38302272
38297665
38298177
38298689
38299201
38299713
38300225
38300737
38301249
38301761
38302273
38297666
38298178
38298690
38299202
38299714
38300226
38300738
38301250
38301762
38302274
38297667
38298179
38298691
38299203
38299715
38300227
38300739
38301251
38301763
38302275
38297668
38298180
38298692
38299204
38299716
38300228
38300740
38301252
38301764
38302276
38297669
38298181
38298693
38299205
38299717
38300229
38300741
38301253
38301765
38302277
38297670
38298182
38298694
38299206
38299718
38300230
38300742
38301254
38301766
38302278
6361787
6362299
6362811
6363323
6363835
6364347
6364859
6365371
6365883
6366395
6361788
6362300
6362812
6363324
6363836
6364348
6364860
6365372
6365884
6366396
6361789
6362301
6362813
6363325
6363837
6364349
6364861
6365373
6365885
6366397
6361790
6362302
6362814
6363326
6363838
6364350
6364862
6365374
6365886
6366398
6361791
6362303
6362815
6363327
6363839
6364351
6364863
6365375
6365887
6366399
6361792
6362304
6362816
6363328
6363840
6364352
6364864
6365376
6365888
6366400
6361793
6362305
6362817
6363329
6363841
6364353
6364865
6365377
6365889
6366401
6361794
6362306
6362818
6363330
6363842
6364354
6364866
6365378
6365890
6366402
6361795
6362307
6362819
6363331
6363843
6364355
6364867
6365379
6365891
6366403
6361796
6362308
6362820
6363332
6363844
6364356
6364868
6365380
6365892
6366404
9976053
9976565
9977077
9977589
9978101
9978613
9979125
9979637
9980149
9980661
9976054
9976566
9977078
9977590
9978102
9978614
9979126
9979638
9980150
9980662
9976055
9976567
9977079
9977591
9978103
9978615
9979127
9979639
9980151
9980663
9976056
9976568
9977080
9977592
9978104
9978616
9979128
9979640
9980152
9980664
9976057
9976569
9977081
9977593
9978105
9978617
9979129
9979641
9980153
9980665
9976058
9976570
9977082
9977594
9978106
9978618
9979130
9979642
9980154
9980666
9976059
9976571
9977083
9977595
9978107
9978619
9979131
9979643
9980155
9980667
9976060
9976572
9977084
9977596
9978108
9978620
9979132
9979644
9980156
9980668
9976061
9976573
9977085
9977597
9978109
9978621
9979133
9979645
9980157
9980669
9976062
9976574
9977086
9977598
9978110
9978622
9979134
9979646
9980158
9980670
