35684922
35685434
35685946
35686458
35686970
35687482
35687994
35688506
35689018
35689530
35684923
35685435
35685947
35686459
35686971
35687483
35687995
35688507
35689019
35689531
35684924
35685436
35685948
35686460
35686972
35687484
35687996
35688508
35689020
35689532
35684925
35685437
35685949
35686461
35686973
35687485
35687997
35688509
35689021
35689533
35684926
35685438
35685950
35686462
35686974
35687486
35687998
35688510
35689022
35689534
35684927
35685439
35685951
35686463
35686975
35687487
35687999
35688511
35689023
35689535
35684928
35685440
35685952
35686464
35686976
35687488
35688000
35688512
35689024
35689536
35684929
35685441
35685953
35686465
35686977
35687489
35688001
35688513
35689025
35689537
35684930
35685442
35685954
35686466
35686978
35687490
35688002
35688514
35689026
35689538
35684931
35685443
35685955
35686467
35686979
35687491
35688003
35688515
35689027
35689539
38061704
38062216
38062728
38063240
38063752
38064264
38064776
38065288
38065800
38066312
38061705
38062217
38062729
38063241
38063753
38064265
38064777
38065289
38065801
38066313
38061706
38062218
38062730
38063242
38063754
38064266
38064778
38065290
38065802
38066314
38061707
38062219
38062731
38063243
38063755
38064267
38064779
38065291
38065803
38066315
38061708
38062220
38062732
38063244
38063756
38064268
38064780
38065292
38065804
38066316
38061709
38062221
38062733
38063245
38063757
38064269
38064781
38065293
38065805
38066317
38061710
38062222
38062734
38063246
38063758
38064270
38064782
38065294
38065806
38066318
38061711
38062223
38062735
38063247
38063759
38064271
38064783
38065295
38065807
38066319
38061712
38062224
38062736
38063248
38063760
38064272
38064784
38065296
38065808
38066320
38061713
38062225
38062737
38063249
38063761
38064273
38064785
38065297
38065809
38066321
11812717
11813229
11813741
11814253
11814765
11815277
11815789
11816301
11816813
11817325
11812718
11813230
11813742
11814254
11814766
11815278
11815790
11816302
11816814
11817326
11812719
11813231
11813743
11814255
11814767
11815279
11815791
11816303
11816815
11817327
11812720
11813232
11813744
11814256
11814768
11815280
11815792
11816304
11816816
11817328
11812721
11813233
11813745
11814257
11814769
11815281
11815793
11816305
11816817
11817329
11812722
11813234
11813746
11814258
11814770
11815282
11815794
11816306
11816818
11817330
11812723
11813235
11813747
11814259
11814771
11815283
11815795
11816307
11816819
11817331
11812724
11813236
11813748
11814260
11814772
11815284
11815796
11816308
11816820
11817332
11812725
11813237
11813749
11814261
11814773
11815285
11815797
11816309
11816821
11817333
11812726
11813238
11813750
11814262
11814774
11815286
11815798
11816310
11816822
11817334
43119077
43119589
43120101
43120613
43121125
43121637
43122149
43122661
43123173
43123685
43119078
43119590
43120102
43120614
43121126
43121638
43122150
43122662
43123174
43123686
43119079
43119591
43120103
43120615
43121127
43121639
43122151
43122663
43123175
43123687
43119080
43119592
43120104
43120616
43121128
43121640
43122152
43122664
43123176
43123688
43119081
43119593
43120105
43120617
43121129
43121641
43122153
43122665
43123177
43123689
43119082
43119594
43120106
43120618
43121130
43121642
43122154
43122666
43123178
43123690
43119083
43119595
43120107
43120619
43121131
43121643
43122155
43122667
43123179
43123691
43119084
43119596
43120108
43120620
43121132
43121644
43122156
43122668
43123180
43123692
43119085
43119597
43120109
43120621
43121133
43121645
43122157
43122669
43123181
43123693
43119086
43119598
43120110
43120622
43121134
43121646
43122158
43122670
43123182
43123694
21294019
21294531
21295043
21295555
21296067
21296579
21297091
21297603
21298115
21298627
21294020
21294532
21295044
21295556
21296068
21296580
21297092
21297604
21298116
21298628
21294021
21294533
21295045
21295557
21296069
21296581
21297093
21297605
21298117
21298629
21294022
21294534
21295046
21295558
21296070
21296582
21297094
21297606
21298118
21298630
21294023
21294535
21295047
21295559
21296071
21296583
21297095
21297607
21298119
21298631
21294024
21294536
21295048
21295560
21296072
21296584
21297096
21297608
21298120
21298632
21294025
21294537
21295049
21295561
21296073
21296585
21297097
21297609
21298121
21298633
21294026
21294538
21295050
21295562
21296074
21296586
21297098
21297610
21298122
21298634
21294027
21294539
21295051
21295563
21296075
21296587
21297099
21297611
21298123
21298635
21294028
21294540
21295052
21295564
21296076
21296588
21297100
21297612
21298124
21298636
19824472
19824984
19825496
19826008
19826520
19827032
19827544
19828056
19828568
19829080
19824473
19824985
19825497
19826009
19826521
19827033
19827545
19828057
19828569
19829081
19824474
19824986
19825498
19826010
19826522
19827034
19827546
19828058
19828570
19829082
19824475
19824987
19825499
19826011
19826523
19827035
19827547
19828059
19828571
19829083
19824476
19824988
19825500
19826012
19826524
19827036
19827548
19828060
19828572
19829084
19824477
19824989
19825501
19826013
19826525
19827037
19827549
19828061
19828573
19829085
19824478
19824990
19825502
19826014
19826526
19827038
19827550
19828062
19828574
19829086
19824479
19824991
19825503
19826015
19826527
19827039
19827551
19828063
19828575
19829087
19824480
19824992
19825504
19826016
19826528
19827040
19827552
19828064
19828576
19829088
19824481
19824993
19825505
19826017
19826529
19827041
19827553
19828065
19828577
19829089
20386632
20387144
20387656
20388168
20388680
20389192
20389704
20390216
20390728
20391240
20386633
20387145
20387657
20388169
20388681
20389193
20389705
20390217
20390729
20391241
20386634
20387146
20387658
20388170
20388682
20389194
20389706
20390218
20390730
20391242
20386635
20387147
20387659
20388171
20388683
20389195
20389707
20390219
20390731
20391243
20386636
20387148
20387660
20388172
20388684
20389196
20389708
20390220
20390732
20391244
20386637
20387149
20387661
20388173
20388685
20389197
20389709
20390221
20390733
20391245
20386638
20387150
20387662
20388174
20388686
20389198
20389710
20390222
20390734
20391246
20386639
20387151
20387663
20388175
20388687
20389199
20389711
20390223
20390735
20391247
20386640
20387152
20387664
20388176
20388688
20389200
20389712
20390224
20390736
20391248
20386641
20387153
20387665
20388177
20388689
20389201
20389713
20390225
20390737
20391249
29861636
29862148
29862660
29863172
29863684
29864196
29864708
29865220
29865732
29866244
29861637
29862149
29862661
29863173
29863685
29864197
29864709
29865221
29865733
29866245
29861638
29862150
29862662
29863174
29863686
29864198
29864710
29865222
29865734
29866246
29861639
29862151
29862663
29863175
29863687
29864199
29864711
29865223
29865735
29866247
29861640
29862152
29862664
29863176
29863688
29864200
29864712
29865224
29865736
29866248
29861641
29862153
29862665
29863177
29863689
29864201
29864713
29865225
29865737
29866249
29861642
29862154
29862666
29863178
29863690
29864202
29864714
29865226
29865738
29866250
29861643
29862155
29862667
29863179
29863691
29864203
29864715
29865227
29865739
29866251
29861644
29862156
29862668
29863180
29863692
29864204
29864716
29865228
29865740
29866252
29861645
29862157
29862669
29863181
29863693
29864205
29864717
29865229
29865741
29866253
17999692
18000204
18000716
18001228
18001740
18002252
18002764
18003276
18003788
18004300
17999693
18000205
18000717
18001229
18001741
18002253
18002765
18003277
18003789
18004301
17999694
18000206
18000718
18001230
18001742
18002254
18002766
18003278
18003790
18004302
17999695
18000207
18000719
18001231
18001743
18002255
18002767
18003279
18003791
18004303
17999696
18000208
18000720
18001232
18001744
18002256
18002768
18003280
18003792
18004304
17999697
18000209
18000721
18001233
18001745
18002257
18002769
18003281
18003793
18004305
17999698
18000210
18000722
18001234
18001746
18002258
18002770
18003282
18003794
18004306
17999699
18000211
18000723
18001235
18001747
18002259
18002771
18003283
18003795
18004307
17999700
18000212
18000724
18001236
18001748
18002260
18002772
18003284
18003796
18004308
17999701
18000213
18000725
18001237
18001749
18002261
18002773
18003285
18003797
18004309
16829341
16829853
16830365
16830877
16831389
16831901
16832413
16832925
16833437
16833949
16829342
16829854
16830366
16830878
16831390
16831902
16832414
16832926
16833438
16833950
16829343
16829855
16830367
16830879
16831391
16831903
16832415
16832927
16833439
16833951
16829344
16829856
16830368
16830880
16831392
16831904
16832416
16832928
16833440
16833952
16829345
16829857
16830369
16830881
16831393
16831905
16832417
16832929
16833441
16833953
16829346
16829858
16830370
16830882
16831394
16831906
16832418
16832930
16833442
16833954
16829347
16829859
16830371
16830883
16831395
16831907
16832419
16832931
16833443
16833955
16829348
16829860
16830372
16830884
16831396
16831908
16832420
16832932
16833444
16833956
16829349
16829861
16830373
16830885
16831397
16831909
16832421
16832933
16833445
16833957
16829350
16829862
16830374
16830886
16831398
16831910
16832422
16832934
16833446
16833958
35603990
35604502
35605014
35605526
35606038
35606550
35607062
35607574
35608086
35608598
35603991
35604503
35605015
35605527
35606039
35606551
35607063
35607575
35608087
35608599
35603992
35604504
35605016
35605528
35606040
35606552
35607064
35607576
35608088
35608600
35603993
35604505
35605017
35605529
35606041
35606553
35607065
35607577
35608089
35608601
35603994
35604506
35605018
35605530
35606042
35606554
35607066
35607578
35608090
35608602
35603995
35604507
35605019
35605531
35606043
35606555
35607067
35607579
35608091
35608603
35603996
35604508
35605020
35605532
35606044
35606556
35607068
35607580
35608092
35608604
35603997
35604509
35605021
35605533
35606045
35606557
35607069
35607581
35608093
35608605
35603998
35604510
35605022
35605534
35606046
35606558
35607070
35607582
35608094
35608606
35603999
35604511
35605023
35605535
35606047
35606559
35607071
35607583
35608095
35608607
38068657
38069169
38069681
38070193
38070705
38071217
38071729
38072241
38072753
38073265
38068658
38069170
38069682
38070194
38070706
38071218
38071730
38072242
38072754
38073266
38068659
38069171
38069683
38070195
38070707
38071219
38071731
38072243
38072755
38073267
38068660
38069172
38069684
38070196
38070708
38071220
38071732
38072244
38072756
38073268
38068661
38069173
38069685
38070197
38070709
38071221
38071733
38072245
38072757
38073269
38068662
38069174
38069686
38070198
38070710
38071222
38071734
38072246
38072758
38073270
38068663
38069175
38069687
38070199
38070711
38071223
38071735
38072247
38072759
38073271
38068664
38069176
38069688
38070200
38070712
38071224
38071736
38072248
38072760
38073272
38068665
38069177
38069689
38070201
38070713
38071225
38071737
38072249
38072761
38073273
38068666
38069178
38069690
38070202
38070714
38071226
38071738
38072250
38072762
38073274
25247682
25248194
25248706
25249218
25249730
25250242
25250754
25251266
25251778
25252290
25247683
25248195
25248707
25249219
25249731
25250243
25250755
25251267
25251779
25252291
25247684
25248196
25248708
25249220
25249732
25250244
25250756
25251268
25251780
25252292
25247685
25248197
25248709
25249221
25249733
25250245
25250757
25251269
25251781
25252293
25247686
25248198
25248710
25249222
25249734
25250246
25250758
25251270
25251782
25252294
25247687
25248199
25248711
25249223
25249735
25250247
25250759
25251271
25251783
25252295
25247688
25248200
25248712
25249224
25249736
25250248
25250760
25251272
25251784
25252296
25247689
25248201
25248713
25249225
25249737
25250249
25250761
25251273
25251785
25252297
25247690
25248202
25248714
25249226
25249738
25250250
25250762
25251274
25251786
25252298
25247691
25248203
25248715
25249227
25249739
25250251
25250763
25251275
25251787
25252299
42361723
42362235
42362747
42363259
42363771
42364283
42364795
42365307
42365819
42366331
42361724
42362236
42362748
42363260
42363772
42364284
42364796
42365308
42365820
42366332
42361725
42362237
42362749
42363261
42363773
42364285
42364797
42365309
42365821
42366333
42361726
42362238
42362750
42363262
42363774
42364286
42364798
42365310
42365822
42366334
42361727
42362239
42362751
42363263
42363775
42364287
42364799
42365311
42365823
42366335
42361728
42362240
42362752
42363264
42363776
42364288
42364800
42365312
42365824
42366336
42361729
42362241
42362753
42363265
42363777
42364289
42364801
42365313
42365825
42366337
42361730
42362242
42362754
42363266
42363778
42364290
42364802
42365314
42365826
42366338
42361731
42362243
42362755
42363267
42363779
42364291
42364803
42365315
42365827
42366339
42361732
42362244
42362756
42363268
42363780
42364292
42364804
42365316
42365828
42366340
34102555
34103067
34103579
34104091
34104603
34105115
34105627
34106139
34106651
34107163
34102556
34103068
34103580
34104092
34104604
34105116
34105628
34106140
34106652
34107164
34102557
34103069
34103581
34104093
34104605
34105117
34105629
34106141
34106653
34107165
34102558
34103070
34103582
34104094
34104606
34105118
34105630
34106142
34106654
34107166
34102559
34103071
34103583
34104095
34104607
34105119
34105631
34106143
34106655
34107167
34102560
34103072
34103584
34104096
34104608
34105120
34105632
34106144
34106656
34107168
34102561
34103073
34103585
34104097
34104609
34105121
34105633
34106145
34106657
34107169
34102562
34103074
34103586
34104098
34104610
34105122
34105634
34106146
34106658
34107170
34102563
34103075
34103587
34104099
34104611
34105123
34105635
34106147
34106659
34107171
34102564
34103076
34103588
34104100
34104612
34105124
34105636
34106148
34106660
34107172
22182389
22182901
22183413
22183925
22184437
22184949
22185461
22185973
22186485
22186997
22182390
22182902
22183414
22183926
22184438
22184950
22185462
22185974
22186486
22186998
22182391
22182903
22183415
22183927
22184439
22184951
22185463
22185975
22186487
22186999
22182392
22182904
22183416
22183928
22184440
22184952
22185464
22185976
22186488
22187000
22182393
22182905
22183417
22183929
22184441
22184953
22185465
22185977
22186489
22187001
22182394
22182906
22183418
22183930
22184442
22184954
22185466
22185978
22186490
22187002
22182395
22182907
22183419
22183931
22184443
22184955
22185467
22185979
22186491
22187003
22182396
22182908
22183420
22183932
22184444
22184956
22185468
22185980
22186492
22187004
22182397
22182909
22183421
22183933
22184445
22184957
22185469
22185981
22186493
22187005
22182398
22182910
22183422
22183934
22184446
22184958
22185470
22185982
22186494
22187006
44828168
44828680
44829192
44829704
44830216
44830728
44831240
44831752
44832264
44832776
44828169
44828681
44829193
44829705
44830217
44830729
44831241
44831753
44832265
44832777
44828170
44828682
44829194
44829706
44830218
44830730
44831242
44831754
44832266
44832778
44828171
44828683
44829195
44829707
44830219
44830731
44831243
44831755
44832267
44832779
44828172
44828684
44829196
44829708
44830220
44830732
44831244
44831756
44832268
44832780
44828173
44828685
44829197
44829709
44830221
44830733
44831245
44831757
44832269
44832781
44828174
44828686
44829198
44829710
44830222
44830734
44831246
44831758
44832270
44832782
44828175
44828687
44829199
44829711
44830223
44830735
44831247
44831759
44832271
44832783
44828176
44828688
44829200
44829712
44830224
44830736
44831248
44831760
44832272
44832784
44828177
44828689
44829201
44829713
44830225
44830737
44831249
44831761
44832273
44832785
15075225
15075737
15076249
15076761
15077273
15077785
15078297
15078809
15079321
15079833
15075226
15075738
15076250
15076762
15077274
15077786
15078298
15078810
15079322
15079834
15075227
15075739
15076251
15076763
15077275
15077787
15078299
15078811
15079323
15079835
15075228
15075740
15076252
15076764
15077276
15077788
15078300
15078812
15079324
15079836
15075229
15075741
15076253
15076765
15077277
15077789
15078301
15078813
15079325
15079837
15075230
15075742
15076254
15076766
15077278
15077790
15078302
15078814
15079326
15079838
15075231
15075743
15076255
15076767
15077279
15077791
15078303
15078815
15079327
15079839
15075232
15075744
15076256
15076768
15077280
15077792
15078304
15078816
15079328
15079840
15075233
15075745
15076257
15076769
15077281
15077793
15078305
15078817
15079329
15079841
15075234
15075746
15076258
15076770
15077282
15077794
15078306
15078818
15079330
15079842
26914167
26914679
26915191
26915703
26916215
26916727
26917239
26917751
26918263
26918775
26914168
26914680
26915192
26915704
26916216
26916728
26917240
26917752
26918264
26918776
26914169
26914681
26915193
26915705
26916217
26916729
26917241
26917753
26918265
26918777
26914170
26914682
26915194
26915706
26916218
26916730
26917242
26917754
26918266
26918778
26914171
26914683
26915195
26915707
26916219
26916731
26917243
26917755
26918267
26918779
26914172
26914684
26915196
26915708
26916220
26916732
26917244
26917756
26918268
26918780
26914173
26914685
26915197
26915709
26916221
26916733
26917245
26917757
26918269
26918781
26914174
26914686
26915198
26915710
26916222
26916734
26917246
26917758
26918270
26918782
26914175
26914687
26915199
26915711
26916223
26916735
26917247
26917759
26918271
26918783
26914176
26914688
26915200
26915712
26916224
26916736
26917248
26917760
26918272
26918784
15796050
15796562
15797074
15797586
15798098
15798610
15799122
15799634
15800146
15800658
15796051
15796563
15797075
15797587
15798099
15798611
15799123
15799635
15800147
15800659
15796052
15796564
15797076
15797588
15798100
15798612
15799124
15799636
15800148
15800660
15796053
15796565
15797077
15797589
15798101
15798613
15799125
15799637
15800149
15800661
15796054
15796566
15797078
15797590
15798102
15798614
15799126
15799638
15800150
15800662
15796055
15796567
15797079
15797591
15798103
15798615
15799127
15799639
15800151
15800663
15796056
15796568
15797080
15797592
15798104
15798616
15799128
15799640
15800152
15800664
15796057
15796569
15797081
15797593
15798105
15798617
15799129
15799641
15800153
15800665
15796058
15796570
15797082
15797594
15798106
15798618
15799130
15799642
15800154
15800666
15796059
15796571
15797083
15797595
15798107
15798619
15799131
15799643
15800155
15800667
19895539
19896051
19896563
19897075
19897587
19898099
19898611
19899123
19899635
19900147
19895540
19896052
19896564
19897076
19897588
19898100
19898612
19899124
19899636
19900148
19895541
19896053
19896565
19897077
19897589
19898101
19898613
19899125
19899637
19900149
19895542
19896054
19896566
19897078
19897590
19898102
19898614
19899126
19899638
19900150
19895543
19896055
19896567
19897079
19897591
19898103
19898615
19899127
19899639
19900151
19895544
19896056
19896568
19897080
19897592
19898104
19898616
19899128
19899640
19900152
19895545
19896057
19896569
19897081
19897593
19898105
19898617
19899129
19899641
19900153
19895546
19896058
19896570
19897082
19897594
19898106
19898618
19899130
19899642
19900154
19895547
19896059
19896571
19897083
19897595
19898107
19898619
19899131
19899643
19900155
19895548
19896060
19896572
19897084
19897596
19898108
19898620
19899132
19899644
19900156
26689389
26689901
26690413
26690925
26691437
26691949
26692461
26692973
26693485
26693997
26689390
26689902
26690414
26690926
26691438
26691950
26692462
26692974
26693486
26693998
26689391
26689903
26690415
26690927
26691439
26691951
26692463
26692975
26693487
26693999
26689392
26689904
26690416
26690928
26691440
26691952
26692464
26692976
26693488
26694000
26689393
26689905
26690417
26690929
26691441
26691953
26692465
26692977
26693489
26694001
26689394
26689906
26690418
26690930
26691442
26691954
26692466
26692978
26693490
26694002
26689395
26689907
26690419
26690931
26691443
26691955
26692467
26692979
26693491
26694003
26689396
26689908
26690420
26690932
26691444
26691956
26692468
26692980
26693492
26694004
26689397
26689909
26690421
26690933
26691445
26691957
26692469
26692981
26693493
26694005
26689398
26689910
26690422
26690934
26691446
26691958
26692470
26692982
26693494
26694006
19182438
19182950
19183462
19183974
19184486
19184998
19185510
19186022
19186534
19187046
19182439
19182951
19183463
19183975
19184487
19184999
19185511
19186023
19186535
19187047
19182440
19182952
19183464
19183976
19184488
19185000
19185512
19186024
19186536
19187048
19182441
19182953
19183465
19183977
19184489
19185001
19185513
19186025
19186537
19187049
19182442
19182954
19183466
19183978
19184490
19185002
19185514
19186026
19186538
19187050
19182443
19182955
19183467
19183979
19184491
19185003
19185515
19186027
19186539
19187051
19182444
19182956
19183468
19183980
19184492
19185004
19185516
19186028
19186540
19187052
19182445
19182957
19183469
19183981
19184493
19185005
19185517
19186029
19186541
19187053
19182446
19182958
19183470
19183982
19184494
19185006
19185518
19186030
19186542
19187054
19182447
19182959
19183471
19183983
19184495
19185007
19185519
19186031
19186543
19187055
4660665
4661177
4661689
4662201
4662713
4663225
4663737
4664249
4664761
4665273
4660666
4661178
4661690
4662202
4662714
4663226
4663738
4664250
4664762
4665274
4660667
4661179
4661691
4662203
4662715
4663227
4663739
4664251
4664763
4665275
4660668
4661180
4661692
4662204
4662716
4663228
4663740
4664252
4664764
4665276
4660669
4661181
4661693
4662205
4662717
4663229
4663741
4664253
4664765
4665277
4660670
4661182
4661694
4662206
4662718
4663230
4663742
4664254
4664766
4665278
4660671
4661183
4661695
4662207
4662719
4663231
4663743
4664255
4664767
4665279
4660672
4661184
4661696
4662208
4662720
4663232
4663744
4664256
4664768
4665280
4660673
4661185
4661697
4662209
4662721
4663233
4663745
4664257
4664769
4665281
4660674
4661186
4661698
4662210
4662722
4663234
4663746
4664258
4664770
4665282
38721703
38722215
38722727
38723239
38723751
38724263
38724775
38725287
38725799
38726311
38721704
38722216
38722728
38723240
38723752
38724264
38724776
38725288
38725800
38726312
38721705
38722217
38722729
38723241
38723753
38724265
38724777
38725289
38725801
38726313
38721706
38722218
38722730
38723242
38723754
38724266
38724778
38725290
38725802
38726314
38721707
38722219
38722731
38723243
38723755
38724267
38724779
38725291
38725803
38726315
38721708
38722220
38722732
38723244
38723756
38724268
38724780
38725292
38725804
38726316
38721709
38722221
38722733
38723245
38723757
38724269
38724781
38725293
38725805
38726317
38721710
38722222
38722734
38723246
38723758
38724270
38724782
38725294
38725806
38726318
38721711
38722223
38722735
38723247
38723759
38724271
38724783
38725295
38725807
38726319
38721712
38722224
38722736
38723248
38723760
38724272
38724784
38725296
38725808
38726320
12307701
12308213
12308725
12309237
12309749
12310261
12310773
12311285
12311797
12312309
12307702
12308214
12308726
12309238
12309750
12310262
12310774
12311286
12311798
12312310
12307703
12308215
12308727
12309239
12309751
12310263
12310775
12311287
12311799
12312311
12307704
12308216
12308728
12309240
12309752
12310264
12310776
12311288
12311800
12312312
12307705
12308217
12308729
12309241
12309753
12310265
12310777
12311289
12311801
12312313
12307706
12308218
12308730
12309242
12309754
12310266
12310778
12311290
12311802
12312314
12307707
12308219
12308731
12309243
12309755
12310267
12310779
12311291
12311803
12312315
12307708
12308220
12308732
12309244
12309756
12310268
12310780
12311292
12311804
12312316
12307709
12308221
12308733
12309245
12309757
12310269
12310781
12311293
12311805
12312317
12307710
12308222
12308734
12309246
12309758
12310270
12310782
12311294
12311806
12312318
44305702
44306214
44306726
44307238
44307750
44308262
44308774
44309286
44309798
44310310
44305703
44306215
44306727
44307239
44307751
44308263
44308775
44309287
44309799
44310311
44305704
44306216
44306728
44307240
44307752
44308264
44308776
44309288
44309800
44310312
44305705
44306217
44306729
44307241
44307753
44308265
44308777
44309289
44309801
44310313
44305706
44306218
44306730
44307242
44307754
44308266
44308778
44309290
44309802
44310314
44305707
44306219
44306731
44307243
44307755
44308267
44308779
44309291
44309803
44310315
44305708
44306220
44306732
44307244
44307756
44308268
44308780
44309292
44309804
44310316
44305709
44306221
44306733
44307245
44307757
44308269
44308781
44309293
44309805
44310317
44305710
44306222
44306734
44307246
44307758
44308270
44308782
44309294
44309806
44310318
44305711
44306223
44306735
44307247
44307759
44308271
44308783
44309295
44309807
44310319
982286
982798
983310
983822
984334
984846
985358
985870
986382
986894
982287
982799
983311
983823
984335
984847
985359
985871
986383
986895
982288
982800
983312
983824
984336
984848
985360
985872
986384
986896
982289
982801
983313
983825
984337
984849
985361
985873
986385
986897
982290
982802
983314
983826
984338
984850
985362
985874
986386
986898
982291
982803
983315
983827
984339
984851
985363
985875
986387
986899
982292
982804
983316
983828
984340
984852
985364
985876
986388
986900
982293
982805
983317
983829
984341
984853
985365
985877
986389
986901
982294
982806
983318
983830
984342
984854
985366
985878
986390
986902
982295
982807
983319
983831
984343
984855
985367
985879
986391
986903
43439582
43440094
43440606
43441118
43441630
43442142
43442654
43443166
43443678
43444190
43439583
43440095
43440607
43441119
43441631
43442143
43442655
43443167
43443679
43444191
43439584
43440096
43440608
43441120
43441632
43442144
43442656
43443168
43443680
43444192
43439585
43440097
43440609
43441121
43441633
43442145
43442657
43443169
43443681
43444193
43439586
43440098
43440610
43441122
43441634
43442146
43442658
43443170
43443682
43444194
43439587
43440099
43440611
43441123
43441635
43442147
43442659
43443171
43443683
43444195
43439588
43440100
43440612
43441124
43441636
43442148
43442660
43443172
43443684
43444196
43439589
43440101
43440613
43441125
43441637
43442149
43442661
43443173
43443685
43444197
43439590
43440102
43440614
43441126
43441638
43442150
43442662
43443174
43443686
43444198
43439591
43440103
43440615
43441127
43441639
43442151
43442663
43443175
43443687
43444199
42436292
42436804
42437316
42437828
42438340
42438852
42439364
42439876
42440388
42440900
42436293
42436805
42437317
42437829
42438341
42438853
42439365
42439877
42440389
42440901
42436294
42436806
42437318
42437830
42438342
42438854
42439366
42439878
42440390
42440902
42436295
42436807
42437319
42437831
42438343
42438855
42439367
42439879
42440391
42440903
42436296
42436808
42437320
42437832
42438344
42438856
42439368
42439880
42440392
42440904
42436297
42436809
42437321
42437833
42438345
42438857
42439369
42439881
42440393
42440905
42436298
42436810
42437322
42437834
42438346
42438858
42439370
42439882
42440394
42440906
42436299
42436811
42437323
42437835
42438347
42438859
42439371
42439883
42440395
42440907
42436300
42436812
42437324
42437836
42438348
42438860
42439372
42439884
42440396
42440908
42436301
42436813
42437325
42437837
42438349
42438861
42439373
42439885
42440397
42440909
