23926084
23926596
23927108
23927620
23928132
23928644
23929156
23929668
23930180
23930692
23926085
23926597
23927109
23927621
23928133
23928645
23929157
23929669
23930181
23930693
23926086
23926598
23927110
23927622
23928134
23928646
23929158
23929670
23930182
23930694
23926087
23926599
23927111
23927623
23928135
23928647
23929159
23929671
23930183
23930695
23926088
23926600
23927112
23927624
23928136
23928648
23929160
23929672
23930184
23930696
23926089
23926601
23927113
23927625
23928137
23928649
23929161
23929673
23930185
23930697
23926090
23926602
23927114
23927626
23928138
23928650
23929162
23929674
23930186
23930698
23926091
23926603
23927115
23927627
23928139
23928651
23929163
23929675
23930187
23930699
23926092
23926604
23927116
23927628
23928140
23928652
23929164
23929676
23930188
23930700
23926093
23926605
23927117
23927629
23928141
23928653
23929165
23929677
23930189
23930701
26812179
26812691
26813203
26813715
26814227
26814739
26815251
26815763
26816275
26816787
26812180
26812692
26813204
26813716
26814228
26814740
26815252
26815764
26816276
26816788
26812181
26812693
26813205
26813717
26814229
26814741
26815253
26815765
26816277
26816789
26812182
26812694
26813206
26813718
26814230
26814742
26815254
26815766
26816278
26816790
26812183
26812695
26813207
26813719
26814231
26814743
26815255
26815767
26816279
26816791
26812184
26812696
26813208
26813720
26814232
26814744
26815256
26815768
26816280
26816792
26812185
26812697
26813209
26813721
26814233
26814745
26815257
26815769
26816281
26816793
26812186
26812698
26813210
26813722
26814234
26814746
26815258
26815770
26816282
26816794
26812187
26812699
26813211
26813723
26814235
26814747
26815259
26815771
26816283
26816795
26812188
26812700
26813212
26813724
26814236
26814748
26815260
26815772
26816284
26816796
32300292
32300804
32301316
32301828
32302340
32302852
32303364
32303876
32304388
32304900
32300293
32300805
32301317
32301829
32302341
32302853
32303365
32303877
32304389
32304901
32300294
32300806
32301318
32301830
32302342
32302854
32303366
32303878
32304390
32304902
32300295
32300807
32301319
32301831
32302343
32302855
32303367
32303879
32304391
32304903
32300296
32300808
32301320
32301832
32302344
32302856
32303368
32303880
32304392
32304904
32300297
32300809
32301321
32301833
32302345
32302857
32303369
32303881
32304393
32304905
32300298
32300810
32301322
32301834
32302346
32302858
32303370
32303882
32304394
32304906
32300299
32300811
32301323
32301835
32302347
32302859
32303371
32303883
32304395
32304907
32300300
32300812
32301324
32301836
32302348
32302860
32303372
32303884
32304396
32304908
32300301
32300813
32301325
32301837
32302349
32302861
32303373
32303885
32304397
32304909
18413824
18414336
18414848
18415360
18415872
18416384
18416896
18417408
18417920
18418432
18413825
18414337
18414849
18415361
18415873
18416385
18416897
18417409
18417921
18418433
18413826
18414338
18414850
18415362
18415874
18416386
18416898
18417410
18417922
18418434
18413827
18414339
18414851
18415363
18415875
18416387
18416899
18417411
18417923
18418435
18413828
18414340
18414852
18415364
18415876
18416388
18416900
18417412
18417924
18418436
18413829
18414341
18414853
18415365
18415877
18416389
18416901
18417413
18417925
18418437
18413830
18414342
18414854
18415366
18415878
18416390
18416902
18417414
18417926
18418438
18413831
18414343
18414855
18415367
18415879
18416391
18416903
18417415
18417927
18418439
18413832
18414344
18414856
18415368
18415880
18416392
18416904
18417416
18417928
18418440
18413833
18414345
18414857
18415369
18415881
18416393
18416905
18417417
18417929
18418441
23160085
23160597
23161109
23161621
23162133
23162645
23163157
23163669
23164181
23164693
23160086
23160598
23161110
23161622
23162134
23162646
23163158
23163670
23164182
23164694
23160087
23160599
23161111
23161623
23162135
23162647
23163159
23163671
23164183
23164695
23160088
23160600
23161112
23161624
23162136
23162648
23163160
23163672
23164184
23164696
23160089
23160601
23161113
23161625
23162137
23162649
23163161
23163673
23164185
23164697
23160090
23160602
23161114
23161626
23162138
23162650
23163162
23163674
23164186
23164698
23160091
23160603
23161115
23161627
23162139
23162651
23163163
23163675
23164187
23164699
23160092
23160604
23161116
23161628
23162140
23162652
23163164
23163676
23164188
23164700
23160093
23160605
23161117
23161629
23162141
23162653
23163165
23163677
23164189
23164701
23160094
23160606
23161118
23161630
23162142
23162654
23163166
23163678
23164190
23164702
33952441
33952953
33953465
33953977
33954489
33955001
33955513
33956025
33956537
33957049
33952442
33952954
33953466
33953978
33954490
33955002
33955514
33956026
33956538
33957050
33952443
33952955
33953467
33953979
33954491
33955003
33955515
33956027
33956539
33957051
33952444
33952956
33953468
33953980
33954492
33955004
33955516
33956028
33956540
33957052
33952445
33952957
33953469
33953981
33954493
33955005
33955517
33956029
33956541
33957053
33952446
33952958
33953470
33953982
33954494
33955006
33955518
33956030
33956542
33957054
33952447
33952959
33953471
33953983
33954495
33955007
33955519
33956031
33956543
33957055
33952448
33952960
33953472
33953984
33954496
33955008
33955520
33956032
33956544
33957056
33952449
33952961
33953473
33953985
33954497
33955009
33955521
33956033
33956545
33957057
33952450
33952962
33953474
33953986
33954498
33955010
33955522
33956034
33956546
33957058
33631026
33631538
33632050
33632562
33633074
33633586
33634098
33634610
33635122
33635634
33631027
33631539
33632051
33632563
33633075
33633587
33634099
33634611
33635123
33635635
33631028
33631540
33632052
33632564
33633076
33633588
33634100
33634612
33635124
33635636
33631029
33631541
33632053
33632565
33633077
33633589
33634101
33634613
33635125
33635637
33631030
33631542
33632054
33632566
33633078
33633590
33634102
33634614
33635126
33635638
33631031
33631543
33632055
33632567
33633079
33633591
33634103
33634615
33635127
33635639
33631032
33631544
33632056
33632568
33633080
33633592
33634104
33634616
33635128
33635640
33631033
33631545
33632057
33632569
33633081
33633593
33634105
33634617
33635129
33635641
33631034
33631546
33632058
33632570
33633082
33633594
33634106
33634618
33635130
33635642
33631035
33631547
33632059
33632571
33633083
33633595
33634107
33634619
33635131
33635643
31782707
31783219
31783731
31784243
31784755
31785267
31785779
31786291
31786803
31787315
31782708
31783220
31783732
31784244
31784756
31785268
31785780
31786292
31786804
31787316
31782709
31783221
31783733
31784245
31784757
31785269
31785781
31786293
31786805
31787317
31782710
31783222
31783734
31784246
31784758
31785270
31785782
31786294
31786806
31787318
31782711
31783223
31783735
31784247
31784759
31785271
31785783
31786295
31786807
31787319
31782712
31783224
31783736
31784248
31784760
31785272
31785784
31786296
31786808
31787320
31782713
31783225
31783737
31784249
31784761
31785273
31785785
31786297
31786809
31787321
31782714
31783226
31783738
31784250
31784762
31785274
31785786
31786298
31786810
31787322
31782715
31783227
31783739
31784251
31784763
31785275
31785787
31786299
31786811
31787323
31782716
31783228
31783740
31784252
31784764
31785276
31785788
31786300
31786812
31787324
35006122
35006634
35007146
35007658
35008170
35008682
35009194
35009706
35010218
35010730
35006123
35006635
35007147
35007659
35008171
35008683
35009195
35009707
35010219
35010731
35006124
35006636
35007148
35007660
35008172
35008684
35009196
35009708
35010220
35010732
35006125
35006637
35007149
35007661
35008173
35008685
35009197
35009709
35010221
35010733
35006126
35006638
35007150
35007662
35008174
35008686
35009198
35009710
35010222
35010734
35006127
35006639
35007151
35007663
35008175
35008687
35009199
35009711
35010223
35010735
35006128
35006640
35007152
35007664
35008176
35008688
35009200
35009712
35010224
35010736
35006129
35006641
35007153
35007665
35008177
35008689
35009201
35009713
35010225
35010737
35006130
35006642
35007154
35007666
35008178
35008690
35009202
35009714
35010226
35010738
35006131
35006643
35007155
35007667
35008179
35008691
35009203
35009715
35010227
35010739
35787455
35787967
35788479
35788991
35789503
35790015
35790527
35791039
35791551
35792063
35787456
35787968
35788480
35788992
35789504
35790016
35790528
35791040
35791552
35792064
35787457
35787969
35788481
35788993
35789505
35790017
35790529
35791041
35791553
35792065
35787458
35787970
35788482
35788994
35789506
35790018
35790530
35791042
35791554
35792066
35787459
35787971
35788483
35788995
35789507
35790019
35790531
35791043
35791555
35792067
35787460
35787972
35788484
35788996
35789508
35790020
35790532
35791044
35791556
35792068
35787461
35787973
35788485
35788997
35789509
35790021
35790533
35791045
35791557
35792069
35787462
35787974
35788486
35788998
35789510
35790022
35790534
35791046
35791558
35792070
35787463
35787975
35788487
35788999
35789511
35790023
35790535
35791047
35791559
35792071
35787464
35787976
35788488
35789000
35789512
35790024
35790536
35791048
35791560
35792072
37295400
37295912
37296424
37296936
37297448
37297960
37298472
37298984
37299496
37300008
37295401
37295913
37296425
37296937
37297449
37297961
37298473
37298985
37299497
37300009
37295402
37295914
37296426
37296938
37297450
37297962
37298474
37298986
37299498
37300010
37295403
37295915
37296427
37296939
37297451
37297963
37298475
37298987
37299499
37300011
37295404
37295916
37296428
37296940
37297452
37297964
37298476
37298988
37299500
37300012
37295405
37295917
37296429
37296941
37297453
37297965
37298477
37298989
37299501
37300013
37295406
37295918
37296430
37296942
37297454
37297966
37298478
37298990
37299502
37300014
37295407
37295919
37296431
37296943
37297455
37297967
37298479
37298991
37299503
37300015
37295408
37295920
37296432
37296944
37297456
37297968
37298480
37298992
37299504
37300016
37295409
37295921
37296433
37296945
37297457
37297969
37298481
37298993
37299505
37300017
33703074
33703586
33704098
33704610
33705122
33705634
33706146
33706658
33707170
33707682
33703075
33703587
33704099
33704611
33705123
33705635
33706147
33706659
33707171
33707683
33703076
33703588
33704100
33704612
33705124
33705636
33706148
33706660
33707172
33707684
33703077
33703589
33704101
33704613
33705125
33705637
33706149
33706661
33707173
33707685
33703078
33703590
33704102
33704614
33705126
33705638
33706150
33706662
33707174
33707686
33703079
33703591
33704103
33704615
33705127
33705639
33706151
33706663
33707175
33707687
33703080
33703592
33704104
33704616
33705128
33705640
33706152
33706664
33707176
33707688
33703081
33703593
33704105
33704617
33705129
33705641
33706153
33706665
33707177
33707689
33703082
33703594
33704106
33704618
33705130
33705642
33706154
33706666
33707178
33707690
33703083
33703595
33704107
33704619
33705131
33705643
33706155
33706667
33707179
33707691
30213381
30213893
30214405
30214917
30215429
30215941
30216453
30216965
30217477
30217989
30213382
30213894
30214406
30214918
30215430
30215942
30216454
30216966
30217478
30217990
30213383
30213895
30214407
30214919
30215431
30215943
30216455
30216967
30217479
30217991
30213384
30213896
30214408
30214920
30215432
30215944
30216456
30216968
30217480
30217992
30213385
30213897
30214409
30214921
30215433
30215945
30216457
30216969
30217481
30217993
30213386
30213898
30214410
30214922
30215434
30215946
30216458
30216970
30217482
30217994
30213387
30213899
30214411
30214923
30215435
30215947
30216459
30216971
30217483
30217995
30213388
30213900
30214412
30214924
30215436
30215948
30216460
30216972
30217484
30217996
30213389
30213901
30214413
30214925
30215437
30215949
30216461
30216973
30217485
30217997
30213390
30213902
30214414
30214926
30215438
30215950
30216462
30216974
30217486
30217998
38123740
38124252
38124764
38125276
38125788
38126300
38126812
38127324
38127836
38128348
38123741
38124253
38124765
38125277
38125789
38126301
38126813
38127325
38127837
38128349
38123742
38124254
38124766
38125278
38125790
38126302
38126814
38127326
38127838
38128350
38123743
38124255
38124767
38125279
38125791
38126303
38126815
38127327
38127839
38128351
38123744
38124256
38124768
38125280
38125792
38126304
38126816
38127328
38127840
38128352
38123745
38124257
38124769
38125281
38125793
38126305
38126817
38127329
38127841
38128353
38123746
38124258
38124770
38125282
38125794
38126306
38126818
38127330
38127842
38128354
38123747
38124259
38124771
38125283
38125795
38126307
38126819
38127331
38127843
38128355
38123748
38124260
38124772
38125284
38125796
38126308
38126820
38127332
38127844
38128356
38123749
38124261
38124773
38125285
38125797
38126309
38126821
38127333
38127845
38128357
32622285
32622797
32623309
32623821
32624333
32624845
32625357
32625869
32626381
32626893
32622286
32622798
32623310
32623822
32624334
32624846
32625358
32625870
32626382
32626894
32622287
32622799
32623311
32623823
32624335
32624847
32625359
32625871
32626383
32626895
32622288
32622800
32623312
32623824
32624336
32624848
32625360
32625872
32626384
32626896
32622289
32622801
32623313
32623825
32624337
32624849
32625361
32625873
32626385
32626897
32622290
32622802
32623314
32623826
32624338
32624850
32625362
32625874
32626386
32626898
32622291
32622803
32623315
32623827
32624339
32624851
32625363
32625875
32626387
32626899
32622292
32622804
32623316
32623828
32624340
32624852
32625364
32625876
32626388
32626900
32622293
32622805
32623317
32623829
32624341
32624853
32625365
32625877
32626389
32626901
32622294
32622806
32623318
32623830
32624342
32624854
32625366
32625878
32626390
32626902
29198509
29199021
29199533
29200045
29200557
29201069
29201581
29202093
29202605
29203117
29198510
29199022
29199534
29200046
29200558
29201070
29201582
29202094
29202606
29203118
29198511
29199023
29199535
29200047
29200559
29201071
29201583
29202095
29202607
29203119
29198512
29199024
29199536
29200048
29200560
29201072
29201584
29202096
29202608
29203120
29198513
29199025
29199537
29200049
29200561
29201073
29201585
29202097
29202609
29203121
29198514
29199026
29199538
29200050
29200562
29201074
29201586
29202098
29202610
29203122
29198515
29199027
29199539
29200051
29200563
29201075
29201587
29202099
29202611
29203123
29198516
29199028
29199540
29200052
29200564
29201076
29201588
29202100
29202612
29203124
29198517
29199029
29199541
29200053
29200565
29201077
29201589
29202101
29202613
29203125
29198518
29199030
29199542
29200054
29200566
29201078
29201590
29202102
29202614
29203126
30464279
30464791
30465303
30465815
30466327
30466839
30467351
30467863
30468375
30468887
30464280
30464792
30465304
30465816
30466328
30466840
30467352
30467864
30468376
30468888
30464281
30464793
30465305
30465817
30466329
30466841
30467353
30467865
30468377
30468889
30464282
30464794
30465306
30465818
30466330
30466842
30467354
30467866
30468378
30468890
30464283
30464795
30465307
30465819
30466331
30466843
30467355
30467867
30468379
30468891
30464284
30464796
30465308
30465820
30466332
30466844
30467356
30467868
30468380
30468892
30464285
30464797
30465309
30465821
30466333
30466845
30467357
30467869
30468381
30468893
30464286
30464798
30465310
30465822
30466334
30466846
30467358
30467870
30468382
30468894
30464287
30464799
30465311
30465823
30466335
30466847
30467359
30467871
30468383
30468895
30464288
30464800
30465312
30465824
30466336
30466848
30467360
30467872
30468384
30468896
29979407
29979919
29980431
29980943
29981455
29981967
29982479
29982991
29983503
29984015
29979408
29979920
29980432
29980944
29981456
29981968
29982480
29982992
29983504
29984016
29979409
29979921
29980433
29980945
29981457
29981969
29982481
29982993
29983505
29984017
29979410
29979922
29980434
29980946
29981458
29981970
29982482
29982994
29983506
29984018
29979411
29979923
29980435
29980947
29981459
29981971
29982483
29982995
29983507
29984019
29979412
29979924
29980436
29980948
29981460
29981972
29982484
29982996
29983508
29984020
29979413
29979925
29980437
29980949
29981461
29981973
29982485
29982997
29983509
29984021
29979414
29979926
29980438
29980950
29981462
29981974
29982486
29982998
29983510
29984022
29979415
29979927
29980439
29980951
29981463
29981975
29982487
29982999
29983511
29984023
29979416
29979928
29980440
29980952
29981464
29981976
29982488
29983000
29983512
29984024
17639201
17639713
17640225
17640737
17641249
17641761
17642273
17642785
17643297
17643809
17639202
17639714
17640226
17640738
17641250
17641762
17642274
17642786
17643298
17643810
17639203
17639715
17640227
17640739
17641251
17641763
17642275
17642787
17643299
17643811
17639204
17639716
17640228
17640740
17641252
17641764
17642276
17642788
17643300
17643812
17639205
17639717
17640229
17640741
17641253
17641765
17642277
17642789
17643301
17643813
17639206
17639718
17640230
17640742
17641254
17641766
17642278
17642790
17643302
17643814
17639207
17639719
17640231
17640743
17641255
17641767
17642279
17642791
17643303
17643815
17639208
17639720
17640232
17640744
17641256
17641768
17642280
17642792
17643304
17643816
17639209
17639721
17640233
17640745
17641257
17641769
17642281
17642793
17643305
17643817
17639210
17639722
17640234
17640746
17641258
17641770
17642282
17642794
17643306
17643818
19215047
19215559
19216071
19216583
19217095
19217607
19218119
19218631
19219143
19219655
19215048
19215560
19216072
19216584
19217096
19217608
19218120
19218632
19219144
19219656
19215049
19215561
19216073
19216585
19217097
19217609
19218121
19218633
19219145
19219657
19215050
19215562
19216074
19216586
19217098
19217610
19218122
19218634
19219146
19219658
19215051
19215563
19216075
19216587
19217099
19217611
19218123
19218635
19219147
19219659
19215052
19215564
19216076
19216588
19217100
19217612
19218124
19218636
19219148
19219660
19215053
19215565
19216077
19216589
19217101
19217613
19218125
19218637
19219149
19219661
19215054
19215566
19216078
19216590
19217102
19217614
19218126
19218638
19219150
19219662
19215055
19215567
19216079
19216591
19217103
19217615
19218127
19218639
19219151
19219663
19215056
19215568
19216080
19216592
19217104
19217616
19218128
19218640
19219152
19219664
37057250
37057762
37058274
37058786
37059298
37059810
37060322
37060834
37061346
37061858
37057251
37057763
37058275
37058787
37059299
37059811
37060323
37060835
37061347
37061859
37057252
37057764
37058276
37058788
37059300
37059812
37060324
37060836
37061348
37061860
37057253
37057765
37058277
37058789
37059301
37059813
37060325
37060837
37061349
37061861
37057254
37057766
37058278
37058790
37059302
37059814
37060326
37060838
37061350
37061862
37057255
37057767
37058279
37058791
37059303
37059815
37060327
37060839
37061351
37061863
37057256
37057768
37058280
37058792
37059304
37059816
37060328
37060840
37061352
37061864
37057257
37057769
37058281
37058793
37059305
37059817
37060329
37060841
37061353
37061865
37057258
37057770
37058282
37058794
37059306
37059818
37060330
37060842
37061354
37061866
37057259
37057771
37058283
37058795
37059307
37059819
37060331
37060843
37061355
37061867
30488311
30488823
30489335
30489847
30490359
30490871
30491383
30491895
30492407
30492919
30488312
30488824
30489336
30489848
30490360
30490872
30491384
30491896
30492408
30492920
30488313
30488825
30489337
30489849
30490361
30490873
30491385
30491897
30492409
30492921
30488314
30488826
30489338
30489850
30490362
30490874
30491386
30491898
30492410
30492922
30488315
30488827
30489339
30489851
30490363
30490875
30491387
30491899
30492411
30492923
30488316
30488828
30489340
30489852
30490364
30490876
30491388
30491900
30492412
30492924
30488317
30488829
30489341
30489853
30490365
30490877
30491389
30491901
30492413
30492925
30488318
30488830
30489342
30489854
30490366
30490878
30491390
30491902
30492414
30492926
30488319
30488831
30489343
30489855
30490367
30490879
30491391
30491903
30492415
30492927
30488320
30488832
30489344
30489856
30490368
30490880
30491392
30491904
30492416
30492928
36289228
36289740
36290252
36290764
36291276
36291788
36292300
36292812
36293324
36293836
36289229
36289741
36290253
36290765
36291277
36291789
36292301
36292813
36293325
36293837
36289230
36289742
36290254
36290766
36291278
36291790
36292302
36292814
36293326
36293838
36289231
36289743
36290255
36290767
36291279
36291791
36292303
36292815
36293327
36293839
36289232
36289744
36290256
36290768
36291280
36291792
36292304
36292816
36293328
36293840
36289233
36289745
36290257
36290769
36291281
36291793
36292305
36292817
36293329
36293841
36289234
36289746
36290258
36290770
36291282
36291794
36292306
36292818
36293330
36293842
36289235
36289747
36290259
36290771
36291283
36291795
36292307
36292819
36293331
36293843
36289236
36289748
36290260
36290772
36291284
36291796
36292308
36292820
36293332
36293844
36289237
36289749
36290261
36290773
36291285
36291797
36292309
36292821
36293333
36293845
19990313
19990825
19991337
19991849
19992361
19992873
19993385
19993897
19994409
19994921
19990314
19990826
19991338
19991850
19992362
19992874
19993386
19993898
19994410
19994922
19990315
19990827
19991339
19991851
19992363
19992875
19993387
19993899
19994411
19994923
19990316
19990828
19991340
19991852
19992364
19992876
19993388
19993900
19994412
19994924
19990317
19990829
19991341
19991853
19992365
19992877
19993389
19993901
19994413
19994925
19990318
19990830
19991342
19991854
19992366
19992878
19993390
19993902
19994414
19994926
19990319
19990831
19991343
19991855
19992367
19992879
19993391
19993903
19994415
19994927
19990320
19990832
19991344
19991856
19992368
19992880
19993392
19993904
19994416
19994928
19990321
19990833
19991345
19991857
19992369
19992881
19993393
19993905
19994417
19994929
19990322
19990834
19991346
19991858
19992370
19992882
19993394
19993906
19994418
19994930
27082439
27082951
27083463
27083975
27084487
27084999
27085511
27086023
27086535
27087047
27082440
27082952
27083464
27083976
27084488
27085000
27085512
27086024
27086536
27087048
27082441
27082953
27083465
27083977
27084489
27085001
27085513
27086025
27086537
27087049
27082442
27082954
27083466
27083978
27084490
27085002
27085514
27086026
27086538
27087050
27082443
27082955
27083467
27083979
27084491
27085003
27085515
27086027
27086539
27087051
27082444
27082956
27083468
27083980
27084492
27085004
27085516
27086028
27086540
27087052
27082445
27082957
27083469
27083981
27084493
27085005
27085517
27086029
27086541
27087053
27082446
27082958
27083470
27083982
27084494
27085006
27085518
27086030
27086542
27087054
27082447
27082959
27083471
27083983
27084495
27085007
27085519
27086031
27086543
27087055
27082448
27082960
27083472
27083984
27084496
27085008
27085520
27086032
27086544
27087056
36006115
36006627
36007139
36007651
36008163
36008675
36009187
36009699
36010211
36010723
36006116
36006628
36007140
36007652
36008164
36008676
36009188
36009700
36010212
36010724
36006117
36006629
36007141
36007653
36008165
36008677
36009189
36009701
36010213
36010725
36006118
36006630
36007142
36007654
36008166
36008678
36009190
36009702
36010214
36010726
36006119
36006631
36007143
36007655
36008167
36008679
36009191
36009703
36010215
36010727
36006120
36006632
36007144
36007656
36008168
36008680
36009192
36009704
36010216
36010728
36006121
36006633
36007145
36007657
36008169
36008681
36009193
36009705
36010217
36010729
36006122
36006634
36007146
36007658
36008170
36008682
36009194
36009706
36010218
36010730
36006123
36006635
36007147
36007659
36008171
36008683
36009195
36009707
36010219
36010731
36006124
36006636
36007148
36007660
36008172
36008684
36009196
36009708
36010220
36010732
34715325
34715837
34716349
34716861
34717373
34717885
34718397
34718909
34719421
34719933
34715326
34715838
34716350
34716862
34717374
34717886
34718398
34718910
34719422
34719934
34715327
34715839
34716351
34716863
34717375
34717887
34718399
34718911
34719423
34719935
34715328
34715840
34716352
34716864
34717376
34717888
34718400
34718912
34719424
34719936
34715329
34715841
34716353
34716865
34717377
34717889
34718401
34718913
34719425
34719937
34715330
34715842
34716354
34716866
34717378
34717890
34718402
34718914
34719426
34719938
34715331
34715843
34716355
34716867
34717379
34717891
34718403
34718915
34719427
34719939
34715332
34715844
34716356
34716868
34717380
34717892
34718404
34718916
34719428
34719940
34715333
34715845
34716357
34716869
34717381
34717893
34718405
34718917
34719429
34719941
34715334
34715846
34716358
34716870
34717382
34717894
34718406
34718918
34719430
34719942
18954983
18955495
18956007
18956519
18957031
18957543
18958055
18958567
18959079
18959591
18954984
18955496
18956008
18956520
18957032
18957544
18958056
18958568
18959080
18959592
18954985
18955497
18956009
18956521
18957033
18957545
18958057
18958569
18959081
18959593
18954986
18955498
18956010
18956522
18957034
18957546
18958058
18958570
18959082
18959594
18954987
18955499
18956011
18956523
18957035
18957547
18958059
18958571
18959083
18959595
18954988
18955500
18956012
18956524
18957036
18957548
18958060
18958572
18959084
18959596
18954989
18955501
18956013
18956525
18957037
18957549
18958061
18958573
18959085
18959597
18954990
18955502
18956014
18956526
18957038
18957550
18958062
18958574
18959086
18959598
18954991
18955503
18956015
18956527
18957039
18957551
18958063
18958575
18959087
18959599
18954992
18955504
18956016
18956528
18957040
18957552
18958064
18958576
18959088
18959600
33964775
33965287
33965799
33966311
33966823
33967335
33967847
33968359
33968871
33969383
33964776
33965288
33965800
33966312
33966824
33967336
33967848
33968360
33968872
33969384
33964777
33965289
33965801
33966313
33966825
33967337
33967849
33968361
33968873
33969385
33964778
33965290
33965802
33966314
33966826
33967338
33967850
33968362
33968874
33969386
33964779
33965291
33965803
33966315
33966827
33967339
33967851
33968363
33968875
33969387
33964780
33965292
33965804
33966316
33966828
33967340
33967852
33968364
33968876
33969388
33964781
33965293
33965805
33966317
33966829
33967341
33967853
33968365
33968877
33969389
33964782
33965294
33965806
33966318
33966830
33967342
33967854
33968366
33968878
33969390
33964783
33965295
33965807
33966319
33966831
33967343
33967855
33968367
33968879
33969391
33964784
33965296
33965808
33966320
33966832
33967344
33967856
33968368
33968880
33969392
36567792
36568304
36568816
36569328
36569840
36570352
36570864
36571376
36571888
36572400
36567793
36568305
36568817
36569329
36569841
36570353
36570865
36571377
36571889
36572401
36567794
36568306
36568818
36569330
36569842
36570354
36570866
36571378
36571890
36572402
36567795
36568307
36568819
36569331
36569843
36570355
36570867
36571379
36571891
36572403
36567796
36568308
36568820
36569332
36569844
36570356
36570868
36571380
36571892
36572404
36567797
36568309
36568821
36569333
36569845
36570357
36570869
36571381
36571893
36572405
36567798
36568310
36568822
36569334
36569846
36570358
36570870
36571382
36571894
36572406
36567799
36568311
36568823
36569335
36569847
36570359
36570871
36571383
36571895
36572407
36567800
36568312
36568824
36569336
36569848
36570360
36570872
36571384
36571896
36572408
36567801
36568313
36568825
36569337
36569849
36570361
36570873
36571385
36571897
36572409
